1.0 0.0017859
0.9998494 0.001838
0.9993977 0.0019941
0.9986452 0.002254
0.9975924 0.0026175
0.9962398 0.0030839
0.9945883 0.0036523
0.9926388 0.0043211
0.9903926 0.0050883
0.9878511 0.0059511
0.9850156 0.0069061
0.981888 0.0079489
0.9784702 0.0090746
0.9747641 0.0102774
0.970772 0.0115511
0.9664964 0.0128888
0.9619398 0.0142838
0.9571049 0.015729
0.9519946 0.0172179
0.9466122 0.018744
0.9409606 0.0203017
0.9350435 0.021886
0.9288643 0.0234927
0.9224268 0.0251183
0.9157348 0.0267602
0.9087924 0.0284163
0.9016038 0.0300851
0.8941732 0.0317653
0.8865052 0.0334555
0.8786044 0.0351543
0.8704756 0.0368598
0.8621235 0.0385694
0.8535534 0.0402797
0.8447703 0.0419867
0.8357795 0.0436852
0.8265864 0.0453694
0.8171966 0.0470326
0.8076158 0.0486679
0.7978497 0.0502678
0.7879041 0.0518253
0.7777851 0.0533333
0.7674988 0.0547856
0.7570514 0.0561768
0.7464491 0.0575027
0.7356984 0.0587601
0.7248057 0.0599475
0.7137775 0.0610643
0.7026207 0.0621115
0.6913417 0.063091
0.6799475 0.0640056
0.6684449 0.0648587
0.6568409 0.0656539
0.6451423 0.066395
0.6333564 0.0670853
0.6214901 0.067728
0.6095506 0.0683253
0.5975452 0.0688787
0.5854809 0.069389
0.5733652 0.0698561
0.5612053 0.0702795
0.5490086 0.0706578
0.5367823 0.0709899
0.5245338 0.071274
0.5122706 0.0715091
0.5 0.0716943
0.4877294 0.0718291
0.4754662 0.0719141
0.4632177 0.0719503
0.4509914 0.0719394
0.4387947 0.0718839
0.4266348 0.0717866
0.4145191 0.0716505
0.4024548 0.0714787
0.3904494 0.0712739
0.3785099 0.0710385
0.3666436 0.0707739
0.3548577 0.0704809
0.3431591 0.0701592
0.3315551 0.0698078
0.3200525 0.0694246
0.3086583 0.069007
0.2973793 0.0685518
0.2862225 0.0680558
0.2751943 0.0675158
0.2643016 0.0669292
0.2535509 0.0662941
0.2429486 0.0656095
0.2325012 0.0648756
0.2222149 0.0640939
0.2120959 0.0632671
0.2021503 0.0623989
0.1923842 0.0614938
0.1828034 0.0605567
0.1734136 0.0595929
0.1642205 0.0586071
0.1552297 0.0576032
0.1464466 0.056584
0.1378765 0.0555508
0.1295244 0.0545029
0.1213956 0.0534377
0.1134948 0.0523508
0.1058268 0.0512356
0.0983962 0.0500844
0.0912076 0.0488879
0.0842652 0.0476364
0.0775732 0.0463201
0.0711357 0.0449297
0.0649565 0.0434571
0.0590394 0.0418959
0.0533878 0.0402422
0.0480054 0.0384943
0.0428951 0.0366538
0.0380602 0.0347246
0.0335036 0.0327139
0.029228 0.030631
0.0252359 0.0284873
0.0215298 0.0262955
0.018112 0.0240692
0.0149844 0.0218219
0.0121489 0.0195663
0.0096074 0.0173139
0.0073612 0.015074
0.0054117 0.0128537
0.0037602 0.0106573
0.0024076 0.0084863
0.0013548 0.0063395
0.0006023 0.0042135
0.0001506 0.0021027
0.0 0.0
0.0001506 -0.0015242
0.0006023 -0.0030399
0.0013548 -0.0045385
0.0024076 -0.0060119
0.0037602 -0.0074533
0.0054117 -0.0088568
0.0073612 -0.0102182
0.0096074 -0.0115349
0.0121489 -0.0128055
0.0149844 -0.0140306
0.018112 -0.0152119
0.0215298 -0.0163525
0.0252359 -0.0174566
0.029228 -0.0185291
0.0335036 -0.0195754
0.0380602 -0.0206012
0.0428951 -0.0216122
0.0480054 -0.0226139
0.0533878 -0.0236114
0.0590394 -0.024609
0.0649565 -0.0256106
0.0711357 -0.0266192
0.0775732 -0.0276372
0.0842652 -0.0286662
0.0912076 -0.0297072
0.0983962 -0.0307603
0.1058268 -0.0318256
0.1134948 -0.0329021
0.1213956 -0.0339889
0.1295244 -0.0350843
0.1378765 -0.0361864
0.1464466 -0.0372928
0.1552297 -0.0384005
0.1642205 -0.0395064
0.1734136 -0.0406063
0.1828034 -0.0416958
0.1923842 -0.0427696
0.2021503 -0.0438217
0.2120959 -0.0448458
0.2222149 -0.0458345
0.2325012 -0.0467803
0.2429486 -0.0476751
0.2535509 -0.0485108
0.2643016 -0.0492792
0.2751943 -0.0499726
0.2862225 -0.0505835
0.2973793 -0.0511052
0.3086583 -0.0515323
0.3200525 -0.0518601
0.3315551 -0.0520854
0.3431591 -0.0522062
0.3548577 -0.052222
0.3666436 -0.0521334
0.3785099 -0.0519422
0.3904494 -0.0516512
0.4024548 -0.051264
0.4145191 -0.0507843
0.4266348 -0.0502162
0.4387947 -0.0495638
0.4509914 -0.0488305
0.4632177 -0.0480192
0.4754662 -0.0471319
0.4877294 -0.0461699
0.5 -0.0451332
0.5122706 -0.0440212
0.5245338 -0.0428323
0.5367823 -0.0415646
0.5490086 -0.0402155
0.5612053 -0.0387828
0.5733652 -0.0372645
0.5854809 -0.0356593
0.5975452 -0.033967
0.6095506 -0.0321888
0.6214901 -0.0303276
0.6333564 -0.0283881
0.6451423 -0.0263771
0.6568409 -0.0243032
0.6684449 -0.0221771
0.6799475 -0.0200113
0.6913417 -0.0178198
0.7026207 -0.015618
0.7137775 -0.013422
0.7248057 -0.0112488
0.7356984 -0.009115
0.7464491 -0.0070374
0.7570514 -0.0050318
0.7674988 -0.0031128
0.7777851 -0.0012941
0.7879041 0.0004128
0.7978497 0.0019978
0.8076158 0.0034529
0.8171966 0.0047722
0.8265864 0.0059515
0.8357795 0.0069888
0.8447703 0.0078836
0.8535534 0.0086371
0.8621235 0.009252
0.8704756 0.0097321
0.8786044 0.0100823
0.8865052 0.0103084
0.8941732 0.0104167
0.9016038 0.0104141
0.9087924 0.0103079
0.9157348 0.0101056
0.9224268 0.0098152
0.9288643 0.0094445
0.9350435 0.0090018
0.9409606 0.0084953
0.9466122 0.0079334
0.9519946 0.0073249
0.9571049 0.0066784
0.9619398 0.0060028
0.9664964 0.0053072
0.970772 0.0046005
0.9747641 0.003892
0.9784702 0.0031907
0.981888 0.0025056
0.9850156 0.0018455
0.9878511 0.0012189
0.9903926 0.0006339
0.9926388 9.81e-05
0.9945883 -0.0003815
0.9962398 -0.0007986
0.9975924 -0.0011476
0.9986452 -0.0014241
0.9993977 -0.0016242
0.9998494 -0.0017453
1.0 -0.0017859
