1.0 0.0017928
0.9998494 0.0018425
0.9993977 0.0019913
0.9986452 0.0022392
0.9975924 0.0025857
0.9962398 0.0030304
0.9945883 0.0035721
0.9926388 0.0042095
0.9903926 0.0049405
0.9878511 0.0057623
0.9850156 0.0066716
0.981888 0.007664
0.9784702 0.0087345
0.9747641 0.0098777
0.970772 0.0110872
0.9664964 0.0123565
0.9619398 0.0136789
0.9571049 0.0150476
0.9519946 0.0164563
0.9466122 0.017899
0.9409606 0.0193702
0.9350435 0.0208654
0.9288643 0.0223809
0.9224268 0.0239138
0.9157348 0.0254619
0.9087924 0.0270238
0.9016038 0.0285986
0.8941732 0.0301857
0.8865052 0.0317846
0.8786044 0.0333944
0.8704756 0.035014
0.8621235 0.0366416
0.8535534 0.0382745
0.8447703 0.0399092
0.8357795 0.0415414
0.8265864 0.0431656
0.8171966 0.044776
0.8076158 0.046366
0.7978497 0.0479286
0.7879041 0.0494571
0.7777851 0.0509447
0.7674988 0.0523855
0.7570514 0.0537742
0.7464491 0.0551066
0.7356984 0.0563797
0.7248057 0.0575919
0.7137775 0.0587425
0.7026207 0.0598325
0.6913417 0.0608635
0.6799475 0.0618381
0.6684449 0.0627596
0.6568409 0.0636313
0.6451423 0.0644566
0.6333564 0.0652388
0.6214901 0.0659804
0.6095506 0.0666833
0.5975452 0.0673488
0.5854809 0.0679771
0.5733652 0.0685678
0.5612053 0.0691197
0.5490086 0.0696311
0.5367823 0.0701001
0.5245338 0.0705246
0.5122706 0.0709028
0.5 0.071233
0.4877294 0.0715142
0.4754662 0.0717461
0.4632177 0.0719291
0.4509914 0.0720642
0.4387947 0.0721529
0.4266348 0.0721973
0.4145191 0.0721997
0.4024548 0.0721624
0.3904494 0.0720874
0.3785099 0.0719763
0.3666436 0.0718301
0.3548577 0.0716488
0.3431591 0.0714317
0.3315551 0.0711773
0.3200525 0.070883
0.3086583 0.070546
0.2973793 0.0701629
0.2862225 0.0697302
0.2751943 0.0692447
0.2643016 0.0687039
0.2535509 0.0681058
0.2429486 0.0674496
0.2325012 0.0667359
0.2222149 0.0659664
0.2120959 0.065144
0.2021503 0.0642728
0.1923842 0.0633579
0.1828034 0.0624047
0.1734136 0.0614187
0.1642205 0.0604054
0.1552297 0.0593691
0.1464466 0.0583133
0.1378765 0.0572395
0.1295244 0.0561477
0.1213956 0.0550359
0.1134948 0.0538999
0.1058268 0.0527338
0.0983962 0.0515301
0.0912076 0.05028
0.0842652 0.048974
0.0775732 0.0476026
0.0711357 0.0461567
0.0649565 0.0446285
0.0590394 0.0430116
0.0533878 0.0413023
0.0480054 0.0394989
0.0428951 0.037603
0.0380602 0.0356186
0.0335036 0.0335528
0.029228 0.0314149
0.0252359 0.0292163
0.0215298 0.0269696
0.018112 0.0246883
0.0149844 0.0223858
0.0121489 0.0200748
0.0096074 0.0177668
0.0073612 0.0154711
0.0054117 0.0131947
0.0037602 0.0109419
0.0024076 0.0087143
0.0013548 0.0065108
0.0006023 0.0043278
0.0001506 0.0021598
0.0 0.0
0.0001506 -0.0015209
0.0006023 -0.0030323
0.0013548 -0.0045248
0.0024076 -0.0059895
0.0037602 -0.0074186
0.0054117 -0.0088058
0.0073612 -0.0101461
0.0096074 -0.0114364
0.0121489 -0.0126752
0.0149844 -0.0138626
0.018112 -0.0150004
0.0215298 -0.0160917
0.0252359 -0.0171408
0.029228 -0.0181528
0.0335036 -0.0191334
0.0380602 -0.0200889
0.0428951 -0.0210252
0.0480054 -0.0219484
0.0533878 -0.022864
0.0590394 -0.0237769
0.0649565 -0.0246914
0.0711357 -0.0256112
0.0775732 -0.026539
0.0842652 -0.0274768
0.0912076 -0.028426
0.0983962 -0.0293874
0.1058268 -0.0303609
0.1134948 -0.0313463
0.1213956 -0.0323427
0.1295244 -0.0333488
0.1378765 -0.0343629
0.1464466 -0.0353827
0.1552297 -0.0364056
0.1642205 -0.0374284
0.1734136 -0.0384473
0.1828034 -0.0394579
0.1923842 -0.0404552
0.2021503 -0.0414333
0.2120959 -0.0423858
0.2222149 -0.0433058
0.2325012 -0.0441856
0.2429486 -0.0450176
0.2535509 -0.0457937
0.2643016 -0.0465058
0.2751943 -0.0471466
0.2862225 -0.0477087
0.2973793 -0.0481859
0.3086583 -0.0485729
0.3200525 -0.0488655
0.3315551 -0.0490609
0.3431591 -0.0491576
0.3548577 -0.0491553
0.3666436 -0.0490553
0.3785099 -0.0488599
0.3904494 -0.0485722
0.4024548 -0.0481961
0.4145191 -0.047736
0.4266348 -0.0471963
0.4387947 -0.046581
0.4509914 -0.0458939
0.4632177 -0.0451378
0.4754662 -0.0443148
0.4877294 -0.0434258
0.5 -0.0424706
0.5122706 -0.0414479
0.5245338 -0.0403557
0.5367823 -0.0391912
0.5490086 -0.0379511
0.5612053 -0.0366322
0.5733652 -0.0352315
0.5854809 -0.0337466
0.5975452 -0.0321764
0.6095506 -0.0305208
0.6214901 -0.0287818
0.6333564 -0.026963
0.6451423 -0.0250701
0.6568409 -0.0231109
0.6684449 -0.0210954
0.6799475 -0.0190352
0.6913417 -0.0169438
0.7026207 -0.0148361
0.7137775 -0.0127279
0.7248057 -0.0106357
0.7356984 -0.0085763
0.7464491 -0.0065662
0.7570514 -0.0046212
0.7674988 -0.0027564
0.7777851 -0.0009852
0.7879041 0.0006801
0.7978497 0.0022295
0.8076158 0.0036544
0.8171966 0.0049485
0.8265864 0.0061072
0.8357795 0.0071281
0.8447703 0.0080101
0.8535534 0.0087542
0.8621235 0.0093624
0.8704756 0.0098382
0.8786044 0.010186
0.8865052 0.0104111
0.8941732 0.0105195
0.9016038 0.0105177
0.9087924 0.0104126
0.9157348 0.0102116
0.9224268 0.0099222
0.9288643 0.009552
0.9350435 0.0091091
0.9409606 0.0086016
0.9466122 0.0080379
0.9519946 0.0074265
0.9571049 0.0067761
0.9619398 0.0060957
0.9664964 0.0053942
0.970772 0.0046809
0.9747641 0.0039649
0.9784702 0.0032557
0.981888 0.0025622
0.9850156 0.0018935
0.9878511 0.0012583
0.9903926 0.000665
0.9926388 0.0001212
0.9945883 -0.0003657
0.9962398 -0.0007894
0.9975924 -0.001144
0.9986452 -0.001425
0.9993977 -0.0016284
0.9998494 -0.0017516
1.0 -0.0017928
