1.0 0.0017867
0.9998494 0.001837
0.9993977 0.0019876
0.9986452 0.0022384
0.9975924 0.002589
0.9962398 0.0030389
0.9945883 0.003587
0.9926388 0.0042319
0.9903926 0.0049714
0.9878511 0.005803
0.9850156 0.006723
0.981888 0.0077274
0.9784702 0.0088112
0.9747641 0.0099688
0.970772 0.0111941
0.9664964 0.0124807
0.9619398 0.0138219
0.9571049 0.0152112
0.9519946 0.0166422
0.9466122 0.0181091
0.9409606 0.0196067
0.9350435 0.0211306
0.9288643 0.0226772
0.9224268 0.0242436
0.9157348 0.0258279
0.9087924 0.0274288
0.9016038 0.0290453
0.8941732 0.030677
0.8865052 0.0323233
0.8786044 0.0339833
0.8704756 0.0356558
0.8621235 0.0373389
0.8535534 0.0390297
0.8447703 0.0407247
0.8357795 0.042419
0.8265864 0.0441073
0.8171966 0.0457831
0.8076158 0.0474395
0.7978497 0.0490693
0.7879041 0.0506651
0.7777851 0.0522199
0.7674988 0.0537272
0.7570514 0.0551811
0.7464491 0.056577
0.7356984 0.0579112
0.7248057 0.0591815
0.7137775 0.0603868
0.7026207 0.0615273
0.6913417 0.062604
0.6799475 0.0636188
0.6684449 0.0645745
0.6568409 0.0654736
0.6451423 0.0663191
0.6333564 0.0671135
0.6214901 0.0678587
0.6095506 0.0685564
0.5975452 0.069207
0.5854809 0.0698105
0.5733652 0.070366
0.5612053 0.070872
0.5490086 0.0713268
0.5367823 0.0717281
0.5245338 0.0720739
0.5122706 0.0723623
0.5 0.072592
0.4877294 0.0727623
0.4754662 0.0728732
0.4632177 0.0729257
0.4509914 0.0729213
0.4387947 0.0728626
0.4266348 0.0727524
0.4145191 0.072594
0.4024548 0.0723908
0.3904494 0.0721459
0.3785099 0.0718622
0.3666436 0.0715419
0.3548577 0.0711863
0.3431591 0.070796
0.3315551 0.0703707
0.3200525 0.0699091
0.3086583 0.0694096
0.2973793 0.0688698
0.2862225 0.0682873
0.2751943 0.0676597
0.2643016 0.0669852
0.2535509 0.0662626
0.2429486 0.0654916
0.2325012 0.0646729
0.2222149 0.0638085
0.2120959 0.0629015
0.2021503 0.0619559
0.1923842 0.0609765
0.1828034 0.0599686
0.1734136 0.0589373
0.1642205 0.0578876
0.1552297 0.0568235
0.1464466 0.0557479
0.1378765 0.0546619
0.1295244 0.0535651
0.1213956 0.0524548
0.1134948 0.0513268
0.1058268 0.0501746
0.0983962 0.0489905
0.0912076 0.0477655
0.0842652 0.0464902
0.0775732 0.0451548
0.0711357 0.0437504
0.0649565 0.0422691
0.0590394 0.0407048
0.0533878 0.0390539
0.0480054 0.0373149
0.0428951 0.0354896
0.0380602 0.0335822
0.0335036 0.0315999
0.029228 0.0295521
0.0252359 0.0274503
0.0215298 0.0253072
0.018112 0.0231361
0.0149844 0.0209504
0.0121489 0.0187625
0.0096074 0.0165835
0.0073612 0.0144224
0.0054117 0.0122857
0.0037602 0.0101772
0.0024076 0.0080977
0.0013548 0.0060455
0.0006023 0.0040162
0.0001506 0.0020036
0.0 0.0
0.0001506 -0.0013351
0.0006023 -0.0026628
0.0013548 -0.0039756
0.0024076 -0.0052667
0.0037602 -0.0065301
0.0054117 -0.007761
0.0073612 -0.0089561
0.0096074 -0.0101135
0.0121489 -0.0112326
0.0149844 -0.0123146
0.018112 -0.0133617
0.0215298 -0.0143773
0.0252359 -0.0153659
0.029228 -0.0163325
0.0335036 -0.0172825
0.0380602 -0.0182215
0.0428951 -0.0191551
0.0480054 -0.0200882
0.0533878 -0.0210256
0.0590394 -0.0219714
0.0649565 -0.0229286
0.0711357 -0.0239
0.0775732 -0.0248871
0.0842652 -0.025891
0.0912076 -0.026912
0.0983962 -0.0279498
0.1058268 -0.0290037
0.1134948 -0.0300724
0.1213956 -0.0311543
0.1295244 -0.0322474
0.1378765 -0.0333494
0.1464466 -0.0344575
0.1552297 -0.0355687
0.1642205 -0.0366796
0.1734136 -0.037786
0.1828034 -0.0388834
0.1923842 -0.0399668
0.2021503 -0.0410303
0.2120959 -0.0420678
0.2222149 -0.0430723
0.2325012 -0.0440367
0.2429486 -0.0449533
0.2535509 -0.0458147
0.2643016 -0.0466132
0.2751943 -0.0473416
0.2862225 -0.0479933
0.2973793 -0.0485623
0.3086583 -0.0490438
0.3200525 -0.0494338
0.3315551 -0.04973
0.3431591 -0.0499309
0.3548577 -0.0500367
0.3666436 -0.0500486
0.3785099 -0.0499689
0.3904494 -0.0498007
0.4024548 -0.0495477
0.4145191 -0.0492139
0.4266348 -0.0488033
0.4387947 -0.0483197
0.4509914 -0.047766
0.4632177 -0.0471447
0.4754662 -0.0464568
0.4877294 -0.0457026
0.5 -0.0448811
0.5122706 -0.0439902
0.5245338 -0.0430269
0.5367823 -0.0419874
0.5490086 -0.0408677
0.5612053 -0.0396636
0.5733652 -0.0383711
0.5854809 -0.0369872
0.5975452 -0.0355098
0.6095506 -0.0339381
0.6214901 -0.0322734
0.6333564 -0.0305186
0.6451423 -0.0286789
0.6568409 -0.0267617
0.6684449 -0.0247764
0.6799475 -0.0227345
0.6913417 -0.0206491
0.7026207 -0.0185351
0.7137775 -0.0164083
0.7248057 -0.0142853
0.7356984 -0.012183
0.7464491 -0.0101182
0.7570514 -0.0081073
0.7674988 -0.0061657
0.7777851 -0.0043075
0.7879041 -0.0025456
0.7978497 -0.0008909
0.8076158 0.0006474
0.8171966 0.0020619
0.8265864 0.0033471
0.8357795 0.0044995
0.8447703 0.0055173
0.8535534 0.0064
0.8621235 0.0071489
0.8704756 0.0077664
0.8786044 0.0082558
0.8865052 0.0086214
0.8941732 0.0088684
0.9016038 0.0090023
0.9087924 0.0090293
0.9157348 0.0089559
0.9224268 0.0087889
0.9288643 0.0085356
0.9350435 0.0082034
0.9409606 0.0078001
0.9466122 0.0073337
0.9519946 0.0068125
0.9571049 0.0062452
0.9619398 0.0056406
0.9664964 0.005008
0.970772 0.0043566
0.9747641 0.0036959
0.9784702 0.0030354
0.981888 0.0023847
0.9850156 0.0017532
0.9878511 0.0011498
0.9903926 0.0005834
0.9926388 6.23e-05
0.9945883 -0.0004061
0.9962398 -0.0008147
0.9975924 -0.0011576
0.9986452 -0.0014298
0.9993977 -0.0016271
0.9998494 -0.0017467
1.0 -0.0017867
