1.0 0.0020254
0.9998494 0.0020757
0.9993977 0.0022267
0.9986452 0.0024782
0.9975924 0.0028299
0.9962398 0.0032812
0.9945883 0.0038312
0.9926388 0.0044786
0.9903926 0.0052213
0.9878511 0.0060568
0.9850156 0.0069817
0.981888 0.0079919
0.9784702 0.0090826
0.9747641 0.0102484
0.970772 0.0114831
0.9664964 0.0127805
0.9619398 0.014134
0.9571049 0.0155371
0.9519946 0.0169835
0.9466122 0.0184674
0.9409606 0.0199837
0.9350435 0.0215278
0.9288643 0.0230964
0.9224268 0.0246865
0.9157348 0.0262962
0.9087924 0.0279242
0.9016038 0.0295698
0.8941732 0.0312323
0.8865052 0.0329113
0.8786044 0.0346061
0.8704756 0.0363155
0.8621235 0.0380377
0.8535534 0.0397699
0.8447703 0.0415086
0.8357795 0.0432493
0.8265864 0.0449865
0.8171966 0.0467138
0.8076158 0.0484244
0.7978497 0.050111
0.7879041 0.0517662
0.7777851 0.0533828
0.7674988 0.0549542
0.7570514 0.0564742
0.7464491 0.0579379
0.7356984 0.0593412
0.7248057 0.0606813
0.7137775 0.0619568
0.7026207 0.0631671
0.6913417 0.0643127
0.6799475 0.0653948
0.6684449 0.0664154
0.6568409 0.0673765
0.6451423 0.0682802
0.6333564 0.0691282
0.6214901 0.0699221
0.6095506 0.0706624
0.5975452 0.0713494
0.5854809 0.0719823
0.5733652 0.0725597
0.5612053 0.0730799
0.5490086 0.0735407
0.5367823 0.0739396
0.5245338 0.0742745
0.5122706 0.0745435
0.5 0.0747452
0.4877294 0.0748792
0.4754662 0.0749458
0.4632177 0.0749462
0.4509914 0.0748824
0.4387947 0.0747576
0.4266348 0.0745751
0.4145191 0.0743391
0.4024548 0.0740536
0.3904494 0.0737228
0.3785099 0.0733504
0.3666436 0.0729396
0.3548577 0.0724927
0.3431591 0.0720115
0.3315551 0.0714967
0.3200525 0.0709481
0.3086583 0.070365
0.2973793 0.0697462
0.2862225 0.0690902
0.2751943 0.0683956
0.2643016 0.0676613
0.2535509 0.0668869
0.2429486 0.0660726
0.2325012 0.0652199
0.2222149 0.0643309
0.2120959 0.0634091
0.2021503 0.0624587
0.1923842 0.0614844
0.1828034 0.0604913
0.1734136 0.0594844
0.1642205 0.0584682
0.1552297 0.0574463
0.1464466 0.0564208
0.1378765 0.0553922
0.1295244 0.0543593
0.1213956 0.0533184
0.1134948 0.0522641
0.1058268 0.051189
0.0983962 0.050084
0.0912076 0.0489389
0.0842652 0.0477427
0.0775732 0.0464844
0.0711357 0.0451535
0.0649565 0.0437406
0.0590394 0.042238
0.0533878 0.0406405
0.0480054 0.0389452
0.0428951 0.0371523
0.0380602 0.0352649
0.0335036 0.0332887
0.029228 0.0312323
0.0252359 0.0291061
0.0215298 0.0269222
0.018112 0.0246936
0.0149844 0.0224335
0.0121489 0.0201545
0.0096074 0.0178682
0.0073612 0.0155844
0.0054117 0.0133107
0.0037602 0.0110524
0.0024076 0.0088119
0.0013548 0.0065894
0.0006023 0.0043828
0.0001506 0.0021881
0.0 0.0
0.0001506 -0.0014245
0.0006023 -0.0028385
0.0013548 -0.0042315
0.0024076 -0.0055936
0.0037602 -0.0069163
0.0054117 -0.0081924
0.0073612 -0.0094166
0.0096074 -0.0105854
0.0121489 -0.0116971
0.0149844 -0.0127521
0.018112 -0.0137523
0.0215298 -0.0147014
0.0252359 -0.0156043
0.029228 -0.016467
0.0335036 -0.0172961
0.0380602 -0.0180989
0.0428951 -0.0188825
0.0480054 -0.0196539
0.0533878 -0.0204199
0.0590394 -0.0211864
0.0649565 -0.0219589
0.0711357 -0.0227418
0.0775732 -0.0235389
0.0842652 -0.0243531
0.0912076 -0.0251864
0.0983962 -0.0260403
0.1058268 -0.0269154
0.1134948 -0.0278119
0.1213956 -0.0287293
0.1295244 -0.0296667
0.1378765 -0.0306227
0.1464466 -0.0315954
0.1552297 -0.0325823
0.1642205 -0.0335804
0.1734136 -0.034586
0.1828034 -0.0355947
0.1923842 -0.0366015
0.2021503 -0.0376005
0.2120959 -0.0385852
0.2222149 -0.0395485
0.2325012 -0.0404824
0.2429486 -0.041379
0.2535509 -0.0422297
0.2643016 -0.0430262
0.2751943 -0.0437603
0.2862225 -0.0444244
0.2973793 -0.0450114
0.3086583 -0.0455154
0.3200525 -0.0459315
0.3315551 -0.0462561
0.3431591 -0.046487
0.3548577 -0.0466233
0.3666436 -0.0466653
0.3785099 -0.0466146
0.3904494 -0.0464737
0.4024548 -0.0462457
0.4145191 -0.0459342
0.4266348 -0.045543
0.4387947 -0.0450756
0.4509914 -0.0445348
0.4632177 -0.0439229
0.4754662 -0.0432413
0.4877294 -0.0424901
0.5 -0.0416686
0.5122706 -0.0407749
0.5245338 -0.0398062
0.5367823 -0.038759
0.5490086 -0.0376296
0.5612053 -0.0364141
0.5733652 -0.0351089
0.5854809 -0.0337111
0.5975452 -0.0322192
0.6095506 -0.0306329
0.6214901 -0.0289536
0.6333564 -0.0271849
0.6451423 -0.0253325
0.6568409 -0.0234042
0.6684449 -0.02141
0.6799475 -0.019362
0.6913417 -0.0172739
0.7026207 -0.0151612
0.7137775 -0.0130402
0.7248057 -0.0109282
0.7356984 -0.0088425
0.7464491 -0.0068005
0.7570514 -0.0048189
0.7674988 -0.0029136
0.7777851 -0.001099
0.7879041 0.0006119
0.7978497 0.0022079
0.8076158 0.00368
0.8171966 0.0050207
0.8265864 0.0062248
0.8357795 0.007289
0.8447703 0.0082118
0.8535534 0.0089933
0.8621235 0.0096351
0.8704756 0.0101403
0.8786044 0.0105129
0.8865052 0.0107578
0.8941732 0.0108809
0.9016038 0.0108885
0.9087924 0.0107875
0.9157348 0.0105853
0.9224268 0.0102893
0.9288643 0.0099077
0.9350435 0.0094486
0.9409606 0.0089204
0.9466122 0.008332
0.9519946 0.0076923
0.9571049 0.0070104
0.9619398 0.0062959
0.9664964 0.0055584
0.970772 0.0048077
0.9747641 0.0040535
0.9784702 0.0033058
0.981888 0.0025744
0.9850156 0.0018687
0.9878511 0.0011982
0.9903926 0.0005715
0.9926388 -2.8e-06
0.9945883 -0.0005173
0.9962398 -0.0009649
0.9975924 -0.0013397
0.9986452 -0.0016366
0.9993977 -0.0018516
0.9998494 -0.0019818
1.0 -0.0020254
