1.0 0.0017713
0.9998494 0.0018227
0.9993977 0.0019769
0.9986452 0.0022337
0.9975924 0.0025928
0.9962398 0.0030535
0.9945883 0.0036149
0.9926388 0.0042755
0.9903926 0.0050334
0.9878511 0.0058858
0.9850156 0.0068293
0.981888 0.0078596
0.9784702 0.0089717
0.9747641 0.0101601
0.970772 0.0114185
0.9664964 0.0127403
0.9619398 0.0141187
0.9571049 0.0155468
0.9519946 0.0170182
0.9466122 0.0185266
0.9409606 0.0200664
0.9350435 0.0216327
0.9288643 0.0232216
0.9224268 0.0248296
0.9157348 0.0264543
0.9087924 0.0280938
0.9016038 0.0297468
0.8941732 0.031412
0.8865052 0.0330885
0.8786044 0.034775
0.8704756 0.0364697
0.8621235 0.0381705
0.8535534 0.0398741
0.8447703 0.0415768
0.8357795 0.0432736
0.8265864 0.0449592
0.8171966 0.0466271
0.8076158 0.0482706
0.7978497 0.0498826
0.7879041 0.0514564
0.7777851 0.052985
0.7674988 0.0544625
0.7570514 0.0558838
0.7464491 0.0572445
0.7356984 0.0585417
0.7248057 0.0597739
0.7137775 0.0609404
0.7026207 0.0620421
0.6913417 0.0630807
0.6799475 0.0640586
0.6684449 0.064979
0.6568409 0.065845
0.6451423 0.0666599
0.6333564 0.0674264
0.6214901 0.068147
0.6095506 0.0688231
0.5975452 0.0694554
0.5854809 0.070044
0.5733652 0.0705877
0.5612053 0.0710852
0.5490086 0.0715342
0.5367823 0.0719324
0.5245338 0.0722774
0.5122706 0.072567
0.5 0.0727996
0.4877294 0.0729739
0.4754662 0.0730898
0.4632177 0.0731476
0.4509914 0.0731487
0.4387947 0.0730951
0.4266348 0.0729894
0.4145191 0.0728344
0.4024548 0.0726334
0.3904494 0.0723891
0.3785099 0.0721043
0.3666436 0.071781
0.3548577 0.0714203
0.3431591 0.0710227
0.3315551 0.0705877
0.3200525 0.0701142
0.3086583 0.0696003
0.2973793 0.0690437
0.2862225 0.0684418
0.2751943 0.0677923
0.2643016 0.0670934
0.2535509 0.0663436
0.2429486 0.0655428
0.2325012 0.0646918
0.2222149 0.0637923
0.2120959 0.0628477
0.2021503 0.0618619
0.1923842 0.0608398
0.1828034 0.0597868
0.1734136 0.0587083
0.1642205 0.0576095
0.1552297 0.0564948
0.1464466 0.0553673
0.1378765 0.0542288
0.1295244 0.0530793
0.1213956 0.0519168
0.1134948 0.0507377
0.1058268 0.0495362
0.0983962 0.0483053
0.0912076 0.0470367
0.0842652 0.0457217
0.0775732 0.0443513
0.0711357 0.0429172
0.0649565 0.041412
0.0590394 0.0398301
0.0533878 0.0381682
0.0480054 0.0364253
0.0428951 0.0346031
0.0380602 0.032706
0.0335036 0.0307411
0.029228 0.0287178
0.0252359 0.0266471
0.0215298 0.0245414
0.018112 0.0224137
0.0149844 0.0202768
0.0121489 0.0181427
0.0096074 0.0160219
0.0073612 0.0139229
0.0054117 0.0118516
0.0037602 0.0098113
0.0024076 0.0078023
0.0013548 0.0058224
0.0006023 0.0038667
0.0001506 0.0019287
0.0 0.0
0.0001506 -0.0014051
0.0006023 -0.0028008
0.0013548 -0.0041775
0.0024076 -0.0055264
0.0037602 -0.0068398
0.0054117 -0.0081112
0.0073612 -0.0093359
0.0096074 -0.0105106
0.0121489 -0.0116338
0.0149844 -0.0127058
0.018112 -0.0137283
0.0215298 -0.0147044
0.0252359 -0.0156386
0.029228 -0.0165358
0.0335036 -0.0174021
0.0380602 -0.0182435
0.0428951 -0.0190663
0.0480054 -0.0198765
0.0533878 -0.0206797
0.0590394 -0.0214811
0.0649565 -0.0222852
0.0711357 -0.0230958
0.0775732 -0.0239158
0.0842652 -0.0247477
0.0912076 -0.0255931
0.0983962 -0.0264531
0.1058268 -0.0273283
0.1134948 -0.0282187
0.1213956 -0.0291241
0.1295244 -0.0300436
0.1378765 -0.0309761
0.1464466 -0.0319201
0.1552297 -0.0328734
0.1642205 -0.0338335
0.1734136 -0.0347973
0.1828034 -0.0357608
0.1923842 -0.0367196
0.2021503 -0.0376683
0.2120959 -0.0386009
0.2222149 -0.0395109
0.2325012 -0.0403909
0.2429486 -0.0412332
0.2535509 -0.04203
0.2643016 -0.0427732
0.2751943 -0.043455
0.2862225 -0.0440679
0.2973793 -0.0446054
0.3086583 -0.0450615
0.3200525 -0.0454314
0.3315551 -0.0457116
0.3431591 -0.0458997
0.3548577 -0.0459947
0.3666436 -0.0459968
0.3785099 -0.0459073
0.3904494 -0.0457284
0.4024548 -0.0454629
0.4145191 -0.0451141
0.4266348 -0.0446854
0.4387947 -0.0441799
0.4509914 -0.0436004
0.4632177 -0.0429489
0.4754662 -0.0422266
0.4877294 -0.0414336
0.5 -0.0405692
0.5122706 -0.0396316
0.5245338 -0.0386183
0.5367823 -0.0375262
0.5490086 -0.0363519
0.5612053 -0.035092
0.5733652 -0.0337435
0.5854809 -0.0323043
0.5975452 -0.0307732
0.6095506 -0.0291507
0.6214901 -0.027439
0.6333564 -0.0256422
0.6451423 -0.0237666
0.6568409 -0.0218205
0.6684449 -0.0198145
0.6799475 -0.017761
0.6913417 -0.015674
0.7026207 -0.0135691
0.7137775 -0.0114627
0.7248057 -0.0093721
0.7356984 -0.0073146
0.7464491 -0.0053072
0.7570514 -0.0033663
0.7674988 -0.0015074
0.7777851 0.0002555
0.7879041 0.00191
0.7978497 0.0034455
0.8076158 0.0048536
0.8171966 0.0061275
0.8265864 0.0072627
0.8357795 0.0082567
0.8447703 0.0091086
0.8535534 0.0098193
0.8621235 0.0103911
0.8704756 0.0108277
0.8786044 0.0111338
0.8865052 0.0113149
0.8941732 0.0113774
0.9016038 0.0113283
0.9087924 0.0111747
0.9157348 0.0109244
0.9224268 0.0105854
0.9288643 0.0101658
0.9350435 0.0096738
0.9409606 0.0091182
0.9466122 0.0085075
0.9519946 0.0078506
0.9571049 0.0071565
0.9619398 0.0064343
0.9664964 0.0056935
0.970772 0.0049432
0.9747641 0.0041929
0.9784702 0.0034519
0.981888 0.0027295
0.9850156 0.0020346
0.9878511 0.0013759
0.9903926 0.0007618
0.9926388 0.0001999
0.9945883 -0.0003025
0.9962398 -0.0007391
0.9975924 -0.0011042
0.9986452 -0.0013932
0.9993977 -0.0016024
0.9998494 -0.001729
1.0 -0.0017713
