1.0 0.002231
0.9998494 0.0022775
0.9993977 0.002417
0.9986452 0.0026494
0.9975924 0.0029742
0.9962398 0.0033911
0.9945883 0.003899
0.9926388 0.0044966
0.9903926 0.0051819
0.9878511 0.0059523
0.9850156 0.0068045
0.981888 0.0077342
0.9784702 0.0087365
0.9747641 0.0098059
0.970772 0.0109361
0.9664964 0.0121208
0.9619398 0.0133529
0.9571049 0.014626
0.9519946 0.0159333
0.9466122 0.0172688
0.9409606 0.0186271
0.9350435 0.0200034
0.9288643 0.0213939
0.9224268 0.0227954
0.9157348 0.0242058
0.9087924 0.0256235
0.9016038 0.0270475
0.8941732 0.0284772
0.8865052 0.0299121
0.8786044 0.0313514
0.8704756 0.0327942
0.8621235 0.0342389
0.8535534 0.0356832
0.8447703 0.037124
0.8357795 0.0385576
0.8265864 0.0399791
0.8171966 0.0413834
0.8076158 0.0427646
0.7978497 0.0441167
0.7879041 0.0454339
0.7777851 0.0467103
0.7674988 0.047941
0.7570514 0.0491218
0.7464491 0.0502494
0.7356984 0.0513219
0.7248057 0.0523384
0.7137775 0.0532994
0.7026207 0.0542065
0.6913417 0.0550622
0.6799475 0.0558699
0.6684449 0.0566332
0.6568409 0.057356
0.6451423 0.0580423
0.6333564 0.0586955
0.6214901 0.0593183
0.6095506 0.0599129
0.5975452 0.0604805
0.5854809 0.0610213
0.5733652 0.0615348
0.5612053 0.0620196
0.5490086 0.0624738
0.5367823 0.0628952
0.5245338 0.0632814
0.5122706 0.0636303
0.5 0.0639399
0.4877294 0.0642089
0.4754662 0.0644365
0.4632177 0.0646229
0.4509914 0.0647688
0.4387947 0.0648754
0.4266348 0.0649445
0.4145191 0.0649782
0.4024548 0.0649786
0.3904494 0.0649474
0.3785099 0.0648861
0.3666436 0.0647954
0.3548577 0.0646752
0.3431591 0.0645245
0.3315551 0.0643415
0.3200525 0.0641236
0.3086583 0.0638674
0.2973793 0.0635692
0.2862225 0.0632251
0.2751943 0.0628314
0.2643016 0.0623849
0.2535509 0.0618833
0.2429486 0.061325
0.2325012 0.0607098
0.2222149 0.0600389
0.2120959 0.0593145
0.2021503 0.0585401
0.1923842 0.05772
0.1828034 0.0568592
0.1734136 0.055963
0.1642205 0.0550361
0.1552297 0.0540831
0.1464466 0.0531071
0.1378765 0.0521101
0.1295244 0.0510923
0.1213956 0.0500521
0.1134948 0.0489862
0.1058268 0.0478894
0.0983962 0.0467552
0.0912076 0.0455759
0.0842652 0.0443434
0.0775732 0.0430493
0.0711357 0.041686
0.0649565 0.0402467
0.0590394 0.0387267
0.0533878 0.0371232
0.0480054 0.0354357
0.0428951 0.0336668
0.0380602 0.0318214
0.0335036 0.0299071
0.029228 0.0279337
0.0252359 0.0259129
0.0215298 0.0238574
0.018112 0.0217805
0.0149844 0.0196953
0.0121489 0.017614
0.0096074 0.0155473
0.0073612 0.0135037
0.0054117 0.0114891
0.0037602 0.0095068
0.0024076 0.007557
0.0013548 0.0056374
0.0006023 0.0037429
0.0001506 0.0018665
0.0 0.0
0.0001506 -0.0013408
0.0006023 -0.002674
0.0013548 -0.0039916
0.0024076 -0.0052864
0.0037602 -0.0065521
0.0054117 -0.007784
0.0073612 -0.0089784
0.0096074 -0.0101335
0.0121489 -0.0112491
0.0149844 -0.0123263
0.018112 -0.013368
0.0215298 -0.0143781
0.0252359 -0.0153615
0.029228 -0.0163241
0.0335036 -0.0172721
0.0380602 -0.0182119
0.0428951 -0.0191499
0.0480054 -0.0200921
0.0533878 -0.021044
0.0590394 -0.0220105
0.0649565 -0.0229957
0.0711357 -0.0240028
0.0775732 -0.0250342
0.0842652 -0.0260915
0.0912076 -0.0271756
0.0983962 -0.0282865
0.1058268 -0.0294238
0.1134948 -0.0305864
0.1213956 -0.0317727
0.1295244 -0.0329809
0.1378765 -0.0342083
0.1464466 -0.0354522
0.1552297 -0.0367091
0.1642205 -0.0379751
0.1734136 -0.0392457
0.1828034 -0.0405157
0.1923842 -0.0417793
0.2021503 -0.04303
0.2120959 -0.0442607
0.2222149 -0.0454636
0.2325012 -0.0466305
0.2429486 -0.0477527
0.2535509 -0.0488214
0.2643016 -0.0498281
0.2751943 -0.0507641
0.2862225 -0.0516217
0.2973793 -0.0523936
0.3086583 -0.0530736
0.3200525 -0.0536568
0.3315551 -0.0541393
0.3431591 -0.0545188
0.3548577 -0.0547944
0.3666436 -0.0549661
0.3785099 -0.0550355
0.3904494 -0.055005
0.4024548 -0.0548776
0.4145191 -0.0546569
0.4266348 -0.0543466
0.4387947 -0.0539502
0.4509914 -0.0534708
0.4632177 -0.0529107
0.4754662 -0.0522715
0.4877294 -0.0515537
0.5 -0.0507569
0.5122706 -0.0498796
0.5245338 -0.0489194
0.5367823 -0.0478736
0.5490086 -0.0467388
0.5612053 -0.0455117
0.5733652 -0.0441893
0.5854809 -0.0427693
0.5975452 -0.0412506
0.6095506 -0.0396333
0.6214901 -0.0379193
0.6333564 -0.0361123
0.6451423 -0.0342182
0.6568409 -0.0322447
0.6684449 -0.0302017
0.6799475 -0.0281011
0.6913417 -0.0259563
0.7026207 -0.0237821
0.7137775 -0.0215944
0.7248057 -0.0194097
0.7356984 -0.0172448
0.7464491 -0.0151162
0.7570514 -0.01304
0.7674988 -0.0110311
0.7777851 -0.0091035
0.7879041 -0.0072695
0.7978497 -0.0055395
0.8076158 -0.0039225
0.8171966 -0.0024254
0.8265864 -0.0010531
0.8357795 0.000191
0.8447703 0.0013052
0.8535534 0.0022897
0.8621235 0.0031455
0.8704756 0.0038753
0.8786044 0.0044823
0.8865052 0.0049709
0.8941732 0.0053458
0.9016038 0.0056126
0.9087924 0.0057769
0.9157348 0.005845
0.9224268 0.0058231
0.9288643 0.005718
0.9350435 0.0055364
0.9409606 0.0052854
0.9466122 0.0049724
0.9519946 0.0046049
0.9571049 0.0041905
0.9619398 0.0037374
0.9664964 0.0032538
0.970772 0.0027479
0.9747641 0.0022283
0.9784702 0.0017036
0.981888 0.0011822
0.9850156 0.0006726
0.9878511 0.0001829
0.9903926 -0.000279
0.9926388 -0.0007057
0.9945883 -0.0010905
0.9962398 -0.0014271
0.9975924 -0.0017103
0.9986452 -0.0019353
0.9993977 -0.0020987
0.9998494 -0.0021978
1.0 -0.002231
