1.0 0.0020885
0.9998494 0.0021382
0.9993977 0.0022875
0.9986452 0.0025361
0.9975924 0.0028837
0.9962398 0.0033298
0.9945883 0.0038736
0.9926388 0.0045137
0.9903926 0.0052481
0.9878511 0.0060744
0.9850156 0.0069891
0.981888 0.0079883
0.9784702 0.009067
0.9747641 0.01022
0.970772 0.011441
0.9664964 0.0127238
0.9619398 0.0140617
0.9571049 0.0154482
0.9519946 0.0168767
0.9466122 0.0183414
0.9409606 0.0198369
0.9350435 0.0213584
0.9288643 0.0229021
0.9224268 0.0244649
0.9157348 0.0260444
0.9087924 0.027639
0.9016038 0.0292473
0.8941732 0.0308683
0.8865052 0.0325012
0.8786044 0.0341447
0.8704756 0.0357972
0.8621235 0.0374564
0.8535534 0.0391193
0.8447703 0.040782
0.8357795 0.0424397
0.8265864 0.0440867
0.8171966 0.0457165
0.8076158 0.0473224
0.7978497 0.048897
0.7879041 0.0504333
0.7777851 0.0519243
0.7674988 0.0533637
0.7570514 0.054746
0.7464491 0.0560667
0.7356984 0.0573226
0.7248057 0.0585116
0.7137775 0.0596332
0.7026207 0.0606877
0.6913417 0.0616768
0.6799475 0.0626027
0.6684449 0.0634684
0.6568409 0.0642772
0.6451423 0.0650323
0.6333564 0.0657368
0.6214901 0.0663931
0.6095506 0.0670033
0.5975452 0.0675684
0.5854809 0.0680889
0.5733652 0.0685644
0.5612053 0.0689941
0.5490086 0.0693764
0.5367823 0.0697098
0.5245338 0.0699928
0.5122706 0.0702237
0.5 0.0704018
0.4877294 0.0705265
0.4754662 0.0705984
0.4632177 0.0706184
0.4509914 0.0705884
0.4387947 0.0705109
0.4266348 0.070389
0.4145191 0.0702259
0.4024548 0.0700249
0.3904494 0.0697891
0.3785099 0.0695213
0.3666436 0.0692234
0.3548577 0.0688967
0.3431591 0.0685415
0.3315551 0.0681571
0.3200525 0.0677423
0.3086583 0.0672949
0.2973793 0.0668124
0.2862225 0.066292
0.2751943 0.0657311
0.2643016 0.0651275
0.2535509 0.0644796
0.2429486 0.0637869
0.2325012 0.0630497
0.2222149 0.0622697
0.2120959 0.0614496
0.2021503 0.0605932
0.1923842 0.0597048
0.1828034 0.0587894
0.1734136 0.0578521
0.1642205 0.0568972
0.1552297 0.0559287
0.1464466 0.0549492
0.1378765 0.0539596
0.1295244 0.0529591
0.1213956 0.051945
0.1134948 0.0509126
0.1058268 0.0498554
0.0983962 0.0487651
0.0912076 0.0476325
0.0842652 0.0464476
0.0775732 0.0452003
0.0711357 0.0438809
0.0649565 0.0424811
0.0590394 0.0409939
0.0533878 0.0394148
0.0480054 0.0377417
0.0428951 0.0359753
0.0380602 0.034119
0.0335036 0.0321792
0.029228 0.0301644
0.0252359 0.0280853
0.0215298 0.0259541
0.018112 0.0237837
0.0149844 0.0215871
0.0121489 0.0193767
0.0096074 0.0171638
0.0073612 0.0149578
0.0054117 0.0127659
0.0037602 0.0105928
0.0024076 0.0084406
0.0013548 0.0063088
0.0006023 0.0041947
0.0001506 0.0020938
0.0 0.0
0.0001506 -0.0014655
0.0006023 -0.0029212
0.0013548 -0.0043571
0.0024076 -0.0057639
0.0037602 -0.0071336
0.0054117 -0.0084594
0.0073612 -0.0097361
0.0096074 -0.0109604
0.0121489 -0.0121308
0.0149844 -0.0132473
0.018112 -0.0143119
0.0215298 -0.0153277
0.0252359 -0.0162994
0.029228 -0.0172324
0.0335036 -0.0181329
0.0380602 -0.0190073
0.0428951 -0.0198624
0.0480054 -0.0207046
0.0533878 -0.0215399
0.0590394 -0.0223739
0.0649565 -0.0232116
0.0711357 -0.0240569
0.0775732 -0.0249132
0.0842652 -0.0257831
0.0912076 -0.0266684
0.0983962 -0.0275702
0.1058268 -0.0284891
0.1134948 -0.0294251
0.1213956 -0.0303774
0.1295244 -0.0313452
0.1378765 -0.0323269
0.1464466 -0.0333205
0.1552297 -0.0343233
0.1642205 -0.0353323
0.1734136 -0.0363436
0.1828034 -0.0373528
0.1923842 -0.0383547
0.2021503 -0.0393434
0.2120959 -0.0403123
0.2222149 -0.0412541
0.2325012 -0.042161
0.2429486 -0.043025
0.2535509 -0.0438376
0.2643016 -0.0445906
0.2751943 -0.0452758
0.2862225 -0.0458857
0.2973793 -0.0464137
0.3086583 -0.0468538
0.3200525 -0.0472014
0.3315551 -0.0474533
0.3431591 -0.0476073
0.3548577 -0.047663
0.3666436 -0.047621
0.3785099 -0.0474831
0.3904494 -0.0472521
0.4024548 -0.0469317
0.4145191 -0.0465257
0.4266348 -0.0460381
0.4387947 -0.045473
0.4509914 -0.0448337
0.4632177 -0.0441229
0.4754662 -0.0433424
0.4877294 -0.0424929
0.5 -0.0415744
0.5122706 -0.0405853
0.5245338 -0.0395237
0.5367823 -0.0383866
0.5490086 -0.0371709
0.5612053 -0.0358734
0.5733652 -0.034491
0.5854809 -0.0330216
0.5975452 -0.031464
0.6095506 -0.0298183
0.6214901 -0.0280865
0.6333564 -0.0262724
0.6451423 -0.0243818
0.6568409 -0.0224227
0.6684449 -0.0204051
0.6799475 -0.018341
0.6913417 -0.0162439
0.7026207 -0.0141289
0.7137775 -0.0120121
0.7248057 -0.0099101
0.7356984 -0.0078399
0.7464491 -0.0058183
0.7570514 -0.0038615
0.7674988 -0.0019846
0.7777851 -0.0002015
0.7879041 0.0014753
0.7978497 0.0030353
0.8076158 0.0044698
0.8171966 0.0057721
0.8265864 0.0069372
0.8357795 0.0079623
0.8447703 0.0088462
0.8535534 0.0095892
0.8621235 0.0101933
0.8704756 0.0106616
0.8786044 0.0109983
0.8865052 0.0112085
0.8941732 0.011298
0.9016038 0.0112731
0.9087924 0.0111409
0.9157348 0.0109087
0.9224268 0.0105839
0.9288643 0.0101745
0.9350435 0.0096888
0.9409606 0.0091351
0.9466122 0.0085221
0.9519946 0.0078589
0.9571049 0.0071545
0.9619398 0.0064185
0.9664964 0.0056604
0.970772 0.0048901
0.9747641 0.0041174
0.9784702 0.0033522
0.981888 0.0026043
0.9850156 0.0018833
0.9878511 0.0011986
0.9903926 0.0005592
0.9926388 -2.67e-05
0.9945883 -0.0005513
0.9962398 -0.0010077
0.9975924 -0.0013897
0.9986452 -0.0016923
0.9993977 -0.0019114
0.9998494 -0.002044
1.0 -0.0020885
