1.0 0.0018785
0.9998494 0.0019217
0.9993977 0.0020511
0.9986452 0.0022666
0.9975924 0.0025679
0.9962398 0.0029545
0.9945883 0.0034254
0.9926388 0.0039794
0.9903926 0.0046145
0.9878511 0.0053282
0.9850156 0.0061173
0.981888 0.0069777
0.9784702 0.0079049
0.9747641 0.0088936
0.970772 0.009938
0.9664964 0.0110319
0.9619398 0.0121692
0.9571049 0.0133436
0.9519946 0.0145493
0.9466122 0.0157808
0.9409606 0.0170335
0.9350435 0.0183033
0.9288643 0.0195871
0.9224268 0.0208827
0.9157348 0.0221886
0.9087924 0.0235041
0.9016038 0.0248291
0.8941732 0.0261636
0.8865052 0.0275077
0.8786044 0.0288615
0.8704756 0.0302245
0.8621235 0.0315958
0.8535534 0.0329734
0.8447703 0.0343546
0.8357795 0.0357358
0.8265864 0.0371125
0.8171966 0.0384793
0.8076158 0.0398303
0.7978497 0.0411594
0.7879041 0.0424602
0.7777851 0.0437265
0.7674988 0.0449527
0.7570514 0.0461339
0.7464491 0.047266
0.7356984 0.0483461
0.7248057 0.0493726
0.7137775 0.0503448
0.7026207 0.0512632
0.6913417 0.0521294
0.6799475 0.0529455
0.6684449 0.0537143
0.6568409 0.0544387
0.6451423 0.0551217
0.6333564 0.0557658
0.6214901 0.0563732
0.6095506 0.0569452
0.5975452 0.0574824
0.5854809 0.0579846
0.5733652 0.0584509
0.5612053 0.0588797
0.5490086 0.0592689
0.5367823 0.0596162
0.5245338 0.0599194
0.5122706 0.0601763
0.5 0.0603854
0.4877294 0.0605456
0.4754662 0.0606568
0.4632177 0.0607196
0.4509914 0.0607354
0.4387947 0.0607066
0.4266348 0.060636
0.4145191 0.0605267
0.4024548 0.0603823
0.3904494 0.0602061
0.3785099 0.0600013
0.3666436 0.0597703
0.3548577 0.0595152
0.3431591 0.059237
0.3315551 0.058936
0.3200525 0.058612
0.3086583 0.0582638
0.2973793 0.0578899
0.2862225 0.0574887
0.2751943 0.0570585
0.2643016 0.0565981
0.2535509 0.0561067
0.2429486 0.0555843
0.2325012 0.055032
0.2222149 0.0544517
0.2120959 0.0538464
0.2021503 0.0532195
0.1923842 0.0525754
0.1828034 0.0519186
0.1734136 0.0512533
0.1642205 0.0505832
0.1552297 0.0499112
0.1464466 0.0492385
0.1378765 0.0485649
0.1295244 0.0478881
0.1213956 0.0472036
0.1134948 0.0465052
0.1058268 0.0457843
0.0983962 0.045031
0.0912076 0.0442339
0.0842652 0.0433811
0.0775732 0.0424603
0.0711357 0.0414599
0.0649565 0.0403693
0.0590394 0.0391796
0.0533878 0.0378841
0.0480054 0.0364789
0.0428951 0.0349627
0.0380602 0.0333374
0.0335036 0.0316076
0.029228 0.0297807
0.0252359 0.0278663
0.0215298 0.0258759
0.018112 0.0238219
0.0149844 0.0217175
0.0121489 0.0195754
0.0096074 0.0174076
0.0073612 0.0152249
0.0054117 0.013036
0.0037602 0.0108477
0.0024076 0.0086645
0.0013548 0.0064886
0.0006023 0.0043203
0.0001506 0.0021583
0.0 0.0
0.0001506 -0.0013938
0.0006023 -0.0027823
0.0013548 -0.0041597
0.0024076 -0.0055209
0.0037602 -0.0068616
0.0054117 -0.0081788
0.0073612 -0.0094702
0.0096074 -0.010735
0.0121489 -0.0119738
0.0149844 -0.0131882
0.018112 -0.0143809
0.0215298 -0.0155556
0.0252359 -0.0167168
0.029228 -0.0178693
0.0335036 -0.0190182
0.0380602 -0.0201687
0.0428951 -0.0213257
0.0480054 -0.0224938
0.0533878 -0.0236768
0.0590394 -0.024878
0.0649565 -0.0260997
0.0711357 -0.0273438
0.0775732 -0.0286111
0.0842652 -0.0299016
0.0912076 -0.0312148
0.0983962 -0.0325495
0.1058268 -0.033904
0.1134948 -0.0352759
0.1213956 -0.0366627
0.1295244 -0.0380612
0.1378765 -0.039468
0.1464466 -0.0408793
0.1552297 -0.0422906
0.1642205 -0.0436973
0.1734136 -0.0450941
0.1828034 -0.0464751
0.1923842 -0.0478338
0.2021503 -0.0491634
0.2120959 -0.0504561
0.2222149 -0.051704
0.2325012 -0.0528987
0.2429486 -0.0540316
0.2535509 -0.0550941
0.2643016 -0.0560778
0.2751943 -0.0569745
0.2862225 -0.0577769
0.2973793 -0.0584786
0.3086583 -0.0590741
0.3200525 -0.0595591
0.3315551 -0.0599309
0.3431591 -0.060188
0.3548577 -0.0603303
0.3666436 -0.0603589
0.3785099 -0.0602762
0.3904494 -0.0600855
0.4024548 -0.0597907
0.4145191 -0.059396
0.4266348 -0.0589059
0.4387947 -0.0583245
0.4509914 -0.0576555
0.4632177 -0.0569019
0.4754662 -0.0560655
0.4877294 -0.0551475
0.5 -0.0541478
0.5122706 -0.0530655
0.5245338 -0.0518987
0.5367823 -0.0506448
0.5490086 -0.0493013
0.5612053 -0.0478651
0.5733652 -0.0463339
0.5854809 -0.044706
0.5975452 -0.0429806
0.6095506 -0.0411587
0.6214901 -0.0392426
0.6333564 -0.0372369
0.6451423 -0.0351478
0.6568409 -0.032984
0.6684449 -0.0307559
0.6799475 -0.0284759
0.6913417 -0.0261583
0.7026207 -0.0238183
0.7137775 -0.0214725
0.7248057 -0.0191379
0.7356984 -0.0168317
0.7464491 -0.014571
0.7570514 -0.0123722
0.7674988 -0.0102507
0.7777851 -0.0082205
0.7879041 -0.0062942
0.7978497 -0.0044826
0.8076158 -0.0027944
0.8171966 -0.0012367
0.8265864 0.0001858
0.8357795 0.0014698
0.8447703 0.0026142
0.8535534 0.003619
0.8621235 0.0044861
0.8704756 0.0052184
0.8786044 0.0058199
0.8865052 0.0062954
0.8941732 0.0066504
0.9016038 0.006891
0.9087924 0.0070238
0.9157348 0.0070555
0.9224268 0.0069932
0.9288643 0.0068443
0.9350435 0.0066163
0.9409606 0.006317
0.9466122 0.0059542
0.9519946 0.0055361
0.9571049 0.005071
0.9619398 0.0045674
0.9664964 0.004034
0.970772 0.0034797
0.9747641 0.0029132
0.9784702 0.0023435
0.981888 0.0017796
0.9850156 0.00123
0.9878511 0.0007033
0.9903926 0.0002075
0.9926388 -0.0002497
0.9945883 -0.0006614
0.9962398 -0.0010211
0.9975924 -0.0013233
0.9986452 -0.0015633
0.9993977 -0.0017375
0.9998494 -0.0018431
1.0 -0.0018785
