1.0 0.0022699
0.9998494 0.0023189
0.9993977 0.0024658
0.9986452 0.0027106
0.9975924 0.0030529
0.9962398 0.0034921
0.9945883 0.0040274
0.9926388 0.0046574
0.9903926 0.0053802
0.9878511 0.0061932
0.9850156 0.007093
0.981888 0.0080756
0.9784702 0.0091362
0.9747641 0.0102693
0.970772 0.0114688
0.9664964 0.0127284
0.9619398 0.0140415
0.9571049 0.0154016
0.9519946 0.0168022
0.9466122 0.0182375
0.9409606 0.0197022
0.9350435 0.0211917
0.9288643 0.0227023
0.9224268 0.0242308
0.9157348 0.0257753
0.9087924 0.027334
0.9016038 0.028906
0.8941732 0.0304903
0.8865052 0.0320862
0.8786044 0.0336926
0.8704756 0.0353082
0.8621235 0.0369308
0.8535534 0.0385574
0.8447703 0.0401843
0.8357795 0.0418068
0.8265864 0.0434193
0.8171966 0.0450155
0.8076158 0.0465887
0.7978497 0.0481316
0.7879041 0.0496373
0.7777851 0.0510988
0.7674988 0.0525099
0.7570514 0.0538652
0.7464491 0.0551603
0.7356984 0.0563921
0.7248057 0.0575587
0.7137775 0.0586594
0.7026207 0.0596948
0.6913417 0.0606666
0.6799475 0.0615772
0.6684449 0.0624297
0.6568409 0.0632274
0.6451423 0.0639736
0.6333564 0.0646713
0.6214901 0.0653231
0.6095506 0.065931
0.5975452 0.0664961
0.5854809 0.0670187
0.5733652 0.0674984
0.5612053 0.0679343
0.5490086 0.0683248
0.5367823 0.0686681
0.5245338 0.0689627
0.5122706 0.0692068
0.5 0.0693993
0.4877294 0.0695399
0.4754662 0.0696286
0.4632177 0.0696665
0.4509914 0.0696553
0.4387947 0.0695973
0.4266348 0.0694955
0.4145191 0.069353
0.4024548 0.0691729
0.3904494 0.0689583
0.3785099 0.0687117
0.3666436 0.0684351
0.3548577 0.0681294
0.3431591 0.0677948
0.3315551 0.0674307
0.3200525 0.0670353
0.3086583 0.0666063
0.2973793 0.0661411
0.2862225 0.0656366
0.2751943 0.0650899
0.2643016 0.0644986
0.2535509 0.0638609
0.2429486 0.0631758
0.2325012 0.0624437
0.2222149 0.0616658
0.2120959 0.0608447
0.2021503 0.0599838
0.1923842 0.0590877
0.1828034 0.0581609
0.1734136 0.0572084
0.1642205 0.0562347
0.1552297 0.0552436
0.1464466 0.0542379
0.1378765 0.0532186
0.1295244 0.0521852
0.1213956 0.0511353
0.1134948 0.0500645
0.1058268 0.0489668
0.0983962 0.0478345
0.0912076 0.0466591
0.0842652 0.0454314
0.0775732 0.044142
0.0711357 0.0427822
0.0649565 0.0413446
0.0590394 0.0398235
0.0533878 0.0382152
0.0480054 0.0365188
0.0428951 0.0347361
0.0380602 0.0328715
0.0335036 0.0309323
0.029228 0.028928
0.0252359 0.02687
0.0215298 0.024771
0.018112 0.0226443
0.0149844 0.0205033
0.0121489 0.0183602
0.0096074 0.0162261
0.0073612 0.0141098
0.0054117 0.0120179
0.0037602 0.0099541
0.0024076 0.0079193
0.0013548 0.0059117
0.0006023 0.003927
0.0001506 0.001959
0.0 0.0
0.0001506 -0.0014174
0.0006023 -0.002826
0.0013548 -0.0042166
0.0024076 -0.0055809
0.0037602 -0.0069115
0.0054117 -0.0082026
0.0073612 -0.0094498
0.0096074 -0.0106505
0.0121489 -0.0118038
0.0149844 -0.0129104
0.018112 -0.0139728
0.0215298 -0.0149946
0.0252359 -0.015981
0.029228 -0.0169376
0.0335036 -0.017871
0.0380602 -0.0187879
0.0428951 -0.0196951
0.0480054 -0.0205993
0.0533878 -0.0215066
0.0590394 -0.0224225
0.0649565 -0.0233521
0.0711357 -0.0242993
0.0775732 -0.0252675
0.0842652 -0.0262593
0.0912076 -0.0272765
0.0983962 -0.0283202
0.1058268 -0.029391
0.1134948 -0.0304889
0.1213956 -0.0316134
0.1295244 -0.0327635
0.1378765 -0.0339377
0.1464466 -0.0351342
0.1552297 -0.0363503
0.1642205 -0.037583
0.1734136 -0.0388285
0.1828034 -0.0400822
0.1923842 -0.041339
0.2021503 -0.0425927
0.2120959 -0.0438364
0.2222149 -0.0450625
0.2325012 -0.0462626
0.2429486 -0.0474281
0.2535509 -0.0485499
0.2643016 -0.0496187
0.2751943 -0.0506254
0.2862225 -0.0515615
0.2973793 -0.0524189
0.3086583 -0.0531905
0.3200525 -0.0538701
0.3315551 -0.054453
0.3431591 -0.0549355
0.3548577 -0.0553153
0.3666436 -0.0555917
0.3785099 -0.0557646
0.3904494 -0.0558354
0.4024548 -0.0558059
0.4145191 -0.0556785
0.4266348 -0.0554558
0.4387947 -0.0551403
0.4509914 -0.0547342
0.4632177 -0.0542389
0.4754662 -0.0536553
0.4877294 -0.0529832
0.5 -0.0522215
0.5122706 -0.0513683
0.5245338 -0.050421
0.5367823 -0.0493765
0.5490086 -0.0482313
0.5612053 -0.0469821
0.5733652 -0.045626
0.5854809 -0.0441611
0.5975452 -0.0425864
0.6095506 -0.0409026
0.6214901 -0.0391123
0.6333564 -0.0372198
0.6451423 -0.0352318
0.6568409 -0.0331571
0.6684449 -0.0310065
0.6799475 -0.028793
0.6913417 -0.0265313
0.7026207 -0.0242372
0.7137775 -0.0219281
0.7248057 -0.0196217
0.7356984 -0.017336
0.7464491 -0.0150889
0.7570514 -0.0128975
0.7674988 -0.010778
0.7777851 -0.0087455
0.7879041 -0.006813
0.7978497 -0.0049922
0.8076158 -0.0032925
0.8171966 -0.0017215
0.8265864 -0.0002848
0.8357795 0.0010142
0.8447703 0.0021735
0.8535534 0.003193
0.8621235 0.0040742
0.8704756 0.0048195
0.8786044 0.0054329
0.8865052 0.0059189
0.8941732 0.006283
0.9016038 0.0065311
0.9087924 0.0066698
0.9157348 0.0067058
0.9224268 0.0066464
0.9288643 0.006499
0.9350435 0.0062712
0.9409606 0.0059709
0.9466122 0.0056062
0.9519946 0.0051854
0.9571049 0.0047171
0.9619398 0.0042098
0.9664964 0.0036725
0.970772 0.0031141
0.9747641 0.0025438
0.9784702 0.0019704
0.981888 0.001403
0.9850156 0.0008504
0.9878511 0.0003209
0.9903926 -0.0001771
0.9926388 -0.0006362
0.9945883 -0.0010494
0.9962398 -0.0014102
0.9975924 -0.0017133
0.9986452 -0.001954
0.9993977 -0.0021286
0.9998494 -0.0022344
1.0 -0.0022699
