1.0 0.0017406
0.9998494 0.0017897
0.9993977 0.0019369
0.9986452 0.002182
0.9975924 0.0025248
0.9962398 0.0029646
0.9945883 0.0035007
0.9926388 0.0041315
0.9903926 0.0048552
0.9878511 0.0056693
0.9850156 0.0065702
0.981888 0.007554
0.9784702 0.0086159
0.9747641 0.0097504
0.970772 0.0109516
0.9664964 0.012213
0.9619398 0.0135282
0.9571049 0.0148907
0.9519946 0.0162941
0.9466122 0.0177327
0.9409606 0.0192014
0.9350435 0.0206957
0.9288643 0.0222119
0.9224268 0.0237473
0.9157348 0.0253
0.9087924 0.0268685
0.9016038 0.028452
0.8941732 0.0300499
0.8865052 0.0316617
0.8786044 0.0332866
0.8704756 0.0349234
0.8621235 0.0365702
0.8535534 0.0382243
0.8447703 0.039882
0.8357795 0.0415389
0.8265864 0.0431893
0.8171966 0.044827
0.8076158 0.0464451
0.7978497 0.0480365
0.7879041 0.0495937
0.7777851 0.0511096
0.7674988 0.0525776
0.7570514 0.0539918
0.7464491 0.0553473
0.7356984 0.0566402
0.7248057 0.057868
0.7137775 0.0590294
0.7026207 0.0601241
0.6913417 0.0611529
0.6799475 0.0621177
0.6684449 0.0630204
0.6568409 0.0638638
0.6451423 0.0646504
0.6333564 0.0653827
0.6214901 0.0660625
0.6095506 0.0666915
0.5975452 0.0672703
0.5854809 0.0677991
0.5733652 0.0682774
0.5612053 0.068704
0.5490086 0.0690777
0.5367823 0.0693968
0.5245338 0.0696602
0.5122706 0.0698665
0.5 0.0700154
0.4877294 0.0701069
0.4754662 0.0701421
0.4632177 0.0701228
0.4509914 0.0700515
0.4387947 0.0699316
0.4266348 0.0697668
0.4145191 0.0695615
0.4024548 0.0693197
0.3904494 0.0690456
0.3785099 0.0687425
0.3666436 0.0684135
0.3548577 0.0680604
0.3431591 0.0676844
0.3315551 0.0672856
0.3200525 0.0668631
0.3086583 0.0664153
0.2973793 0.0659401
0.2862225 0.0654351
0.2751943 0.0648978
0.2643016 0.0643261
0.2535509 0.0637184
0.2429486 0.0630741
0.2325012 0.0623932
0.2222149 0.0616773
0.2120959 0.0609284
0.2021503 0.0601499
0.1923842 0.0593457
0.1828034 0.05852
0.1734136 0.057677
0.1642205 0.0568205
0.1552297 0.0559535
0.1464466 0.0550777
0.1378765 0.0541931
0.1295244 0.053298
0.1213956 0.0523887
0.1134948 0.0514594
0.1058268 0.0505026
0.0983962 0.0495091
0.0912076 0.0484687
0.0842652 0.0473702
0.0775732 0.0462028
0.0711357 0.0449557
0.0649565 0.0436197
0.0590394 0.0421871
0.0533878 0.0406526
0.0480054 0.0390134
0.0428951 0.0372696
0.0380602 0.0354242
0.0335036 0.0334831
0.029228 0.0314547
0.0252359 0.0293495
0.0215298 0.0271798
0.018112 0.0249585
0.0149844 0.0226991
0.0121489 0.0204145
0.0096074 0.0181166
0.0073612 0.0158154
0.0054117 0.0135192
0.0037602 0.0112337
0.0024076 0.008962
0.0013548 0.0067051
0.0006023 0.0044614
0.0001506 0.0022279
0.0 0.0
0.0001506 -0.0014842
0.0006023 -0.0029591
0.0013548 -0.0044152
0.0024076 -0.0058437
0.0037602 -0.0072371
0.0054117 -0.0085891
0.0073612 -0.0098953
0.0096074 -0.0111526
0.0121489 -0.0123601
0.0149844 -0.0135182
0.018112 -0.0146294
0.0215298 -0.0156972
0.0252359 -0.0167264
0.029228 -0.0177228
0.0335036 -0.0186927
0.0380602 -0.0196428
0.0428951 -0.0205797
0.0480054 -0.0215097
0.0533878 -0.0224388
0.0590394 -0.0233721
0.0649565 -0.0243143
0.0711357 -0.0252688
0.0775732 -0.0262386
0.0842652 -0.0272255
0.0912076 -0.0282305
0.0983962 -0.0292542
0.1058268 -0.0302962
0.1134948 -0.0313556
0.1213956 -0.0324311
0.1295244 -0.0335209
0.1378765 -0.0346225
0.1464466 -0.0357333
0.1552297 -0.03685
0.1642205 -0.0379688
0.1734136 -0.0390856
0.1828034 -0.0401953
0.1923842 -0.0412927
0.2021503 -0.0423715
0.2120959 -0.0434253
0.2222149 -0.0444467
0.2325012 -0.0454283
0.2429486 -0.0463622
0.2535509 -0.0472405
0.2643016 -0.0480555
0.2751943 -0.0487997
0.2862225 -0.0494662
0.2973793 -0.0500492
0.3086583 -0.0505435
0.3200525 -0.0509455
0.3315551 -0.0512524
0.3431591 -0.0514632
0.3548577 -0.051578
0.3666436 -0.0515982
0.3785099 -0.0515261
0.3904494 -0.0513651
0.4024548 -0.0511192
0.4145191 -0.0507924
0.4266348 -0.0503889
0.4387947 -0.0499125
0.4509914 -0.0493664
0.4632177 -0.048753
0.4754662 -0.0480734
0.4877294 -0.0473276
0.5 -0.0465147
0.5122706 -0.0456322
0.5245338 -0.044677
0.5367823 -0.0436449
0.5490086 -0.0425315
0.5612053 -0.0413322
0.5733652 -0.0400426
0.5854809 -0.0386593
0.5975452 -0.0371796
0.6095506 -0.0356024
0.6214901 -0.0339286
0.6333564 -0.0321608
0.6451423 -0.030304
0.6568409 -0.0283652
0.6684449 -0.0263538
0.6799475 -0.0242812
0.6913417 -0.0221608
0.7026207 -0.0200074
0.7137775 -0.0178372
0.7248057 -0.015667
0.7356984 -0.0135142
0.7464491 -0.0113961
0.7570514 -0.0093294
0.7674988 -0.0073303
0.7777851 -0.0054134
0.7879041 -0.0035921
0.7978497 -0.001878
0.8076158 -0.0002808
0.8171966 0.0011916
0.8265864 0.0025332
0.8357795 0.0037401
0.8447703 0.0048101
0.8535534 0.0057424
0.8621235 0.0065382
0.8704756 0.0071995
0.8786044 0.0077299
0.8865052 0.0081336
0.8941732 0.0084157
0.9016038 0.008582
0.9087924 0.0086389
0.9157348 0.0085931
0.9224268 0.0084518
0.9288643 0.0082225
0.9350435 0.007913
0.9409606 0.0075312
0.9466122 0.0070856
0.9519946 0.0065848
0.9571049 0.0060375
0.9619398 0.0054529
0.9664964 0.0048401
0.970772 0.0042087
0.9747641 0.003568
0.9784702 0.0029274
0.981888 0.0022965
0.9850156 0.0016842
0.9878511 0.0010996
0.9903926 0.0005512
0.9926388 4.67e-05
0.9945883 -0.0004064
0.9962398 -0.0008015
0.9975924 -0.0011329
0.9986452 -0.0013959
0.9993977 -0.0015865
0.9998494 -0.001702
1.0 -0.0017406
