1.0 0.0020772
0.9998494 0.0021243
0.9993977 0.0022655
0.9986452 0.0025006
0.9975924 0.0028294
0.9962398 0.0032511
0.9945883 0.0037649
0.9926388 0.0043694
0.9903926 0.0050624
0.9878511 0.0058414
0.9850156 0.0067028
0.981888 0.0076424
0.9784702 0.0086553
0.9747641 0.0097358
0.970772 0.0108776
0.9664964 0.0120743
0.9619398 0.0133189
0.9571049 0.0146046
0.9519946 0.0159248
0.9466122 0.0172733
0.9409606 0.0186446
0.9350435 0.0200337
0.9288643 0.0214367
0.9224268 0.0228502
0.9157348 0.0242719
0.9087924 0.0257
0.9016038 0.0271332
0.8941732 0.0285707
0.8865052 0.0300114
0.8786044 0.0314546
0.8704756 0.0328987
0.8621235 0.0343418
0.8535534 0.0357813
0.8447703 0.0372136
0.8357795 0.0386345
0.8265864 0.0400388
0.8171966 0.0414208
0.8076158 0.0427741
0.7978497 0.0440923
0.7879041 0.0453688
0.7777851 0.0465976
0.7674988 0.047773
0.7570514 0.0488903
0.7464491 0.0499459
0.7356984 0.0509372
0.7248057 0.0518632
0.7137775 0.0527238
0.7026207 0.0535205
0.6913417 0.0542555
0.6799475 0.054932
0.6684449 0.0555538
0.6568409 0.0561249
0.6451423 0.0566494
0.6333564 0.057131
0.6214901 0.057573
0.6095506 0.0579781
0.5975452 0.058348
0.5854809 0.0586838
0.5733652 0.0589857
0.5612053 0.0592533
0.5490086 0.0594855
0.5367823 0.0596812
0.5245338 0.059839
0.5122706 0.0599577
0.5 0.0600365
0.4877294 0.0600752
0.4754662 0.060074
0.4632177 0.0600342
0.4509914 0.0599576
0.4387947 0.0598466
0.4266348 0.0597043
0.4145191 0.0595339
0.4024548 0.0593389
0.3904494 0.0591223
0.3785099 0.0588871
0.3666436 0.0586353
0.3548577 0.0583685
0.3431591 0.0580872
0.3315551 0.0577911
0.3200525 0.0574792
0.3086583 0.0571496
0.2973793 0.0568002
0.2862225 0.0564284
0.2751943 0.0560319
0.2643016 0.0556085
0.2535509 0.0551567
0.2429486 0.0546759
0.2325012 0.0541663
0.2222149 0.0536292
0.2120959 0.0530668
0.2021503 0.0524822
0.1923842 0.0518792
0.1828034 0.0512618
0.1734136 0.0506339
0.1642205 0.049999
0.1552297 0.0493596
0.1464466 0.048717
0.1378765 0.0480708
0.1295244 0.0474186
0.1213956 0.0467562
0.1134948 0.0460773
0.1058268 0.0453736
0.0983962 0.0446354
0.0912076 0.0438515
0.0842652 0.0430102
0.0775732 0.0420996
0.0711357 0.0411084
0.0649565 0.0400262
0.0590394 0.0388445
0.0533878 0.0375569
0.0480054 0.0361596
0.0428951 0.0346518
0.0380602 0.0330355
0.0335036 0.0313155
0.029228 0.0294995
0.0252359 0.0275972
0.0215298 0.0256201
0.018112 0.0235809
0.0149844 0.0214925
0.0121489 0.0193679
0.0096074 0.0172191
0.0073612 0.0150566
0.0054117 0.0128892
0.0037602 0.0107235
0.0024076 0.0085638
0.0013548 0.0064123
0.0006023 0.0042691
0.0001506 0.0021325
0.0 0.0
0.0001506 -0.0015671
0.0006023 -0.0031265
0.0013548 -0.0046702
0.0024076 -0.0061909
0.0037602 -0.0076823
0.0054117 -0.0091391
0.0073612 -0.0105576
0.0096074 -0.0119354
0.0121489 -0.0132718
0.0149844 -0.0145674
0.018112 -0.0158243
0.0215298 -0.0170457
0.0252359 -0.0182358
0.029228 -0.0193998
0.0335036 -0.020543
0.0380602 -0.0216712
0.0428951 -0.0227901
0.0480054 -0.0239052
0.0533878 -0.0250217
0.0590394 -0.026144
0.0649565 -0.0272761
0.0711357 -0.0284209
0.0775732 -0.029581
0.0842652 -0.030758
0.0912076 -0.0319528
0.0983962 -0.0331657
0.1058268 -0.0343964
0.1134948 -0.0356442
0.1213956 -0.0369075
0.1295244 -0.0381846
0.1378765 -0.039473
0.1464466 -0.0407699
0.1552297 -0.0420718
0.1642205 -0.0433746
0.1734136 -0.0446737
0.1828034 -0.0459635
0.1923842 -0.0472379
0.2021503 -0.0484902
0.2120959 -0.0497127
0.2222149 -0.0508974
0.2325012 -0.0520356
0.2429486 -0.0531184
0.2535509 -0.0541369
0.2643016 -0.055082
0.2751943 -0.0559452
0.2862225 -0.0567185
0.2973793 -0.0573947
0.3086583 -0.0579678
0.3200525 -0.0584329
0.3315551 -0.0587864
0.3431591 -0.0590263
0.3548577 -0.0591519
0.3666436 -0.0591639
0.3785099 -0.059064
0.3904494 -0.0588552
0.4024548 -0.0585409
0.4145191 -0.0581254
0.4266348 -0.0576127
0.4387947 -0.0570069
0.4509914 -0.0563116
0.4632177 -0.0555299
0.4754662 -0.0546637
0.4877294 -0.0537143
0.5 -0.0526819
0.5122706 -0.0515656
0.5245338 -0.0503637
0.5367823 -0.0490742
0.5490086 -0.0476944
0.5612053 -0.0462217
0.5733652 -0.0446539
0.5854809 -0.0429895
0.5975452 -0.041228
0.6095506 -0.0393705
0.6214901 -0.0374194
0.6333564 -0.0353794
0.6451423 -0.033257
0.6568409 -0.0310607
0.6684449 -0.0288014
0.6799475 -0.0264914
0.6913417 -0.0241451
0.7026207 -0.021778
0.7137775 -0.0194067
0.7248057 -0.0170486
0.7356984 -0.0147211
0.7464491 -0.0124415
0.7570514 -0.0102266
0.7674988 -0.0080921
0.7777851 -0.0060524
0.7879041 -0.0041206
0.7978497 -0.0023076
0.8076158 -0.0006229
0.8171966 0.0009263
0.8265864 0.0023346
0.8357795 0.0035986
0.8447703 0.0047167
0.8535534 0.0056888
0.8621235 0.0065166
0.8704756 0.0072027
0.8786044 0.0077512
0.8865052 0.0081669
0.8941732 0.0084557
0.9016038 0.0086236
0.9087924 0.0086778
0.9157348 0.0086254
0.9224268 0.0084741
0.9288643 0.0082318
0.9350435 0.0079068
0.9409606 0.0075076
0.9466122 0.0070428
0.9519946 0.0065216
0.9571049 0.0059531
0.9619398 0.0053467
0.9664964 0.0047118
0.970772 0.0040583
0.9747641 0.0033958
0.9784702 0.0027341
0.981888 0.0020827
0.9850156 0.001451
0.9878511 0.0008482
0.9903926 0.0002829
0.9926388 -0.0002369
0.9945883 -0.0007036
0.9962398 -0.0011105
0.9975924 -0.0014517
0.9986452 -0.0017224
0.9993977 -0.0019185
0.9998494 -0.0020374
1.0 -0.0020772
