1.0 0.0017959
0.9998494 0.0018431
0.9993977 0.0019846
0.9986452 0.0022203
0.9975924 0.00255
0.9962398 0.0029729
0.9945883 0.0034884
0.9926388 0.004095
0.9903926 0.0047908
0.9878511 0.0055733
0.9850156 0.0064393
0.981888 0.0073848
0.9784702 0.0084052
0.9747641 0.0094952
0.970772 0.0106489
0.9664964 0.0118604
0.9619398 0.0131234
0.9571049 0.0144318
0.9519946 0.0157796
0.9466122 0.0171615
0.9409606 0.0185727
0.9350435 0.0200093
0.9288643 0.0214682
0.9224268 0.0229471
0.9157348 0.0244445
0.9087924 0.0259594
0.9016038 0.0274916
0.8941732 0.0290409
0.8865052 0.030607
0.8786044 0.0321897
0.8704756 0.033788
0.8621235 0.0354002
0.8535534 0.0370239
0.8447703 0.0386557
0.8357795 0.040291
0.8265864 0.0419247
0.8171966 0.0435504
0.8076158 0.0451615
0.7978497 0.0467508
0.7879041 0.0483113
0.7777851 0.0498358
0.7674988 0.0513182
0.7570514 0.0527527
0.7464491 0.0541348
0.7356984 0.0554612
0.7248057 0.0567296
0.7137775 0.0579393
0.7026207 0.0590906
0.6913417 0.0601849
0.6799475 0.0612243
0.6684449 0.0622116
0.6568409 0.0631498
0.6451423 0.0640419
0.6333564 0.0648906
0.6214901 0.0656982
0.6095506 0.0664661
0.5975452 0.0671951
0.5854809 0.067885
0.5733652 0.0685349
0.5612053 0.0691433
0.5490086 0.0697081
0.5367823 0.0702269
0.5245338 0.0706973
0.5122706 0.071117
0.5 0.0714843
0.4877294 0.0717978
0.4754662 0.0720571
0.4632177 0.0722622
0.4509914 0.0724142
0.4387947 0.0725145
0.4266348 0.0725653
0.4145191 0.0725689
0.4024548 0.0725276
0.3904494 0.0724437
0.3785099 0.072319
0.3666436 0.0721545
0.3548577 0.0719507
0.3431591 0.0717069
0.3315551 0.071422
0.3200525 0.0710936
0.3086583 0.070719
0.2973793 0.0702952
0.2862225 0.0698188
0.2751943 0.0692867
0.2643016 0.0686964
0.2535509 0.0680463
0.2429486 0.0673355
0.2325012 0.0665646
0.2222149 0.0657353
0.2120959 0.0648507
0.2021503 0.0639149
0.1923842 0.062933
0.1828034 0.0619105
0.1734136 0.0608531
0.1642205 0.0597663
0.1552297 0.0586547
0.1464466 0.0575221
0.1378765 0.0563705
0.1295244 0.0552002
0.1213956 0.0540097
0.1134948 0.0527957
0.1058268 0.0515528
0.0983962 0.0502743
0.0912076 0.0489524
0.0842652 0.0475785
0.0775732 0.0461441
0.0711357 0.0446412
0.0649565 0.043063
0.0590394 0.0414043
0.0533878 0.0396622
0.0480054 0.0378363
0.0428951 0.0359288
0.0380602 0.0339449
0.0335036 0.0318921
0.029228 0.0297805
0.0252359 0.0276217
0.0215298 0.0254287
0.018112 0.0232151
0.0149844 0.020994
0.0121489 0.0187779
0.0096074 0.0165776
0.0073612 0.0144015
0.0054117 0.0122558
0.0037602 0.0101436
0.0024076 0.008065
0.0013548 0.0060175
0.0006023 0.0039959
0.0001506 0.001993
0.0 0.0
0.0001506 -0.0013617
0.0006023 -0.0027157
0.0013548 -0.0040542
0.0024076 -0.0053701
0.0037602 -0.0066573
0.0054117 -0.007911
0.0073612 -0.0091276
0.0096074 -0.0103054
0.0121489 -0.011444
0.0149844 -0.0125447
0.018112 -0.0136102
0.0215298 -0.0146442
0.0252359 -0.0156515
0.029228 -0.0166378
0.0335036 -0.0176089
0.0380602 -0.0185711
0.0428951 -0.0195302
0.0480054 -0.0204918
0.0533878 -0.0214612
0.0590394 -0.0224425
0.0649565 -0.0234394
0.0711357 -0.0244546
0.0775732 -0.02549
0.0842652 -0.0265465
0.0912076 -0.0276244
0.0983962 -0.0287234
0.1058268 -0.0298424
0.1134948 -0.0309799
0.1213956 -0.0321341
0.1295244 -0.0333025
0.1378765 -0.0344823
0.1464466 -0.0356705
0.1552297 -0.0368635
0.1642205 -0.0380573
0.1734136 -0.0392474
0.1828034 -0.0404286
0.1923842 -0.0415954
0.2021503 -0.0427415
0.2120959 -0.04386
0.2222149 -0.0449435
0.2325012 -0.0459841
0.2429486 -0.0469738
0.2535509 -0.0479042
0.2643016 -0.0487673
0.2751943 -0.049555
0.2862225 -0.0502601
0.2973793 -0.0508761
0.3086583 -0.0513973
0.3200525 -0.0518194
0.3315551 -0.0521392
0.3431591 -0.0523548
0.3548577 -0.0524658
0.3666436 -0.052473
0.3785099 -0.0523784
0.3904494 -0.0521846
0.4024548 -0.0518953
0.4145191 -0.0515143
0.4266348 -0.0510457
0.4387947 -0.0504932
0.4509914 -0.0498602
0.4632177 -0.0491492
0.4754662 -0.048362
0.4877294 -0.0474991
0.5 -0.0465604
0.5122706 -0.0455444
0.5245338 -0.0444489
0.5367823 -0.0432713
0.5490086 -0.0420083
0.5612053 -0.0406569
0.5733652 -0.0392142
0.5854809 -0.0376783
0.5975452 -0.0360483
0.6095506 -0.0343246
0.6214901 -0.0325097
0.6333564 -0.0306076
0.6451423 -0.0286247
0.6568409 -0.0265694
0.6684449 -0.0244523
0.6799475 -0.0222856
0.6913417 -0.0200836
0.7026207 -0.0178617
0.7137775 -0.0156364
0.7248057 -0.0134249
0.7356984 -0.0112445
0.7464491 -0.0091123
0.7570514 -0.0070448
0.7674988 -0.0050575
0.7777851 -0.0031644
0.7879041 -0.0013781
0.7978497 0.0002908
0.8076158 0.0018335
0.8171966 0.0032431
0.8265864 0.0045149
0.8357795 0.005646
0.8447703 0.0066352
0.8535534 0.0074831
0.8621235 0.0081916
0.8704756 0.0087638
0.8786044 0.0092041
0.8865052 0.0095175
0.8941732 0.00971
0.9016038 0.0097878
0.9087924 0.009758
0.9157348 0.0096275
0.9224268 0.009404
0.9288643 0.0090951
0.9350435 0.0087088
0.9409606 0.0082534
0.9466122 0.0077371
0.9519946 0.0071687
0.9571049 0.006557
0.9619398 0.0059111
0.9664964 0.0052401
0.970772 0.0045536
0.9747641 0.0038609
0.9784702 0.0031716
0.981888 0.0024952
0.9850156 0.0018408
0.9878511 0.0012174
0.9903926 0.0006337
0.9926388 9.78e-05
0.9945883 -0.000383
0.9962398 -0.0008018
0.9975924 -0.0011528
0.9986452 -0.0014312
0.9993977 -0.0016328
0.9998494 -0.001755
1.0 -0.0017959
