1.0 0.0016942
0.9998494 0.001746
0.9993977 0.0019012
0.9986452 0.0021596
0.9975924 0.0025209
0.9962398 0.0029845
0.9945883 0.0035493
0.9926388 0.0042139
0.9903926 0.0049761
0.9878511 0.0058332
0.9850156 0.0067815
0.981888 0.0078169
0.9784702 0.0089341
0.9747641 0.0101274
0.970772 0.0113905
0.9664964 0.0127167
0.9619398 0.014099
0.9571049 0.0155305
0.9519946 0.0170045
0.9466122 0.0185148
0.9409606 0.0200557
0.9350435 0.0216223
0.9288643 0.0232107
0.9224268 0.0248175
0.9157348 0.0264404
0.9087924 0.0280777
0.9016038 0.0297282
0.8941732 0.031391
0.8865052 0.0330655
0.8786044 0.0347506
0.8704756 0.0364451
0.8621235 0.0381471
0.8535534 0.0398539
0.8447703 0.0415621
0.8357795 0.0432673
0.8265864 0.0449643
0.8171966 0.0466471
0.8076158 0.0483094
0.7978497 0.0499443
0.7879041 0.0515451
0.7777851 0.0531052
0.7674988 0.0546186
0.7570514 0.0560799
0.7464491 0.0574848
0.7356984 0.0588301
0.7248057 0.0601138
0.7137775 0.061335
0.7026207 0.0624939
0.6913417 0.0635917
0.6799475 0.0646302
0.6684449 0.0656119
0.6568409 0.0665392
0.6451423 0.0674146
0.6333564 0.0682402
0.6214901 0.0690178
0.6095506 0.069748
0.5975452 0.0704311
0.5854809 0.0710663
0.5733652 0.0716521
0.5612053 0.0721866
0.5490086 0.0726671
0.5367823 0.073091
0.5245338 0.0734556
0.5122706 0.0737585
0.5 0.073998
0.4877294 0.0741728
0.4754662 0.0742828
0.4632177 0.0743285
0.4509914 0.0743114
0.4387947 0.0742338
0.4266348 0.0740985
0.4145191 0.073909
0.4024548 0.0736688
0.3904494 0.0733812
0.3785099 0.0730496
0.3666436 0.0726763
0.3548577 0.0722634
0.3431591 0.0718119
0.3315551 0.0713221
0.3200525 0.0707933
0.3086583 0.0702244
0.2973793 0.0696138
0.2862225 0.0689597
0.2751943 0.0682602
0.2643016 0.067514
0.2535509 0.0667204
0.2429486 0.0658796
0.2325012 0.0649927
0.2222149 0.064062
0.2120959 0.0630908
0.2021503 0.0620835
0.1923842 0.061045
0.1828034 0.0599806
0.1734136 0.0588958
0.1642205 0.0577956
0.1552297 0.0566841
0.1464466 0.0555642
0.1378765 0.0544375
0.1295244 0.0533033
0.1213956 0.0521595
0.1134948 0.0510016
0.1058268 0.0498236
0.0983962 0.0486178
0.0912076 0.0473755
0.0842652 0.0460871
0.0775732 0.0447431
0.0711357 0.0433346
0.0649565 0.0418536
0.0590394 0.040294
0.0533878 0.0386517
0.0480054 0.0369253
0.0428951 0.0351159
0.0380602 0.0332274
0.0335036 0.0312666
0.029228 0.0292424
0.0252359 0.0271656
0.0215298 0.0250484
0.018112 0.0229037
0.0149844 0.0207442
0.0121489 0.0185821
0.0096074 0.0164279
0.0073612 0.0142905
0.0054117 0.0121761
0.0037602 0.0100886
0.0024076 0.0080287
0.0013548 0.0059949
0.0006023 0.0039831
0.0001506 0.0019873
0.0 0.0
0.0001506 -0.0014046
0.0006023 -0.0027998
0.0013548 -0.0041761
0.0024076 -0.0055247
0.0037602 -0.0068379
0.0054117 -0.0081093
0.0073612 -0.0093342
0.0096074 -0.0105093
0.0121489 -0.0116332
0.0149844 -0.0127062
0.018112 -0.0137299
0.0215298 -0.0147077
0.0252359 -0.0156438
0.029228 -0.0165435
0.0335036 -0.0174125
0.0380602 -0.0182571
0.0428951 -0.0190835
0.0480054 -0.0198978
0.0533878 -0.0207056
0.0590394 -0.021512
0.0649565 -0.0223215
0.0711357 -0.0231379
0.0775732 -0.0239642
0.0842652 -0.0248025
0.0912076 -0.0256546
0.0983962 -0.0265213
0.1058268 -0.0274031
0.1134948 -0.0282998
0.1213956 -0.0292109
0.1295244 -0.0301354
0.1378765 -0.0310717
0.1464466 -0.0320181
0.1552297 -0.0329721
0.1642205 -0.0339308
0.1734136 -0.0348906
0.1828034 -0.0358473
0.1923842 -0.0367961
0.2021503 -0.0377313
0.2120959 -0.0386467
0.2222149 -0.0395353
0.2325012 -0.0403898
0.2429486 -0.0412022
0.2535509 -0.0419647
0.2643016 -0.0426693
0.2751943 -0.0433081
0.2862225 -0.0438742
0.2973793 -0.0443609
0.3086583 -0.0447629
0.3200525 -0.0450759
0.3315551 -0.0452966
0.3431591 -0.0454235
0.3548577 -0.0454562
0.3666436 -0.0453954
0.3785099 -0.0452433
0.3904494 -0.0450027
0.4024548 -0.0446771
0.4145191 -0.0442706
0.4266348 -0.0437872
0.4387947 -0.0432307
0.4509914 -0.0426042
0.4632177 -0.0419104
0.4754662 -0.0411509
0.4877294 -0.040326
0.5 -0.0394353
0.5122706 -0.0384771
0.5245338 -0.037449
0.5367823 -0.0363477
0.5490086 -0.0351696
0.5612053 -0.0339113
0.5733652 -0.0325694
0.5854809 -0.0311412
0.5975452 -0.0296255
0.6095506 -0.028022
0.6214901 -0.0263326
0.6333564 -0.0245607
0.6451423 -0.0227122
0.6568409 -0.0207949
0.6684449 -0.0188187
0.6799475 -0.0167956
0.6913417 -0.0147391
0.7026207 -0.0126644
0.7137775 -0.0105875
0.7248057 -0.0085252
0.7356984 -0.0064947
0.7464491 -0.0045126
0.7570514 -0.0025953
0.7674988 -0.000758
0.7777851 0.0009853
0.7879041 0.0026223
0.7978497 0.0041424
0.8076158 0.005537
0.8171966 0.0067992
0.8265864 0.0079244
0.8357795 0.0089098
0.8447703 0.0097542
0.8535534 0.0104583
0.8621235 0.0110242
0.8704756 0.0114551
0.8786044 0.0117554
0.8865052 0.0119304
0.8941732 0.0119861
0.9016038 0.0119291
0.9087924 0.0117665
0.9157348 0.0115056
0.9224268 0.0111542
0.9288643 0.0107202
0.9350435 0.010212
0.9409606 0.0096379
0.9466122 0.0090067
0.9519946 0.0083272
0.9571049 0.0076087
0.9619398 0.0068604
0.9664964 0.0060918
0.970772 0.0053127
0.9747641 0.0045328
0.9784702 0.0037617
0.981888 0.0030092
0.9850156 0.0022847
0.9878511 0.0015975
0.9903926 0.0009561
0.9926388 0.0003689
0.9945883 -0.0001564
0.9962398 -0.0006132
0.9975924 -0.0009955
0.9986452 -0.0012981
0.9993977 -0.0015172
0.9998494 -0.0016498
1.0 -0.0016942
