1.0 0.0020927
0.9998494 0.0021416
0.9993977 0.0022883
0.9986452 0.0025326
0.9975924 0.0028742
0.9962398 0.0033123
0.9945883 0.0038461
0.9926388 0.0044741
0.9903926 0.0051942
0.9878511 0.0060037
0.9850156 0.0068991
0.981888 0.0078762
0.9784702 0.0089301
0.9747641 0.0100553
0.970772 0.0112455
0.9664964 0.0124944
0.9619398 0.0137952
0.9571049 0.0151415
0.9519946 0.0165268
0.9466122 0.0179454
0.9409606 0.019392
0.9350435 0.0208622
0.9288643 0.0223525
0.9224268 0.0238602
0.9157348 0.0253833
0.9087924 0.0269206
0.9016038 0.0284714
0.8941732 0.0300353
0.8865052 0.031612
0.8786044 0.033201
0.8704756 0.0348012
0.8621235 0.036411
0.8535534 0.0380279
0.8447703 0.0396486
0.8357795 0.0412688
0.8265864 0.0428831
0.8171966 0.0444856
0.8076158 0.0460695
0.7978497 0.0476278
0.7879041 0.0491534
0.7777851 0.0506392
0.7674988 0.0520787
0.7570514 0.0534662
0.7464491 0.0547968
0.7356984 0.0560667
0.7248057 0.0572734
0.7137775 0.0584156
0.7026207 0.0594931
0.6913417 0.0605066
0.6799475 0.0614579
0.6684449 0.062349
0.6568409 0.0631824
0.6451423 0.0639608
0.6333564 0.0646862
0.6214901 0.0653607
0.6095506 0.0659854
0.5975452 0.066561
0.5854809 0.0670872
0.5733652 0.0675632
0.5612053 0.0679877
0.5490086 0.0683589
0.5367823 0.068675
0.5245338 0.0689339
0.5122706 0.0691343
0.5 0.069275
0.4877294 0.0693557
0.4754662 0.0693768
0.4632177 0.0693397
0.4509914 0.0692464
0.4387947 0.0690998
0.4266348 0.0689035
0.4145191 0.0686612
0.4024548 0.0683769
0.3904494 0.0680545
0.3785099 0.0676976
0.3666436 0.0673089
0.3548577 0.0668909
0.3431591 0.0664447
0.3315551 0.065971
0.3200525 0.0654693
0.3086583 0.0649388
0.2973793 0.064378
0.2862225 0.0637852
0.2751943 0.0631588
0.2643016 0.0624976
0.2535509 0.0618007
0.2429486 0.0610684
0.2325012 0.0603016
0.2222149 0.0595026
0.2120959 0.0586744
0.2021503 0.057821
0.1923842 0.0569467
0.1828034 0.0560566
0.1734136 0.0551553
0.1642205 0.054247
0.1552297 0.0533352
0.1464466 0.0524217
0.1378765 0.0515069
0.1295244 0.0505893
0.1213956 0.0496652
0.1134948 0.0487291
0.1058268 0.0477735
0.0983962 0.0467893
0.0912076 0.0457662
0.0842652 0.0446933
0.0775732 0.0435594
0.0711357 0.042354
0.0649565 0.0410678
0.0590394 0.039693
0.0533878 0.0382242
0.0480054 0.0366585
0.0428951 0.0349959
0.0380602 0.0332393
0.0335036 0.0313944
0.029228 0.0294692
0.0252359 0.0274743
0.0215298 0.0254212
0.018112 0.0233229
0.0149844 0.0211924
0.0121489 0.019042
0.0096074 0.0168833
0.0073612 0.014726
0.0054117 0.0125777
0.0037602 0.0104435
0.0024076 0.0083262
0.0013548 0.006226
0.0006023 0.0041409
0.0001506 0.0020673
0.0 0.0
0.0001506 -0.0013149
0.0006023 -0.0026227
0.0013548 -0.0039161
0.0024076 -0.0051885
0.0037602 -0.006434
0.0054117 -0.0076481
0.0073612 -0.0088278
0.0096074 -0.0099714
0.0121489 -0.0110787
0.0149844 -0.0121509
0.018112 -0.0131906
0.0215298 -0.0142015
0.0252359 -0.0151884
0.029228 -0.0161563
0.0335036 -0.0171111
0.0380602 -0.0180583
0.0428951 -0.0190037
0.0480054 -0.0199524
0.0533878 -0.0209091
0.0590394 -0.0218776
0.0649565 -0.0228612
0.0711357 -0.0238621
0.0775732 -0.0248818
0.0842652 -0.025921
0.0912076 -0.0269797
0.0983962 -0.0280571
0.1058268 -0.0291522
0.1134948 -0.0302632
0.1213956 -0.031388
0.1295244 -0.0325241
0.1378765 -0.0336688
0.1464466 -0.034819
0.1552297 -0.0359712
0.1642205 -0.0371214
0.1734136 -0.0382653
0.1828034 -0.0393981
0.1923842 -0.0405143
0.2021503 -0.041608
0.2120959 -0.0426728
0.2222149 -0.0437015
0.2325012 -0.0446869
0.2429486 -0.0456213
0.2535509 -0.046497
0.2643016 -0.0473063
0.2751943 -0.048042
0.2862225 -0.0486973
0.2973793 -0.0492663
0.3086583 -0.0497439
0.3200525 -0.0501262
0.3315551 -0.0504107
0.3431591 -0.0505959
0.3548577 -0.0506819
0.3666436 -0.0506699
0.3785099 -0.0505619
0.3904494 -0.0503611
0.4024548 -0.0500712
0.4145191 -0.0496961
0.4266348 -0.04924
0.4387947 -0.0487065
0.4509914 -0.0480989
0.4632177 -0.0474196
0.4754662 -0.0466701
0.4877294 -0.0458509
0.5 -0.0449612
0.5122706 -0.0439996
0.5245338 -0.0429634
0.5367823 -0.0418495
0.5490086 -0.0406545
0.5612053 -0.0393748
0.5733652 -0.0380072
0.5854809 -0.0365494
0.5975452 -0.035
0.6095506 -0.0333593
0.6214901 -0.0316289
0.6333564 -0.0298129
0.6451423 -0.027917
0.6568409 -0.0259493
0.6684449 -0.0239198
0.6799475 -0.0218405
0.6913417 -0.0197252
0.7026207 -0.0175889
0.7137775 -0.0154476
0.7248057 -0.0133182
0.7356984 -0.0112175
0.7464491 -0.0091624
0.7570514 -0.0071688
0.7674988 -0.0052519
0.7777851 -0.0034254
0.7879041 -0.0017017
0.7978497 -9.1e-05
0.8076158 0.0013979
0.8171966 0.0027586
0.8265864 0.0039863
0.8357795 0.0050783
0.8447703 0.0060334
0.8535534 0.0068522
0.8621235 0.0075366
0.8704756 0.0080897
0.8786044 0.0085156
0.8865052 0.0088193
0.8941732 0.0090064
0.9016038 0.0090832
0.9087924 0.0090562
0.9157348 0.0089322
0.9224268 0.0087185
0.9288643 0.0084225
0.9350435 0.0080517
0.9409606 0.0076141
0.9466122 0.0071176
0.9519946 0.0065705
0.9571049 0.0059814
0.9619398 0.0053589
0.9664964 0.0047119
0.970772 0.0040494
0.9747641 0.0033807
0.9784702 0.0027149
0.981888 0.0020612
0.9850156 0.0014284
0.9878511 0.0008255
0.9903926 0.0002607
0.9926388 -0.0002582
0.9945883 -0.0007237
0.9962398 -0.0011294
0.9975924 -0.0014695
0.9986452 -0.0017392
0.9993977 -0.0019346
0.9998494 -0.002053
1.0 -0.0020927
