1.0 0.0016937
0.9998494 0.0017421
0.9993977 0.0018874
0.9986452 0.0021293
0.9975924 0.0024678
0.9962398 0.0029023
0.9945883 0.003432
0.9926388 0.0040557
0.9903926 0.0047715
0.9878511 0.0055772
0.9850156 0.0064694
0.981888 0.0074445
0.9784702 0.0084977
0.9747641 0.0096239
0.970772 0.0108174
0.9664964 0.012072
0.9619398 0.0133814
0.9571049 0.0147394
0.9519946 0.01614
0.9466122 0.0175776
0.9409606 0.0190473
0.9350435 0.0205449
0.9288643 0.0220668
0.9224268 0.0236106
0.9157348 0.0251743
0.9087924 0.0267566
0.9016038 0.0283569
0.8941732 0.0299746
0.8865052 0.0316091
0.8786044 0.0332596
0.8704756 0.0349248
0.8621235 0.0366028
0.8535534 0.0382908
0.8447703 0.039985
0.8357795 0.0416807
0.8265864 0.0433722
0.8171966 0.045053
0.8076158 0.0467162
0.7978497 0.0483543
0.7879041 0.0499599
0.7777851 0.0515256
0.7674988 0.0530448
0.7570514 0.0545114
0.7464491 0.0559204
0.7356984 0.0572681
0.7248057 0.0585518
0.7137775 0.0597702
0.7026207 0.0609231
0.6913417 0.0620114
0.6799475 0.0630368
0.6684449 0.0640016
0.6568409 0.0649083
0.6451423 0.0657597
0.6333564 0.0665581
0.6214901 0.0673056
0.6095506 0.0680036
0.5975452 0.0686528
0.5854809 0.0692532
0.5733652 0.0698041
0.5612053 0.0703043
0.5490086 0.0707522
0.5367823 0.0711459
0.5245338 0.0714837
0.5122706 0.071764
0.5 0.071986
0.4877294 0.0721492
0.4754662 0.072254
0.4632177 0.0723016
0.4509914 0.0722939
0.4387947 0.0722337
0.4266348 0.0721239
0.4145191 0.0719681
0.4024548 0.0717697
0.3904494 0.071532
0.3785099 0.0712576
0.3666436 0.0709489
0.3548577 0.070607
0.3431591 0.0702324
0.3315551 0.0698245
0.3200525 0.069382
0.3086583 0.0689027
0.2973793 0.0683842
0.2862225 0.0678238
0.2751943 0.0672187
0.2643016 0.0665667
0.2535509 0.0658664
0.2429486 0.0651172
0.2325012 0.0643195
0.2222149 0.0634751
0.2120959 0.0625868
0.2021503 0.0616585
0.1923842 0.060695
0.1828034 0.0597013
0.1734136 0.0586828
0.1642205 0.0576444
0.1552297 0.0565903
0.1464466 0.0555235
0.1378765 0.0544456
0.1295244 0.0533562
0.1213956 0.0522531
0.1134948 0.0511324
0.1058268 0.0499879
0.0983962 0.0488123
0.0912076 0.0475969
0.0842652 0.0463323
0.0775732 0.0450092
0.0711357 0.0436185
0.0649565 0.0421525
0.0590394 0.040605
0.0533878 0.0389719
0.0480054 0.0372519
0.0428951 0.0354459
0.0380602 0.0335581
0.0335036 0.031595
0.029228 0.0295656
0.0252359 0.0274808
0.0215298 0.0253526
0.018112 0.0231942
0.0149844 0.0210182
0.0121489 0.018837
0.0096074 0.0166613
0.0073612 0.0145001
0.0054117 0.0123599
0.0037602 0.0102446
0.0024076 0.0081555
0.0013548 0.0060912
0.0006023 0.0040478
0.0001506 0.0020198
0.0 0.0
0.0001506 -0.0013869
0.0006023 -0.0027641
0.0013548 -0.0041217
0.0024076 -0.0054507
0.0037602 -0.0067431
0.0054117 -0.0079925
0.0073612 -0.0091938
0.0096074 -0.0103439
0.0121489 -0.0114414
0.0149844 -0.0124868
0.018112 -0.0134818
0.0215298 -0.0144301
0.0252359 -0.0153362
0.029228 -0.0162057
0.0335036 -0.0170447
0.0380602 -0.0178599
0.0428951 -0.0186579
0.0480054 -0.0194449
0.0533878 -0.020227
0.0590394 -0.0210097
0.0649565 -0.0217975
0.0711357 -0.0225946
0.0775732 -0.023404
0.0842652 -0.0242283
0.0912076 -0.0250691
0.0983962 -0.0259277
0.1058268 -0.0268046
0.1134948 -0.0277
0.1213956 -0.0286134
0.1295244 -0.0295443
0.1378765 -0.0304916
0.1464466 -0.0314537
0.1552297 -0.0324288
0.1642205 -0.0334145
0.1734136 -0.0344077
0.1828034 -0.0354049
0.1923842 -0.0364017
0.2021503 -0.0373932
0.2120959 -0.0383736
0.2222149 -0.0393366
0.2325012 -0.0402751
0.2429486 -0.0411816
0.2535509 -0.0420484
0.2643016 -0.0428676
0.2751943 -0.0436315
0.2862225 -0.0443327
0.2973793 -0.0449644
0.3086583 -0.0455206
0.3200525 -0.0459964
0.3315551 -0.0463878
0.3431591 -0.0466922
0.3548577 -0.0469082
0.3666436 -0.0470355
0.3785099 -0.0470748
0.3904494 -0.0470277
0.4024548 -0.0468965
0.4145191 -0.0466838
0.4266348 -0.0463922
0.4387947 -0.0460241
0.4509914 -0.0455816
0.4632177 -0.0450659
0.4754662 -0.0444774
0.4877294 -0.0438155
0.5 -0.0430786
0.5122706 -0.0422642
0.5245338 -0.0413691
0.5367823 -0.0403892
0.5490086 -0.0393206
0.5612053 -0.038159
0.5733652 -0.036901
0.5854809 -0.0355436
0.5975452 -0.0340852
0.6095506 -0.0325258
0.6214901 -0.030867
0.6333564 -0.0291127
0.6451423 -0.0272686
0.6568409 -0.025343
0.6684449 -0.0233461
0.6799475 -0.0212902
0.6913417 -0.0191893
0.7026207 -0.0170591
0.7137775 -0.0149162
0.7248057 -0.012778
0.7356984 -0.010662
0.7464491 -0.0085857
0.7570514 -0.0065661
0.7674988 -0.0046191
0.7777851 -0.0027592
0.7879041 -0.0009998
0.7978497 0.0006481
0.8076158 0.0021749
0.8171966 0.0035731
0.8265864 0.0048374
0.8357795 0.005964
0.8447703 0.0069513
0.8535534 0.0077991
0.8621235 0.0085086
0.8704756 0.0090826
0.8786044 0.0095248
0.8865052 0.0098399
0.8941732 0.0100332
0.9016038 0.010111
0.9087924 0.0100797
0.9157348 0.0099464
0.9224268 0.0097185
0.9288643 0.0094037
0.9350435 0.0090099
0.9409606 0.0085454
0.9466122 0.0080189
0.9519946 0.007439
0.9571049 0.0068149
0.9619398 0.0061559
0.9664964 0.0054714
0.970772 0.0047711
0.9747641 0.0040648
0.9784702 0.0033621
0.981888 0.0026727
0.9850156 0.002006
0.9878511 0.0013712
0.9903926 0.000777
0.9926388 0.0002316
0.9945883 -0.0002574
0.9962398 -0.0006833
0.9975924 -0.0010402
0.9986452 -0.0013231
0.9993977 -0.001528
0.9998494 -0.0016521
1.0 -0.0016937
