1.0 0.0020569
0.9998494 0.0021055
0.9993977 0.0022513
0.9986452 0.0024941
0.9975924 0.0028337
0.9962398 0.0032693
0.9945883 0.0038002
0.9926388 0.0044249
0.9903926 0.0051413
0.9878511 0.005947
0.9850156 0.0068385
0.981888 0.0078116
0.9784702 0.0088616
0.9747641 0.0099829
0.970772 0.0111694
0.9664964 0.0124148
0.9619398 0.0137125
0.9571049 0.0150558
0.9519946 0.0164385
0.9466122 0.0178548
0.9409606 0.0192993
0.9350435 0.0207677
0.9288643 0.0222562
0.9224268 0.023762
0.9157348 0.0252831
0.9087924 0.0268182
0.9016038 0.0283664
0.8941732 0.029927
0.8865052 0.0314997
0.8786044 0.0330836
0.8704756 0.0346777
0.8621235 0.0362802
0.8535534 0.0378884
0.8447703 0.0394991
0.8357795 0.0411078
0.8265864 0.0427093
0.8171966 0.0442977
0.8076158 0.0458666
0.7978497 0.0474092
0.7879041 0.0489187
0.7777851 0.0503886
0.7674988 0.0518129
0.7570514 0.0531864
0.7464491 0.054505
0.7356984 0.0557657
0.7248057 0.0569668
0.7137775 0.0581078
0.7026207 0.0591894
0.6913417 0.0602131
0.6799475 0.0611816
0.6684449 0.0620977
0.6568409 0.0629646
0.6451423 0.0637856
0.6333564 0.0645634
0.6214901 0.0653004
0.6095506 0.0659981
0.5975452 0.0666573
0.5854809 0.0672779
0.5733652 0.0678589
0.5612053 0.0683986
0.5490086 0.068895
0.5367823 0.0693456
0.5245338 0.0697478
0.5122706 0.0700992
0.5 0.0703979
0.4877294 0.0706425
0.4754662 0.0708321
0.4632177 0.0709671
0.4509914 0.071048
0.4387947 0.0710766
0.4266348 0.0710548
0.4145191 0.0709851
0.4024548 0.0708701
0.3904494 0.0707121
0.3785099 0.0705135
0.3666436 0.0702756
0.3548577 0.0699995
0.3431591 0.0696853
0.3315551 0.0693323
0.3200525 0.0689391
0.3086583 0.0685039
0.2973793 0.0680244
0.2862225 0.0674982
0.2751943 0.0669232
0.2643016 0.0662976
0.2535509 0.0656207
0.2429486 0.0648923
0.2325012 0.0641138
0.2222149 0.0632873
0.2120959 0.0624165
0.2021503 0.0615057
0.1923842 0.0605603
0.1828034 0.0595857
0.1734136 0.0585878
0.1642205 0.0575717
0.1552297 0.0565418
0.1464466 0.0555012
0.1378765 0.0544515
0.1295244 0.0533924
0.1213956 0.0523215
0.1134948 0.0512345
0.1058268 0.0501249
0.0983962 0.0489851
0.0912076 0.0478059
0.0842652 0.0465774
0.0775732 0.0452896
0.0711357 0.0439331
0.0649565 0.0424995
0.0590394 0.0409819
0.0533878 0.0393758
0.0480054 0.0376791
0.0428951 0.0358925
0.0380602 0.0340195
0.0335036 0.0320662
0.029228 0.0300412
0.0252359 0.0279552
0.0215298 0.0258201
0.018112 0.0236488
0.0149844 0.0214542
0.0121489 0.0192486
0.0096074 0.017043
0.0073612 0.0148466
0.0054117 0.0126664
0.0037602 0.010507
0.0024076 0.0083699
0.0013548 0.0062547
0.0006023 0.0041581
0.0001506 0.0020753
0.0 0.0
0.0001506 -0.0012754
0.0006023 -0.0025431
0.0013548 -0.003795
0.0024076 -0.0050239
0.0037602 -0.0062235
0.0054117 -0.0073888
0.0073612 -0.0085162
0.0096074 -0.0096039
0.0121489 -0.0106515
0.0149844 -0.0116601
0.018112 -0.0126323
0.0215298 -0.0135721
0.0252359 -0.0144842
0.029228 -0.0153743
0.0335036 -0.0162485
0.0380602 -0.0171129
0.0428951 -0.0179736
0.0480054 -0.0188365
0.0533878 -0.0197067
0.0590394 -0.020589
0.0649565 -0.021487
0.0711357 -0.0224038
0.0775732 -0.0233415
0.0842652 -0.0243014
0.0912076 -0.0252842
0.0983962 -0.0262899
0.1058268 -0.0273179
0.1134948 -0.0283671
0.1213956 -0.029436
0.1295244 -0.0305226
0.1378765 -0.0316247
0.1464466 -0.0327397
0.1552297 -0.0338643
0.1642205 -0.034995
0.1734136 -0.0361277
0.1828034 -0.0372576
0.1923842 -0.0383795
0.2021503 -0.0394872
0.2120959 -0.0405741
0.2222149 -0.041633
0.2325012 -0.0426562
0.2429486 -0.0436355
0.2535509 -0.0445626
0.2643016 -0.0454293
0.2751943 -0.0462275
0.2862225 -0.0469499
0.2973793 -0.0475897
0.3086583 -0.0481411
0.3200525 -0.0485995
0.3315551 -0.0489616
0.3431591 -0.0492253
0.3548577 -0.04939
0.3666436 -0.0494565
0.3785099 -0.0494264
0.3904494 -0.0493026
0.4024548 -0.0490885
0.4145191 -0.048788
0.4266348 -0.0484052
0.4387947 -0.0479438
0.4509914 -0.0474072
0.4632177 -0.0467979
0.4754662 -0.0461178
0.4877294 -0.0453673
0.5 -0.0445462
0.5122706 -0.0436529
0.5245338 -0.042685
0.5367823 -0.0416396
0.5490086 -0.0405131
0.5612053 -0.0393019
0.5733652 -0.0380028
0.5854809 -0.0366131
0.5975452 -0.0351313
0.6095506 -0.0335571
0.6214901 -0.031892
0.6333564 -0.0301394
0.6451423 -0.0283047
0.6568409 -0.0263954
0.6684449 -0.024421
0.6799475 -0.0223931
0.6913417 -0.0203249
0.7026207 -0.0182312
0.7137775 -0.0161275
0.7248057 -0.0140305
0.7356984 -0.0119568
0.7464491 -0.0099231
0.7570514 -0.0079454
0.7674988 -0.0060388
0.7777851 -0.0042172
0.7879041 -0.0024932
0.7978497 -0.0008773
0.8076158 0.0006216
0.8171966 0.0019964
0.8265864 0.0032421
0.8357795 0.0043554
0.8447703 0.0053348
0.8535534 0.0061803
0.8621235 0.0068935
0.8704756 0.0074768
0.8786044 0.0079342
0.8865052 0.0082701
0.8941732 0.0084899
0.9016038 0.0085993
0.9087924 0.0086048
0.9157348 0.008513
0.9224268 0.0083309
0.9288643 0.0080657
0.9350435 0.007725
0.9409606 0.0073165
0.9466122 0.0068483
0.9519946 0.0063285
0.9571049 0.0057657
0.9619398 0.0051685
0.9664964 0.0045457
0.970772 0.0039065
0.9747641 0.00326
0.9784702 0.0026152
0.981888 0.0019813
0.9850156 0.0013672
0.9878511 0.0007816
0.9903926 0.0002327
0.9926388 -0.0002718
0.9945883 -0.0007246
0.9962398 -0.0011193
0.9975924 -0.0014503
0.9986452 -0.0017128
0.9993977 -0.001903
0.9998494 -0.0020182
1.0 -0.0020569
