1.0 0.002023
0.9998494 0.002069
0.9993977 0.0022067
0.9986452 0.0024362
0.9975924 0.0027571
0.9962398 0.0031689
0.9945883 0.003671
0.9926388 0.0042619
0.9903926 0.0049399
0.9878511 0.0057026
0.9850156 0.0065466
0.981888 0.0074682
0.9784702 0.0084626
0.9747641 0.0095246
0.970772 0.0106483
0.9664964 0.0118276
0.9619398 0.0130561
0.9571049 0.0143275
0.9519946 0.0156356
0.9466122 0.016975
0.9409606 0.0183405
0.9350435 0.019728
0.9288643 0.0211341
0.9224268 0.0225562
0.9157348 0.0239926
0.9087924 0.0254423
0.9016038 0.0269048
0.8941732 0.0283798
0.8865052 0.0298671
0.8786044 0.0313664
0.8704756 0.0328769
0.8621235 0.0343974
0.8535534 0.0359255
0.8447703 0.0374582
0.8357795 0.0389916
0.8265864 0.0405206
0.8171966 0.0420398
0.8076158 0.0435429
0.7978497 0.0450233
0.7879041 0.0464743
0.7777851 0.0478894
0.7674988 0.0492627
0.7570514 0.0505889
0.7464491 0.0518636
0.7356984 0.0530837
0.7248057 0.054247
0.7137775 0.0553528
0.7026207 0.0564011
0.6913417 0.0573933
0.6799475 0.0583312
0.6684449 0.0592173
0.6568409 0.0600544
0.6451423 0.060845
0.6333564 0.0615917
0.6214901 0.0622963
0.6095506 0.0629601
0.5975452 0.0635836
0.5854809 0.0641667
0.5733652 0.0647084
0.5612053 0.0652072
0.5490086 0.0656611
0.5367823 0.0660681
0.5245338 0.066426
0.5122706 0.0667332
0.5 0.0669881
0.4877294 0.0671902
0.4754662 0.0673395
0.4632177 0.0674369
0.4509914 0.067484
0.4387947 0.0674832
0.4266348 0.0674374
0.4145191 0.0673497
0.4024548 0.0672233
0.3904494 0.0670613
0.3785099 0.0668662
0.3666436 0.0666402
0.3548577 0.0663842
0.3431591 0.0660986
0.3315551 0.0657828
0.3200525 0.0654353
0.3086583 0.065054
0.2973793 0.0646362
0.2862225 0.0641793
0.2751943 0.0636804
0.2643016 0.0631375
0.2535509 0.0625488
0.2429486 0.0619138
0.2325012 0.0612329
0.2222149 0.0605076
0.2120959 0.0597408
0.2021503 0.0589361
0.1923842 0.0580981
0.1828034 0.0572316
0.1734136 0.0563416
0.1642205 0.0554328
0.1552297 0.0545089
0.1464466 0.0535726
0.1378765 0.052625
0.1295244 0.0516652
0.1213956 0.0506907
0.1134948 0.0496968
0.1058268 0.0486769
0.0983962 0.0476231
0.0912076 0.0465262
0.0842652 0.0453762
0.0775732 0.0441633
0.0711357 0.0428779
0.0649565 0.0415118
0.0590394 0.0400584
0.0533878 0.0385132
0.0480054 0.0368745
0.0428951 0.0351431
0.0380602 0.0333227
0.0335036 0.0314199
0.029228 0.0294435
0.0252359 0.0274044
0.0215298 0.0253149
0.018112 0.023188
0.0149844 0.0210369
0.0121489 0.018874
0.0096074 0.0167107
0.0073612 0.0145562
0.0054117 0.0124177
0.0037602 0.0102998
0.0024076 0.0082042
0.0013548 0.0061304
0.0006023 0.0040752
0.0001506 0.0020338
0.0 0.0
0.0001506 -0.0012897
0.0006023 -0.0025716
0.0013548 -0.0038374
0.0024076 -0.0050799
0.0037602 -0.0062927
0.0054117 -0.0074709
0.0073612 -0.0086108
0.0096074 -0.0097105
0.0121489 -0.0107699
0.0149844 -0.0117903
0.018112 -0.0127744
0.0215298 -0.0137264
0.0252359 -0.0146513
0.029228 -0.0155552
0.0335036 -0.0164442
0.0380602 -0.0173251
0.0428951 -0.0182042
0.0480054 -0.0190878
0.0533878 -0.0199814
0.0590394 -0.02089
0.0649565 -0.0218177
0.0711357 -0.022768
0.0775732 -0.0237432
0.0842652 -0.0247452
0.0912076 -0.0257748
0.0983962 -0.0268325
0.1058268 -0.0279181
0.1134948 -0.0290308
0.1213956 -0.0301695
0.1295244 -0.0313327
0.1378765 -0.0325186
0.1464466 -0.0337248
0.1552297 -0.0349489
0.1642205 -0.0361874
0.1734136 -0.0374369
0.1828034 -0.038693
0.1923842 -0.0399507
0.2021503 -0.0412044
0.2120959 -0.0424476
0.2222149 -0.0436735
0.2325012 -0.0448744
0.2429486 -0.0460422
0.2535509 -0.0471687
0.2643016 -0.0482454
0.2751943 -0.049264
0.2862225 -0.0502166
0.2973793 -0.051096
0.3086583 -0.0518957
0.3200525 -0.0526101
0.3315551 -0.0532349
0.3431591 -0.053767
0.3548577 -0.0542045
0.3666436 -0.0545467
0.3785099 -0.0547939
0.3904494 -0.0549472
0.4024548 -0.0550084
0.4145191 -0.0549797
0.4266348 -0.0548634
0.4387947 -0.0546614
0.4509914 -0.0543753
0.4632177 -0.054006
0.4754662 -0.0535535
0.4877294 -0.0530167
0.5 -0.0523936
0.5122706 -0.0516814
0.5245338 -0.0508763
0.5367823 -0.0499741
0.5490086 -0.0489702
0.5612053 -0.0478603
0.5733652 -0.0466404
0.5854809 -0.0453072
0.5975452 -0.0438589
0.6095506 -0.0422952
0.6214901 -0.0406176
0.6333564 -0.0388295
0.6451423 -0.036937
0.6568409 -0.0349479
0.6684449 -0.0328725
0.6799475 -0.0307234
0.6913417 -0.0285146
0.7026207 -0.0262618
0.7137775 -0.0239822
0.7248057 -0.0216932
0.7356984 -0.019413
0.7464491 -0.0171596
0.7570514 -0.0149504
0.7674988 -0.0128018
0.7777851 -0.0107294
0.7879041 -0.0087468
0.7978497 -0.0068662
0.8076158 -0.0050979
0.8171966 -0.0034501
0.8265864 -0.0019293
0.8357795 -0.00054
0.8447703 0.000715
0.8535534 0.0018346
0.8621235 0.0028191
0.8704756 0.0036701
0.8786044 0.0043903
0.8865052 0.0049832
0.8941732 0.0054533
0.9016038 0.0058056
0.9087924 0.0060456
0.9157348 0.0061793
0.9224268 0.0062131
0.9288643 0.0061538
0.9350435 0.0060085
0.9409606 0.0057844
0.9466122 0.0054895
0.9519946 0.0051317
0.9571049 0.0047195
0.9619398 0.0042616
0.9664964 0.003767
0.970772 0.003245
0.9747641 0.0027048
0.9784702 0.002156
0.981888 0.0016081
0.9850156 0.0010703
0.9878511 0.0005519
0.9903926 6.14e-05
0.9926388 -0.0003927
0.9945883 -0.000803
0.9962398 -0.0011626
0.9975924 -0.0014653
0.9986452 -0.0017062
0.9993977 -0.0018812
0.9998494 -0.0019874
1.0 -0.002023
