1.0 0.0020534
0.9998494 0.0020998
0.9993977 0.002239
0.9986452 0.0024707
0.9975924 0.0027948
0.9962398 0.0032105
0.9945883 0.0037171
0.9926388 0.0043132
0.9903926 0.0049967
0.9878511 0.0057653
0.9850156 0.0066154
0.981888 0.0075432
0.9784702 0.0085439
0.9747641 0.0096122
0.970772 0.0107421
0.9664964 0.0119275
0.9619398 0.013162
0.9571049 0.0144394
0.9519946 0.0157537
0.9466122 0.0170993
0.9409606 0.0184713
0.9350435 0.0198658
0.9288643 0.0212794
0.9224268 0.0227097
0.9157348 0.0241552
0.9087924 0.0256149
0.9016038 0.0270885
0.8941732 0.0285757
0.8865052 0.0300766
0.8786044 0.0315909
0.8704756 0.0331176
0.8621235 0.0346556
0.8535534 0.0362024
0.8447703 0.037755
0.8357795 0.0393093
0.8265864 0.0408603
0.8171966 0.0424021
0.8076158 0.0439284
0.7978497 0.0454325
0.7879041 0.0469076
0.7777851 0.0483471
0.7674988 0.0497449
0.7570514 0.0510957
0.7464491 0.0523952
0.7356984 0.0536403
0.7248057 0.0548288
0.7137775 0.0559601
0.7026207 0.0570346
0.6913417 0.0580536
0.6799475 0.0590193
0.6684449 0.0599343
0.6568409 0.0608016
0.6451423 0.0616242
0.6333564 0.0624045
0.6214901 0.0631448
0.6095506 0.0638463
0.5975452 0.0645097
0.5854809 0.0651348
0.5733652 0.0657205
0.5612053 0.0662653
0.5490086 0.0667671
0.5367823 0.0672233
0.5245338 0.0676316
0.5122706 0.0679896
0.5 0.0682957
0.4877294 0.0685485
0.4754662 0.0687476
0.4632177 0.0688931
0.4509914 0.0689862
0.4387947 0.0690284
0.4266348 0.069022
0.4145191 0.0689695
0.4024548 0.0688736
0.3904494 0.0687367
0.3785099 0.068561
0.3666436 0.0683478
0.3548577 0.068098
0.3431591 0.0678115
0.3315551 0.0674875
0.3200525 0.0671242
0.3086583 0.0667195
0.2973793 0.0662708
0.2862225 0.0657752
0.2751943 0.0652303
0.2643016 0.0646339
0.2535509 0.0639847
0.2429486 0.0632825
0.2325012 0.0625279
0.2222149 0.0617231
0.2120959 0.0608712
0.2021503 0.0599764
0.1923842 0.0590438
0.1828034 0.0580789
0.1734136 0.0570873
0.1642205 0.0560741
0.1552297 0.055044
0.1464466 0.0540002
0.1378765 0.0529445
0.1295244 0.0518768
0.1213956 0.0507953
0.1134948 0.0496959
0.1058268 0.0485731
0.0983962 0.0474194
0.0912076 0.0462266
0.0842652 0.0449855
0.0775732 0.0436868
0.0711357 0.042322
0.0649565 0.0408835
0.0590394 0.0393653
0.0533878 0.0377637
0.0480054 0.0360775
0.0428951 0.0343082
0.0380602 0.03246
0.0335036 0.0305397
0.029228 0.0285566
0.0252359 0.0265216
0.0215298 0.0244471
0.018112 0.0223461
0.0149844 0.0202316
0.0121489 0.0181156
0.0096074 0.0160089
0.0073612 0.0139203
0.0054117 0.011856
0.0037602 0.0098197
0.0024076 0.0078121
0.0013548 0.0058316
0.0006023 0.0038737
0.0001506 0.0019324
0.0 0.0
0.0001506 -0.0015056
0.0006023 -0.0030014
0.0013548 -0.0044776
0.0024076 -0.005925
0.0037602 -0.0073355
0.0054117 -0.0087026
0.0073612 -0.0100213
0.0096074 -0.0112883
0.0121489 -0.0125022
0.0149844 -0.0136634
0.018112 -0.0147738
0.0215298 -0.0158368
0.0252359 -0.0168573
0.029228 -0.0178408
0.0335036 -0.0187936
0.0380602 -0.0197225
0.0428951 -0.0206341
0.0480054 -0.0215352
0.0533878 -0.0224318
0.0590394 -0.0233296
0.0649565 -0.0242335
0.0711357 -0.0251476
0.0775732 -0.0260754
0.0842652 -0.0270192
0.0912076 -0.027981
0.0983962 -0.0289618
0.1058268 -0.0299622
0.1134948 -0.0309819
0.1213956 -0.0320204
0.1295244 -0.0330766
0.1378765 -0.0341487
0.1464466 -0.0352348
0.1552297 -0.0363319
0.1642205 -0.037437
0.1734136 -0.0385459
0.1828034 -0.0396541
0.1923842 -0.0407561
0.2021503 -0.0418457
0.2120959 -0.0429162
0.2222149 -0.0439598
0.2325012 -0.0449684
0.2429486 -0.0459336
0.2535509 -0.0468465
0.2643016 -0.0476984
0.2751943 -0.0484807
0.2862225 -0.0491855
0.2973793 -0.0498056
0.3086583 -0.0503345
0.3200525 -0.0507673
0.3315551 -0.0511001
0.3431591 -0.0513306
0.3548577 -0.0514576
0.3666436 -0.0514816
0.3785099 -0.051404
0.3904494 -0.0512275
0.4024548 -0.0509552
0.4145191 -0.0505909
0.4266348 -0.0501386
0.4387947 -0.049602
0.4509914 -0.0489846
0.4632177 -0.0482889
0.4754662 -0.0475167
0.4877294 -0.0466691
0.5 -0.0457456
0.5122706 -0.0447451
0.5245338 -0.0436657
0.5367823 -0.0425046
0.5490086 -0.0412588
0.5612053 -0.0399251
0.5733652 -0.0385009
0.5854809 -0.0369842
0.5975452 -0.0353739
0.6095506 -0.0336705
0.6214901 -0.0318762
0.6333564 -0.0299951
0.6451423 -0.0280333
0.6568409 -0.025999
0.6684449 -0.0239027
0.6799475 -0.0217565
0.6913417 -0.0195744
0.7026207 -0.0173718
0.7137775 -0.0151651
0.7248057 -0.0129713
0.7356984 -0.0108077
0.7464491 -0.0086914
0.7570514 -0.0066388
0.7674988 -0.0046654
0.7777851 -0.0027853
0.7879041 -0.0010113
0.7978497 0.0006461
0.8076158 0.0021778
0.8171966 0.003577
0.8265864 0.0048386
0.8357795 0.0059597
0.8447703 0.0069389
0.8535534 0.0077764
0.8621235 0.0084742
0.8704756 0.0090353
0.8786044 0.0094636
0.8865052 0.0097644
0.8941732 0.0099431
0.9016038 0.0100062
0.9087924 0.0099604
0.9157348 0.0098129
0.9224268 0.009571
0.9288643 0.0092426
0.9350435 0.0088357
0.9409606 0.0083585
0.9466122 0.0078196
0.9519946 0.0072276
0.9571049 0.0065917
0.9619398 0.0059211
0.9664964 0.0052252
0.970772 0.0045137
0.9747641 0.0037963
0.9784702 0.0030827
0.981888 0.0023827
0.9850156 0.0017057
0.9878511 0.0010611
0.9903926 0.0004576
0.9926388 -9.65e-05
0.9945883 -0.0005934
0.9962398 -0.0010262
0.9975924 -0.001389
0.9986452 -0.0016766
0.9993977 -0.001885
0.9998494 -0.0020112
1.0 -0.0020534
