1.0 0.0020281
0.9998494 0.0020796
0.9993977 0.0022341
0.9986452 0.0024914
0.9975924 0.0028511
0.9962398 0.0033127
0.9945883 0.0038752
0.9926388 0.0045371
0.9903926 0.0052965
0.9878511 0.0061506
0.9850156 0.0070961
0.981888 0.0081289
0.9784702 0.009244
0.9747641 0.0104361
0.970772 0.0116991
0.9664964 0.0130268
0.9619398 0.0144126
0.9571049 0.0158502
0.9519946 0.0173334
0.9466122 0.0188565
0.9409606 0.0204145
0.9350435 0.0220032
0.9288643 0.023619
0.9224268 0.0252594
0.9157348 0.0269225
0.9087924 0.028607
0.9016038 0.0303122
0.8941732 0.0320375
0.8865052 0.0337824
0.8786044 0.035546
0.8704756 0.037327
0.8621235 0.0391232
0.8535534 0.0409318
0.8447703 0.0427487
0.8357795 0.0445691
0.8265864 0.0463869
0.8171966 0.0481955
0.8076158 0.0499875
0.7978497 0.051755
0.7879041 0.0534903
0.7777851 0.0551857
0.7674988 0.0568339
0.7570514 0.0584286
0.7464491 0.0599643
0.7356984 0.0614367
0.7248057 0.0628427
0.7137775 0.0641806
0.7026207 0.0654497
0.6913417 0.0666504
0.6799475 0.0677838
0.6684449 0.0688518
0.6568409 0.0698565
0.6451423 0.0707999
0.6333564 0.071684
0.6214901 0.0725103
0.6095506 0.0732797
0.5975452 0.0739923
0.5854809 0.0746478
0.5733652 0.0752449
0.5612053 0.0757821
0.5490086 0.0762573
0.5367823 0.0766686
0.5245338 0.0770139
0.5122706 0.0772917
0.5 0.0775009
0.4877294 0.0776412
0.4754662 0.0777133
0.4632177 0.0777186
0.4509914 0.0776593
0.4387947 0.0775387
0.4266348 0.0773603
0.4145191 0.0771281
0.4024548 0.0768464
0.3904494 0.0765189
0.3785099 0.0761492
0.3666436 0.07574
0.3548577 0.0752936
0.3431591 0.0748107
0.3315551 0.0742917
0.3200525 0.0737356
0.3086583 0.073141
0.2973793 0.0725058
0.2862225 0.0718277
0.2751943 0.0711044
0.2643016 0.0703339
0.2535509 0.0695151
0.2429486 0.0686475
0.2325012 0.0677317
0.2222149 0.0667695
0.2120959 0.0657638
0.2021503 0.0647185
0.1923842 0.0636382
0.1828034 0.0625279
0.1734136 0.0613928
0.1642205 0.0602377
0.1552297 0.0590667
0.1464466 0.0578826
0.1378765 0.0566869
0.1295244 0.055479
0.1213956 0.0542568
0.1134948 0.0530161
0.1058268 0.051751
0.0983962 0.0504541
0.0912076 0.0491169
0.0842652 0.0477303
0.0775732 0.0462855
0.0711357 0.0447738
0.0649565 0.0431881
0.0590394 0.0415229
0.0533878 0.0397749
0.0480054 0.0379436
0.0428951 0.0360311
0.0380602 0.0340421
0.0335036 0.0319844
0.029228 0.0298677
0.0252359 0.0277037
0.0215298 0.0255054
0.018112 0.0232862
0.0149844 0.0210593
0.0121489 0.0188372
0.0096074 0.0166307
0.0073612 0.0144483
0.0054117 0.0122961
0.0037602 0.0101773
0.0024076 0.008092
0.0013548 0.0060378
0.0006023 0.0040094
0.0001506 0.0019997
0.0 0.0
0.0001506 -0.0014336
0.0006023 -0.0028568
0.0013548 -0.0042588
0.0024076 -0.0056299
0.0037602 -0.0069613
0.0054117 -0.0082457
0.0073612 -0.0094776
0.0096074 -0.0106531
0.0121489 -0.0117703
0.0149844 -0.012829
0.018112 -0.0138307
0.0215298 -0.0147785
0.0252359 -0.0156766
0.029228 -0.0165303
0.0335036 -0.0173455
0.0380602 -0.0181285
0.0428951 -0.0188858
0.0480054 -0.0196234
0.0533878 -0.0203473
0.0590394 -0.0210628
0.0649565 -0.0217744
0.0711357 -0.022486
0.0775732 -0.0232006
0.0842652 -0.0239208
0.0912076 -0.024648
0.0983962 -0.0253834
0.1058268 -0.0261276
0.1134948 -0.0268806
0.1213956 -0.027642
0.1295244 -0.0284112
0.1378765 -0.0291871
0.1464466 -0.0299682
0.1552297 -0.0307527
0.1642205 -0.0315382
0.1734136 -0.0323218
0.1828034 -0.0331002
0.1923842 -0.0338691
0.2021503 -0.0346238
0.2120959 -0.0353587
0.2222149 -0.0360679
0.2325012 -0.0367446
0.2429486 -0.0373818
0.2535509 -0.0379722
0.2643016 -0.0385084
0.2751943 -0.0389835
0.2862225 -0.0393907
0.2973793 -0.0397242
0.3086583 -0.0399787
0.3200525 -0.0401505
0.3315551 -0.0402367
0.3431591 -0.0402361
0.3548577 -0.0401484
0.3666436 -0.039975
0.3785099 -0.039718
0.3904494 -0.0393808
0.4024548 -0.0389673
0.4145191 -0.0384818
0.4266348 -0.0379287
0.4387947 -0.0373123
0.4509914 -0.0366363
0.4632177 -0.0359037
0.4754662 -0.0351164
0.4877294 -0.0342754
0.5 -0.0333807
0.5122706 -0.0324308
0.5245338 -0.0314238
0.5367823 -0.0303566
0.5490086 -0.029226
0.5612053 -0.0280284
0.5733652 -0.0267605
0.5854809 -0.0254197
0.5975452 -0.0240044
0.6095506 -0.0225142
0.6214901 -0.0209503
0.6333564 -0.0193159
0.6451423 -0.0176162
0.6568409 -0.0158581
0.6684449 -0.014051
0.6799475 -0.0122058
0.6913417 -0.0103353
0.7026207 -0.0084533
0.7137775 -0.0065751
0.7248057 -0.0047163
0.7356984 -0.0028927
0.7464491 -0.0011202
0.7570514 0.0005863
0.7674988 0.0022126
0.7777851 0.003746
0.7879041 0.005175
0.7978497 0.0064902
0.8076158 0.007684
0.8171966 0.0087504
0.8265864 0.0096857
0.8357795 0.0104879
0.8447703 0.0111564
0.8535534 0.0116925
0.8621235 0.0120989
0.8704756 0.0123791
0.8786044 0.0125379
0.8865052 0.0125807
0.8941732 0.0125138
0.9016038 0.0123436
0.9087924 0.0120772
0.9157348 0.011722
0.9224268 0.0112853
0.9288643 0.0107749
0.9350435 0.0101987
0.9409606 0.0095649
0.9466122 0.0088815
0.9519946 0.0081571
0.9571049 0.0074004
0.9619398 0.0066201
0.9664964 0.0058252
0.970772 0.0050249
0.9747641 0.0042282
0.9784702 0.0034445
0.981888 0.0026827
0.9850156 0.0019518
0.9878511 0.0012606
0.9903926 0.0006171
0.9926388 2.93e-05
0.9945883 -0.0004958
0.9962398 -0.0009516
0.9975924 -0.0013326
0.9986452 -0.001634
0.9993977 -0.001852
0.9998494 -0.0019839
1.0 -0.0020281
