1.0 0.0019543
0.9998494 0.0020012
0.9993977 0.0021419
0.9986452 0.0023762
0.9975924 0.002704
0.9962398 0.0031247
0.9945883 0.0036376
0.9926388 0.0042414
0.9903926 0.0049343
0.9878511 0.0057139
0.9850156 0.0065772
0.981888 0.0075203
0.9784702 0.0085387
0.9747641 0.0096272
0.970772 0.0107802
0.9664964 0.0119917
0.9619398 0.0132556
0.9571049 0.0145658
0.9519946 0.0159166
0.9466122 0.0173026
0.9409606 0.0187192
0.9350435 0.0201624
0.9288643 0.0216292
0.9224268 0.0231173
0.9157348 0.0246252
0.9087924 0.0261522
0.9016038 0.0276979
0.8941732 0.0292622
0.8865052 0.0308451
0.8786044 0.0324462
0.8704756 0.0340647
0.8621235 0.0356992
0.8535534 0.0373474
0.8447703 0.039006
0.8357795 0.0406708
0.8265864 0.0423367
0.8171966 0.0439978
0.8076158 0.0456475
0.7978497 0.047279
0.7879041 0.0488853
0.7777851 0.0504596
0.7674988 0.0519957
0.7570514 0.0534882
0.7464491 0.0549323
0.7356984 0.0563247
0.7248057 0.0576631
0.7137775 0.0589465
0.7026207 0.0601747
0.6913417 0.0613487
0.6799475 0.0624702
0.6684449 0.0635413
0.6568409 0.0645643
0.6451423 0.0655413
0.6333564 0.0664744
0.6214901 0.0673646
0.6095506 0.0682126
0.5975452 0.0690182
0.5854809 0.0697803
0.5733652 0.070497
0.5612053 0.0711659
0.5490086 0.071784
0.5367823 0.0723484
0.5245338 0.0728558
0.5122706 0.0733036
0.5 0.0736896
0.4877294 0.0740121
0.4754662 0.0742706
0.4632177 0.0744652
0.4509914 0.074597
0.4387947 0.0746678
0.4266348 0.0746803
0.4145191 0.0746372
0.4024548 0.0745416
0.3904494 0.0743965
0.3785099 0.0742045
0.3666436 0.0739675
0.3548577 0.073687
0.3431591 0.0733633
0.3315551 0.072996
0.3200525 0.0725841
0.3086583 0.0721255
0.2973793 0.0716182
0.2862225 0.0710596
0.2751943 0.0704475
0.2643016 0.0697801
0.2535509 0.0690562
0.2429486 0.0682756
0.2325012 0.0674392
0.2222149 0.0665492
0.2120959 0.0656088
0.2021503 0.0646224
0.1923842 0.0635949
0.1828034 0.0625318
0.1734136 0.0614389
0.1642205 0.0603212
0.1552297 0.0591834
0.1464466 0.0580287
0.1378765 0.0568587
0.1295244 0.0556736
0.1213956 0.0544713
0.1134948 0.0532479
0.1058268 0.0519977
0.0983962 0.0507136
0.0912076 0.0493872
0.0842652 0.0480096
0.0775732 0.0465718
0.0711357 0.0450654
0.0649565 0.0434833
0.0590394 0.04182
0.0533878 0.0400722
0.0480054 0.0382392
0.0428951 0.0363233
0.0380602 0.0343292
0.0335036 0.0322645
0.029228 0.0301391
0.0252359 0.0279646
0.0215298 0.0257541
0.018112 0.0235209
0.0149844 0.0212786
0.0121489 0.0190394
0.0096074 0.0168143
0.0073612 0.0146121
0.0054117 0.0124389
0.0037602 0.010298
0.0024076 0.0081897
0.0013548 0.0061117
0.0006023 0.004059
0.0001506 0.0020246
0.0 0.0
0.0001506 -0.0014382
0.0006023 -0.0028659
0.0013548 -0.0042724
0.0024076 -0.0056478
0.0037602 -0.0069835
0.0054117 -0.0082722
0.0073612 -0.0095085
0.0096074 -0.0106888
0.0121489 -0.0118114
0.0149844 -0.0128764
0.018112 -0.0138857
0.0215298 -0.0148428
0.0252359 -0.0157526
0.029228 -0.0166209
0.0335036 -0.0174541
0.0380602 -0.0182593
0.0428951 -0.0190436
0.0480054 -0.0198139
0.0533878 -0.0205768
0.0590394 -0.0213382
0.0649565 -0.0221034
0.0711357 -0.022877
0.0775732 -0.0236627
0.0842652 -0.0244636
0.0912076 -0.0252817
0.0983962 -0.0261188
0.1058268 -0.0269757
0.1134948 -0.0278531
0.1213956 -0.0287508
0.1295244 -0.0296686
0.1378765 -0.0306054
0.1464466 -0.0315601
0.1552297 -0.0325308
0.1642205 -0.0335154
0.1734136 -0.0345108
0.1828034 -0.0355137
0.1923842 -0.0365197
0.2021503 -0.0375239
0.2120959 -0.0385205
0.2222149 -0.0395032
0.2325012 -0.0404649
0.2429486 -0.0413981
0.2535509 -0.042295
0.2643016 -0.0431477
0.2751943 -0.0439484
0.2862225 -0.0446895
0.2973793 -0.0453643
0.3086583 -0.0459668
0.3200525 -0.0464917
0.3315551 -0.0469351
0.3431591 -0.0472944
0.3548577 -0.0475679
0.3666436 -0.0477553
0.3785099 -0.0478571
0.3904494 -0.0478749
0.4024548 -0.0478108
0.4145191 -0.0476671
0.4266348 -0.0474464
0.4387947 -0.0471509
0.4509914 -0.0467824
0.4632177 -0.0463418
0.4754662 -0.0458294
0.4877294 -0.0452443
0.5 -0.0445846
0.5122706 -0.0438475
0.5245338 -0.0430294
0.5367823 -0.0421262
0.5490086 -0.0411334
0.5612053 -0.0400468
0.5733652 -0.0388624
0.5854809 -0.0375771
0.5975452 -0.0361891
0.6095506 -0.0346981
0.6214901 -0.0331058
0.6333564 -0.0314156
0.6451423 -0.0296334
0.6568409 -0.0277672
0.6684449 -0.0258272
0.6799475 -0.0238257
0.6913417 -0.0217765
0.7026207 -0.0196951
0.7137775 -0.017598
0.7248057 -0.0155025
0.7356984 -0.013426
0.7464491 -0.0113857
0.7570514 -0.0093982
0.7674988 -0.0074791
0.7777851 -0.0056428
0.7879041 -0.0039019
0.7978497 -0.0022673
0.8076158 -0.0007481
0.8171966 0.0006489
0.8265864 0.0019185
0.8357795 0.0030577
0.8447703 0.0040649
0.8535534 0.0049404
0.8621235 0.0056858
0.8704756 0.0063039
0.8786044 0.0067985
0.8865052 0.0071743
0.8941732 0.0074367
0.9016038 0.0075915
0.9087924 0.0076448
0.9157348 0.0076033
0.9224268 0.0074737
0.9288643 0.007263
0.9350435 0.0069785
0.9409606 0.0066275
0.9466122 0.0062176
0.9519946 0.0057567
0.9571049 0.0052528
0.9619398 0.0047141
0.9664964 0.004149
0.970772 0.0035661
0.9747641 0.0029741
0.9784702 0.0023817
0.981888 0.0017975
0.9850156 0.0012301
0.9878511 0.0006878
0.9903926 0.0001785
0.9926388 -0.0002902
0.9945883 -0.0007116
0.9962398 -0.0010793
0.9975924 -0.001388
0.9986452 -0.0016329
0.9993977 -0.0018106
0.9998494 -0.0019182
1.0 -0.0019543
