1.0 0.0019752
0.9998494 0.0020262
0.9993977 0.0021791
0.9986452 0.0024337
0.9975924 0.0027899
0.9962398 0.003247
0.9945883 0.0038042
0.9926388 0.0044601
0.9903926 0.005213
0.9878511 0.0060603
0.9850156 0.0069988
0.981888 0.0080244
0.9784702 0.0091325
0.9747641 0.0103177
0.970772 0.0115743
0.9664964 0.012896
0.9619398 0.0142763
0.9571049 0.0157089
0.9519946 0.0171877
0.9466122 0.0187069
0.9409606 0.0202614
0.9350435 0.0218468
0.9288643 0.0234595
0.9224268 0.0250966
0.9157348 0.0267558
0.9087924 0.0284357
0.9016038 0.030135
0.8941732 0.0318528
0.8865052 0.033588
0.8786044 0.0353392
0.8704756 0.0371047
0.8621235 0.0388817
0.8535534 0.0406667
0.8447703 0.0424552
0.8357795 0.0442418
0.8265864 0.0460201
0.8171966 0.0477827
0.8076158 0.049522
0.7978497 0.0512297
0.7879041 0.0528977
0.7777851 0.054518
0.7674988 0.0560833
0.7570514 0.0575871
0.7464491 0.059024
0.7356984 0.0603896
0.7248057 0.0616813
0.7137775 0.0628974
0.7026207 0.0640376
0.6913417 0.0651029
0.6799475 0.0660949
0.6684449 0.0670162
0.6568409 0.0678696
0.6451423 0.068658
0.6333564 0.0693843
0.6214901 0.0700511
0.6095506 0.0706601
0.5975452 0.0712128
0.5854809 0.0717098
0.5733652 0.0721511
0.5612053 0.0725364
0.5490086 0.0728647
0.5367823 0.0731353
0.5245338 0.0733471
0.5122706 0.0734998
0.5 0.0735934
0.4877294 0.0736283
0.4754662 0.0736062
0.4632177 0.073529
0.4509914 0.0733999
0.4387947 0.0732224
0.4266348 0.0730004
0.4145191 0.0727382
0.4024548 0.0724401
0.3904494 0.0721098
0.3785099 0.0717508
0.3666436 0.0713654
0.3548577 0.0709553
0.3431591 0.070521
0.3315551 0.0700619
0.3200525 0.0695765
0.3086583 0.0690624
0.2973793 0.0685168
0.2862225 0.0679363
0.2751943 0.0673176
0.2643016 0.0666579
0.2535509 0.0659549
0.2429486 0.0652072
0.2325012 0.0644144
0.2222149 0.0635774
0.2120959 0.0626982
0.2021503 0.0617798
0.1923842 0.060826
0.1828034 0.0598413
0.1734136 0.0588301
0.1642205 0.0577968
0.1552297 0.0567448
0.1464466 0.0556767
0.1378765 0.0545936
0.1295244 0.0534948
0.1213956 0.0523778
0.1134948 0.0512386
0.1058268 0.050071
0.0983962 0.0488678
0.0912076 0.0476205
0.0842652 0.0463202
0.0775732 0.044958
0.0711357 0.0435256
0.0649565 0.042016
0.0590394 0.0404239
0.0533878 0.0387463
0.0480054 0.0369827
0.0428951 0.0351355
0.0380602 0.0332097
0.0335036 0.0312131
0.029228 0.0291556
0.0252359 0.0270492
0.0215298 0.0249069
0.018112 0.0227423
0.0149844 0.0205689
0.0121489 0.0183991
0.0096074 0.0162437
0.0073612 0.0141117
0.0054117 0.0120091
0.0037602 0.0099391
0.0024076 0.0079022
0.0013548 0.0058959
0.0006023 0.003915
0.0001506 0.0019526
0.0 0.0
0.0001506 -0.0012294
0.0006023 -0.0024507
0.0013548 -0.0036559
0.0024076 -0.0048373
0.0037602 -0.0059886
0.0054117 -0.0071047
0.0073612 -0.0081819
0.0096074 -0.0092184
0.0121489 -0.0102137
0.0149844 -0.0111694
0.018112 -0.012088
0.0215298 -0.0129737
0.0252359 -0.0138316
0.029228 -0.0146676
0.0335036 -0.015488
0.0380602 -0.0162994
0.0428951 -0.0171081
0.0480054 -0.0179203
0.0533878 -0.0187413
0.0590394 -0.0195762
0.0649565 -0.0204288
0.0711357 -0.0213024
0.0775732 -0.0221991
0.0842652 -0.0231206
0.0912076 -0.0240675
0.0983962 -0.02504
0.1058268 -0.0260375
0.1134948 -0.027059
0.1213956 -0.0281031
0.1295244 -0.0291682
0.1378765 -0.0302519
0.1464466 -0.0313518
0.1552297 -0.0324651
0.1642205 -0.0335882
0.1734136 -0.0347173
0.1828034 -0.035848
0.1923842 -0.036975
0.2021503 -0.0380928
0.2120959 -0.0391947
0.2222149 -0.0402737
0.2325012 -0.0413223
0.2429486 -0.0423324
0.2535509 -0.0432957
0.2643016 -0.044204
0.2751943 -0.0450491
0.2862225 -0.0458234
0.2973793 -0.0465198
0.3086583 -0.0471323
0.3200525 -0.0476558
0.3315551 -0.0480863
0.3431591 -0.0484214
0.3548577 -0.0486598
0.3666436 -0.0488014
0.3785099 -0.0488473
0.3904494 -0.0487995
0.4024548 -0.0486607
0.4145191 -0.048434
0.4266348 -0.0481227
0.4387947 -0.0477297
0.4509914 -0.0472577
0.4632177 -0.0467086
0.4754662 -0.0460833
0.4877294 -0.045382
0.5 -0.0446036
0.5122706 -0.0437461
0.5245338 -0.0428068
0.5367823 -0.0417823
0.5490086 -0.0406686
0.5612053 -0.0394622
0.5733652 -0.0381595
0.5854809 -0.036758
0.5975452 -0.0352561
0.6095506 -0.0336537
0.6214901 -0.0319525
0.6333564 -0.0301562
0.6451423 -0.0282707
0.6568409 -0.0263039
0.6684449 -0.024266
0.6799475 -0.022169
0.6913417 -0.0200271
0.7026207 -0.0178556
0.7137775 -0.015671
0.7248057 -0.0134907
0.7356984 -0.0113324
0.7464491 -0.0092134
0.7570514 -0.0071509
0.7674988 -0.0051609
0.7777851 -0.0032582
0.7879041 -0.0014561
0.7978497 0.0002339
0.8076158 0.0018019
0.8171966 0.0032404
0.8265864 0.0045434
0.8357795 0.0057071
0.8447703 0.0067294
0.8535534 0.0076099
0.8621235 0.0083497
0.8704756 0.0089511
0.8786044 0.0094176
0.8865052 0.0097539
0.8941732 0.0099652
0.9016038 0.0100575
0.9087924 0.0100374
0.9157348 0.0099119
0.9224268 0.0096884
0.9288643 0.0093748
0.9350435 0.0089792
0.9409606 0.00851
0.9466122 0.0079761
0.9519946 0.0073865
0.9571049 0.0067505
0.9619398 0.0060778
0.9664964 0.0053781
0.970772 0.0046615
0.9747641 0.003938
0.9784702 0.0032177
0.981888 0.0025106
0.9850156 0.0018264
0.9878511 0.0011746
0.9903926 0.0005643
0.9926388 4e-06
0.9945883 -0.0004986
0.9962398 -0.0009364
0.9975924 -0.0013033
0.9986452 -0.0015941
0.9993977 -0.0018048
0.9998494 -0.0019325
1.0 -0.0019752
