1.0 0.0020984
0.9998494 0.0021465
0.9993977 0.0022908
0.9986452 0.0025312
0.9975924 0.0028673
0.9962398 0.0032988
0.9945883 0.0038248
0.9926388 0.0044441
0.9903926 0.0051547
0.9878511 0.0059542
0.9850156 0.0068394
0.981888 0.0078061
0.9784702 0.0088497
0.9747641 0.0099647
0.970772 0.011145
0.9664964 0.0123841
0.9619398 0.0136754
0.9571049 0.0150121
0.9519946 0.0163877
0.9466122 0.017796
0.9409606 0.0192314
0.9350435 0.0206891
0.9288643 0.0221648
0.9224268 0.0236553
0.9157348 0.0251578
0.9087924 0.0266705
0.9016038 0.0281918
0.8941732 0.0297204
0.8865052 0.0312552
0.8786044 0.0327948
0.8704756 0.0343373
0.8621235 0.0358805
0.8535534 0.0374212
0.8447703 0.0389556
0.8357795 0.0404787
0.8265864 0.0419852
0.8171966 0.0434689
0.8076158 0.0449232
0.7978497 0.0463412
0.7879041 0.0477164
0.7777851 0.0490422
0.7674988 0.0503131
0.7570514 0.0515243
0.7464491 0.0526721
0.7356984 0.0537541
0.7248057 0.0547692
0.7137775 0.0557177
0.7026207 0.056601
0.6913417 0.0574216
0.6799475 0.0581828
0.6684449 0.0588886
0.6568409 0.0595431
0.6451423 0.0601504
0.6333564 0.0607145
0.6214901 0.0612385
0.6095506 0.0617252
0.5975452 0.0621763
0.5854809 0.0625928
0.5733652 0.0629747
0.5612053 0.0633217
0.5490086 0.0636326
0.5367823 0.063906
0.5245338 0.0641405
0.5122706 0.0643349
0.5 0.0644882
0.4877294 0.0646002
0.4754662 0.0646711
0.4632177 0.0647021
0.4509914 0.064695
0.4387947 0.0646521
0.4266348 0.0645764
0.4145191 0.0644709
0.4024548 0.0643388
0.3904494 0.0641831
0.3785099 0.0640062
0.3666436 0.0638098
0.3548577 0.0635948
0.3431591 0.0633612
0.3315551 0.063108
0.3200525 0.0628334
0.3086583 0.0625348
0.2973793 0.0622091
0.2862225 0.061853
0.2751943 0.0614632
0.2643016 0.0610369
0.2535509 0.0605717
0.2429486 0.0600664
0.2325012 0.0595205
0.2222149 0.0589349
0.2120959 0.0583114
0.2021503 0.057653
0.1923842 0.0569632
0.1828034 0.056246
0.1734136 0.0555056
0.1642205 0.0547456
0.1552297 0.0539688
0.1464466 0.0531771
0.1378765 0.0523705
0.1295244 0.0515475
0.1213956 0.0507045
0.1134948 0.049836
0.1058268 0.0489347
0.0983962 0.0479919
0.0912076 0.0469978
0.0842652 0.0459418
0.0775732 0.0448133
0.0711357 0.0436026
0.0649565 0.0423009
0.0590394 0.0409013
0.0533878 0.0393993
0.0480054 0.0377927
0.0428951 0.0360826
0.0380602 0.0342726
0.0335036 0.0323696
0.029228 0.0303825
0.0252359 0.0283227
0.0215298 0.0262027
0.018112 0.0240362
0.0149844 0.0218368
0.0121489 0.0196177
0.0096074 0.0173908
0.0073612 0.0151661
0.0054117 0.0129516
0.0037602 0.0107525
0.0024076 0.0085715
0.0013548 0.0064088
0.0006023 0.0042623
0.0001506 0.0021278
0.0 0.0
0.0001506 -0.0015138
0.0006023 -0.003018
0.0013548 -0.0045024
0.0024076 -0.0059581
0.0037602 -0.0073768
0.0054117 -0.008752
0.0073612 -0.0100786
0.0096074 -0.0113532
0.0121489 -0.0125744
0.0149844 -0.0137423
0.018112 -0.0148589
0.0215298 -0.0159274
0.0252359 -0.0169525
0.029228 -0.0179396
0.0335036 -0.0188951
0.0380602 -0.0198256
0.0428951 -0.0207377
0.0480054 -0.0216382
0.0533878 -0.0225333
0.0590394 -0.0234286
0.0649565 -0.0243294
0.0711357 -0.0252399
0.0775732 -0.0261637
0.0842652 -0.0271038
0.0912076 -0.0280622
0.0983962 -0.0290405
0.1058268 -0.0300395
0.1134948 -0.0310594
0.1213956 -0.0321002
0.1295244 -0.0331611
0.1378765 -0.0342408
0.1464466 -0.0353378
0.1552297 -0.0364496
0.1642205 -0.0375734
0.1734136 -0.0387055
0.1828034 -0.0398418
0.1923842 -0.0409771
0.2021503 -0.0421056
0.2120959 -0.0432206
0.2222149 -0.044315
0.2325012 -0.0453808
0.2429486 -0.0464097
0.2535509 -0.0473932
0.2643016 -0.0483227
0.2751943 -0.0491898
0.2862225 -0.0499867
0.2973793 -0.050706
0.3086583 -0.0513416
0.3200525 -0.0518883
0.3315551 -0.0523422
0.3431591 -0.0527006
0.3548577 -0.0529623
0.3666436 -0.0531271
0.3785099 -0.0531961
0.3904494 -0.0531714
0.4024548 -0.0530554
0.4145191 -0.0528513
0.4266348 -0.052562
0.4387947 -0.0521906
0.4509914 -0.0517392
0.4632177 -0.0512095
0.4754662 -0.0506023
0.4877294 -0.0499172
0.5 -0.0491529
0.5122706 -0.048307
0.5245338 -0.0473763
0.5367823 -0.0463571
0.5490086 -0.0452451
0.5612053 -0.0440364
0.5733652 -0.0427272
0.5854809 -0.0413147
0.5975452 -0.0397972
0.6095506 -0.0381744
0.6214901 -0.036448
0.6333564 -0.0346218
0.6451423 -0.0327016
0.6568409 -0.0306956
0.6684449 -0.028614
0.6799475 -0.0264694
0.6913417 -0.0242759
0.7026207 -0.0220492
0.7137775 -0.0198062
0.7248057 -0.0175646
0.7356984 -0.0153423
0.7464491 -0.0131571
0.7570514 -0.0110262
0.7674988 -0.0089659
0.7777851 -0.0069912
0.7879041 -0.0051156
0.7978497 -0.0033507
0.8076158 -0.0017062
0.8171966 -0.0001898
0.8265864 0.0011927
0.8357795 0.0024377
0.8447703 0.0035433
0.8535534 0.0045091
0.8621235 0.0053365
0.8704756 0.0060281
0.8786044 0.0065877
0.8865052 0.0070199
0.8941732 0.0073304
0.9016038 0.0075251
0.9087924 0.0076107
0.9157348 0.0075941
0.9224268 0.0074828
0.9288643 0.0072844
0.9350435 0.0070066
0.9409606 0.0066575
0.9466122 0.0062455
0.9519946 0.0057791
0.9571049 0.0052668
0.9619398 0.0047176
0.9664964 0.0041405
0.970772 0.0035445
0.9747641 0.0029388
0.9784702 0.0023326
0.981888 0.0017348
0.9850156 0.0011544
0.9878511 0.0005998
0.9903926 7.92e-05
0.9926388 -0.0003999
0.9945883 -0.0008303
0.9962398 -0.0012057
0.9975924 -0.0015207
0.9986452 -0.0017707
0.9993977 -0.0019518
0.9998494 -0.0020616
1.0 -0.0020984
