1.0 0.0022288
0.9998494 0.0022782
0.9993977 0.0024263
0.9986452 0.002673
0.9975924 0.0030179
0.9962398 0.0034605
0.9945883 0.004
0.9926388 0.0046349
0.9903926 0.0053632
0.9878511 0.0061825
0.9850156 0.0070893
0.981888 0.0080795
0.9784702 0.0091483
0.9747641 0.0102903
0.970772 0.0114995
0.9664964 0.0127693
0.9619398 0.0140933
0.9571049 0.0154648
0.9519946 0.0168775
0.9466122 0.0183255
0.9409606 0.0198035
0.9350435 0.0213069
0.9288643 0.0228319
0.9224268 0.0243756
0.9157348 0.0259357
0.9087924 0.0275107
0.9016038 0.0290994
0.8941732 0.0307011
0.8865052 0.0323148
0.8786044 0.0339397
0.8704756 0.0355742
0.8621235 0.0372163
0.8535534 0.0388631
0.8447703 0.0405109
0.8357795 0.042155
0.8265864 0.0437901
0.8171966 0.04541
0.8076158 0.0470081
0.7978497 0.0485775
0.7879041 0.0501116
0.7777851 0.0516037
0.7674988 0.0530479
0.7570514 0.0544394
0.7464491 0.0557742
0.7356984 0.0570495
0.7248057 0.0582639
0.7137775 0.0594174
0.7026207 0.0605108
0.6913417 0.0615462
0.6799475 0.0625265
0.6684449 0.0634548
0.6568409 0.0643348
0.6451423 0.0651697
0.6333564 0.0659627
0.6214901 0.0667162
0.6095506 0.0674317
0.5975452 0.0681102
0.5854809 0.0687513
0.5733652 0.0693542
0.5612053 0.0699169
0.5490086 0.0704373
0.5367823 0.0709126
0.5245338 0.07134
0.5122706 0.071717
0.5 0.0720413
0.4877294 0.0723114
0.4754662 0.0725263
0.4632177 0.0726859
0.4509914 0.0727909
0.4387947 0.0728427
0.4266348 0.0728433
0.4145191 0.072795
0.4024548 0.0727003
0.3904494 0.0725616
0.3785099 0.0723811
0.3666436 0.0721604
0.3548577 0.0719004
0.3431591 0.0716013
0.3315551 0.0712625
0.3200525 0.0708829
0.3086583 0.0704606
0.2973793 0.0699934
0.2862225 0.0694794
0.2751943 0.0689163
0.2643016 0.0683029
0.2535509 0.0676385
0.2429486 0.0669232
0.2325012 0.0661585
0.2222149 0.065347
0.2120959 0.0644924
0.2021503 0.0635992
0.1923842 0.0626728
0.1828034 0.0617188
0.1734136 0.0607428
0.1642205 0.0597499
0.1552297 0.0587441
0.1464466 0.0577283
0.1378765 0.0567034
0.1295244 0.0556685
0.1213956 0.0546205
0.1134948 0.0535542
0.1058268 0.0524624
0.0983962 0.0513364
0.0912076 0.0501661
0.0842652 0.0489406
0.0775732 0.0476491
0.0711357 0.0462812
0.0649565 0.0448277
0.0590394 0.0432812
0.0533878 0.0416366
0.0480054 0.0398915
0.0428951 0.0380462
0.0380602 0.0361044
0.0335036 0.0340722
0.029228 0.0319585
0.0252359 0.0297745
0.0215298 0.0275325
0.018112 0.0252461
0.0149844 0.0229288
0.0121489 0.0205938
0.0096074 0.0182528
0.0073612 0.0159158
0.0054117 0.0135907
0.0037602 0.0112825
0.0024076 0.0089937
0.0013548 0.0067244
0.0006023 0.0044721
0.0001506 0.0022326
0.0 0.0
0.0001506 -0.0012381
0.0006023 -0.0024684
0.0013548 -0.0036831
0.0024076 -0.0048748
0.0037602 -0.0060373
0.0054117 -0.0071657
0.0073612 -0.0082565
0.0096074 -0.0093078
0.0121489 -0.0103195
0.0149844 -0.0112929
0.018112 -0.0122308
0.0215298 -0.0131371
0.0252359 -0.014017
0.029228 -0.0148763
0.0335036 -0.015721
0.0380602 -0.0165577
0.0428951 -0.0173925
0.0480054 -0.0182312
0.0533878 -0.0190792
0.0590394 -0.019941
0.0649565 -0.0208202
0.0711357 -0.0217197
0.0775732 -0.0226413
0.0842652 -0.0235862
0.0912076 -0.0245546
0.0983962 -0.025546
0.1058268 -0.0265593
0.1134948 -0.027593
0.1213956 -0.0286449
0.1295244 -0.0297127
0.1378765 -0.0307935
0.1464466 -0.0318839
0.1552297 -0.0329805
0.1642205 -0.034079
0.1734136 -0.035175
0.1828034 -0.0362633
0.1923842 -0.0373383
0.2021503 -0.0383937
0.2120959 -0.0394227
0.2222149 -0.0404181
0.2325012 -0.041372
0.2429486 -0.0422766
0.2535509 -0.0431237
0.2643016 -0.0439053
0.2751943 -0.0446138
0.2862225 -0.045242
0.2973793 -0.0457838
0.3086583 -0.0462336
0.3200525 -0.0465875
0.3315551 -0.0468426
0.3431591 -0.0469972
0.3548577 -0.0470512
0.3666436 -0.0470057
0.3785099 -0.0468628
0.3904494 -0.0466256
0.4024548 -0.0462979
0.4145191 -0.0458836
0.4266348 -0.0453871
0.4387947 -0.0448121
0.4509914 -0.0441622
0.4632177 -0.0434399
0.4754662 -0.042647
0.4877294 -0.0417841
0.5 -0.0408508
0.5122706 -0.0398457
0.5245338 -0.0387666
0.5367823 -0.0376104
0.5490086 -0.0363739
0.5612053 -0.0350538
0.5733652 -0.0336472
0.5854809 -0.032152
0.5975452 -0.030567
0.6095506 -0.0288927
0.6214901 -0.0271313
0.6333564 -0.0252869
0.6451423 -0.0233658
0.6568409 -0.0213764
0.6684449 -0.0193293
0.6799475 -0.0172369
0.6913417 -0.0151134
0.7026207 -0.0129745
0.7137775 -0.0108367
0.7248057 -0.0087174
0.7356984 -0.0066339
0.7464491 -0.0046036
0.7570514 -0.002643
0.7674988 -0.0007676
0.7777851 0.0010085
0.7879041 0.0026727
0.7978497 0.0042143
0.8076158 0.0056248
0.8171966 0.0068976
0.8265864 0.0080279
0.8357795 0.0090132
0.8447703 0.0098528
0.8535534 0.0105475
0.8621235 0.0110996
0.8704756 0.011513
0.8786044 0.0117924
0.8865052 0.0119436
0.8941732 0.0119729
0.9016038 0.0118876
0.9087924 0.0116949
0.9157348 0.0114029
0.9224268 0.0110197
0.9288643 0.0105537
0.9350435 0.0100135
0.9409606 0.0094079
0.9466122 0.0087459
0.9519946 0.0080369
0.9571049 0.00729
0.9619398 0.0065149
0.9664964 0.0057213
0.970772 0.0049189
0.9747641 0.0041176
0.9784702 0.0033271
0.981888 0.0025571
0.9850156 0.001817
0.9878511 0.001116
0.9903926 0.0004627
0.9926388 -0.0001346
0.9945883 -0.0006686
0.9962398 -0.0011325
0.9975924 -0.0015204
0.9986452 -0.0018273
0.9993977 -0.0020494
0.9998494 -0.0021838
1.0 -0.0022288
