1.0 0.0021371
0.9998494 0.0021879
0.9993977 0.00234
0.9986452 0.0025935
0.9975924 0.0029479
0.9962398 0.0034027
0.9945883 0.003957
0.9926388 0.0046095
0.9903926 0.0053583
0.9878511 0.0062006
0.9850156 0.0071333
0.981888 0.0081521
0.9784702 0.0092524
0.9747641 0.0104285
0.970772 0.0116746
0.9664964 0.0129843
0.9619398 0.014351
0.9571049 0.0157682
0.9519946 0.0172297
0.9466122 0.0187297
0.9409606 0.0202629
0.9350435 0.0218251
0.9288643 0.0234127
0.9224268 0.0250228
0.9157348 0.0266537
0.9087924 0.0283041
0.9016038 0.0299732
0.8941732 0.0316606
0.8865052 0.0333659
0.8786044 0.0350884
0.8704756 0.0368273
0.8621235 0.0385807
0.8535534 0.0403462
0.8447703 0.0421203
0.8357795 0.0438988
0.8265864 0.0456764
0.8171966 0.047447
0.8076158 0.049204
0.7978497 0.0509404
0.7879041 0.0526492
0.7777851 0.0543233
0.7674988 0.0559564
0.7570514 0.0575428
0.7464491 0.0590777
0.7356984 0.0605573
0.7248057 0.0619791
0.7137775 0.0633417
0.7026207 0.0646448
0.6913417 0.065889
0.6799475 0.0670757
0.6684449 0.0682067
0.6568409 0.069284
0.6451423 0.0703095
0.6333564 0.0712849
0.6214901 0.0722113
0.6095506 0.0730891
0.5975452 0.073918
0.5854809 0.0746968
0.5733652 0.0754236
0.5612053 0.076096
0.5490086 0.0767112
0.5367823 0.077266
0.5245338 0.0777576
0.5122706 0.0781832
0.5 0.0785407
0.4877294 0.0788287
0.4754662 0.0790466
0.4632177 0.0791947
0.4509914 0.0792741
0.4387947 0.0792868
0.4266348 0.0792352
0.4145191 0.0791223
0.4024548 0.0789513
0.3904494 0.078725
0.3785099 0.0784462
0.3666436 0.0781168
0.3548577 0.0777384
0.3431591 0.0773114
0.3315551 0.0768356
0.3200525 0.07631
0.3086583 0.075733
0.2973793 0.0751026
0.2862225 0.0744167
0.2751943 0.0736734
0.2643016 0.0728713
0.2535509 0.0720097
0.2429486 0.071089
0.2325012 0.0701108
0.2222149 0.0690777
0.2120959 0.0679936
0.2021503 0.0668635
0.1923842 0.0656932
0.1828034 0.064489
0.1734136 0.0632571
0.1642205 0.0620036
0.1552297 0.0607337
0.1464466 0.0594512
0.1378765 0.0581587
0.1295244 0.0568566
0.1213956 0.0555436
0.1134948 0.0542162
0.1058268 0.0528692
0.0983962 0.0514956
0.0912076 0.0500873
0.0842652 0.0486354
0.0775732 0.047131
0.0711357 0.0455654
0.0649565 0.0439313
0.0590394 0.0422228
0.0533878 0.0404361
0.0480054 0.03857
0.0428951 0.0366261
0.0380602 0.0346083
0.0335036 0.0325236
0.029228 0.030381
0.0252359 0.0281914
0.0215298 0.0259671
0.018112 0.0237209
0.0149844 0.0214655
0.0121489 0.0192129
0.0096074 0.0169735
0.0073612 0.0147557
0.0054117 0.0125656
0.0037602 0.0104063
0.0024076 0.0082783
0.0013548 0.0061794
0.0006023 0.0041047
0.0001506 0.0020476
0.0 0.0
0.0001506 -0.0014262
0.0006023 -0.0028426
0.0013548 -0.0042393
0.0024076 -0.005607
0.0037602 -0.0069375
0.0054117 -0.0082241
0.0073612 -0.0094616
0.0096074 -0.0106465
0.0121489 -0.011777
0.0149844 -0.0128531
0.018112 -0.0138763
0.0215298 -0.0148497
0.0252359 -0.0157774
0.029228 -0.0166644
0.0335036 -0.0175164
0.0380602 -0.0183396
0.0428951 -0.01914
0.0480054 -0.0199236
0.0533878 -0.0206959
0.0590394 -0.0214621
0.0649565 -0.0222264
0.0711357 -0.0229925
0.0775732 -0.0237635
0.0842652 -0.0245416
0.0912076 -0.0253285
0.0983962 -0.0261252
0.1058268 -0.0269323
0.1134948 -0.02775
0.1213956 -0.028578
0.1295244 -0.0294159
0.1378765 -0.0302626
0.1464466 -0.0311169
0.1552297 -0.0319771
0.1642205 -0.0328412
0.1734136 -0.0337063
0.1828034 -0.0345693
0.1923842 -0.0354263
0.2021503 -0.0362727
0.2120959 -0.0371032
0.2222149 -0.0379118
0.2325012 -0.0386922
0.2429486 -0.0394374
0.2535509 -0.0401403
0.2643016 -0.0407937
0.2751943 -0.0413904
0.2862225 -0.0419238
0.2973793 -0.0423879
0.3086583 -0.0427773
0.3200525 -0.0430879
0.3315551 -0.0433166
0.3431591 -0.0434615
0.3548577 -0.0435219
0.3666436 -0.0434983
0.3785099 -0.0433921
0.3904494 -0.0432058
0.4024548 -0.0429422
0.4145191 -0.0426047
0.4266348 -0.0421964
0.4387947 -0.0417205
0.4509914 -0.0411795
0.4632177 -0.0405751
0.4754662 -0.0399081
0.4877294 -0.0391785
0.5 -0.038385
0.5122706 -0.0375253
0.5245338 -0.0365964
0.5367823 -0.0355946
0.5490086 -0.0345158
0.5612053 -0.0333561
0.5733652 -0.0321117
0.5854809 -0.0307797
0.5975452 -0.0293582
0.6095506 -0.027847
0.6214901 -0.0262474
0.6333564 -0.0245627
0.6451423 -0.0227984
0.6568409 -0.0209621
0.6684449 -0.0190634
0.6799475 -0.0171139
0.6913417 -0.015127
0.7026207 -0.0131176
0.7137775 -0.0111015
0.7248057 -0.0090953
0.7356984 -0.0071157
0.7464491 -0.0051796
0.7570514 -0.0033029
0.7674988 -0.0015008
0.7777851 0.0002127
0.7879041 0.0018254
0.7978497 0.0033264
0.8076158 0.0047071
0.8171966 0.0059606
0.8265864 0.0070818
0.8357795 0.0080677
0.8447703 0.0089169
0.8535534 0.0096295
0.8621235 0.0102072
0.8704756 0.0106528
0.8786044 0.0109703
0.8865052 0.0111645
0.8941732 0.0112408
0.9016038 0.0112055
0.9087924 0.0110651
0.9157348 0.0108267
0.9224268 0.0104976
0.9288643 0.0100854
0.9350435 0.0095982
0.9409606 0.0090441
0.9466122 0.0084317
0.9519946 0.0077697
0.9571049 0.0070672
0.9619398 0.0063335
0.9664964 0.0055781
0.970772 0.0048107
0.9747641 0.0040411
0.9784702 0.003279
0.981888 0.0025343
0.9850156 0.0018165
0.9878511 0.0011349
0.9903926 0.0004983
0.9926388 -8.5e-05
0.9945883 -0.0006072
0.9962398 -0.0010614
0.9975924 -0.0014417
0.9986452 -0.0017429
0.9993977 -0.0019609
0.9998494 -0.0020929
1.0 -0.0021371
