1.0 0.001855
0.9998494 0.0019025
0.9993977 0.0020447
0.9986452 0.0022815
0.9975924 0.0026128
0.9962398 0.003038
0.9945883 0.0035562
0.9926388 0.0041661
0.9903926 0.0048659
0.9878511 0.005653
0.9850156 0.0065242
0.981888 0.0074753
0.9784702 0.0085016
0.9747641 0.0095975
0.970772 0.0107572
0.9664964 0.011974
0.9619398 0.0132415
0.9571049 0.014553
0.9519946 0.0159021
0.9466122 0.0172829
0.9409606 0.0186899
0.9350435 0.0201187
0.9288643 0.0215655
0.9224268 0.0230273
0.9157348 0.0245021
0.9087924 0.0259884
0.9016038 0.0274853
0.8941732 0.0289924
0.8865052 0.0305091
0.8786044 0.0320349
0.8704756 0.0335687
0.8621235 0.0351092
0.8535534 0.0366538
0.8447703 0.0381997
0.8357795 0.0397428
0.8265864 0.0412783
0.8171966 0.0428008
0.8076158 0.0443043
0.7978497 0.0457825
0.7879041 0.047229
0.7777851 0.0486379
0.7674988 0.0500036
0.7570514 0.0513213
0.7464491 0.0525873
0.7356984 0.0537988
0.7248057 0.0549542
0.7137775 0.0560533
0.7026207 0.0570966
0.6913417 0.0580857
0.6799475 0.059023
0.6684449 0.0599111
0.6568409 0.0607529
0.6451423 0.061551
0.6333564 0.0623079
0.6214901 0.0630252
0.6095506 0.0637039
0.5975452 0.0643441
0.5854809 0.0649452
0.5733652 0.0655055
0.5612053 0.066023
0.5490086 0.066495
0.5367823 0.0669187
0.5245338 0.0672912
0.5122706 0.06761
0.5 0.067873
0.4877294 0.0680789
0.4754662 0.0682271
0.4632177 0.0683181
0.4509914 0.0683532
0.4387947 0.0683342
0.4266348 0.068264
0.4145191 0.0681456
0.4024548 0.0679823
0.3904494 0.0677772
0.3785099 0.0675332
0.3666436 0.0672526
0.3548577 0.0669369
0.3431591 0.0665869
0.3315551 0.0662024
0.3200525 0.0657824
0.3086583 0.0653254
0.2973793 0.0648293
0.2862225 0.0642918
0.2751943 0.0637107
0.2643016 0.0630843
0.2535509 0.0624112
0.2429486 0.0616913
0.2325012 0.0609254
0.2222149 0.0601152
0.2120959 0.0592638
0.2021503 0.058375
0.1923842 0.0574537
0.1828034 0.0565048
0.1734136 0.0555335
0.1642205 0.0545446
0.1552297 0.0535421
0.1464466 0.0525288
0.1378765 0.0515061
0.1295244 0.0504735
0.1213956 0.0494287
0.1134948 0.0483674
0.1058268 0.0472835
0.0983962 0.0461697
0.0912076 0.0450171
0.0842652 0.0438166
0.0775732 0.0425589
0.0711357 0.0412353
0.0649565 0.0398381
0.0590394 0.0383615
0.0533878 0.0368019
0.0480054 0.035158
0.0428951 0.0334315
0.0380602 0.0316267
0.0335036 0.0297505
0.029228 0.0278124
0.0252359 0.0258235
0.0215298 0.0237961
0.018112 0.0217434
0.0149844 0.0196784
0.0121489 0.0176132
0.0096074 0.0155586
0.0073612 0.0135232
0.0054117 0.0115133
0.0037602 0.0095324
0.0024076 0.0075812
0.0013548 0.0056577
0.0006023 0.0037575
0.0001506 0.0018742
0.0 0.0
0.0001506 -0.0014211
0.0006023 -0.0028335
0.0013548 -0.0042284
0.0024076 -0.0055975
0.0037602 -0.006934
0.0054117 -0.0082318
0.0073612 -0.009487
0.0096074 -0.0106967
0.0121489 -0.0118602
0.0149844 -0.012978
0.018112 -0.0140524
0.0215298 -0.015087
0.0252359 -0.0160865
0.029228 -0.0170563
0.0335036 -0.0180027
0.0380602 -0.0189318
0.0428951 -0.0198502
0.0480054 -0.020764
0.0533878 -0.021679
0.0590394 -0.0226001
0.0649565 -0.0235319
0.0711357 -0.024478
0.0775732 -0.0254413
0.0842652 -0.0264237
0.0912076 -0.0274267
0.0983962 -0.028451
0.1058268 -0.0294965
0.1134948 -0.0305628
0.1213956 -0.031649
0.1295244 -0.0327537
0.1378765 -0.0338749
0.1464466 -0.0350103
0.1552297 -0.0361571
0.1642205 -0.037312
0.1734136 -0.0384709
0.1828034 -0.0396293
0.1923842 -0.0407818
0.2021503 -0.0419227
0.2120959 -0.0430451
0.2222149 -0.0441419
0.2325012 -0.0452054
0.2429486 -0.0462275
0.2535509 -0.0471999
0.2643016 -0.0481145
0.2751943 -0.0489632
0.2862225 -0.0497387
0.2973793 -0.0504341
0.3086583 -0.0510437
0.3200525 -0.0515629
0.3315551 -0.0519881
0.3431591 -0.0523173
0.3548577 -0.0525496
0.3666436 -0.0526852
0.3785099 -0.0527258
0.3904494 -0.0526734
0.4024548 -0.0525311
0.4145191 -0.0523021
0.4266348 -0.0519898
0.4387947 -0.0515971
0.4509914 -0.0511266
0.4632177 -0.0505802
0.4754662 -0.0499585
0.4877294 -0.0492616
0.5 -0.048488
0.5122706 -0.0476357
0.5245338 -0.0467014
0.5367823 -0.0456816
0.5490086 -0.0445722
0.5612053 -0.0433692
0.5733652 -0.042069
0.5854809 -0.0406688
0.5975452 -0.0391669
0.6095506 -0.0375632
0.6214901 -0.0358591
0.6333564 -0.0340583
0.6451423 -0.0321666
0.6568409 -0.0301918
0.6684449 -0.0281441
0.6799475 -0.0260356
0.6913417 -0.02388
0.7026207 -0.0216927
0.7137775 -0.0194901
0.7248057 -0.0172893
0.7356984 -0.0151079
0.7464491 -0.0129629
0.7570514 -0.0108713
0.7674988 -0.0088486
0.7777851 -0.0069095
0.7879041 -0.005067
0.7978497 -0.0033322
0.8076158 -0.0017146
0.8171966 -0.0002215
0.8265864 0.0011415
0.8357795 0.0023709
0.8447703 0.0034648
0.8535534 0.0044229
0.8621235 0.0052464
0.8704756 0.0059379
0.8786044 0.0065009
0.8865052 0.0069399
0.8941732 0.0072599
0.9016038 0.0074667
0.9087924 0.0075667
0.9157348 0.0075663
0.9224268 0.0074726
0.9288643 0.0072927
0.9350435 0.0070342
0.9409606 0.0067046
0.9466122 0.0063121
0.9519946 0.0058647
0.9571049 0.0053709
0.9619398 0.0048393
0.9664964 0.0042787
0.970772 0.0036981
0.9747641 0.0031065
0.9784702 0.0025131
0.981888 0.0019268
0.9850156 0.0013564
0.9878511 0.0008106
0.9903926 0.0002975
0.9926388 -0.0001751
0.9945883 -0.0006002
0.9962398 -0.0009714
0.9975924 -0.001283
0.9986452 -0.0015304
0.9993977 -0.0017099
0.9998494 -0.0018186
1.0 -0.001855
