1.0 0.0019317
0.9998494 0.0019774
0.9993977 0.0021146
0.9986452 0.0023431
0.9975924 0.0026625
0.9962398 0.0030724
0.9945883 0.0035717
0.9926388 0.0041593
0.9903926 0.0048332
0.9878511 0.0055908
0.9850156 0.0064288
0.981888 0.0073434
0.9784702 0.0083297
0.9747641 0.0093825
0.970772 0.010496
0.9664964 0.0116641
0.9619398 0.0128803
0.9571049 0.0141386
0.9519946 0.0154329
0.9466122 0.0167578
0.9409606 0.0181085
0.9350435 0.0194808
0.9288643 0.0208716
0.9224268 0.0222784
0.9157348 0.0236997
0.9087924 0.0251346
0.9016038 0.0265825
0.8941732 0.0280434
0.8865052 0.029517
0.8786044 0.031003
0.8704756 0.0325006
0.8621235 0.0340084
0.8535534 0.0355239
0.8447703 0.0370441
0.8357795 0.0385647
0.8265864 0.0400808
0.8171966 0.0415865
0.8076158 0.0430755
0.7978497 0.044541
0.7879041 0.0459763
0.7777851 0.0473749
0.7674988 0.0487309
0.7570514 0.0500389
0.7464491 0.0512948
0.7356984 0.0524955
0.7248057 0.0536393
0.7137775 0.0547255
0.7026207 0.0557547
0.6913417 0.0567284
0.6799475 0.057649
0.6684449 0.0585193
0.6568409 0.0593425
0.6451423 0.0601217
0.6333564 0.0608595
0.6214901 0.0615583
0.6095506 0.0622196
0.5975452 0.0628442
0.5854809 0.0634321
0.5733652 0.0639823
0.5612053 0.0644935
0.5490086 0.0649635
0.5367823 0.0653903
0.5245338 0.0657714
0.5122706 0.0661047
0.5 0.0663886
0.4877294 0.066622
0.4754662 0.0668045
0.4632177 0.0669365
0.4509914 0.0670192
0.4387947 0.0670542
0.4266348 0.0670439
0.4145191 0.066991
0.4024548 0.066898
0.3904494 0.0667676
0.3785099 0.0666018
0.3666436 0.066402
0.3548577 0.0661691
0.3431591 0.0659028
0.3315551 0.0656022
0.3200525 0.0652656
0.3086583 0.0648905
0.2973793 0.0644741
0.2862225 0.0640136
0.2751943 0.0635062
0.2643016 0.0629496
0.2535509 0.0623422
0.2429486 0.0616836
0.2325012 0.0609742
0.2222149 0.060216
0.2120959 0.0594119
0.2021503 0.058566
0.1923842 0.057683
0.1828034 0.0567684
0.1734136 0.0558276
0.1642205 0.0548656
0.1552297 0.0538868
0.1464466 0.0528943
0.1378765 0.0518899
0.1295244 0.0508733
0.1213956 0.0498424
0.1134948 0.0487934
0.1058268 0.0477202
0.0983962 0.0466155
0.0912076 0.0454709
0.0842652 0.044277
0.0775732 0.0430245
0.0711357 0.0417047
0.0649565 0.0403099
0.0590394 0.0388341
0.0533878 0.0372735
0.0480054 0.0356267
0.0428951 0.0338952
0.0380602 0.0320831
0.0335036 0.0301973
0.029228 0.0282468
0.0252359 0.0262428
0.0215298 0.0241976
0.018112 0.0221242
0.0149844 0.0200357
0.0121489 0.0179442
0.0096074 0.0158605
0.0073612 0.0137936
0.0054117 0.0117498
0.0037602 0.0097329
0.0024076 0.0077439
0.0013548 0.0057811
0.0006023 0.0038404
0.0001506 0.0019158
0.0 0.0
0.0001506 -0.0012639
0.0006023 -0.0025201
0.0013548 -0.0037606
0.0024076 -0.0049781
0.0037602 -0.0061665
0.0054117 -0.0073208
0.0073612 -0.0084377
0.0096074 -0.0095152
0.0121489 -0.0105533
0.0149844 -0.0115532
0.018112 -0.0125179
0.0215298 -0.0134514
0.0252359 -0.0143589
0.029228 -0.0152462
0.0335036 -0.0161198
0.0380602 -0.0169862
0.0428951 -0.0178518
0.0480054 -0.0187229
0.0533878 -0.019605
0.0590394 -0.020503
0.0649565 -0.0214211
0.0711357 -0.0223626
0.0775732 -0.0233299
0.0842652 -0.0243248
0.0912076 -0.0253481
0.0983962 -0.0264
0.1058268 -0.0274802
0.1134948 -0.0285878
0.1213956 -0.0297216
0.1295244 -0.0308796
0.1378765 -0.0320599
0.1464466 -0.0332598
0.1552297 -0.0344765
0.1642205 -0.0357062
0.1734136 -0.0369452
0.1828034 -0.0381886
0.1923842 -0.0394313
0.2021503 -0.0406672
0.2120959 -0.0418897
0.2222149 -0.0430916
0.2325012 -0.0442652
0.2429486 -0.0454022
0.2535509 -0.0464943
0.2643016 -0.0475331
0.2751943 -0.0485104
0.2862225 -0.0494185
0.2973793 -0.0502503
0.3086583 -0.0509997
0.3200525 -0.0516615
0.3315551 -0.0522318
0.3431591 -0.0527079
0.3548577 -0.0530884
0.3666436 -0.0533732
0.3785099 -0.0535631
0.3904494 -0.0536597
0.4024548 -0.0536655
0.4145191 -0.0535831
0.4266348 -0.0534152
0.4387947 -0.0531645
0.4509914 -0.0528328
0.4632177 -0.0524214
0.4754662 -0.0519308
0.4877294 -0.0513601
0.5 -0.0507076
0.5122706 -0.0499708
0.5245338 -0.0491461
0.5367823 -0.0482292
0.5490086 -0.0472159
0.5612053 -0.0461017
0.5733652 -0.0448825
0.5854809 -0.0435554
0.5975452 -0.0421181
0.6095506 -0.0405702
0.6214901 -0.0389132
0.6333564 -0.0371503
0.6451423 -0.0352872
0.6568409 -0.0333316
0.6684449 -0.0312936
0.6799475 -0.0291853
0.6913417 -0.0270206
0.7026207 -0.0248149
0.7137775 -0.0225848
0.7248057 -0.0203478
0.7356984 -0.0181214
0.7464491 -0.0159235
0.7570514 -0.013771
0.7674988 -0.0116802
0.7777851 -0.0096662
0.7879041 -0.0077425
0.7978497 -0.0059209
0.8076158 -0.0042113
0.8171966 -0.0026219
0.8265864 -0.0011587
0.8357795 0.000174
0.8447703 0.0013736
0.8535534 0.0024393
0.8621235 0.0033715
0.8704756 0.0041721
0.8786044 0.004844
0.8865052 0.005391
0.8941732 0.0058177
0.9016038 0.0061291
0.9087924 0.0063312
0.9157348 0.0064298
0.9224268 0.0064316
0.9288643 0.0063434
0.9350435 0.0061722
0.9409606 0.0059255
0.9466122 0.0056111
0.9519946 0.0052368
0.9571049 0.0048111
0.9619398 0.0043425
0.9664964 0.0038398
0.970772 0.0033121
0.9747641 0.0027685
0.9784702 0.0022182
0.981888 0.0016704
0.9850156 0.0011341
0.9878511 0.0006182
0.9903926 0.0001311
0.9926388 -0.0003194
0.9945883 -0.0007258
0.9962398 -0.0010816
0.9975924 -0.0013809
0.9986452 -0.0016189
0.9993977 -0.0017917
0.9998494 -0.0018966
1.0 -0.0019317
