1.0 0.0021728
0.9998494 0.0022208
0.9993977 0.0023647
0.9986452 0.0026043
0.9975924 0.0029395
0.9962398 0.0033697
0.9945883 0.0038941
0.9926388 0.0045114
0.9903926 0.0052197
0.9878511 0.0060167
0.9850156 0.0068992
0.981888 0.0078631
0.9784702 0.008904
0.9747641 0.0100165
0.970772 0.0111949
0.9664964 0.0124331
0.9619398 0.0137247
0.9571049 0.0150637
0.9519946 0.016444
0.9466122 0.0178601
0.9409606 0.0193071
0.9350435 0.0207809
0.9288643 0.0222783
0.9224268 0.0237967
0.9157348 0.0253346
0.9087924 0.0268908
0.9016038 0.0284648
0.8941732 0.0300563
0.8865052 0.0316651
0.8786044 0.0332906
0.8704756 0.0349319
0.8621235 0.0365874
0.8535534 0.0382544
0.8447703 0.0399297
0.8357795 0.0416088
0.8265864 0.0432863
0.8171966 0.0449562
0.8076158 0.0466117
0.7978497 0.0482456
0.7879041 0.0498508
0.7777851 0.0514202
0.7674988 0.0529472
0.7570514 0.0544259
0.7464491 0.0558515
0.7356984 0.0572202
0.7248057 0.0585293
0.7137775 0.0597775
0.7026207 0.0609643
0.6913417 0.0620905
0.6799475 0.0631574
0.6684449 0.064167
0.6568409 0.0651215
0.6451423 0.0660229
0.6333564 0.0668731
0.6214901 0.0676736
0.6095506 0.0684251
0.5975452 0.0691275
0.5854809 0.06978
0.5733652 0.0703813
0.5612053 0.0709293
0.5490086 0.0714215
0.5367823 0.0718555
0.5245338 0.0722287
0.5122706 0.072539
0.5 0.0727847
0.4877294 0.0729651
0.4754662 0.07308
0.4632177 0.0731303
0.4509914 0.0731179
0.4387947 0.0730452
0.4266348 0.0729154
0.4145191 0.0727322
0.4024548 0.0724993
0.3904494 0.0722204
0.3785099 0.071899
0.3666436 0.0715378
0.3548577 0.0711388
0.3431591 0.0707035
0.3315551 0.0702321
0.3200525 0.0697244
0.3086583 0.0691792
0.2973793 0.068595
0.2862225 0.0679702
0.2751943 0.0673031
0.2643016 0.0665924
0.2535509 0.0658375
0.2429486 0.0650386
0.2325012 0.0641971
0.2222149 0.063315
0.2120959 0.0623959
0.2021503 0.061444
0.1923842 0.0604642
0.1828034 0.0594617
0.1734136 0.0584418
0.1642205 0.0574094
0.1552297 0.0563682
0.1464466 0.0553209
0.1378765 0.0542686
0.1295244 0.0532104
0.1213956 0.0521433
0.1134948 0.0510625
0.1058268 0.0499613
0.0983962 0.0488313
0.0912076 0.047663
0.0842652 0.0464461
0.0775732 0.0451702
0.0711357 0.0438257
0.0649565 0.0424038
0.0590394 0.0408974
0.0533878 0.039302
0.0480054 0.0376151
0.0428951 0.0358375
0.0380602 0.0339726
0.0335036 0.0320265
0.029228 0.0300078
0.0252359 0.0279272
0.0215298 0.0257968
0.018112 0.0236295
0.0149844 0.0214382
0.0121489 0.0192353
0.0096074 0.017032
0.0073612 0.0148376
0.0054117 0.0126592
0.0037602 0.0105011
0.0024076 0.0083654
0.0013548 0.0062513
0.0006023 0.0041558
0.0001506 0.0020741
0.0 0.0
0.0001506 -0.001329
0.0006023 -0.0026508
0.0013548 -0.0039579
0.0024076 -0.0052434
0.0037602 -0.0065014
0.0054117 -0.0077272
0.0073612 -0.0089175
0.0096074 -0.0100705
0.0121489 -0.0111858
0.0149844 -0.0122644
0.018112 -0.0133089
0.0215298 -0.0143228
0.0252359 -0.0153107
0.029228 -0.0162778
0.0335036 -0.0172296
0.0380602 -0.0181721
0.0428951 -0.0191108
0.0480054 -0.0200511
0.0533878 -0.0209978
0.0590394 -0.0219551
0.0649565 -0.0229264
0.0711357 -0.0239143
0.0775732 -0.0249207
0.0842652 -0.0259466
0.0912076 -0.0269923
0.0983962 -0.0280575
0.1058268 -0.0291413
0.1134948 -0.0302422
0.1213956 -0.0313585
0.1295244 -0.0324878
0.1378765 -0.0336276
0.1464466 -0.0347746
0.1552297 -0.0359253
0.1642205 -0.0370758
0.1734136 -0.0382215
0.1828034 -0.0393572
0.1923842 -0.0404773
0.2021503 -0.0415754
0.2120959 -0.0426448
0.2222149 -0.0436779
0.2325012 -0.044667
0.2429486 -0.0456042
0.2535509 -0.0464813
0.2643016 -0.0472904
0.2751943 -0.048024
0.2862225 -0.0486753
0.2973793 -0.0492381
0.3086583 -0.0497075
0.3200525 -0.0500797
0.3315551 -0.0503524
0.3431591 -0.0505244
0.3548577 -0.050596
0.3666436 -0.0505689
0.3785099 -0.0504456
0.3904494 -0.0502299
0.4024548 -0.0499258
0.4145191 -0.0495379
0.4266348 -0.0490707
0.4387947 -0.0485284
0.4509914 -0.0479147
0.4632177 -0.0472323
0.4754662 -0.0464828
0.4877294 -0.045667
0.5 -0.0447842
0.5122706 -0.0438326
0.5245338 -0.0428097
0.5367823 -0.0417119
0.5490086 -0.0405354
0.5612053 -0.0392762
0.5733652 -0.0379305
0.5854809 -0.0364953
0.5975452 -0.0349686
0.6095506 -0.0333499
0.6214901 -0.0316403
0.6333564 -0.0298429
0.6451423 -0.027963
0.6568409 -0.0260079
0.6684449 -0.0239872
0.6799475 -0.0219124
0.6913417 -0.0197969
0.7026207 -0.0176555
0.7137775 -0.0155042
0.7248057 -0.0133597
0.7356984 -0.0112392
0.7464491 -0.0091597
0.7570514 -0.0071376
0.7674988 -0.0051885
0.7777851 -0.0033268
0.7879041 -0.0015654
0.7978497 8.45e-05
0.8076158 0.0016136
0.8171966 0.0030146
0.8265864 0.0042819
0.8357795 0.0054119
0.8447703 0.0064029
0.8535534 0.0072546
0.8621235 0.0079684
0.8704756 0.0085468
0.8786044 0.0089935
0.8865052 0.0093131
0.8941732 0.0095111
0.9016038 0.0095935
0.9087924 0.0095668
0.9157348 0.009438
0.9224268 0.0092145
0.9288643 0.0089039
0.9350435 0.0085141
0.9409606 0.0080535
0.9466122 0.0075304
0.9519946 0.0069538
0.9571049 0.0063325
0.9619398 0.005676
0.9664964 0.0049936
0.970772 0.004295
0.9747641 0.0035898
0.9784702 0.0028879
0.981888 0.002199
0.9850156 0.0015324
0.9878511 0.0008973
0.9903926 0.0003027
0.9926388 -0.0002434
0.9945883 -0.0007332
0.9962398 -0.00116
0.9975924 -0.0015176
0.9986452 -0.0018012
0.9993977 -0.0020067
0.9998494 -0.0021311
1.0 -0.0021728
