1.0 0.0013745
0.9998494 0.0014156
0.9993977 0.0015389
0.9986452 0.0017443
0.9975924 0.0020315
0.9962398 0.0024001
0.9945883 0.0028493
0.9926388 0.0033778
0.9903926 0.0039838
0.9878511 0.004665
0.9850156 0.0054183
0.981888 0.0062397
0.9784702 0.0071249
0.9747641 0.0080687
0.970772 0.0090654
0.9664964 0.0101091
0.9619398 0.0111936
0.9571049 0.012313
0.9519946 0.0134616
0.9466122 0.0146339
0.9409606 0.0158256
0.9350435 0.0170326
0.9288643 0.0182523
0.9224268 0.0194823
0.9157348 0.0207216
0.9087924 0.0219697
0.9016038 0.0232264
0.8941732 0.0244923
0.8865052 0.0257676
0.8786044 0.0270527
0.8704756 0.0283474
0.8621235 0.0296511
0.8535534 0.0309621
0.8447703 0.0322782
0.8357795 0.0335961
0.8265864 0.0349115
0.8171966 0.0362198
0.8076158 0.0375153
0.7978497 0.0387924
0.7879041 0.0400452
0.7777851 0.041268
0.7674988 0.0424557
0.7570514 0.043604
0.7464491 0.0447092
0.7356984 0.045769
0.7248057 0.0467821
0.7137775 0.0477485
0.7026207 0.048669
0.6913417 0.0495456
0.6799475 0.0503808
0.6684449 0.0511776
0.6568409 0.051939
0.6451423 0.0526682
0.6333564 0.0533678
0.6214901 0.0540397
0.6095506 0.0546853
0.5975452 0.055305
0.5854809 0.0558984
0.5733652 0.0564641
0.5612053 0.0570001
0.5490086 0.0575041
0.5367823 0.0579732
0.5245338 0.0584046
0.5122706 0.0587958
0.5 0.0591445
0.4877294 0.0594492
0.4754662 0.0597092
0.4632177 0.0599244
0.4509914 0.0600957
0.4387947 0.0602247
0.4266348 0.0603134
0.4145191 0.0603645
0.4024548 0.0603804
0.3904494 0.0603639
0.3785099 0.060317
0.3666436 0.0602413
0.3548577 0.0601378
0.3431591 0.0600064
0.3315551 0.0598463
0.3200525 0.059656
0.3086583 0.0594332
0.2973793 0.059175
0.2862225 0.0588787
0.2751943 0.0585413
0.2643016 0.0581604
0.2535509 0.0577342
0.2429486 0.0572617
0.2325012 0.056743
0.2222149 0.0561793
0.2120959 0.055573
0.2021503 0.0549272
0.1923842 0.0542459
0.1828034 0.0535337
0.1734136 0.052795
0.1642205 0.0520339
0.1552297 0.0512539
0.1464466 0.0504573
0.1378765 0.0496448
0.1295244 0.0488155
0.1213956 0.0479666
0.1134948 0.0470934
0.1058268 0.0461895
0.0983962 0.0452471
0.0912076 0.0442571
0.0842652 0.0432101
0.0775732 0.0420964
0.0711357 0.040907
0.0649565 0.0396342
0.0590394 0.0382717
0.0533878 0.0368156
0.0480054 0.0352646
0.0428951 0.03362
0.0380602 0.0318859
0.0335036 0.0300692
0.029228 0.0281789
0.0252359 0.0262263
0.0215298 0.0242237
0.018112 0.0221845
0.0149844 0.0201217
0.0121489 0.018048
0.0096074 0.0159745
0.0073612 0.0139106
0.0054117 0.0118633
0.0037602 0.0098371
0.0024076 0.0078337
0.0013548 0.0058523
0.0006023 0.0038898
0.0001506 0.0019412
0.0 0.0
0.0001506 -0.0015293
0.0006023 -0.0030497
0.0013548 -0.0045525
0.0024076 -0.0060293
0.0037602 -0.0074732
0.0054117 -0.0088784
0.0073612 -0.0102407
0.0096074 -0.0115575
0.0121489 -0.0128281
0.0149844 -0.0140531
0.018112 -0.015235
0.0215298 -0.0163775
0.0252359 -0.0174854
0.029228 -0.0185643
0.0335036 -0.0196206
0.0380602 -0.020661
0.0428951 -0.0216918
0.0480054 -0.0227196
0.0533878 -0.0237502
0.0590394 -0.0247889
0.0649565 -0.0258403
0.0711357 -0.0269083
0.0775732 -0.0279957
0.0842652 -0.0291047
0.0912076 -0.0302368
0.0983962 -0.0313926
0.1058268 -0.0325721
0.1134948 -0.0337748
0.1213956 -0.0349997
0.1295244 -0.036245
0.1378765 -0.0375088
0.1464466 -0.0387885
0.1552297 -0.0400808
0.1642205 -0.041382
0.1734136 -0.0426878
0.1828034 -0.043993
0.1923842 -0.045292
0.2021503 -0.046578
0.2120959 -0.0478441
0.2222149 -0.0490822
0.2325012 -0.050284
0.2429486 -0.0514408
0.2535509 -0.0525435
0.2643016 -0.0535833
0.2751943 -0.0545515
0.2862225 -0.0554399
0.2973793 -0.0562411
0.3086583 -0.0569487
0.3200525 -0.0575573
0.3315551 -0.058063
0.3431591 -0.058463
0.3548577 -0.0587561
0.3666436 -0.058942
0.3785099 -0.059022
0.3904494 -0.058998
0.4024548 -0.0588727
0.4145191 -0.0586494
0.4266348 -0.0583313
0.4387947 -0.0579215
0.4509914 -0.0574227
0.4632177 -0.0568368
0.4754662 -0.0561649
0.4877294 -0.0554072
0.5 -0.0545628
0.5122706 -0.0536298
0.5245338 -0.0526057
0.5367823 -0.0514873
0.5490086 -0.0502709
0.5612053 -0.0489531
0.5733652 -0.0475308
0.5854809 -0.0460017
0.5975452 -0.0443646
0.6095506 -0.0426197
0.6214901 -0.0407692
0.6333564 -0.038817
0.6451423 -0.0367695
0.6568409 -0.0346349
0.6684449 -0.0324237
0.6799475 -0.0301485
0.6913417 -0.0278234
0.7026207 -0.0254643
0.7137775 -0.0230878
0.7248057 -0.0207117
0.7356984 -0.0183537
0.7464491 -0.0160316
0.7570514 -0.0137625
0.7674988 -0.0115626
0.7777851 -0.009447
0.7879041 -0.0074291
0.7978497 -0.0055206
0.8076158 -0.0037315
0.8171966 -0.0020697
0.8265864 -0.0005412
0.8357795 0.00085
0.8447703 0.0021013
0.8535534 0.0032121
0.8621235 0.0041832
0.8704756 0.0050165
0.8786044 0.0057152
0.8865052 0.0062834
0.8941732 0.0067258
0.9016038 0.007048
0.9087924 0.0072559
0.9157348 0.0073561
0.9224268 0.0073552
0.9288643 0.0072605
0.9350435 0.0070795
0.9409606 0.0068199
0.9466122 0.0064899
0.9519946 0.0060978
0.9571049 0.0056524
0.9619398 0.0051625
0.9664964 0.0046375
0.970772 0.0040866
0.9747641 0.0035195
0.9784702 0.0029457
0.981888 0.0023748
0.9850156 0.0018162
0.9878511 0.0012789
0.9903926 0.0007717
0.9926388 0.0003028
0.9945883 -0.0001201
0.9962398 -0.0004902
0.9975924 -0.0008016
0.9986452 -0.0010492
0.9993977 -0.0012289
0.9998494 -0.0013379
1.0 -0.0013745
