1.0 0.0016909
0.9998494 0.0017398
0.9993977 0.0018865
0.9986452 0.0021308
0.9975924 0.0024726
0.9962398 0.0029113
0.9945883 0.0034461
0.9926388 0.0040757
0.9903926 0.0047982
0.9878511 0.0056113
0.9850156 0.0065116
0.981888 0.0074952
0.9784702 0.0085574
0.9747641 0.0096929
0.970772 0.0108957
0.9664964 0.0121595
0.9619398 0.013478
0.9571049 0.0148446
0.9519946 0.0162531
0.9466122 0.0176977
0.9409606 0.0191733
0.9350435 0.0206753
0.9288643 0.0222002
0.9224268 0.023745
0.9157348 0.0253076
0.9087924 0.0268867
0.9016038 0.0284813
0.8941732 0.0300906
0.8865052 0.031714
0.8786044 0.0333506
0.8704756 0.034999
0.8621235 0.0366571
0.8535534 0.0383223
0.8447703 0.0399906
0.8357795 0.0416575
0.8265864 0.0433173
0.8171966 0.0449638
0.8076158 0.04659
0.7978497 0.0481888
0.7879041 0.0497527
0.7777851 0.0512748
0.7674988 0.0527485
0.7570514 0.0541681
0.7464491 0.0555288
0.7356984 0.056827
0.7248057 0.0580604
0.7137775 0.0592278
0.7026207 0.0603293
0.6913417 0.0613659
0.6799475 0.0623395
0.6684449 0.0632527
0.6568409 0.064108
0.6451423 0.0649083
0.6333564 0.0656562
0.6214901 0.0663536
0.6095506 0.0670021
0.5975452 0.0676024
0.5854809 0.0681546
0.5733652 0.0686581
0.5612053 0.0691116
0.5490086 0.0695136
0.5367823 0.0698623
0.5245338 0.0701562
0.5122706 0.0703938
0.5 0.0705742
0.4877294 0.0706974
0.4754662 0.070764
0.4632177 0.0707753
0.4509914 0.0707337
0.4387947 0.0706421
0.4266348 0.070504
0.4145191 0.0703233
0.4024548 0.0701037
0.3904494 0.069849
0.3785099 0.0695623
0.3666436 0.0692463
0.3548577 0.0689026
0.3431591 0.068532
0.3315551 0.0681344
0.3200525 0.0677087
0.3086583 0.0672531
0.2973793 0.0667653
0.2862225 0.0662428
0.2751943 0.0656829
0.2643016 0.0650836
0.2535509 0.0644432
0.2429486 0.0637612
0.2325012 0.0630378
0.2222149 0.0622745
0.2120959 0.0614738
0.2021503 0.0606393
0.1923842 0.059775
0.1828034 0.0588857
0.1734136 0.0579761
0.1642205 0.0570502
0.1552297 0.0561117
0.1464466 0.0551627
0.1378765 0.0542038
0.1295244 0.0532338
0.1213956 0.0522497
0.1134948 0.0512462
0.1058268 0.0502166
0.0983962 0.0491521
0.0912076 0.0480432
0.0842652 0.0468795
0.0775732 0.0456506
0.0711357 0.0443467
0.0649565 0.0429588
0.0590394 0.0414802
0.0533878 0.0399059
0.0480054 0.0382338
0.0428951 0.0364646
0.0380602 0.0346018
0.0335036 0.0326515
0.029228 0.0306227
0.0252359 0.0285261
0.0215298 0.026374
0.018112 0.0241796
0.0149844 0.0219561
0.0121489 0.0197162
0.0096074 0.0174715
0.0073612 0.0152316
0.0054117 0.013004
0.0037602 0.0107936
0.0024076 0.0086028
0.0013548 0.0064314
0.0006023 0.004277
0.0001506 0.002135
0.0 0.0
0.0001506 -0.0014251
0.0006023 -0.0028423
0.0013548 -0.0042433
0.0024076 -0.0056208
0.0037602 -0.0069683
0.0054117 -0.0082804
0.0073612 -0.0095534
0.0096074 -0.0107849
0.0121489 -0.011974
0.0149844 -0.0131216
0.018112 -0.0142294
0.0215298 -0.015301
0.0252359 -0.0163403
0.029228 -0.0173524
0.0335036 -0.0183426
0.0380602 -0.0193166
0.0428951 -0.0202797
0.0480054 -0.0212372
0.0533878 -0.0221937
0.0590394 -0.0231534
0.0649565 -0.0241196
0.0711357 -0.0250949
0.0775732 -0.026081
0.0842652 -0.0270789
0.0912076 -0.0280892
0.0983962 -0.0291115
0.1058268 -0.030145
0.1134948 -0.0311883
0.1213956 -0.0322399
0.1295244 -0.0332976
0.1378765 -0.034359
0.1464466 -0.0354212
0.1552297 -0.0364809
0.1642205 -0.0375344
0.1734136 -0.0385776
0.1828034 -0.0396056
0.1923842 -0.0406131
0.2021503 -0.0415941
0.2120959 -0.0425421
0.2222149 -0.0434501
0.2325012 -0.0443107
0.2429486 -0.0451162
0.2535509 -0.0458588
0.2643016 -0.0465308
0.2751943 -0.0471251
0.2862225 -0.0476349
0.2973793 -0.0480543
0.3086583 -0.0483785
0.3200525 -0.0486039
0.3315551 -0.0487282
0.3431591 -0.0487502
0.3548577 -0.0486704
0.3666436 -0.0484905
0.3785099 -0.0482131
0.3904494 -0.047842
0.4024548 -0.0473814
0.4145191 -0.0468362
0.4266348 -0.046211
0.4387947 -0.0455105
0.4509914 -0.0447385
0.4632177 -0.0438983
0.4754662 -0.0429923
0.4877294 -0.0420217
0.5 -0.0409866
0.5122706 -0.0398861
0.5245338 -0.0387186
0.5367823 -0.0374815
0.5490086 -0.036172
0.5612053 -0.0347872
0.5733652 -0.0333244
0.5854809 -0.0317817
0.5975452 -0.0301581
0.6095506 -0.0284542
0.6214901 -0.026672
0.6333564 -0.0248155
0.6451423 -0.0228907
0.6568409 -0.0209057
0.6684449 -0.0188705
0.6799475 -0.0167969
0.6913417 -0.0146986
0.7026207 -0.0125903
0.7137775 -0.010488
0.7248057 -0.008408
0.7356984 -0.006367
0.7464491 -0.0043812
0.7570514 -0.0024665
0.7674988 -0.0006374
0.7777851 0.0010927
0.7879041 0.0027121
0.7978497 0.0042109
0.8076158 0.0055811
0.8171966 0.0068167
0.8265864 0.0079135
0.8357795 0.0088695
0.8447703 0.009684
0.8535534 0.0103585
0.8621235 0.0108953
0.8704756 0.0112985
0.8786044 0.0115728
0.8865052 0.0117239
0.8941732 0.0117582
0.9016038 0.0116826
0.9087924 0.0115045
0.9157348 0.0112314
0.9224268 0.0108713
0.9288643 0.0104321
0.9350435 0.0099222
0.9409606 0.00935
0.9466122 0.0087239
0.9519946 0.0080528
0.9571049 0.0073456
0.9619398 0.0066114
0.9664964 0.0058592
0.970772 0.0050984
0.9747641 0.0043384
0.9784702 0.0035883
0.981888 0.0028574
0.9850156 0.0021547
0.9878511 0.0014889
0.9903926 0.0008682
0.9926388 0.0003005
0.9945883 -0.0002071
0.9962398 -0.0006482
0.9975924 -0.001017
0.9986452 -0.0013089
0.9993977 -0.0015202
0.9998494 -0.0016481
1.0 -0.0016909
