1.0 0.001709
0.9998494 0.0017556
0.9993977 0.0018952
0.9986452 0.0021279
0.9975924 0.0024533
0.9962398 0.002871
0.9945883 0.0033802
0.9926388 0.0039798
0.9903926 0.0046679
0.9878511 0.0054422
0.9850156 0.0062996
0.981888 0.0072365
0.9784702 0.0082482
0.9747641 0.0093298
0.970772 0.0104757
0.9664964 0.01168
0.9619398 0.0129366
0.9571049 0.0142398
0.9519946 0.0155837
0.9466122 0.0169631
0.9409606 0.0183736
0.9350435 0.0198113
0.9288643 0.0212733
0.9224268 0.0227575
0.9157348 0.0242624
0.9087924 0.0257873
0.9016038 0.0273321
0.8941732 0.0288966
0.8865052 0.0304808
0.8786044 0.0320844
0.8704756 0.0337065
0.8621235 0.0353455
0.8535534 0.036999
0.8447703 0.0386635
0.8357795 0.0403346
0.8265864 0.0420066
0.8171966 0.0436733
0.8076158 0.0453278
0.7978497 0.0469624
0.7879041 0.0485698
0.7777851 0.0501424
0.7674988 0.0516732
0.7570514 0.0531561
0.7464491 0.0545857
0.7356984 0.0559578
0.7248057 0.0572693
0.7137775 0.0585185
0.7026207 0.0597048
0.6913417 0.0608284
0.6799475 0.0618906
0.6684449 0.0628932
0.6568409 0.0638382
0.6451423 0.0647277
0.6333564 0.0655637
0.6214901 0.0663476
0.6095506 0.0670804
0.5975452 0.0677623
0.5854809 0.0683929
0.5733652 0.068971
0.5612053 0.0694952
0.5490086 0.0699634
0.5367823 0.0703737
0.5245338 0.0707241
0.5122706 0.0710129
0.5 0.0712391
0.4877294 0.0714024
0.4754662 0.0715033
0.4632177 0.0715431
0.4509914 0.071524
0.4387947 0.0714491
0.4266348 0.0713217
0.4145191 0.0711459
0.4024548 0.0709256
0.3904494 0.0706646
0.3785099 0.0703664
0.3666436 0.0700338
0.3548577 0.0696687
0.3431591 0.0692722
0.3315551 0.0688445
0.3200525 0.0683849
0.3086583 0.0678918
0.2973793 0.0673635
0.2862225 0.0667975
0.2751943 0.0661919
0.2643016 0.0655446
0.2535509 0.0648545
0.2429486 0.0641213
0.2325012 0.0633454
0.2222149 0.0625286
0.2120959 0.0616736
0.2021503 0.0607842
0.1923842 0.0598647
0.1828034 0.0589199
0.1734136 0.0579546
0.1642205 0.0569732
0.1552297 0.0559793
0.1464466 0.0549752
0.1378765 0.0539618
0.1295244 0.0529381
0.1213956 0.0519012
0.1134948 0.0508463
0.1058268 0.0497666
0.0983962 0.048654
0.0912076 0.0474992
0.0842652 0.0462923
0.0775732 0.0450233
0.0711357 0.0436828
0.0649565 0.0422625
0.0590394 0.0407559
0.0533878 0.0391587
0.0480054 0.0374692
0.0428951 0.0356885
0.0380602 0.0338205
0.0335036 0.0318717
0.029228 0.0298513
0.0252359 0.0277701
0.0215298 0.0256407
0.018112 0.0234762
0.0149844 0.0212897
0.0121489 0.0190937
0.0096074 0.0168994
0.0073612 0.0147162
0.0054117 0.0125509
0.0037602 0.0104079
0.0024076 0.0082888
0.0013548 0.0061927
0.0006023 0.0041163
0.0001506 0.0020542
0.0 0.0
0.0001506 -0.0013281
0.0006023 -0.0026482
0.0013548 -0.0039518
0.0024076 -0.0052317
0.0037602 -0.0064812
0.0054117 -0.0076951
0.0073612 -0.0088699
0.0096074 -0.0100032
0.0121489 -0.0110948
0.0149844 -0.0121456
0.018112 -0.0131582
0.0215298 -0.0141364
0.0252359 -0.0150852
0.029228 -0.0160101
0.0335036 -0.0169174
0.0380602 -0.0178132
0.0428951 -0.018704
0.0480054 -0.0195957
0.0533878 -0.0204938
0.0590394 -0.021403
0.0649565 -0.0223276
0.0711357 -0.0232707
0.0775732 -0.0242348
0.0842652 -0.0252216
0.0912076 -0.026232
0.0983962 -0.0272663
0.1058268 -0.0283242
0.1134948 -0.029405
0.1213956 -0.0305073
0.1295244 -0.0316295
0.1378765 -0.0327696
0.1464466 -0.033925
0.1552297 -0.0350929
0.1642205 -0.0362696
0.1734136 -0.0374514
0.1828034 -0.0386333
0.1923842 -0.0398103
0.2021503 -0.0409761
0.2120959 -0.0421242
0.2222149 -0.0432472
0.2325012 -0.0443371
0.2429486 -0.0453858
0.2535509 -0.0463847
0.2643016 -0.0473253
0.2751943 -0.0481993
0.2862225 -0.0489988
0.2973793 -0.0497167
0.3086583 -0.0503468
0.3200525 -0.050884
0.3315551 -0.0513242
0.3431591 -0.0516648
0.3548577 -0.0519047
0.3666436 -0.0520437
0.3785099 -0.0520828
0.3904494 -0.0520241
0.4024548 -0.0518702
0.4145191 -0.0516243
0.4266348 -0.0512895
0.4387947 -0.050869
0.4509914 -0.0503652
0.4632177 -0.0497803
0.4754662 -0.0491151
0.4877294 -0.04837
0.5 -0.0475439
0.5122706 -0.0466351
0.5245338 -0.0456411
0.5367823 -0.0445587
0.5490086 -0.0433844
0.5612053 -0.0421148
0.5733652 -0.040747
0.5854809 -0.0392788
0.5975452 -0.0377091
0.6095506 -0.0360384
0.6214901 -0.0342688
0.6333564 -0.0324046
0.6451423 -0.0304522
0.6568409 -0.0284199
0.6684449 -0.0263184
0.6799475 -0.0241601
0.6913417 -0.0219594
0.7026207 -0.0197319
0.7137775 -0.0174943
0.7248057 -0.015264
0.7356984 -0.0130587
0.7464491 -0.0108957
0.7570514 -0.0087918
0.7674988 -0.0067627
0.7777851 -0.0048231
0.7879041 -0.0029857
0.7978497 -0.0012618
0.8076158 0.0003396
0.8171966 0.0018112
0.8265864 0.0031477
0.8357795 0.0043457
0.8447703 0.0054036
0.8535534 0.0063215
0.8621235 0.0071008
0.8704756 0.0077442
0.8786044 0.0082555
0.8865052 0.0086395
0.8941732 0.0089015
0.9016038 0.0090476
0.9087924 0.0090842
0.9157348 0.0090181
0.9224268 0.0088567
0.9288643 0.0086073
0.9350435 0.0082777
0.9409606 0.007876
0.9466122 0.0074104
0.9519946 0.0068894
0.9571049 0.0063219
0.9619398 0.0057169
0.9664964 0.0050837
0.970772 0.0044317
0.9747641 0.0037705
0.9784702 0.0031097
0.981888 0.0024589
0.9850156 0.0018273
0.9878511 0.0012241
0.9903926 0.000658
0.9926388 0.0001373
0.9945883 -0.0003305
0.9962398 -0.0007386
0.9975924 -0.001081
0.9986452 -0.0013527
0.9993977 -0.0015497
0.9998494 -0.001669
1.0 -0.001709
