1.0 0.0021559
0.9998494 0.0022075
0.9993977 0.0023625
0.9986452 0.0026205
0.9975924 0.0029813
0.9962398 0.0034442
0.9945883 0.0040081
0.9926388 0.0046717
0.9903926 0.0054329
0.9878511 0.0062887
0.9850156 0.0072358
0.981888 0.0082697
0.9784702 0.0093853
0.9747641 0.0105768
0.970772 0.0118379
0.9664964 0.0131617
0.9619398 0.0145411
0.9571049 0.0159691
0.9519946 0.0174387
0.9466122 0.0189436
0.9409606 0.0204777
0.9350435 0.0220357
0.9288643 0.0236133
0.9224268 0.0252067
0.9157348 0.0268131
0.9087924 0.02843
0.9016038 0.0300556
0.8941732 0.0316884
0.8865052 0.0333268
0.8786044 0.0349691
0.8704756 0.0366131
0.8621235 0.0382562
0.8535534 0.0398948
0.8447703 0.0415245
0.8357795 0.0431401
0.8265864 0.0447357
0.8171966 0.0463046
0.8076158 0.0478396
0.7978497 0.0493335
0.7879041 0.0507789
0.7777851 0.052169
0.7674988 0.0534975
0.7570514 0.054759
0.7464491 0.0559494
0.7356984 0.0570656
0.7248057 0.0581062
0.7137775 0.059071
0.7026207 0.0599609
0.6913417 0.0607783
0.6799475 0.0615262
0.6684449 0.0622084
0.6568409 0.0628291
0.6451423 0.0633925
0.6333564 0.0639026
0.6214901 0.064363
0.6095506 0.0647767
0.5975452 0.065146
0.5854809 0.0654724
0.5733652 0.0657568
0.5612053 0.0659991
0.5490086 0.0661993
0.5367823 0.0663566
0.5245338 0.0664705
0.5122706 0.0665405
0.5 0.0665665
0.4877294 0.0665489
0.4754662 0.066489
0.4632177 0.0663884
0.4509914 0.0662496
0.4387947 0.0660757
0.4266348 0.06587
0.4145191 0.0656361
0.4024548 0.0653777
0.3904494 0.065098
0.3785099 0.0647997
0.3666436 0.0644849
0.3548577 0.0641545
0.3431591 0.0638088
0.3315551 0.0634469
0.3200525 0.0630669
0.3086583 0.0626664
0.2973793 0.0622421
0.2862225 0.0617907
0.2751943 0.0613089
0.2643016 0.0607937
0.2535509 0.0602428
0.2429486 0.0596545
0.2325012 0.0590286
0.2222149 0.0583655
0.2120959 0.0576672
0.2021503 0.0569364
0.1923842 0.0561765
0.1828034 0.0553917
0.1734136 0.0545859
0.1642205 0.053763
0.1552297 0.0529259
0.1464466 0.0520765
0.1378765 0.0512152
0.1295244 0.0503406
0.1213956 0.0494496
0.1134948 0.0485371
0.1058268 0.0475962
0.0983962 0.0466186
0.0912076 0.0455948
0.0842652 0.044515
0.0775732 0.043369
0.0711357 0.0421474
0.0649565 0.0408418
0.0590394 0.0394457
0.0533878 0.0379547
0.0480054 0.036367
0.0428951 0.0346837
0.0380602 0.0329086
0.0335036 0.0310481
0.029228 0.0291113
0.0252359 0.0271091
0.0215298 0.0250539
0.018112 0.0229588
0.0149844 0.0208371
0.0121489 0.0187015
0.0096074 0.0165632
0.0073612 0.0144318
0.0054117 0.0123147
0.0037602 0.0102164
0.0024076 0.0081392
0.0013548 0.0060826
0.0006023 0.0040438
0.0001506 0.0020183
0.0 0.0
0.0001506 -0.0014341
0.0006023 -0.0028599
0.0013548 -0.0042688
0.0024076 -0.0056528
0.0037602 -0.0070051
0.0054117 -0.0083202
0.0073612 -0.0095938
0.0096074 -0.0108234
0.0121489 -0.0120082
0.0149844 -0.0131488
0.018112 -0.0142473
0.0215298 -0.0153072
0.0252359 -0.0163329
0.029228 -0.0173298
0.0335036 -0.0183037
0.0380602 -0.0192606
0.0428951 -0.0202066
0.0480054 -0.0211476
0.0533878 -0.0220888
0.0590394 -0.0230352
0.0649565 -0.0239907
0.0711357 -0.0249586
0.0775732 -0.0259416
0.0842652 -0.0269412
0.0912076 -0.0279586
0.0983962 -0.0289942
0.1058268 -0.0300478
0.1134948 -0.0311187
0.1213956 -0.0322056
0.1295244 -0.033307
0.1378765 -0.0344209
0.1464466 -0.0355446
0.1552297 -0.0366751
0.1642205 -0.0378091
0.1734136 -0.0389423
0.1828034 -0.0400699
0.1923842 -0.0411866
0.2021503 -0.0422863
0.2120959 -0.0433623
0.2222149 -0.0444071
0.2325012 -0.0454129
0.2429486 -0.0463717
0.2535509 -0.0472749
0.2643016 -0.0481145
0.2751943 -0.0488822
0.2862225 -0.0495708
0.2973793 -0.0501734
0.3086583 -0.0506843
0.3200525 -0.0510989
0.3315551 -0.0514138
0.3431591 -0.051627
0.3548577 -0.0517377
0.3666436 -0.0517466
0.3785099 -0.0516552
0.3904494 -0.0514662
0.4024548 -0.0511828
0.4145191 -0.0508085
0.4266348 -0.0503471
0.4387947 -0.049802
0.4509914 -0.0491764
0.4632177 -0.0484724
0.4754662 -0.0476916
0.4877294 -0.0468342
0.5 -0.0458998
0.5122706 -0.0448868
0.5245338 -0.0437928
0.5367823 -0.0426149
0.5490086 -0.0413499
0.5612053 -0.0399945
0.5733652 -0.038546
0.5854809 -0.0370023
0.5975452 -0.0353626
0.6095506 -0.0336276
0.6214901 -0.0317995
0.6333564 -0.0298829
0.6451423 -0.0278842
0.6568409 -0.025812
0.6684449 -0.0236772
0.6799475 -0.0214923
0.6913417 -0.0192718
0.7026207 -0.0170315
0.7137775 -0.0147883
0.7248057 -0.0125596
0.7356984 -0.0103632
0.7464491 -0.0082163
0.7570514 -0.006136
0.7674988 -0.0041379
0.7777851 -0.0022365
0.7879041 -0.0004445
0.7978497 0.0012269
0.8076158 0.0027689
0.8171966 0.0041744
0.8265864 0.0054384
0.8357795 0.0065578
0.8447703 0.0075314
0.8535534 0.0083597
0.8621235 0.0090445
0.8704756 0.0095891
0.8786044 0.0099979
0.8865052 0.0102761
0.8941732 0.0104298
0.9016038 0.0104655
0.9087924 0.0103905
0.9157348 0.0102121
0.9224268 0.0099383
0.9288643 0.0095772
0.9350435 0.0091372
0.9409606 0.0086267
0.9466122 0.0080549
0.9519946 0.0074306
0.9571049 0.0067632
0.9619398 0.0060622
0.9664964 0.0053372
0.970772 0.0045982
0.9747641 0.0038549
0.9784702 0.0031173
0.981888 0.0023951
0.9850156 0.0016979
0.9878511 0.001035
0.9903926 0.0004153
0.9926388 -0.000153
0.9945883 -0.0006622
0.9962398 -0.0011054
0.9975924 -0.0014766
0.9986452 -0.0017707
0.9993977 -0.0019837
0.9998494 -0.0021127
1.0 -0.0021559
