1.0 0.0015773
0.9998494 0.0016278
0.9993977 0.0017793
0.9986452 0.0020316
0.9975924 0.0023843
0.9962398 0.0028369
0.9945883 0.0033885
0.9926388 0.0040376
0.9903926 0.0047823
0.9878511 0.00562
0.9850156 0.0065474
0.981888 0.0075603
0.9784702 0.008654
0.9747641 0.0098232
0.970772 0.011062
0.9664964 0.012364
0.9619398 0.013723
0.9571049 0.0151325
0.9519946 0.0165865
0.9466122 0.0180793
0.9409606 0.0196059
0.9350435 0.0211621
0.9288643 0.0227445
0.9224268 0.0243502
0.9157348 0.0259775
0.9087924 0.0276251
0.9016038 0.0292921
0.8941732 0.0309779
0.8865052 0.032682
0.8786044 0.0344033
0.8704756 0.0361406
0.8621235 0.0378917
0.8535534 0.0396537
0.8447703 0.0414227
0.8357795 0.0431938
0.8265864 0.0449612
0.8171966 0.0467182
0.8076158 0.0484578
0.7978497 0.0501724
0.7879041 0.0518543
0.7777851 0.0534961
0.7674988 0.0550911
0.7570514 0.0566331
0.7464491 0.058117
0.7356984 0.059539
0.7248057 0.0608962
0.7137775 0.0621874
0.7026207 0.0634121
0.6913417 0.0645712
0.6799475 0.065666
0.6684449 0.0666988
0.6568409 0.0676718
0.6451423 0.0685873
0.6333564 0.0694474
0.6214901 0.0702536
0.6095506 0.0710068
0.5975452 0.0717072
0.5854809 0.072354
0.5733652 0.0729459
0.5612053 0.0734809
0.5490086 0.0739565
0.5367823 0.0743703
0.5245338 0.0747196
0.5122706 0.0750022
0.5 0.0752164
0.4877294 0.0753613
0.4754662 0.0754366
0.4632177 0.0754431
0.4509914 0.0753826
0.4387947 0.0752576
0.4266348 0.0750712
0.4145191 0.0748271
0.4024548 0.0745293
0.3904494 0.0741816
0.3785099 0.0737877
0.3666436 0.0733507
0.3548577 0.0728733
0.3431591 0.0723571
0.3315551 0.0718032
0.3200525 0.071212
0.3086583 0.070583
0.2973793 0.0699156
0.2862225 0.0692089
0.2751943 0.0684622
0.2643016 0.0676751
0.2535509 0.0668477
0.2429486 0.0659812
0.2325012 0.0650776
0.2222149 0.0641399
0.2120959 0.0631721
0.2021503 0.0621791
0.1923842 0.0611662
0.1828034 0.060139
0.1734136 0.0591029
0.1642205 0.0580627
0.1552297 0.0570223
0.1464466 0.055984
0.1378765 0.0549485
0.1295244 0.0539142
0.1213956 0.0528776
0.1134948 0.051833
0.1058268 0.0507726
0.0983962 0.0496871
0.0912076 0.0485657
0.0842652 0.0473969
0.0775732 0.0461691
0.0711357 0.0448711
0.0649565 0.0434929
0.0590394 0.0420262
0.0533878 0.0404649
0.0480054 0.0388056
0.0428951 0.0370476
0.0380602 0.0351935
0.0335036 0.0332484
0.029228 0.0312202
0.0252359 0.0291189
0.0215298 0.0269564
0.018112 0.0247452
0.0149844 0.0224983
0.0121489 0.0202283
0.0096074 0.0179468
0.0073612 0.0156637
0.0054117 0.0133869
0.0037602 0.0111218
0.0024076 0.0088715
0.0013548 0.0066366
0.0006023 0.0044156
0.0001506 0.0022049
0.0 0.0
0.0001506 -0.0013152
0.0006023 -0.0026235
0.0013548 -0.0039176
0.0024076 -0.0051912
0.0037602 -0.0064388
0.0054117 -0.007656
0.0073612 -0.0088399
0.0096074 -0.009989
0.0121489 -0.0111032
0.0149844 -0.0121838
0.018112 -0.0132337
0.0215298 -0.0142564
0.0252359 -0.0152568
0.029228 -0.0162401
0.0335036 -0.017212
0.0380602 -0.0181782
0.0428951 -0.0191443
0.0480054 -0.0201155
0.0533878 -0.0210965
0.0590394 -0.022091
0.0649565 -0.0231021
0.0711357 -0.0241323
0.0775732 -0.0251827
0.0842652 -0.026254
0.0912076 -0.027346
0.0983962 -0.0284578
0.1058268 -0.0295881
0.1134948 -0.0307348
0.1213956 -0.0318955
0.1295244 -0.0330675
0.1378765 -0.0342476
0.1464466 -0.035432
0.1552297 -0.0366169
0.1642205 -0.0377978
0.1734136 -0.0389698
0.1828034 -0.0401274
0.1923842 -0.0412645
0.2021503 -0.0423746
0.2120959 -0.0434507
0.2222149 -0.044485
0.2325012 -0.0454698
0.2429486 -0.046397
0.2535509 -0.0472583
0.2643016 -0.0480458
0.2751943 -0.0487521
0.2862225 -0.0493702
0.2973793 -0.0498943
0.3086583 -0.0503193
0.3200525 -0.0506417
0.3315551 -0.0508592
0.3431591 -0.050971
0.3548577 -0.0509775
0.3666436 -0.0508805
0.3785099 -0.0506832
0.3904494 -0.0503893
0.4024548 -0.0500035
0.4145191 -0.0495306
0.4266348 -0.0489757
0.4387947 -0.0483434
0.4509914 -0.0476379
0.4632177 -0.0468625
0.4754662 -0.0460194
0.4877294 -0.04511
0.5 -0.0441341
0.5122706 -0.0430907
0.5245338 -0.0419777
0.5367823 -0.0407923
0.5490086 -0.0395311
0.5612053 -0.0381908
0.5733652 -0.0367682
0.5854809 -0.0352606
0.5975452 -0.0336667
0.6095506 -0.0319861
0.6214901 -0.0302203
0.6333564 -0.0283728
0.6451423 -0.0264489
0.6568409 -0.0244562
0.6684449 -0.0224042
0.6799475 -0.0203046
0.6913417 -0.0181705
0.7026207 -0.0160166
0.7137775 -0.0138589
0.7248057 -0.0117136
0.7356984 -0.0095977
0.7464491 -0.0075278
0.7570514 -0.00552
0.7674988 -0.0035895
0.7777851 -0.0017502
0.7879041 -1.46e-05
0.7978497 0.0016067
0.8076158 0.0031047
0.8171966 0.0044724
0.8265864 0.005705
0.8357795 0.0067991
0.8447703 0.0077533
0.8535534 0.0085678
0.8621235 0.0092443
0.8704756 0.0097855
0.8786044 0.0101954
0.8865052 0.0104789
0.8941732 0.0106414
0.9016038 0.0106893
0.9087924 0.0106291
0.9157348 0.0104678
0.9224268 0.0102129
0.9288643 0.009872
0.9350435 0.0094531
0.9409606 0.0089643
0.9466122 0.0084143
0.9519946 0.0078116
0.9571049 0.0071654
0.9619398 0.0064849
0.9664964 0.0057795
0.970772 0.0050589
0.9747641 0.0043329
0.9784702 0.0036111
0.981888 0.0029033
0.9850156 0.0022191
0.9878511 0.0015678
0.9903926 0.0009581
0.9926388 0.0003986
0.9945883 -0.0001032
0.9962398 -0.0005403
0.9975924 -0.0009065
0.9986452 -0.0011969
0.9993977 -0.0014072
0.9998494 -0.0015346
1.0 -0.0015773
