1.0 0.0021348
0.9998494 0.0021838
0.9993977 0.0023308
0.9986452 0.0025756
0.9975924 0.002918
0.9962398 0.0033574
0.9945883 0.0038931
0.9926388 0.0045238
0.9903926 0.0052476
0.9878511 0.006062
0.9850156 0.0069638
0.981888 0.0079492
0.9784702 0.0090135
0.9747641 0.0101515
0.970772 0.0113575
0.9664964 0.0126254
0.9619398 0.0139488
0.9571049 0.0153218
0.9519946 0.0167383
0.9466122 0.0181929
0.9409606 0.0196808
0.9350435 0.021198
0.9288643 0.0227413
0.9224268 0.0243082
0.9157348 0.0258972
0.9087924 0.0275072
0.9016038 0.0291377
0.8941732 0.0307884
0.8865052 0.0324589
0.8786044 0.0341486
0.8704756 0.0358564
0.8621235 0.0375804
0.8535534 0.0393179
0.8447703 0.041065
0.8357795 0.042817
0.8265864 0.0445681
0.8171966 0.0463117
0.8076158 0.0480405
0.7978497 0.0497469
0.7879041 0.051423
0.7777851 0.0530612
0.7674988 0.0546543
0.7570514 0.056196
0.7464491 0.0576808
0.7356984 0.0591043
0.7248057 0.0604635
0.7137775 0.0617565
0.7026207 0.0629828
0.6913417 0.0641426
0.6799475 0.0652372
0.6684449 0.0662684
0.6568409 0.0672385
0.6451423 0.0681495
0.6333564 0.0690036
0.6214901 0.0698025
0.6095506 0.0705473
0.5975452 0.0712384
0.5854809 0.0718756
0.5733652 0.0724582
0.5612053 0.0729848
0.5490086 0.0734539
0.5367823 0.0738638
0.5245338 0.0742128
0.5122706 0.0744998
0.5 0.074724
0.4877294 0.0748855
0.4754662 0.0749852
0.4632177 0.0750248
0.4509914 0.0750068
0.4387947 0.0749344
0.4266348 0.0748113
0.4145191 0.0746417
0.4024548 0.0744295
0.3904494 0.0741787
0.3785099 0.0738925
0.3666436 0.0735735
0.3548577 0.0732236
0.3431591 0.0728435
0.3315551 0.072433
0.3200525 0.0719909
0.3086583 0.0715155
0.2973793 0.0710042
0.2862225 0.0704544
0.2751943 0.0698635
0.2643016 0.0692292
0.2535509 0.06855
0.2429486 0.067825
0.2325012 0.0670546
0.2222149 0.0662403
0.2120959 0.0653847
0.2021503 0.0644914
0.1923842 0.0635646
0.1828034 0.0626091
0.1734136 0.0616297
0.1642205 0.0606308
0.1552297 0.0596159
0.1464466 0.0585873
0.1378765 0.0575459
0.1295244 0.0564903
0.1213956 0.0554176
0.1134948 0.0543228
0.1058268 0.0531987
0.0983962 0.0520371
0.0912076 0.0508281
0.0842652 0.0495615
0.0775732 0.0482269
0.0711357 0.0468146
0.0649565 0.0453159
0.0590394 0.043724
0.0533878 0.0420343
0.0480054 0.0402451
0.0428951 0.0383573
0.0380602 0.0363748
0.0335036 0.0343043
0.029228 0.032155
0.0252359 0.0299382
0.0215298 0.0276667
0.018112 0.0253541
0.0149844 0.0230139
0.0121489 0.0206592
0.0096074 0.0183017
0.0073612 0.0159514
0.0054117 0.0136155
0.0037602 0.0112992
0.0024076 0.0090044
0.0013548 0.0067309
0.0006023 0.0044757
0.0001506 0.0022341
0.0 0.0
0.0001506 -0.0012462
0.0006023 -0.0024852
0.0013548 -0.0037096
0.0024076 -0.0049127
0.0037602 -0.0060886
0.0054117 -0.0072328
0.0073612 -0.0083423
0.0096074 -0.0094155
0.0121489 -0.0104523
0.0149844 -0.0114541
0.018112 -0.0124238
0.0215298 -0.0133652
0.0252359 -0.0142833
0.029228 -0.0151835
0.0335036 -0.0160717
0.0380602 -0.0169537
0.0428951 -0.0178353
0.0480054 -0.0187216
0.0533878 -0.0196173
0.0590394 -0.0205262
0.0649565 -0.0214512
0.0711357 -0.0223944
0.0775732 -0.0233568
0.0842652 -0.0243388
0.0912076 -0.0253398
0.0983962 -0.0263586
0.1058268 -0.0273934
0.1134948 -0.028442
0.1213956 -0.0295016
0.1295244 -0.0305692
0.1378765 -0.0316416
0.1464466 -0.0327151
0.1552297 -0.0337856
0.1642205 -0.034849
0.1734136 -0.0359006
0.1828034 -0.0369352
0.1923842 -0.0379473
0.2021503 -0.0389307
0.2120959 -0.039879
0.2222149 -0.0407853
0.2325012 -0.0416422
0.2429486 -0.0424423
0.2535509 -0.0431783
0.2643016 -0.0438427
0.2751943 -0.0444287
0.2862225 -0.0449301
0.2973793 -0.0453414
0.3086583 -0.0456581
0.3200525 -0.0458772
0.3315551 -0.0459966
0.3431591 -0.0460158
0.3548577 -0.0459356
0.3666436 -0.0457581
0.3785099 -0.0454863
0.3904494 -0.0451242
0.4024548 -0.0446764
0.4145191 -0.044148
0.4266348 -0.0435437
0.4387947 -0.0428684
0.4509914 -0.042126
0.4632177 -0.0413197
0.4754662 -0.0404518
0.4877294 -0.0395233
0.5 -0.0385341
0.5122706 -0.037483
0.5245338 -0.0363678
0.5367823 -0.0351855
0.5490086 -0.0339327
0.5612053 -0.032606
0.5733652 -0.031202
0.5854809 -0.0297181
0.5975452 -0.0281527
0.6095506 -0.0265057
0.6214901 -0.0247785
0.6333564 -0.0229745
0.6451423 -0.0210993
0.6568409 -0.0191604
0.6684449 -0.0171675
0.6799475 -0.0151323
0.6913417 -0.0130682
0.7026207 -0.0109899
0.7137775 -0.0089134
0.7248057 -0.0068553
0.7356984 -0.0048324
0.7464491 -0.0028616
0.7570514 -0.000959
0.7674988 0.0008603
0.7777851 0.0025823
0.7879041 0.0041947
0.7978497 0.0056868
0.8076158 0.00705
0.8171966 0.0082775
0.8265864 0.0093646
0.8357795 0.0103083
0.8447703 0.0111076
0.8535534 0.0117632
0.8621235 0.012277
0.8704756 0.0126526
0.8786044 0.0128943
0.8865052 0.0130077
0.8941732 0.0129989
0.9016038 0.0128747
0.9087924 0.0126425
0.9157348 0.01231
0.9224268 0.0118853
0.9288643 0.0113769
0.9350435 0.0107933
0.9409606 0.0101435
0.9466122 0.0094366
0.9519946 0.0086821
0.9571049 0.0078895
0.9619398 0.0070687
0.9664964 0.0062297
0.970772 0.0053826
0.9747641 0.0045375
0.9784702 0.0037046
0.981888 0.0028939
0.9850156 0.0021153
0.9878511 0.0013781
0.9903926 0.0006915
0.9926388 6.39e-05
0.9945883 -0.000497
0.9962398 -0.0009841
0.9975924 -0.0013913
0.9986452 -0.0017134
0.9993977 -0.0019465
0.9998494 -0.0020876
1.0 -0.0021348
