1.0 0.0016518
0.9998494 0.0016973
0.9993977 0.0018337
0.9986452 0.002061
0.9975924 0.0023788
0.9962398 0.0027865
0.9945883 0.0032834
0.9926388 0.003868
0.9903926 0.0045383
0.9878511 0.0052919
0.9850156 0.0061255
0.981888 0.0070348
0.9784702 0.0080151
0.9747641 0.009061
0.970772 0.0101664
0.9664964 0.0113249
0.9619398 0.01253
0.9571049 0.013775
0.9519946 0.0150536
0.9466122 0.0163599
0.9409606 0.0176886
0.9350435 0.0190352
0.9288643 0.020396
0.9224268 0.0217681
0.9157348 0.0231495
0.9087924 0.0245388
0.9016038 0.0259352
0.8941732 0.0273381
0.8865052 0.0287472
0.8786044 0.0301618
0.8704756 0.0315812
0.8621235 0.0330037
0.8535534 0.0344273
0.8447703 0.0358488
0.8357795 0.0372644
0.8265864 0.0386695
0.8171966 0.0400588
0.8076158 0.0414264
0.7978497 0.0427663
0.7879041 0.0440725
0.7777851 0.0453391
0.7674988 0.0465611
0.7570514 0.0477341
0.7464491 0.0488547
0.7356984 0.0499207
0.7248057 0.0509313
0.7137775 0.0518866
0.7026207 0.052788
0.6913417 0.053638
0.6799475 0.0544396
0.6684449 0.0551963
0.6568409 0.0559121
0.6451423 0.0565904
0.6333564 0.0572347
0.6214901 0.0578475
0.6095506 0.0584308
0.5975452 0.0589857
0.5854809 0.0595121
0.5733652 0.0600094
0.5612053 0.0604759
0.5490086 0.0609095
0.5367823 0.0613078
0.5245338 0.0616679
0.5122706 0.0619875
0.5 0.0622642
0.4877294 0.0624965
0.4754662 0.0626833
0.4632177 0.0628245
0.4509914 0.0629204
0.4387947 0.0629722
0.4266348 0.0629817
0.4145191 0.0629509
0.4024548 0.0628821
0.3904494 0.0627773
0.3785099 0.0626385
0.3666436 0.0624668
0.3548577 0.062263
0.3431591 0.062027
0.3315551 0.0617578
0.3200525 0.0614541
0.3086583 0.0611136
0.2973793 0.060734
0.2862225 0.0603126
0.2751943 0.0598472
0.2643016 0.0593358
0.2535509 0.0587773
0.2429486 0.0581713
0.2325012 0.0575189
0.2222149 0.0568219
0.2120959 0.0560834
0.2021503 0.0553076
0.1923842 0.0544993
0.1828034 0.0536637
0.1734136 0.052806
0.1642205 0.0519312
0.1552297 0.0510433
0.1464466 0.0501451
0.1378765 0.0492381
0.1295244 0.0483218
0.1213956 0.0473937
0.1134948 0.0464495
0.1058268 0.0454831
0.0983962 0.0444868
0.0912076 0.0434516
0.0842652 0.0423681
0.0775732 0.0412266
0.0711357 0.0400179
0.0649565 0.0387341
0.0590394 0.0373685
0.0533878 0.0359171
0.0480054 0.0343779
0.0428951 0.0327518
0.0380602 0.0310426
0.0335036 0.0292565
0.029228 0.027402
0.0252359 0.0254898
0.0215298 0.0235318
0.018112 0.0215406
0.0149844 0.0195289
0.0121489 0.0175087
0.0096074 0.015491
0.0073612 0.0134845
0.0054117 0.0114959
0.0037602 0.0095295
0.0024076 0.0075867
0.0013548 0.0056666
0.0006023 0.0037657
0.0001506 0.001879
0.0 0.0
0.0001506 -0.0014758
0.0006023 -0.0029439
0.0013548 -0.0043965
0.0024076 -0.0058263
0.0037602 -0.0072272
0.0054117 -0.0085942
0.0073612 -0.0099235
0.0096074 -0.0112129
0.0121489 -0.0124618
0.0149844 -0.013671
0.018112 -0.0148424
0.0215298 -0.0159795
0.0252359 -0.0170866
0.029228 -0.0181685
0.0335036 -0.0192309
0.0380602 -0.0202794
0.0428951 -0.0213197
0.0480054 -0.0223573
0.0533878 -0.023397
0.0590394 -0.0244434
0.0649565 -0.0255003
0.0711357 -0.0265706
0.0775732 -0.0276568
0.0842652 -0.0287605
0.0912076 -0.0298826
0.0983962 -0.0310235
0.1058268 -0.0321832
0.1134948 -0.0333608
0.1213956 -0.0345553
0.1295244 -0.0357652
0.1378765 -0.0369885
0.1464466 -0.0382227
0.1552297 -0.039465
0.1642205 -0.0407118
0.1734136 -0.0419589
0.1828034 -0.0432018
0.1923842 -0.0444347
0.2021503 -0.0456515
0.2120959 -0.0468454
0.2222149 -0.0480087
0.2325012 -0.0491334
0.2429486 -0.050211
0.2535509 -0.051233
0.2643016 -0.0521906
0.2751943 -0.0530755
0.2862225 -0.0538799
0.2973793 -0.0545965
0.3086583 -0.0552193
0.3200525 -0.0557433
0.3315551 -0.0561645
0.3431591 -0.0564807
0.3548577 -0.0566906
0.3666436 -0.0567944
0.3785099 -0.0567935
0.3904494 -0.05669
0.4024548 -0.0564869
0.4145191 -0.0561877
0.4266348 -0.0557957
0.4387947 -0.0553144
0.4509914 -0.0547468
0.4632177 -0.0540951
0.4754662 -0.0533608
0.4877294 -0.0525445
0.5 -0.0516457
0.5122706 -0.0506631
0.5245338 -0.0495946
0.5367823 -0.0484375
0.5490086 -0.0471889
0.5612053 -0.0458458
0.5733652 -0.0444057
0.5854809 -0.0428668
0.5975452 -0.0412285
0.6095506 -0.0394915
0.6214901 -0.0376582
0.6333564 -0.035733
0.6451423 -0.0337224
0.6568409 -0.0316347
0.6684449 -0.0294806
0.6799475 -0.0272723
0.6913417 -0.0250239
0.7026207 -0.0227507
0.7137775 -0.0204692
0.7248057 -0.0181964
0.7356984 -0.0159493
0.7464491 -0.013745
0.7570514 -0.0115997
0.7674988 -0.0095288
0.7777851 -0.0075464
0.7879041 -0.0056648
0.7978497 -0.0038949
0.8076158 -0.0022454
0.8171966 -0.0007234
0.8265864 0.0006664
0.8357795 0.0019206
0.8447703 0.0030378
0.8535534 0.0040183
0.8621235 0.0048636
0.8704756 0.0055765
0.8786044 0.0061608
0.8865052 0.0066211
0.8941732 0.0069629
0.9016038 0.007192
0.9087924 0.0073147
0.9157348 0.0073376
0.9224268 0.0072678
0.9288643 0.0071123
0.9350435 0.0068786
0.9409606 0.0065743
0.9466122 0.0062071
0.9519946 0.0057852
0.9571049 0.0053167
0.9619398 0.0048102
0.9664964 0.0042742
0.970772 0.0037175
0.9747641 0.003149
0.9784702 0.0025776
0.981888 0.0020121
0.9850156 0.0014612
0.9878511 0.0009334
0.9903926 0.0004368
0.9926388 -2.12e-05
0.9945883 -0.0004334
0.9962398 -0.0007935
0.9975924 -0.0010961
0.9986452 -0.0013364
0.9993977 -0.0015107
0.9998494 -0.0016164
1.0 -0.0016518
