1.0 0.0020534
0.9998494 0.0021008
0.9993977 0.0022428
0.9986452 0.0024794
0.9975924 0.0028104
0.9962398 0.0032353
0.9945883 0.0037532
0.9926388 0.0043629
0.9903926 0.0050627
0.9878511 0.0058501
0.9850156 0.0067219
0.981888 0.0076741
0.9784702 0.0087021
0.9747641 0.0098006
0.970772 0.0109637
0.9664964 0.0121851
0.9619398 0.0134583
0.9571049 0.0147769
0.9519946 0.0161346
0.9466122 0.0175256
0.9409606 0.0189446
0.9350435 0.0203871
0.9288643 0.0218493
0.9224268 0.0233282
0.9157348 0.0248217
0.9087924 0.0263282
0.9016038 0.0278466
0.8941732 0.029376
0.8865052 0.0309157
0.8786044 0.0324647
0.8704756 0.0340215
0.8621235 0.035584
0.8535534 0.0371495
0.8447703 0.0387143
0.8357795 0.0402738
0.8265864 0.0418225
0.8171966 0.0433545
0.8076158 0.0448632
0.7978497 0.0463417
0.7879041 0.0477833
0.7777851 0.0491815
0.7674988 0.0505304
0.7570514 0.0518251
0.7464491 0.0530615
0.7356984 0.0542371
0.7248057 0.0553503
0.7137775 0.056401
0.7026207 0.0573903
0.6913417 0.0583201
0.6799475 0.0591934
0.6684449 0.0600135
0.6568409 0.0607842
0.6451423 0.061509
0.6333564 0.0621912
0.6214901 0.0628337
0.6095506 0.0634385
0.5975452 0.0640069
0.5854809 0.0645393
0.5733652 0.0650354
0.5612053 0.0654941
0.5490086 0.0659139
0.5367823 0.066293
0.5245338 0.0666296
0.5122706 0.0669219
0.5 0.0671687
0.4877294 0.0673694
0.4754662 0.0675239
0.4632177 0.0676331
0.4509914 0.0676985
0.4387947 0.0677221
0.4266348 0.0677067
0.4145191 0.067655
0.4024548 0.0675701
0.3904494 0.0674546
0.3785099 0.0673107
0.3666436 0.06714
0.3548577 0.0669432
0.3431591 0.06672
0.3315551 0.0664694
0.3200525 0.0661893
0.3086583 0.0658771
0.2973793 0.0655294
0.2862225 0.0651431
0.2751943 0.0647147
0.2643016 0.0642415
0.2535509 0.0637212
0.2429486 0.0631527
0.2325012 0.0625358
0.2222149 0.0618717
0.2120959 0.0611624
0.2021503 0.0604113
0.1923842 0.0596225
0.1828034 0.0588005
0.1734136 0.0579499
0.1642205 0.057075
0.1552297 0.0561795
0.1464466 0.0552656
0.1378765 0.0543343
0.1295244 0.0533848
0.1213956 0.052414
0.1134948 0.0514175
0.1058268 0.0503887
0.0983962 0.0493194
0.0912076 0.0482007
0.0842652 0.0470228
0.0775732 0.0457757
0.0711357 0.0444504
0.0649565 0.0430388
0.0590394 0.0415345
0.0533878 0.0399336
0.0480054 0.0382345
0.0428951 0.0364388
0.0380602 0.0345505
0.0335036 0.0325767
0.029228 0.0305267
0.0252359 0.028412
0.0215298 0.0262453
0.018112 0.0240402
0.0149844 0.0218102
0.0121489 0.0195682
0.0096074 0.0173258
0.0073612 0.0150926
0.0054117 0.0128758
0.0037602 0.0106802
0.0024076 0.0085076
0.0013548 0.0063573
0.0006023 0.0042262
0.0001506 0.0021092
0.0 0.0
0.0001506 -0.0012911
0.0006023 -0.0025744
0.0013548 -0.0038422
0.0024076 -0.005087
0.0037602 -0.0063028
0.0054117 -0.0074847
0.0073612 -0.0086291
0.0096074 -0.0097343
0.0121489 -0.0107999
0.0149844 -0.0118273
0.018112 -0.0128192
0.0215298 -0.0137797
0.0252359 -0.0147137
0.029228 -0.0156271
0.0335036 -0.0165261
0.0380602 -0.0174172
0.0428951 -0.0183066
0.0480054 -0.0192005
0.0533878 -0.0201042
0.0590394 -0.0210228
0.0649565 -0.0219601
0.0711357 -0.0229194
0.0775732 -0.023903
0.0842652 -0.0249126
0.0912076 -0.0259487
0.0983962 -0.0270116
0.1058268 -0.0281007
0.1134948 -0.0292148
0.1213956 -0.0303525
0.1295244 -0.0315115
0.1378765 -0.0326896
0.1464466 -0.0338836
0.1552297 -0.0350902
0.1642205 -0.0363052
0.1734136 -0.0375242
0.1828034 -0.0387418
0.1923842 -0.0399521
0.2021503 -0.0411483
0.2120959 -0.0423232
0.2222149 -0.0434687
0.2325012 -0.0445762
0.2429486 -0.0456369
0.2535509 -0.0466416
0.2643016 -0.0475813
0.2751943 -0.0484472
0.2862225 -0.049231
0.2973793 -0.0499251
0.3086583 -0.0505231
0.3200525 -0.0510197
0.3315551 -0.0514108
0.3431591 -0.0516938
0.3548577 -0.0518676
0.3666436 -0.0519325
0.3785099 -0.0518897
0.3904494 -0.0517419
0.4024548 -0.0514922
0.4145191 -0.0511444
0.4266348 -0.0507026
0.4387947 -0.0501707
0.4509914 -0.0495522
0.4632177 -0.0488501
0.4754662 -0.0480663
0.4877294 -0.0472021
0.5 -0.0462577
0.5122706 -0.0452323
0.5245338 -0.0441242
0.5367823 -0.0429313
0.5490086 -0.041651
0.5612053 -0.0402806
0.5733652 -0.038818
0.5854809 -0.0372615
0.5975452 -0.0356106
0.6095506 -0.0338662
0.6214901 -0.0320307
0.6333564 -0.0301085
0.6451423 -0.0281062
0.6568409 -0.0260322
0.6684449 -0.023897
0.6799475 -0.021713
0.6913417 -0.0194943
0.7026207 -0.0172564
0.7137775 -0.0150157
0.7248057 -0.0127893
0.7356984 -0.0105946
0.7464491 -0.0084486
0.7570514 -0.0063679
0.7674988 -0.0043679
0.7777851 -0.002463
0.7879041 -0.0006659
0.7978497 0.0010127
0.8076158 0.0025637
0.8171966 0.00398
0.8265864 0.0052566
0.8357795 0.0063902
0.8447703 0.0073793
0.8535534 0.0082243
0.8621235 0.0089267
0.8704756 0.0094896
0.8786044 0.009917
0.8865052 0.0102139
0.8941732 0.0103859
0.9016038 0.0104396
0.9087924 0.0103818
0.9157348 0.0102197
0.9224268 0.0099611
0.9288643 0.0096139
0.9350435 0.0091865
0.9409606 0.0086873
0.9466122 0.0081253
0.9519946 0.0075094
0.9571049 0.0068491
0.9619398 0.0061539
0.9664964 0.0054336
0.970772 0.0046981
0.9747641 0.0039575
0.9784702 0.0032217
0.981888 0.0025006
0.9850156 0.0018039
0.9878511 0.0011412
0.9903926 0.0005212
0.9926388 -4.76e-05
0.9945883 -0.0005573
0.9962398 -0.0010011
0.9975924 -0.0013729
0.9986452 -0.0016675
0.9993977 -0.0018809
0.9998494 -0.0020101
1.0 -0.0020534
