1.0 0.002045
0.9998494 0.0020975
0.9993977 0.0022548
0.9986452 0.0025169
0.9975924 0.0028834
0.9962398 0.0033538
0.9945883 0.0039271
0.9926388 0.004602
0.9903926 0.0053765
0.9878511 0.006248
0.9850156 0.007213
0.981888 0.0082675
0.9784702 0.0094065
0.9747641 0.0106245
0.970772 0.0119154
0.9664964 0.0132726
0.9619398 0.0146894
0.9571049 0.016159
0.9519946 0.0176749
0.9466122 0.019231
0.9409606 0.0208215
0.9350435 0.0224417
0.9288643 0.0240875
0.9224268 0.0257554
0.9157348 0.0274428
0.9087924 0.0291477
0.9016038 0.0308684
0.8941732 0.0326037
0.8865052 0.034352
0.8786044 0.0361118
0.8704756 0.0378809
0.8621235 0.0396566
0.8535534 0.0414352
0.8447703 0.0432122
0.8357795 0.0449821
0.8265864 0.0467388
0.8171966 0.0484751
0.8076158 0.0501835
0.7978497 0.0518563
0.7879041 0.0534857
0.7777851 0.0550642
0.7674988 0.0565851
0.7570514 0.0580423
0.7464491 0.0594312
0.7356984 0.0607482
0.7248057 0.0619911
0.7137775 0.0631592
0.7026207 0.0642529
0.6913417 0.0652738
0.6799475 0.0662245
0.6684449 0.0671082
0.6568409 0.0679285
0.6451423 0.0686891
0.6333564 0.0693933
0.6214901 0.0700443
0.6095506 0.0706445
0.5975452 0.0711956
0.5854809 0.0716986
0.5733652 0.0721537
0.5612053 0.0725604
0.5490086 0.0729178
0.5367823 0.0732248
0.5245338 0.0734801
0.5122706 0.0736827
0.5 0.0738317
0.4877294 0.073927
0.4754662 0.0739692
0.4632177 0.0739592
0.4509914 0.0738989
0.4387947 0.0737907
0.4266348 0.0736374
0.4145191 0.0734419
0.4024548 0.0732075
0.3904494 0.0729367
0.3785099 0.0726319
0.3666436 0.0722947
0.3548577 0.0719259
0.3431591 0.0715254
0.3315551 0.0710922
0.3200525 0.0706245
0.3086583 0.07012
0.2973793 0.0695758
0.2862225 0.0689889
0.2751943 0.0683566
0.2643016 0.0676765
0.2535509 0.0669472
0.2429486 0.066168
0.2325012 0.0653398
0.2222149 0.0644642
0.2120959 0.0635444
0.2021503 0.0625845
0.1923842 0.0615895
0.1828034 0.0605647
0.1734136 0.0595157
0.1642205 0.0584477
0.1552297 0.0573651
0.1464466 0.056271
0.1378765 0.0551672
0.1295244 0.0540534
0.1213956 0.0529274
0.1134948 0.0517852
0.1058268 0.0506207
0.0983962 0.0494264
0.0912076 0.0481933
0.0842652 0.046912
0.0775732 0.0455729
0.0711357 0.0441667
0.0649565 0.0426854
0.0590394 0.0411225
0.0533878 0.0394738
0.0480054 0.0377376
0.0428951 0.0359147
0.0380602 0.0340089
0.0335036 0.0320268
0.029228 0.0299771
0.0252359 0.0278705
0.0215298 0.0257193
0.018112 0.0235363
0.0149844 0.0213345
0.0121489 0.019126
0.0096074 0.0169217
0.0073612 0.0147306
0.0054117 0.0125595
0.0037602 0.0104124
0.0024076 0.0082907
0.0013548 0.006193
0.0006023 0.0041159
0.0001506 0.0020539
0.0 0.0
0.0001506 -0.0012548
0.0006023 -0.0025018
0.0013548 -0.0037327
0.0024076 -0.0049401
0.0037602 -0.0061176
0.0054117 -0.0072601
0.0073612 -0.008364
0.0096074 -0.009427
0.0121489 -0.0104488
0.0149844 -0.0114303
0.018112 -0.0123742
0.0215298 -0.013284
0.0252359 -0.0141645
0.029228 -0.0150213
0.0335036 -0.0158603
0.0380602 -0.0166874
0.0428951 -0.0175089
0.0480054 -0.0183303
0.0533878 -0.0191567
0.0590394 -0.0199927
0.0649565 -0.0208417
0.0711357 -0.0217067
0.0775732 -0.0225897
0.0842652 -0.0234916
0.0912076 -0.0244131
0.0983962 -0.0253537
0.1058268 -0.0263126
0.1134948 -0.0272884
0.1213956 -0.0282792
0.1295244 -0.0292829
0.1378765 -0.0302967
0.1464466 -0.0313176
0.1552297 -0.0323421
0.1642205 -0.0333664
0.1734136 -0.0343859
0.1828034 -0.0353958
0.1923842 -0.0363904
0.2021503 -0.0373635
0.2120959 -0.0383085
0.2222149 -0.0392181
0.2325012 -0.0400846
0.2429486 -0.0409003
0.2535509 -0.041657
0.2643016 -0.0423471
0.2751943 -0.0429631
0.2862225 -0.0434981
0.2973793 -0.0439462
0.3086583 -0.0443024
0.3200525 -0.0445631
0.3315551 -0.044726
0.3431591 -0.0447899
0.3548577 -0.0447555
0.3666436 -0.0446243
0.3785099 -0.0443993
0.3904494 -0.0440843
0.4024548 -0.0436837
0.4145191 -0.0432023
0.4266348 -0.0426449
0.4387947 -0.0420162
0.4509914 -0.0413201
0.4632177 -0.0405597
0.4754662 -0.0397373
0.4877294 -0.0388537
0.5 -0.0379088
0.5122706 -0.0369013
0.5245338 -0.0358289
0.5367823 -0.0346885
0.5490086 -0.0334766
0.5612053 -0.0321896
0.5733652 -0.0308239
0.5854809 -0.029377
0.5975452 -0.027847
0.6095506 -0.0262337
0.6214901 -0.0245386
0.6333564 -0.0227648
0.6451423 -0.020918
0.6568409 -0.0190056
0.6684449 -0.0170373
0.6799475 -0.0150249
0.6913417 -0.0129818
0.7026207 -0.0109228
0.7137775 -0.0088642
0.7248057 -0.0068224
0.7356984 -0.0048147
0.7464491 -0.0028578
0.7570514 -0.0009681
0.7674988 0.0008392
0.7777851 0.00255
0.7879041 0.0041518
0.7978497 0.0056339
0.8076158 0.0069875
0.8171966 0.008206
0.8265864 0.0092845
0.8357795 0.0102201
0.8447703 0.0110119
0.8535534 0.0116604
0.8621235 0.0121679
0.8704756 0.0125379
0.8786044 0.0127749
0.8865052 0.0128844
0.8941732 0.0128729
0.9016038 0.0127472
0.9087924 0.0125147
0.9157348 0.0121832
0.9224268 0.011761
0.9288643 0.0112564
0.9350435 0.0106781
0.9409606 0.0100349
0.9466122 0.0093361
0.9519946 0.0085908
0.9571049 0.0078087
0.9619398 0.0069994
0.9664964 0.0061728
0.970772 0.0053387
0.9747641 0.0045071
0.9784702 0.003688
0.981888 0.0028911
0.9850156 0.002126
0.9878511 0.0014019
0.9903926 0.0007278
0.9926388 0.0001117
0.9945883 -0.0004386
0.9962398 -0.0009165
0.9975924 -0.0013159
0.9986452 -0.0016319
0.9993977 -0.0018604
0.9998494 -0.0019987
1.0 -0.002045
