1.0 0.0019024
0.9998494 0.0019554
0.9993977 0.0021144
0.9986452 0.002379
0.9975924 0.0027491
0.9962398 0.0032239
0.9945883 0.0038025
0.9926388 0.0044833
0.9903926 0.0052643
0.9878511 0.0061427
0.9850156 0.0071149
0.981888 0.0081767
0.9784702 0.0093229
0.9747641 0.0105478
0.970772 0.0118451
0.9664964 0.0132082
0.9619398 0.0146301
0.9571049 0.0161038
0.9519946 0.0176229
0.9466122 0.019181
0.9409606 0.0207726
0.9350435 0.0223929
0.9288643 0.0240377
0.9224268 0.025704
0.9157348 0.0273894
0.9087924 0.0290921
0.9016038 0.030811
0.8941732 0.0325452
0.8865052 0.0342939
0.8786044 0.0360561
0.8704756 0.0378304
0.8621235 0.0396146
0.8535534 0.0414061
0.8447703 0.0432009
0.8357795 0.0449944
0.8265864 0.0467812
0.8171966 0.0485547
0.8076158 0.0503081
0.7978497 0.052034
0.7879041 0.0537251
0.7777851 0.0553741
0.7674988 0.0569743
0.7570514 0.0585195
0.7464491 0.0600047
0.7356984 0.0614258
0.7248057 0.06278
0.7137775 0.0640656
0.7026207 0.065282
0.6913417 0.0664295
0.6799475 0.0675094
0.6684449 0.0685232
0.6568409 0.069473
0.6451423 0.0703606
0.6333564 0.0711878
0.6214901 0.0719558
0.6095506 0.0726654
0.5975452 0.0733164
0.5854809 0.0739082
0.5733652 0.0744395
0.5612053 0.0749083
0.5490086 0.0753127
0.5367823 0.0756504
0.5245338 0.0759192
0.5122706 0.0761176
0.5 0.0762443
0.4877294 0.0762992
0.4754662 0.0762828
0.4632177 0.0761967
0.4509914 0.0760432
0.4387947 0.0758257
0.4266348 0.0755481
0.4145191 0.0752148
0.4024548 0.0748302
0.3904494 0.0743989
0.3785099 0.0739248
0.3666436 0.0734115
0.3548577 0.0728618
0.3431591 0.0722775
0.3315551 0.0716597
0.3200525 0.0710086
0.3086583 0.0703236
0.2973793 0.0696036
0.2862225 0.0688475
0.2751943 0.0680539
0.2643016 0.067222
0.2535509 0.0663513
0.2429486 0.0654422
0.2325012 0.0644963
0.2222149 0.063516
0.2120959 0.0625047
0.2021503 0.0614667
0.1923842 0.0604071
0.1828034 0.059331
0.1734136 0.0582438
0.1642205 0.0571501
0.1552297 0.0560539
0.1464466 0.0549577
0.1378765 0.0538624
0.1295244 0.0527671
0.1213956 0.0516688
0.1134948 0.0505626
0.1058268 0.0494415
0.0983962 0.0482971
0.0912076 0.0471196
0.0842652 0.0458986
0.0775732 0.0446235
0.0711357 0.0432843
0.0649565 0.0418719
0.0590394 0.0403791
0.0533878 0.0388007
0.0480054 0.037134
0.0428951 0.0353794
0.0380602 0.0335396
0.0335036 0.0316206
0.029228 0.0296304
0.0252359 0.0275792
0.0215298 0.0254788
0.018112 0.0233415
0.0149844 0.0211802
0.0121489 0.0190068
0.0096074 0.0168323
0.0073612 0.0146659
0.0054117 0.0125144
0.0037602 0.0103824
0.0024076 0.0082718
0.0013548 0.006182
0.0006023 0.0041101
0.0001506 0.0020514
0.0 0.0
0.0001506 -0.0012903
0.0006023 -0.0025737
0.0013548 -0.0038431
0.0024076 -0.0050919
0.0037602 -0.0063146
0.0054117 -0.0075069
0.0073612 -0.0086657
0.0096074 -0.0097896
0.0121489 -0.0108785
0.0149844 -0.0119337
0.018112 -0.0129578
0.0215298 -0.0139547
0.0252359 -0.0149288
0.029228 -0.0158856
0.0335036 -0.0168305
0.0380602 -0.0177693
0.0428951 -0.0187074
0.0480054 -0.0196501
0.0533878 -0.0206018
0.0590394 -0.0215663
0.0649565 -0.0225465
0.0711357 -0.0235448
0.0775732 -0.0245624
0.0842652 -0.0255997
0.0912076 -0.0266567
0.0983962 -0.0277324
0.1058268 -0.0288254
0.1134948 -0.0299338
0.1213956 -0.0310555
0.1295244 -0.0321876
0.1378765 -0.0333272
0.1464466 -0.0344709
0.1552297 -0.0356151
0.1642205 -0.0367557
0.1734136 -0.037888
0.1828034 -0.039007
0.1923842 -0.0401071
0.2021503 -0.0411822
0.2120959 -0.0422256
0.2222149 -0.0432302
0.2325012 -0.0441884
0.2429486 -0.0450926
0.2535509 -0.0459349
0.2643016 -0.0467078
0.2751943 -0.0474039
0.2862225 -0.0480166
0.2973793 -0.0485401
0.3086583 -0.0489694
0.3200525 -0.049301
0.3315551 -0.0495326
0.3431591 -0.0496629
0.3548577 -0.0496925
0.3666436 -0.0496229
0.3785099 -0.0494567
0.3904494 -0.0491974
0.4024548 -0.0488493
0.4145191 -0.0484169
0.4266348 -0.0479046
0.4387947 -0.0473168
0.4509914 -0.0466571
0.4632177 -0.0459285
0.4754662 -0.0451328
0.4877294 -0.0442708
0.5 -0.0433423
0.5122706 -0.0423459
0.5245338 -0.0412792
0.5367823 -0.0401392
0.5490086 -0.0389224
0.5612053 -0.0376254
0.5733652 -0.0362449
0.5854809 -0.0347783
0.5975452 -0.033224
0.6095506 -0.031582
0.6214901 -0.0298538
0.6333564 -0.0280429
0.6451423 -0.0261547
0.6568409 -0.024197
0.6684449 -0.0221794
0.6799475 -0.0201134
0.6913417 -0.0180126
0.7026207 -0.0158917
0.7137775 -0.0137664
0.7248057 -0.0116534
0.7356984 -0.0095694
0.7464491 -0.007531
0.7570514 -0.0055544
0.7674988 -0.0036547
0.7777851 -0.0018458
0.7879041 -0.0001401
0.7978497 0.0014519
0.8076158 0.0029214
0.8171966 0.0042614
0.8265864 0.0054671
0.8357795 0.0065354
0.8447703 0.0074649
0.8535534 0.0082559
0.8621235 0.0089102
0.8704756 0.0094306
0.8786044 0.0098213
0.8865052 0.0100871
0.8941732 0.0102336
0.9016038 0.0102673
0.9087924 0.0101947
0.9157348 0.0100229
0.9224268 0.0097594
0.9288643 0.009412
0.9350435 0.0089885
0.9409606 0.0084973
0.9466122 0.0079467
0.9519946 0.0073454
0.9571049 0.0067025
0.9619398 0.006027
0.9664964 0.0053282
0.970772 0.0046157
0.9747641 0.0038989
0.9784702 0.0031874
0.981888 0.0024906
0.9850156 0.0018178
0.9878511 0.0011781
0.9903926 0.0005799
0.9926388 3.13e-05
0.9945883 -0.0004603
0.9962398 -0.0008882
0.9975924 -0.0012466
0.9986452 -0.0015305
0.9993977 -0.0017362
0.9998494 -0.0018607
1.0 -0.0019024
