1.0 0.0015764787037647315
0.9998494093481021 0.0016481805713281902
0.9993977281025862 0.0018618441312496777
0.9986452283393451 0.0022131984699421047
0.9975923633360985 0.0026953068821740367
0.9962397672993549 0.0032988302540987334
0.9945882549823906 0.004012378589212837
0.9926388211944706 0.004822934549435055
0.9903926402016152 0.005716329751782396
0.9878510650192642 0.006677752418591101
0.985015626597272 0.007692263923735062
0.98188803289772 0.008745301845696048
0.9784701678661044 0.009823148305232808
0.9747640902965183 0.010913344545754254
0.9707720325915102 0.012005035769724526
0.9664963994173694 0.013089233991571574
0.9619397662556433 0.014158990890986316
0.9571048778517655 0.015209477115147576
0.9519946465617215 0.01623796894400964
0.9466121505977576 0.017243747467788912
0.9409606321741775 0.018227919220435845
0.9350434955543556 0.019193170390414422
0.928864305000136 0.02014346915565252
0.9224267826248536 0.02108373227592574
0.9157348061512727 0.022019472786606265
0.9087924065757916 0.022956445486137463
0.9016037657403225 0.023900305955889618
0.894173213813303 0.024856297195765757
0.8865052266813687 0.025828975734745917
0.8786044232532422 0.026821986437501416
0.8704755626774794 0.027837892342986337
0.8621235414757333 0.028878062906317482
0.8535533905932737 0.02994262113009792
0.8447702723685334 0.031030447406782118
0.8357794774235092 0.03213923556621001
0.8265864214768883 0.03326559471906065
0.8171966420818224 0.034405189062647175
0.8076157952903136 0.035552906892856125
0.7978496522462164 0.03670304963737499
0.7879040957089227 0.03784953175621733
0.7777851165098009 0.03898608278998193
0.7674988099435485 0.04010644360281887
0.7570513720966108 0.04120454988531382
0.746449096114892 0.042274697169372884
0.7356983684129987 0.04331168288281394
0.7248056648273034 0.04431092226381817
0.713777546715141 0.04526853620430034
0.7026206570024947 0.04618141024996659
0.691341716182545 0.047047225021177
0.6799475182674938 0.04786445921444607
0.6684449266961098 0.04863236709344236
0.6568408701994456 0.04935093298431646
0.645142338627231 0.050020805763360904
0.6333563787374491 0.05064321667915847
0.6214900899516319 0.051219884100783444
0.6095506200784349 0.051752908940637145
0.5975451610080642 0.05224466457381153
0.5854809443801506 0.05269768506965052
0.5733652372276805 0.05311455546512837
0.5612053375996082 0.05349780763994129
0.54900857016478 0.05384982509403218
0.5367822817998334 0.05417275957401346
0.5245338371637088 0.05446846204246646
0.512270614261456 0.05473842993490567
0.4999999999999999 0.054983772011378
0.4877293857385438 0.055205191399066135
0.475466162836291 0.05540298666290888
0.46321771820016633 0.05557706996485883
0.4509914298352198 0.055727000616923345
0.43879466240039156 0.05585203164047411
0.42663476277231926 0.0559511663573101
0.41451905561984914 0.05602322159698479
0.4024548389919357 0.05606689384426983
0.3904493799215649 0.05608082459520546
0.3785099100483679 0.056063661352564235
0.36664362126255073 0.05601411106998135
0.35485766137276875 0.05593098343140868
0.3431591298005543 0.05581322209677092
0.33155507330389 0.05565992290997392
0.320052481732506 0.05547033899508313
0.30865828381745486 0.055243873596753125
0.29737934299750524 0.054980062385453436
0.28622245328485874 0.05467854768269873
0.27519433517269654 0.054339047609809205
0.26430163158700104 0.05396132348128996
0.2535509038851079 0.053545148822428314
0.2429486279033891 0.053090283180777666
0.23250119005645137 0.05259645343384083
0.2222148834901989 0.05206334460177328
0.2120959042910774 0.051490601304166585
0.20215034775378343 0.0508778400191488
0.19238420470968637 0.050224671287133205
0.18280335791817703 0.04953073003172363
0.17341357852311146 0.048795711326725076
0.16422052257649067 0.04801940829379401
0.15522972763146647 0.04720174842958995
0.14644660940672616 0.046342824575597505
0.1378764585242665 0.04544291697705859
0.12952443732252045 0.04450250342419839
0.12139557674675777 0.04352225529876565
0.11349477331863145 0.04250301840805775
0.10582678618669683 0.041445778703270604
0.09839623425967753 0.040351614260381766
0.09120759342420814 0.03922163615232803
0.08426519384872727 0.0380569219619503
0.07757321737514639 0.036858446583009255
0.07113569499986394 0.035627015551752364
0.06495650444564427 0.0343632063840199
0.059039367825822475 0.033067323227598276
0.05338784940224234 0.03173936956971522
0.048005353438278275 0.03037904278822112
0.042895122148234655 0.028985753054087952
0.038060233744356575 0.02755866756036028
0.03350360058263052 0.02609677936763545
0.029227967408489597 0.024598998431952086
0.025235909703481607 0.023064260737588216
0.021529832133895532 0.02149165001270341
0.018111967102280024 0.01988052536745874
0.014984373402728013 0.018230647451191836
0.012148934980735715 0.016542295441110424
0.009607359798384785 0.014816367383172428
0.007361178805529334 0.013054457106389479
0.005411745017609493 0.01125890209085488
0.0037602327006450165 0.009432798221313593
0.0024076366639015356 0.0075799792080241775
0.0013547716606548965 0.005704960489080788
0.0006022718974137975 0.0038128495132859447
0.00015059065189787502 0.0019092263048966613
0.0 0.0
0.00015059065189787502 -0.0017684287314623575
0.0006022718974137975 -0.0035275108661886262
0.0013547716606548965 -0.005267712455647584
0.0024076366639015356 -0.0069800623505763245
0.0037602327006450165 -0.008656403402515883
0.005411745017609493 -0.010289609028709054
0.007361178805529334 -0.01187375643963001
0.009607359798384785 -0.013404250054234746
0.012148934980735715 -0.014877891159854205
0.014984373402728013 -0.016292892567312152
0.018111967102280024 -0.017648839715236245
0.021529832133895532 -0.01894660223977542
0.025235909703481607 -0.020188202306403523
0.029227967408489597 -0.02137664787713593
0.03350360058263052 -0.022515740462925527
0.038060233744356575 -0.023609867722013678
0.042895122148234655 -0.024663791479981306
0.048005353438278275 -0.025682441371519517
0.05338784940224234 -0.026670723377869
0.059039367825822475 -0.027633351129752064
0.06495650444564427 -0.028574706062626236
0.07113569499986394 -0.029498730468685935
0.07757321737514639 -0.030408855320165608
0.08426519384872727 -0.031307962577111936
0.09120759342420814 -0.032198379671303956
0.09839623425967753 -0.03308190209514066
0.10582678618669683 -0.03395983861894959
0.11349477331863145 -0.03483307268550518
0.12139557674675777 -0.03570213303010072
0.12952443732252045 -0.0365672665600435
0.1378764585242665 -0.037428506978978725
0.14644660940672616 -0.03828573350938933
0.15522972763146647 -0.03913871527569467
0.16422052257649067 -0.03998713836523468
0.17341357852311146 -0.040830614176420144
0.18280335791817703 -0.0416686692780419
0.19238420470968637 -0.04250071852875786
0.20215034775378343 -0.04332602453821143
0.2120959042910774 -0.04414364760439281
0.2222148834901989 -0.0449523909707773
0.23250119005645137 -0.04575074657214757
0.2429486279033891 -0.04653684636833741
0.2535509038851079 -0.04730842391689059
0.26430163158700104 -0.04806279005159061
0.27519433517269654 -0.048796825479542984
0.28622245328485874 -0.049506991868331233
0.29737934299750524 -0.05018936166169444
0.30865828381745486 -0.050839665536898296
0.320052481732506 -0.05145335519681509
0.33155507330389 -0.05202567816273632
0.3431591298005543 -0.052551760472763206
0.35485766137276875 -0.05302669274745398
0.36664362126255073 -0.053445614987535625
0.3785099100483679 -0.05380379572043185
0.3904493799215649 -0.054096701689937424
0.4024548389919357 -0.05432005513955195
0.41451905561984914 -0.054469876807426425
0.42663476277231926 -0.054542513946901336
0.43879466240039156 -0.05453465391927033
0.4509914298352198 -0.05444332508014922
0.46321771820016633 -0.05426588770744099
0.475466162836291 -0.05400001851800748
0.4877293857385438 -0.05364369282912362
0.4999999999999999 -0.05319516859823637
0.512270614261456 -0.05265297640354587
0.5245338371637088 -0.05201591891732719
0.5367822817998334 -0.05128308260792542
0.54900857016478 -0.05045386334224958
0.5612053375996082 -0.0495280063247492
0.5733652372276805 -0.04850565949145095
0.5854809443801506 -0.047387438176238986
0.5975451610080642 -0.046174497679206526
0.6095506200784349 -0.04486860938498387
0.6214900899516319 -0.04347223538057167
0.6333563787374491 -0.04198859616636134
0.645142338627231 -0.040421726076065964
0.6568408701994456 -0.038776511430014766
0.6684449266961098 -0.037058707222852
0.6799475182674938 -0.03527492924553543
0.691341716182545 -0.03343261989305057
0.7026206570024947 -0.031539987424345786
0.713777546715141 -0.02960592001698646
0.7248056648273034 -0.027639877486710415
0.7356983684129987 -0.02565176491322379
0.746449096114892 -0.02365179352868781
0.7570513720966108 -0.021650335000702656
0.7674988099435485 -0.019657775615573407
0.7777851165098009 -0.017684376805472923
0.7879040957089227 -0.015740147959917794
0.7978496522462164 -0.013834736543789632
0.8076157952903136 -0.01197733926682275
0.8171966420818224 -0.010176636495567014
0.8265864214768883 -0.008440750372394905
0.8357794774235092 -0.0067772253261859225
0.8447702723685334 -0.005193027951930954
0.8535533905932737 -0.0036945617263359405
0.8621235414757333 -0.00228769082816125
0.8704755626774794 -0.00097776654199441
0.8786044232532422 0.00023035058635743856
0.8865052266813687 0.0013322794652285894
0.894173213813303 0.0023241239301899494
0.9016037657403225 0.003202499630364417
0.9087924065757916 0.00396458532059706
0.9157348061512727 0.004608199554292347
0.9224267826248536 0.0051319015614764265
0.928864305000136 0.005535112815396582
0.9350434955543556 0.0058182535902914275
0.9409606321741775 0.00598288684499446
0.9466121505977576 0.006031860174584137
0.9519946465617215 0.005969435479386333
0.9571048778517655 0.005801395503975666
0.9619397662556433 0.005535116560851027
0.9664963994173694 0.005179597597424642
0.9707720325915102 0.004745437272371552
0.9747640902965183 0.00424475281803442
0.9784701678661044 0.0036910370802217753
0.98188803289772 0.0030989531122255984
0.985015626597272 0.002484068896546473
0.9878510650192642 0.001862537998582966
0.9903926402016152 0.0012507350373499675
0.9926388211944706 0.0006648576090311179
0.9945882549823906 0.00012050855460734233
0.9962397672993549 -0.000367725917281396
0.9975923633360985 -0.0007866858631486551
0.9986452283393451 -0.0011250185339626987
0.9993977281025862 -0.0013735149003791258
0.9998494093481021 -0.0015253876347919605
1.0 -0.0015764787037647315
