1.0 0.0013642725444652842
0.9998494093481021 0.0014498869665047996
0.9993977281025862 0.0017052269056192092
0.9986452283393451 0.0021258385391854043
0.9975923633360985 0.0027044834237272422
0.9962397672993549 0.0034314064210247295
0.9945882549823906 0.0042946933465140506
0.9926388211944706 0.005280701988826941
0.9903926402016152 0.006374546973452063
0.9878510650192642 0.0075606167697439865
0.985015626597272 0.008823100067740284
0.98188803289772 0.010146498816507839
0.9784701678661044 0.011516106392952604
0.9747640902965183 0.01291843157276658
0.9707720325915102 0.014341552062852751
0.9664963994173694 0.015775385141820992
0.9619397662556433 0.017211867223740455
0.9571048778517655 0.01864503867264708
0.9519946465617215 0.02007103470869575
0.9466121505977576 0.02148798752776349
0.9409606321741775 0.022895848593507715
0.9350434955543556 0.024296143276636855
0.928864305000136 0.025691672475175998
0.9224267826248536 0.02708617746473176
0.9157348061512727 0.028483984963045876
0.9087924065757916 0.02988964926264655
0.9016037657403225 0.031307607350008045
0.894173213813303 0.03274186129049949
0.8865052266813687 0.034195699948602276
0.8786044232532422 0.035671469487419505
0.8704755626774794 0.037170399216645174
0.8621235414757333 0.038692486400810536
0.8535533905932737 0.04023644075729008
0.8447702723685334 0.041799686705825255
0.8357794774235092 0.0433784190930144
0.8265864214768883 0.044967706191753935
0.8171966420818224 0.04656163232069524
0.8076157952903136 0.04815347146435746
0.7978496522462164 0.04973588279288639
0.7879040957089227 0.0513011189480455
0.7777851165098009 0.05284123832477475
0.7674988099435485 0.054348313266908296
0.7570513720966108 0.05581462703467078
0.746449096114892 0.057232853511619684
0.7356983684129987 0.05859621482462781
0.7248056648273034 0.059898613285165055
0.713777546715141 0.06113473526768362
0.7026206570024947 0.06230012577851068
0.691341716182545 0.06339123350693607
0.6799475182674938 0.06440542707234564
0.6684449266961098 0.06534098398114106
0.6568408701994456 0.06619705448666839
0.645142338627231 0.06697360311128195
0.6333563787374491 0.06767133105081213
0.6214900899516319 0.06829158304613761
0.6095506200784349 0.06883624257953407
0.5975451610080642 0.06930761943615497
0.5854809443801506 0.06970833376016916
0.5733652372276805 0.07004120072371857
0.5612053375996082 0.07030911980560273
0.54900857016478 0.0705149724358027
0.5367822817998334 0.0706615313941763
0.5245338371637088 0.07075138485415447
0.512270614261456 0.07078687733931566
0.4999999999999999 0.0707700691253315
0.4877293857385438 0.07070271479467063
0.475466162836291 0.07058626076900211
0.46321771820016633 0.07042186074542359
0.4509914298352198 0.07021040709491391
0.43879466240039156 0.06995257549569617
0.42663476277231926 0.0696488794212079
0.41451905561984914 0.06929973062852147
0.4024548389919357 0.06890550153635859
0.3904493799215649 0.06846658536817689
0.3785099100483679 0.06798345017587493
0.36664362126255073 0.0674566833469818
0.35485766137276875 0.06688702390838179
0.3431591298005543 0.06627538083107203
0.33155507330389 0.06562283655647827
0.320052481732506 0.06493063603719301
0.30865828381745486 0.0642001626384135
0.29737934299750524 0.06343290320405523
0.28622245328485874 0.06263040538100594
0.27519433517269654 0.061794230853835674
0.26430163158700104 0.06092590842336132
0.2535509038851079 0.060026890838267975
0.2429486279033891 0.059098518954478305
0.23250119005645137 0.05814199617090048
0.2222148834901989 0.05715837521454197
0.2120959042910774 0.05614855828554436
0.20215034775378343 0.05511331040295846
0.19238420470968637 0.05405328460563181
0.18280335791817703 0.05296905655444981
0.17341357852311146 0.051861165144567574
0.16422052257649067 0.05073015505131099
0.15522972763146647 0.049576616766323
0.14644660940672616 0.04840121967397462
0.1378764585242665 0.047204734088007454
0.12952443732252045 0.04598803890189555
0.12139557674675777 0.04475211256161383
0.11349477331863145 0.043498006377692404
0.10582678618669683 0.042226800663465465
0.09839623425967753 0.040939545710808434
0.09120759342420814 0.03963719107721715
0.08426519384872727 0.03832050794245302
0.07757321737514639 0.0369900102914001
0.07113569499986394 0.03564588130153491
0.06495650444564427 0.0342879114922226
0.059039367825822475 0.03291545489286391
0.05338784940224234 0.031527408705620714
0.048005353438278275 0.03012222070915607
0.042895122148234655 0.028697927039600023
0.038060233744356575 0.027252221090995232
0.03350360058263052 0.025782552220981872
0.029227967408489597 0.0242862508656072
0.025235909703481607 0.022760674703604822
0.021529832133895532 0.02120336880545168
0.018111967102280024 0.019612231382523014
0.014984373402728013 0.01798567592035089
0.012148934980735715 0.01632278021017773
0.009607359798384785 0.01462341312092456
0.007361178805529334 0.012888330875688931
0.005411745017609493 0.01111923606886197
0.0037602327006450165 0.00931879459968313
0.0024076366639015356 0.007490607990277073
0.0013547716606548965 0.005639141060029774
0.0006022718974137975 0.0037696074863737125
0.00015059065189787502 0.0018878182317408746
0.0 0.0
0.00015059065189787502 -0.0017403325180547255
0.0006022718974137975 -0.0034757176605634604
0.0013547716606548965 -0.005200965389440524
0.0024076366639015356 -0.006911214427281599
0.0037602327006450165 -0.008602077310033394
0.005411745017609493 -0.010269763250160298
0.007361178805529334 -0.011911173264574314
0.009607359798384785 -0.01352396347281458
0.012148934980735715 -0.015106574125346205
0.014984373402728013 -0.01665822368685678
0.018111967102280024 -0.018178869076856532
0.021529832133895532 -0.01966913486155227
0.025235909703481607 -0.02113021570436432
0.029227967408489597 -0.022563757636141872
0.03350360058263052 -0.023971724634309872
0.038060233744356575 -0.02535625755647265
0.042895122148234655 -0.026719532633947066
0.048005353438278275 -0.028063626493028217
0.05338784940224234 -0.029390394058238893
0.059039367825822475 -0.030701364745626434
0.06495650444564427 -0.0319976611372818
0.07113569499986394 -0.033279942917407546
0.07757321737514639 -0.03454837733222986
0.08426519384872727 -0.035802635902307464
0.09120759342420814 -0.037041915656938186
0.09839623425967753 -0.038264981860643976
0.10582678618669683 -0.0394702281339714
0.11349477331863145 -0.040655749092228986
0.12139557674675777 -0.04181942017447004
0.12952443732252045 -0.04295897922813596
0.1378764585242665 -0.04407210464763146
0.14644660940672616 -0.04515648541189004
0.15522972763146647 -0.046209879181698846
0.16422052257649067 -0.04723015564119352
0.17341357852311146 -0.04821532342665822
0.18280335791817703 -0.04916354019979642
0.19238420470968637 -0.05007310661054486
0.20215034775378343 -0.0509424459785645
0.2120959042910774 -0.051770072433810585
0.2222148834901989 -0.05255455093933307
0.23250119005645137 -0.05329445303469041
0.2429486279033891 -0.053988312266229445
0.2535509038851079 -0.054634583111321404
0.26430163158700104 -0.055231606777707214
0.27519433517269654 -0.055777586604906636
0.28622245328485874 -0.05627057496604947
0.29737934299750524 -0.05670847263080583
0.30865828381745486 -0.05708904057533014
0.320052481732506 -0.05740992328685085
0.33155507330389 -0.05766868177855994
0.3431591298005543 -0.057862833865892194
0.35485766137276875 -0.057989898806120634
0.36664362126255073 -0.05804744320086887
0.3785099100483679 -0.0580331251182323
0.3904493799215649 -0.05794473370051563
0.4024548389919357 -0.0577802220586497
0.41451905561984914 -0.057537731971248375
0.42663476277231926 -0.05721560974687961
0.43879466240039156 -0.056812413504311925
0.4509914298352198 -0.05632691300411779
0.46321771820016633 -0.05575808395336627
0.475466162836291 -0.0551050993364174
0.4877293857385438 -0.054367320743278325
0.4999999999999999 -0.05354429283224288
0.512270614261456 -0.05263574395403137
0.5245338371637088 -0.05164159557955214
0.5367822817998334 -0.05056198253320683
0.54900857016478 -0.04939728517911459
0.5612053375996082 -0.04814817369721791
0.5733652372276805 -0.046815663492272466
0.5854809443801506 -0.045401179682348664
0.5975451610080642 -0.04390662759886102
0.6095506200784349 -0.04233446537835095
0.6214900899516319 -0.04068777410916304
0.6333563787374491 -0.0389703206708639
0.645142338627231 -0.03718660840844208
0.6568408701994456 -0.03534191113187069
0.6684449266961098 -0.03344228661477266
0.6799475182674938 -0.031494566749260815
0.691341716182545 -0.029506322740075603
0.7026206570024947 -0.027485805112853173
0.713777546715141 -0.025441859776967557
0.7248056648273034 -0.02338382282258502
0.7356983684129987 -0.021321398042345646
0.746449096114892 -0.019264522254084093
0.7570513720966108 -0.017223224278486177
0.7674988099435485 -0.015207483829918319
0.7777851165098009 -0.013227096569528985
0.7879040957089227 -0.011291551134767297
0.7978496522462164 -0.00940992311618297
0.8076157952903136 -0.007590789747841266
0.8171966420818224 -0.005842167586289342
0.8265864214768883 -0.0041714737720874836
0.8357794774235092 -0.0025855097118011004
0.8447702723685334 -0.0010904643108250746
0.8535533905932737 0.0003080676464708469
0.8621235414757333 0.0016050576155258959
0.8704755626774794 0.00279601240552888
0.8786044232532422 0.003876947163902582
0.8865052266813687 0.0048443689667875345
0.894173213813303 0.005695277077871715
0.9016037657403225 0.00642718475394958
0.9087924065757916 0.007038165839305653
0.9157348061512727 0.00752692739450987
0.9224267826248536 0.007892907369137198
0.928864305000136 0.008136393994457548
0.9350434955543556 0.008258661296204686
0.9409606321741775 0.00826211306699694
0.9466121505977576 0.00815042594330893
0.9519946465617215 0.007928681036010925
0.9571048778517655 0.007603472972507592
0.9619397662556433 0.007182985293924855
0.9664963994173694 0.00667702194376776
0.9707720325915102 0.006096986072537769
0.9747640902965183 0.005455799509307036
0.9784701678661044 0.004767758917668434
0.98188803289772 0.004048327724381033
0.985015626597272 0.003313866219583243
0.9878510650192642 0.0025813055928912594
0.9903926402016152 0.0018677748963309624
0.9926388211944706 0.0011901928219065164
0.9945882549823906 0.000564838572249601
0.9962397672993549 6.9178363473201224e-06
0.9975923633360985 -0.0004698591568818776
0.9986452283393451 -0.0008536704193239771
0.9993977281025862 -0.0011349294866679154
0.9998494093481021 -0.0013065724734901325
1.0 -0.0013642725444652842
