1.0 0.0017803918464918713
0.9998494093481021 0.0018589663774658501
0.9993977281025862 0.002093280504561733
0.9986452283393451 0.0024791605017679286
0.9975923633360985 0.00300982981454216
0.9962397672993549 0.0036761696401604975
0.9945882549823906 0.004467066418741463
0.9926388211944706 0.00536983001470303
0.9903926402016152 0.006370663235150797
0.9878510650192642 0.007455161203086407
0.985015626597272 0.008608818077472612
0.98188803289772 0.009817518724757725
0.9784701678661044 0.011067994169480806
0.9747640902965183 0.012348221896319542
0.9707720325915102 0.013647755199266441
0.9664963994173694 0.014957969587605334
0.9619397662556433 0.016272218542370178
0.9571048778517655 0.01758589543138972
0.9519946465617215 0.018896402891817845
0.9466121505977576 0.02020303524203536
0.9409606321741775 0.021506783278967934
0.9350434955543556 0.022810073975611543
0.928864305000136 0.024116459983621656
0.9224267826248536 0.025430275382930186
0.9157348061512727 0.026756274771790354
0.9087924065757916 0.02809927257441022
0.9016037657403225 0.029463798424249354
0.894173213813303 0.030853782764174865
0.8865052266813687 0.03227228452655016
0.8786044232532422 0.03372127007484865
0.8704755626774794 0.03520144967184984
0.8621235414757333 0.03671217475588469
0.8535533905932737 0.03825139641353141
0.8447702723685334 0.03981568277327151
0.8357794774235092 0.04140029072283613
0.8265864214768883 0.0429992854560964
0.8171966420818224 0.04460569993389094
0.8076157952903136 0.04621172541561383
0.7978496522462164 0.04780892377349764
0.7879040957089227 0.049388452302573445
0.7777851165098009 0.05094129212948835
0.7674988099435485 0.052458472032110265
0.7570513720966108 0.05393128043135192
0.746449096114892 0.05535145942804996
0.7356983684129987 0.056711375956761345
0.7248056648273034 0.05800416634959199
0.713777546715141 0.05922385179325203
0.7026206570024947 0.06036542328157387
0.691341716182545 0.06142489568756016
0.6799475182674938 0.06239933148999061
0.6684449266961098 0.06328683548637086
0.6568408701994456 0.06408652251063571
0.645142338627231 0.06479846075876866
0.6333563787374491 0.06542359381764022
0.6214900899516319 0.06596364489938238
0.6095506200784349 0.06642100710918154
0.5975451610080642 0.066798623817161
0.5854809443801506 0.06709986335859223
0.5733652372276805 0.06732839234028366
0.5612053375996082 0.06748805177135508
0.54900857016478 0.06758274005025094
0.5367822817998334 0.06761630651591079
0.5245338371637088 0.06759245880403422
0.512270614261456 0.06751468664180732
0.4999999999999999 0.06738620397856909
0.4877293857385438 0.06720991050879631
0.475466162836291 0.06698837273137062
0.46321771820016633 0.06672382374886501
0.4509914298352198 0.06641818009334169
0.43879466240039156 0.06607307302571439
0.42663476277231926 0.06568989104891873
0.41451905561984914 0.0652698298513994
0.4024548389919357 0.06481394559835069
0.3904493799215649 0.0643232074424604
0.3785099100483679 0.06379854534614501
0.36664362126255073 0.06324088978762682
0.35485766137276875 0.06265120063874091
0.3431591298005543 0.06203048340970123
0.33155507330389 0.06137979209564856
0.320052481732506 0.06070021895966393
0.30865828381745486 0.05999287266752656
0.29737934299750524 0.05925884716954653
0.28622245328485874 0.058499184527504515
0.27519433517269654 0.057714835443905724
0.26430163158700104 0.05690662151645877
0.2535509038851079 0.056075203183792686
0.2429486279033891 0.055221056943706104
0.23250119005645137 0.0543444647327934
0.2222148834901989 0.05344551740090618
0.2120959042910774 0.05252413306258149
0.20215034775378343 0.05158008984509445
0.19238420470968637 0.05061307127586185
0.18280335791817703 0.04962272136200726
0.17341357852311146 0.04860870541056118
0.16422052257649067 0.04757077190690059
0.15522972763146647 0.04650881038161035
0.14644660940672616 0.04542290019801501
0.1378764585242665 0.044313345601806615
0.12952443732252045 0.04318069317732635
0.12139557674675777 0.04202572900808974
0.11349477331863145 0.040849454269377555
0.10582678618669683 0.03965303959132678
0.09839623425967753 0.03843776020750501
0.09120759342420814 0.037204915522402016
0.08426519384872727 0.0359557381670289
0.07757321737514639 0.034691298749042206
0.07113569499986394 0.03341241324437313
0.06495650444564427 0.03211956024872212
0.059039367825822475 0.030812815068730705
0.05338784940224234 0.02949180687923879
0.048005353438278275 0.02815570393710935
0.042895122148234655 0.026803230192006984
0.038060233744356575 0.025432714670692868
0.03350360058263052 0.024042172860009956
0.029227967408489597 0.0226294171182433
0.025235909703481607 0.02119219105588045
0.021529832133895532 0.019728320992738996
0.018111967102280024 0.018235876152990358
0.014984373402728013 0.016713328313239465
0.012148934980735715 0.015159701250081694
0.009607359798384785 0.013574700582965499
0.007361178805529334 0.011958815474637284
0.005411745017609493 0.010313385091592788
0.0037602327006450165 0.00864062465753106
0.0024076366639015356 0.006943608235852225
0.0013547716606548965 0.005226207907798185
0.0006022718974137975 0.0034929916086847974
0.00015059065189787502 0.0017490843773277677
0.0 0.0
0.00015059065189787502 -0.0013218976767041472
0.0006022718974137975 -0.002639496245320968
0.0013547716606548965 -0.00394814534240816
0.0024076366639015356 -0.005243555158461352
0.0037602327006450165 -0.006521953174388755
0.005411745017609493 -0.007780213956666573
0.007361178805529334 -0.00901595543714449
0.009607359798384785 -0.010227596981146033
0.012148934980735715 -0.011414376676763986
0.014984373402728013 -0.012576327533778787
0.018111967102280024 -0.013714214530367273
0.021529832133895532 -0.014829436558918467
0.025235909703481607 -0.01592389917718849
0.029227967408489597 -0.016999865562556227
0.03350360058263052 -0.018059794112842552
0.038060233744356575 -0.019106171682143895
0.042895122148234655 -0.020141351460130647
0.048005353438278275 -0.021167404005801797
0.05338784940224234 -0.022185988970279524
0.059039367825822475 -0.023198253654665716
0.06495650444564427 -0.02420476283888812
0.07113569499986394 -0.025205462394419568
0.07757321737514639 -0.02619967717736712
0.08426519384872727 -0.027186141711784576
0.09120759342420814 -0.028163060335062357
0.09839623425967753 -0.02912819189528078
0.10582678618669683 -0.030078952853861293
0.11349477331863145 -0.031012531821806303
0.12139557674675777 -0.03192600818335637
0.12952443732252045 -0.03281646754708228
0.1378764585242665 -0.03368110729225437
0.14644660940672616 -0.034517326401441596
0.15522972763146647 -0.03532279501848934
0.16422052257649067 -0.036095500655239386
0.17341357852311146 -0.03683376958873916
0.18280335791817703 -0.03753626363546628
0.19238420470968637 -0.03820195405368744
0.20215034775378343 -0.03883007571100441
0.2120959042910774 -0.039420065777349106
0.2222148834901989 -0.03997149199974682
0.23250119005645137 -0.04048397604312034
0.2429486279033891 -0.04095711742604915
0.2535509038851079 -0.0413904232526863
0.26430163158700104 -0.04178324827785777
0.27519433517269654 -0.04213474889956462
0.28622245328485874 -0.042443853527077004
0.29737934299750524 -0.042709250511004646
0.30865828381745486 -0.04292939353736398
0.320052481732506 -0.04310252317314342
0.33155507330389 -0.043226702191336334
0.3431591298005543 -0.04329986147088787
0.35485766137276875 -0.043319852715489326
0.36664362126255073 -0.04328450399708185
0.3785099100483679 -0.043191674214105295
0.3904493799215649 -0.04303930294580589
0.4024548389919357 -0.04282545284455736
0.41451905561984914 -0.04254834258075656
0.42663476277231926 -0.042206369366727975
0.43879466240039156 -0.041798121154612185
0.4509914298352198 -0.041322379642039206
0.46321771820016633 -0.0407781161447082
0.475466162836291 -0.04016448313179795
0.4877293857385438 -0.039480804707750644
0.4999999999999999 -0.038726569520615234
0.512270614261456 -0.03790142946310036
0.5245338371637088 -0.03700520711174063
0.5367822817998334 -0.03603791414969136
0.54900857016478 -0.034999782088981295
0.5612053375996082 -0.033891305516294906
0.5733652372276805 -0.032713296913860664
0.5854809443801506 -0.03146695094292018
0.5975451610080642 -0.03015391501203195
0.6095506200784349 -0.028776362071310985
0.6214900899516319 -0.027337060950199756
0.6333563787374491 -0.025839439246814443
0.645142338627231 -0.02428763381593831
0.6568408701994456 -0.0226865243002736
0.6684449266961098 -0.021041745889604786
0.6799475182674938 -0.019359678533693178
0.691341716182545 -0.017647411112664196
0.7026206570024947 -0.015912680500126456
0.713777546715141 -0.014163786942664517
0.7248056648273034 -0.012409488621281009
0.7356983684129987 -0.010658879552833928
0.746449096114892 -0.008921256037318623
0.7570513720966108 -0.00720597757946901
0.7674988099435485 -0.0055223285509247684
0.7777851165098009 -0.0038793867780372816
0.7879040957089227 -0.002285904734859196
0.7978496522462164 -0.0007502081154410802
0.8076157952903136 0.0007198846923256175
0.8171966420818224 0.0021171202279165564
0.8265864214768883 0.003434844356067623
0.8357794774235092 0.004667014858560338
0.8447702723685334 0.005808195300314766
0.8535533905932737 0.006853534719097137
0.8621235414757333 0.0077987388502719825
0.8704755626774794 0.008640039358376442
0.8786044232532422 0.009374167835420487
0.8865052266813687 0.009998341101408868
0.894173213813303 0.01051026359917465
0.9016037657403225 0.01090815144214302
0.9087924065757916 0.011190781013642034
0.9157348061512727 0.011357563024876425
0.9224267826248536 0.011408640736899456
0.928864305000136 0.011345008780115955
0.9350434955543556 0.011168646813682808
0.9409606321741775 0.01088266030818735
0.9466121505977576 0.01049141915075588
0.9519946465617215 0.010000683686376369
0.9571048778517655 0.009417707319767477
0.9619397662556433 0.008751304971561772
0.9664963994173694 0.008011877534745603
0.9707720325915102 0.007211383994293501
0.9747640902965183 0.006363254994972038
0.9784701678661044 0.0054822442703313205
0.98188803289772 0.004584217346709606
0.985015626597272 0.003685880149585325
0.9878510650192642 0.002804453388044358
0.9903926402016152 0.0019573016914624488
0.9926388211944706 0.00116152923947499
0.9945882549823906 0.0004335558954499845
0.9962397672993549 -0.00021131051642966242
0.9975923633360985 -0.0007592892672545876
0.9986452283393451 -0.001198512519762813
0.9993977281025862 -0.0015193660372537204
0.9998494093481021 -0.0017147705514045108
1.0 -0.0017803918464918713
