1.0 0.0018251699794274627
0.9998494093481021 0.0019012539340255898
0.9993977281025862 0.002128112021478216
0.9986452283393451 0.0025016165815813737
0.9975923633360985 0.003015064565477719
0.9962397672993549 0.0036594334549944663
0.9945882549823906 0.0044237226998000145
0.9926388211944706 0.005295364882252212
0.9903926402016152 0.006260687754056142
0.9878510650192642 0.007305406192507651
0.985015626597272 0.008415122093773814
0.98188803289772 0.009575810293428943
0.9784701678661044 0.010774269756527717
0.9747640902965183 0.01199852142865244
0.9707720325915102 0.013238137150769243
0.9664963994173694 0.014484487735753695
0.9619397662556433 0.015730902471956246
0.9571048778517655 0.01697273672841245
0.9519946465617215 0.01820734875065892
0.9466121505977576 0.019433990926790063
0.9409606321741775 0.020653624562242793
0.9350434955543556 0.021868670352399058
0.928864305000136 0.023082709148647927
0.9224267826248536 0.02430014918684025
0.9157348061512727 0.025525876647553427
0.9087924065757916 0.026764906255222737
0.9016037657403225 0.028022047654390547
0.894173213813303 0.02930160162317374
0.8865052266813687 0.03060709792644842
0.8786044232532422 0.03194108392746327
0.8704755626774794 0.033304970132891035
0.8621235414757333 0.03469893581158459
0.8535533905932737 0.03612189486295036
0.8447702723685334 0.03757151936214237
0.8357794774235092 0.03904431579802591
0.8265864214768883 0.04053574703928406
0.8171966420818224 0.04204039157574482
0.8076157952903136 0.043552130615218045
0.7978496522462164 0.04506435316903598
0.7879040957089227 0.04657016930242964
0.7777851165098009 0.04806262220603709
0.7674988099435485 0.049534890591925784
0.7570513720966108 0.05098047405004083
0.746449096114892 0.05239335533250102
0.7356983684129987 0.05376813497816911
0.7248056648273034 0.05510013516892028
0.713777546715141 0.056385471152536136
0.7026206570024947 0.0576210899183836
0.691341716182545 0.05880477702833064
0.6799475182674938 0.05993513355824876
0.6684449266961098 0.06101152597969957
0.6568408701994456 0.06203401250305855
0.645142338627231 0.06300324991723712
0.6333563787374491 0.06392038530823219
0.6214900899516319 0.06478693723314471
0.6095506200784349 0.06560467098314272
0.5975451610080642 0.06637547250217253
0.5854809443801506 0.06710122534992728
0.5733652372276805 0.06778369481691053
0.5612053375996082 0.06842442292329338
0.54900857016478 0.0690246375671258
0.5367822817998334 0.06958517853673137
0.5245338371637088 0.07010644247372405
0.512270614261456 0.07058834817707176
0.4999999999999999 0.07103032288948677
0.4877293857385438 0.07143130942493708
0.475466162836291 0.0717897932055771
0.46321771820016633 0.07210384750826031
0.4509914298352198 0.07237119450918118
0.43879466240039156 0.07258927909610582
0.42663476277231926 0.07275535192646285
0.41451905561984914 0.0728665578781934
0.4024548389919357 0.07292002589422401
0.3904493799215649 0.07291295627717026
0.3785099100483679 0.07284270175347428
0.36664362126255073 0.07270683908784267
0.35485766137276875 0.07250322866831177
0.3431591298005543 0.07223006026524414
0.33155507330389 0.07188588404829133
0.320052481732506 0.0714696268691969
0.30865828381745486 0.07098059472520105
0.29737934299750524 0.07041846314639581
0.28622245328485874 0.06978325794252953
0.27519433517269654 0.06907532925002602
0.26430163158700104 0.06829532209974833
0.2535509038851079 0.06744414675694194
0.2429486279033891 0.06652295186112597
0.23250119005645137 0.06553310292856909
0.2222148834901989 0.064476168105018
0.2120959042910774 0.06335391222002223
0.20215034775378343 0.06216829925873864
0.19238420470968637 0.060921502404238485
0.18280335791817703 0.05961591988915404
0.17341357852311146 0.05825419410473622
0.16422052257649067 0.05683923081572807
0.15522972763146647 0.05537421497600739
0.14644660940672616 0.0538626195707221
0.1378764585242665 0.05230820414295735
0.12952443732252045 0.05071500019153409
0.12139557674675777 0.04908728142304055
0.11349477331863145 0.04742951785574817
0.10582678618669683 0.04574631393727179
0.09839623425967753 0.044042332069394424
0.09120759342420814 0.042322204141938394
0.08426519384872727 0.04059043477090254
0.07757321737514639 0.038851300827536364
0.07113569499986394 0.0371087524597438
0.06495650444564427 0.035366321088217786
0.059039367825822475 0.03362703977259754
0.05338784940224234 0.031893380879105045
0.048005353438278275 0.030167215159062396
0.042895122148234655 0.028449795212412227
0.038060233744356575 0.026741764930736756
0.03350360058263052 0.025043194978630227
0.029227967408489597 0.023353642782460684
0.025235909703481607 0.021672233959849727
0.021529832133895532 0.019997760748673328
0.018111967102280024 0.01832879187917784
0.014984373402728013 0.016663787558916735
0.012148934980735715 0.015001212867359566
0.009607359798384785 0.013339642918013418
0.007361178805529334 0.011677853643856527
0.005411745017609493 0.010014892969645268
0.0037602327006450165 0.008350128396226241
0.0024076366639015356 0.006683268556211208
0.0013547716606548965 0.0050143580063309445
0.0006022718974137975 0.003343746285737271
0.00015059065189787502 0.0016720339727814219
0.0 0.0
0.00015059065189787502 -0.0018774133095000867
0.0006022718974137975 -0.003746067802679914
0.0013547716606548965 -0.005596922093140154
0.0024076366639015356 -0.00742145786232265
0.0037602327006450165 -0.009211913302193777
0.005411745017609493 -0.010961484259236563
0.007361178805529334 -0.01266448489969196
0.009607359798384785 -0.014316461745777519
0.012148934980735715 -0.015914257249185965
0.014984373402728013 -0.017456021543823617
0.018111967102280024 -0.01894117351912775
0.021529832133895532 -0.020370314743265124
0.025235909703481607 -0.021745101914945126
0.029227967408489597 -0.023068085321722154
0.03350360058263052 -0.024342522141363666
0.038060233744356575 -0.025572174277609324
0.042895122148234655 -0.026761100738836467
0.048005353438278275 -0.027913454345614503
0.05338784940224234 -0.029033291819725665
0.059039367825822475 -0.030124405120568094
0.06495650444564427 -0.031190180337336365
0.07113569499986394 -0.03223348861877566
0.07757321737514639 -0.033256611641284746
0.08426519384872727 -0.03426120210104316
0.09120759342420814 -0.03524827778529035
0.09839623425967753 -0.036218246041619176
0.10582678618669683 -0.03717095401651264
0.11349477331863145 -0.03810575894888317
0.12139557674675777 -0.03902161212979697
0.12952443732252045 -0.039917149897391306
0.1378764585242665 -0.040790785219934525
0.14644660940672616 -0.04164079399709537
0.15522972763146647 -0.0424653911230279
0.16422052257649067 -0.04326279252860917
0.17341357852311146 -0.04403126076383399
0.18280335791817703 -0.044769133097005
0.19238420470968637 -0.04547483249592155
0.20215034775378343 -0.04614686312426308
0.2120959042910774 -0.04678379305191613
0.2222148834901989 -0.047384227676083
0.23250119005645137 -0.04794677783641787
0.2429486279033891 -0.04847002676128646
0.2535509038851079 -0.048952499806821606
0.26430163158700104 -0.04939264047245442
0.27519433517269654 -0.04978879544373302
0.28622245328485874 -0.050139210490391516
0.29737934299750524 -0.050442038011951726
0.30865828381745486 -0.05069535595828446
0.320052481732506 -0.05089719684257386
0.33155507330389 -0.05104558468735625
0.3431591298005543 -0.051138577067762404
0.35485766137276875 -0.05117430899067868
0.36664362126255073 -0.05115103520547829
0.3785099100483679 -0.05106716769060304
0.3904493799215649 -0.05092130548751225
0.4024548389919357 -0.05071225472486903
0.41451905561984914 -0.050439037537989194
0.42663476277231926 -0.050100889573355255
0.43879466240039156 -0.04969724679737747
0.4509914298352198 -0.04922772332047191
0.46321771820016633 -0.04869208282185288
0.475466162836291 -0.048090206845124835
0.4877293857385438 -0.04742206367117971
0.4999999999999999 -0.04668768162237418
0.512270614261456 -0.0458871304910092
0.5245338371637088 -0.04502051431923377
0.5367822817998334 -0.044087978013174434
0.54900857016478 -0.0430897292993556
0.5612053375996082 -0.04202607639265026
0.5733652372276805 -0.040897480522211746
0.5854809443801506 -0.03970462124340886
0.5975451610080642 -0.03844847133996343
0.6095506200784349 -0.03713037717688537
0.6214900899516319 -0.03575213967612002
0.6333563787374491 -0.03431609071115571
0.645142338627231 -0.032825159691145356
0.6568408701994456 -0.0312829254420184
0.6684449266961098 -0.02969364917847288
0.6799475182674938 -0.028062285358087108
0.691341716182545 -0.026394468455238886
0.7026206570024947 -0.024696475106827334
0.713777546715141 -0.022975162568626778
0.7248056648273034 -0.0212378858775151
0.7356983684129987 -0.019492397437345505
0.746449096114892 -0.017746733838289768
0.7570513720966108 -0.01600909549834257
0.7674988099435485 -0.014287725118749615
0.7777851165098009 -0.01259079093488528
0.7879040957089227 -0.010926280311446308
0.7978496522462164 -0.009301908396477829
0.8076157952903136 -0.007725045362637368
0.8171966420818224 -0.0062026643027089465
0.8265864214768883 -0.0047413102080865795
0.8357794774235092 -0.0033470887578653727
0.8447702723685334 -0.0020256720045528595
0.8535533905932737 -0.0007823165824553195
0.8621235414757333 0.000378111099924203
0.8704755626774794 0.0014511089947452482
0.8786044232532422 0.0024325194958227927
0.8865052266813687 0.00331852188412213
0.894173213813303 0.004105642838102526
0.9016037657403225 0.004790789499823272
0.9087924065757916 0.005371307947909371
0.9157348061512727 0.005845067951317889
0.9224267826248536 0.006210572683227226
0.928864305000136 0.006467089801957484
0.9350434955543556 0.00661479810643373
0.9409606321741775 0.0066549419997561435
0.9466121505977576 0.0065899843900145486
0.9519946465617215 0.006423747548650593
0.9571048778517655 0.006161530932737533
0.9619397662556433 0.0058101951238188464
0.9664963994173694 0.0053782018684832514
0.9707720325915102 0.004875601708625764
0.9747640902965183 0.004313962803994402
0.9784701678661044 0.0037062371779335995
0.98188803289772 0.0030665636261428177
0.985015626597272 0.0024100097572159057
0.9878510650192642 0.0017522589038441569
0.9903926402016152 0.0011092507682228029
0.9926388211944706 0.0004967874611806475
0.9945882549823906 -6.988110675855983e-05
0.9962397672993549 -0.000576476866340901
0.9975923633360985 -0.001010101739022835
0.9986452283393451 -0.0013596176824178705
0.9993977281025862 -0.0016159827713979411
0.9998494093481021 -0.0017725290223305323
1.0 -0.0018251699794274627
