1.0 0.0016989776318831963
0.9998494093481021 0.001784077519293153
0.9993977281025862 0.002037926426840652
0.9986452283393451 0.002456226560272021
0.9975923633360985 0.003031993927620681
0.9962397672993549 0.0037558179869723873
0.9945882549823906 0.004616207936577492
0.9926388211944706 0.005600009529033756
0.9903926402016152 0.006692873183306273
0.9878510650192642 0.007879752062304693
0.985015626597272 0.00914540777721479
0.98188803289772 0.010474901507991321
0.9784701678661044 0.011854049563956463
0.9747640902965183 0.013269824660146657
0.9707720325915102 0.014710687310310052
0.9664963994173694 0.01616683554786095
0.9619397662556433 0.01763036546046939
0.9571048778517655 0.01909533952212129
0.9519946465617215 0.020557764183818685
0.9466121505977576 0.0220154824058842
0.9409606321741775 0.023467990569654706
0.9350434955543556 0.0249161923173796
0.928864305000136 0.026362104203168354
0.9224267826248536 0.027808529511016956
0.9157348061512727 0.029258717176474134
0.9087924065757916 0.030716022455826403
0.9016037657403225 0.03218358488764699
0.894173213813303 0.033664037293852145
0.8865052266813687 0.03515925721077825
0.8786044232532422 0.036670169386792406
0.8704755626774794 0.03819660500389682
0.8621235414757333 0.03973722024886073
0.8535533905932737 0.04128947393630746
0.8447702723685334 0.04284966121435056
0.8357794774235092 0.04441299807896085
0.8265864214768883 0.045973749571409005
0.8171966420818224 0.047525393185634215
0.8076157952903136 0.04906080818766144
0.7978496522462164 0.050572481234509165
0.7879040957089227 0.05205271883561239
0.7777851165098009 0.053493857764290956
0.7674988099435485 0.05488846542366455
0.7570513720966108 0.056229523315689874
0.746449096114892 0.0575105880667576
0.7356983684129987 0.05872592584565062
0.7248056648273034 0.059870617395526474
0.713777546715141 0.06094063222919681
0.7026206570024947 0.06193287175895343
0.691341716182545 0.06284518221613093
0.6799475182674938 0.06367633914329601
0.6684449266961098 0.06442600600753899
0.6568408701994456 0.06509467009058925
0.645142338627231 0.06568355927064795
0.6333563787374491 0.06619454363551602
0.6214900899516319 0.06663002607072636
0.6095506200784349 0.06699282606192404
0.5975451610080642 0.06728606094607453
0.5854809443801506 0.06751302874542331
0.5733652372276805 0.06767709652177575
0.5612053375996082 0.0677815978941426
0.54900857016478 0.06782974296667463
0.5367822817998334 0.06782454341392619
0.5245338371637088 0.06776875486830539
0.512270614261456 0.06766483805732805
0.4999999999999999 0.06751493936069447
0.4877293857385438 0.06732089062234496
0.475466162836291 0.06708422719202893
0.46321771820016633 0.06680622232348371
0.4509914298352198 0.06648793526646535
0.43879466240039156 0.06613026970462912
0.42663476277231926 0.06573403865677224
0.41451905561984914 0.06530003161664678
0.4024548389919357 0.06482907958922209
0.3904493799215649 0.06432211380957621
0.3785099100483679 0.0637802143101834
0.36664362126255073 0.06320464512208762
0.35485766137276875 0.06259687372677887
0.3431591298005543 0.06195857337341442
0.33155507330389 0.06129160798091077
0.320052481732506 0.06059800048613159
0.30865828381745486 0.05987988660152005
0.29737934299750524 0.059139456930925975
0.28622245328485874 0.05837889118896874
0.27519433517269654 0.05760028881571815
0.26430163158700104 0.0568056005293345
0.2535509038851079 0.05599656528925262
0.2429486279033891 0.055174656749044905
0.23250119005645137 0.05434104258281576
0.2222148834901989 0.053496559116746174
0.2120959042910774 0.05264170255392596
0.20215034775378343 0.0517766368281525
0.19238420470968637 0.05090121685410136
0.18280335791817703 0.050015024754472226
0.17341357852311146 0.04911741563348703
0.16422052257649067 0.04820756871406133
0.15522972763146647 0.047284539229342934
0.14644660940672616 0.04634730640140968
0.1378764585242665 0.04539481316690161
0.12952443732252045 0.04442599400812782
0.12139557674675777 0.04343978827635589
0.11349477331863145 0.04243513768214577
0.10582678618669683 0.04141096808368125
0.09839623425967753 0.040366157219620016
0.09120759342420814 0.039299491490865965
0.08426519384872727 0.03820961617859052
0.07757321737514639 0.03709498448527079
0.07113569499986394 0.035953811410169643
0.06495650444564427 0.034784038653938976
0.059039367825822475 0.033583316452718594
0.05338784940224234 0.03234900746826727
0.048005353438278275 0.031078216640777957
0.042895122148234655 0.02976784931271496
0.038060233744356575 0.028414698053146524
0.03350360058263052 0.027015556574581424
0.029227967408489597 0.025567357076152344
0.025235909703481607 0.02406732541249444
0.021529832133895532 0.022513146817517232
0.018111967102280024 0.02090313363328606
0.014984373402728013 0.019236385710038537
0.012148934980735715 0.01751293392647246
0.009607359798384785 0.015733857665439718
0.007361178805529334 0.013901368064399646
0.005411745017609493 0.0120188503970285
0.0037602327006450165 0.010090860948448566
0.0024076366639015356 0.008123076104580828
0.0013547716606548965 0.006122193943309302
0.0006022718974137975 0.004095791232315128
0.00015059065189787502 0.0020521412407515953
0.0 0.0
0.00015059065189787502 -0.0016097877104679541
0.0006022718974137975 -0.0032155189833228087
0.0013547716606548965 -0.004812788587512564
0.0024076366639015356 -0.006397509540487142
0.0037602327006450165 -0.007966053117267733
0.005411745017609493 -0.009515366873723495
0.007361178805529334 -0.011043065183256857
0.009607359798384785 -0.012547488220939011
0.012148934980735715 -0.014027726966796123
0.014984373402728013 -0.015483613549845895
0.018111967102280024 -0.01691567802028716
0.021529832133895532 -0.01832507432236147
0.025235909703481607 -0.019713479753475167
0.029227967408489597 -0.021082973455298176
0.03350360058263052 -0.022435900423826628
0.038060233744356575 -0.0237747281006017
0.042895122148234655 -0.025101902790451446
0.048005353438278275 -0.026419712938892996
0.05338784940224234 -0.0277301657138978
0.059039367825822475 -0.029034882412533145
0.06495650444564427 -0.030335017012167512
0.07113569499986394 -0.031631200782597554
0.07757321737514639 -0.03292351435423435
0.08426519384872727 -0.03421148708834826
0.09120759342420814 -0.035494122108245096
0.09839623425967753 -0.03676994400965537
0.10582678618669683 -0.03803706514869123
0.11349477331863145 -0.039293265565878664
0.12139557674675777 -0.04053608108633205
0.12952443732252045 -0.04176289396008686
0.1378764585242665 -0.04297102057264054
0.14644660940672616 -0.044157791242626386
0.15522972763146647 -0.04532061789075463
0.16422052257649067 -0.04645704635479953
0.17341357852311146 -0.0475647912700603
0.18280335791817703 -0.04864175265604448
0.19238420470968637 -0.049686014567984646
0.20215034775378343 -0.0506958273084631
0.2120959042910774 -0.051669575679566794
0.2222148834901989 -0.052605736531194054
0.23250119005645137 -0.053502829383464935
0.2429486279033891 -0.054359364145859665
0.2535509038851079 -0.05517378991735596
0.26430163158700104 -0.05594444854457867
0.27519433517269654 -0.056669536071104795
0.28622245328485874 -0.05734707447850988
0.29737934299750524 -0.05797489525849183
0.30865828381745486 -0.05855063543310561
0.320052481732506 -0.05907174572718207
0.33155507330389 -0.05953550976144073
0.3431591298005543 -0.059939072437483365
0.35485766137276875 -0.06027947517600271
0.36664362126255073 -0.06055369538128978
0.3785099100483679 -0.0607586874550254
0.3904493799215649 -0.0608914228682331
0.4024548389919357 -0.060948927201453784
0.41451905561984914 -0.06092831264200771
0.42663476277231926 -0.06082680513180854
0.43879466240039156 -0.060641766127505735
0.4509914298352198 -0.06037070969907874
0.46321771820016633 -0.060011316385315996
0.475466162836291 -0.059561445781636656
0.4877293857385438 -0.05901915020404065
0.4999999999999999 -0.058382691913323986
0.512270614261456 -0.05765056627429909
0.5245338371637088 -0.056821532863421474
0.5367822817998334 -0.055894655943033146
0.54900857016478 -0.05486935492892335
0.5612053375996082 -0.05374546454474772
0.5733652372276805 -0.05252330335021528
0.5854809443801506 -0.051203748326764
0.5975451610080642 -0.04978831228483326
0.6095506200784349 -0.0482792200981913
0.6214900899516319 -0.046679479241845664
0.6333563787374491 -0.04499293986547948
0.645142338627231 -0.04322433971004439
0.6568408701994456 -0.041379329584947784
0.6684449266961098 -0.03946447585708952
0.6799475182674938 -0.037487237426601434
0.691341716182545 -0.03545591592072576
0.7026206570024947 -0.033379579250733385
0.713777546715141 -0.03126796015648095
0.7248056648273034 -0.029131332809921327
0.7356983684129987 -0.026980371861590854
0.746449096114892 -0.024825999397177674
0.7570513720966108 -0.02267922604144193
0.7674988099435485 -0.020550992839502458
0.7777851165098009 -0.01845202052030767
0.7879040957089227 -0.016392672291196255
0.7978496522462164 -0.014382835442707615
0.8076157952903136 -0.012431825805634152
0.8171966420818224 -0.010548317571494454
0.8265864214768883 -0.008740299260069398
0.8357794774235092 -0.007015054807596209
0.8447702723685334 -0.005379166980724795
0.8535533905932737 -0.0038385387202028373
0.8621235414757333 -0.0023984267032193573
0.8704755626774794 -0.0010634804877635066
0.8786044232532422 0.00016221985350128886
0.8865052266813687 0.0012751346376453896
0.894173213813303 0.002272250439784522
0.9016037657403225 0.0031510862306419274
0.9087924065757916 0.003909723505951047
0.9157348061512727 0.004546862174441148
0.9224267826248536 0.005061901760501966
0.928864305000136 0.005455045152498187
0.9350434955543556 0.005727419841782347
0.9409606321741775 0.0058812095080874646
0.9466121505977576 0.005919787064873023
0.9519946465617215 0.005847839017308121
0.9571048778517655 0.0056714703137999145
0.9619397662556433 0.00539827886330382
0.9664963994173694 0.005037389579328003
0.9707720325915102 0.004599439188663575
0.9747640902965183 0.00409650505567854
0.9784701678661044 0.003541973827030414
0.98188803289772 0.002950348665507049
0.985015626597272 0.002336997054458603
0.9878510650192642 0.0017178444347525502
0.9903926402016152 0.0011090220937742656
0.9926388211944706 0.0005264805722905066
0.9945882549823906 -1.4417784569448547e-05
0.9962397672993549 -0.0004993117811031538
0.9975923633360985 -0.0009152435045130098
0.9986452283393451 -0.001251033163206307
0.9993977281025862 -0.0014976108557349808
0.9998494093481021 -0.0016482910243894961
1.0 -0.0016989776318831963
