1.0 0.0015299822322951068
0.9998494093481021 0.0016070892017015044
0.9993977281025862 0.0018369626194555174
0.9986452283393451 0.002215315878004762
0.9975923633360985 0.0027351882331408694
0.9962397672993549 0.0033872112043819725
0.9945882549823906 0.0041599640152368556
0.9926388211944706 0.00504040165436271
0.9903926402016152 0.006014335949771745
0.9878510650192642 0.00706694786668011
0.985015626597272 0.0081833081656467
0.98188803289772 0.009348883629762177
0.9784701678661044 0.010550007262994413
0.9747640902965183 0.01177429309085135
0.9707720325915102 0.013010979319063814
0.9664963994173694 0.014251187440343616
0.9619397662556433 0.015488089204004669
0.9571048778517655 0.01671697793859743
0.9519946465617215 0.017935245297966963
0.9466121505977576 0.0191422688487836
0.9409606321741775 0.020339219816689184
0.9350434955543556 0.021528803575916567
0.928864305000136 0.022714947963088858
0.9224267826248536 0.023902456127939613
0.9157348061512727 0.025096641361671376
0.9087924065757916 0.026302961178847242
0.9016037657403225 0.027526666930611295
0.894173213813303 0.028772483497412866
0.8865052266813687 0.0300443312839635
0.8786044232532422 0.031345099977648616
0.8704755626774794 0.032676480507027594
0.8621235414757333 0.03403885852468658
0.8535533905932737 0.03543126970567936
0.8447702723685334 0.036851414348915694
0.8357794774235092 0.03829572631906642
0.8265864214768883 0.039759489365562256
0.8171966420818224 0.04123699236444921
0.8076157952903136 0.042721714075577226
0.7978496522462164 0.04420652758665973
0.7879040957089227 0.04568391469291608
0.7777851165098009 0.04714618097807119
0.7674988099435485 0.048585663243300714
0.7570513720966108 0.04999492208801039
0.746449096114892 0.05136691378837643
0.7356983684129987 0.05269513705651291
0.7248056648273034 0.053973751712409826
0.713777546715141 0.055197667691432264
0.7026206570024947 0.05636260408566597
0.691341716182545 0.057465119037124604
0.6799475182674938 0.0585026122401183
0.6684449266961098 0.05947330255897745
0.6568408701994456 0.06037618382842665
0.645142338627231 0.06121096228944985
0.6333563787374491 0.061977979342163404
0.6214900899516319 0.06267812339090285
0.6095506200784349 0.06331273453762032
0.5975451610080642 0.06388350576793107
0.5854809443801506 0.06439238408625166
0.5733652372276805 0.06484147480455386
0.5612053375996082 0.06523295188111071
0.54900857016478 0.06556897684551356
0.5367822817998334 0.06585162843635309
0.5245338371637088 0.06608284462006356
0.512270614261456 0.06626437815678064
0.4999999999999999 0.0663977663380649
0.4877293857385438 0.06648431495286569
0.475466162836291 0.06652509595817352
0.46321771820016633 0.06652095776064307
0.4509914298352198 0.06647254648067986
0.43879466240039156 0.06638033609961466
0.42663476277231926 0.0662446650129995
0.41451905561984914 0.06606577625641011
0.4024548389919357 0.06584385855764148
0.3904493799215649 0.06557908541698966
0.3785099100483679 0.06527164963220289
0.36664362126255073 0.0649217910624109
0.35485766137276875 0.06452981594976788
0.3431591298005543 0.06409610676079018
0.33155507330389 0.0636211222329376
0.320052481732506 0.06310538806895051
0.30865828381745486 0.06254947945948261
0.29737934299750524 0.0619539972796348
0.28622245328485874 0.061319540345506005
0.27519433517269654 0.06064667648782847
0.26430163158700104 0.05993591536664408
0.2535509038851079 0.05918768589308744
0.2429486279033891 0.05840232083706613
0.23250119005645137 0.057580050695708006
0.2222148834901989 0.05672100820678585
0.2120959042910774 0.05582524405954953
0.20215034775378343 0.05489275344097459
0.19238420470968637 0.053923512125798254
0.18280335791817703 0.05291751994537221
0.17341357852311146 0.05187484872358155
0.16422052257649067 0.050795691211412704
0.15522972763146647 0.04968040723683354
0.14644660940672616 0.048529563248798674
0.1378764585242665 0.047343961689021885
0.12952443732252045 0.04612465716664262
0.12139557674675777 0.044872957211031995
0.11349477331863145 0.043590406388014806
0.10582678618669683 0.04227875371827965
0.09839623425967753 0.04093990455389615
0.09120759342420814 0.039575859262042996
0.08426519384872727 0.03818864214516875
0.07757321737514639 0.03678022490987529
0.07113569499986394 0.03535244961039238
0.06495650444564427 0.03390695628145966
0.059039367825822475 0.03244512040649457
0.05338784940224234 0.030968004931844557
0.048005353438278275 0.029476330754751808
0.042895122148234655 0.027970468525154855
0.038060233744356575 0.02645045327656384
0.03350360058263052 0.024916021924830608
0.029227967408489597 0.023366672144678993
0.025235909703481607 0.021801739657636876
0.021529832133895532 0.02022048964561998
0.018111967102280024 0.018622216937276934
0.014984373402728013 0.017006348879049324
0.012148934980735715 0.015372544457775186
0.009607359798384785 0.01372078331842452
0.007361178805529334 0.012051438822155364
0.005411745017609493 0.01036533018976104
0.0037602327006450165 0.008663750019102365
0.0024076366639015356 0.006948464973119878
0.0013547716606548965 0.005221689109065945
0.0006022718974137975 0.0034860310487569404
0.00015059065189787502 0.0017444178581618743
0.0 0.0
0.00015059065189787502 -0.0016336121363977893
0.0006022718974137975 -0.0032631391251597562
0.0013547716606548965 -0.004884197069772552
0.0024076366639015356 -0.006492718271224421
0.0037602327006450165 -0.008085089444422554
0.005411745017609493 -0.00965826712972985
0.007361178805529334 -0.011209864657132824
0.009607359798384785 -0.012738206554258502
0.012148934980735715 -0.01424234803481182
0.014984373402728013 -0.015722059061667626
0.018111967102280024 -0.01717777434362395
0.021529832133895532 -0.018610512391834057
0.025235909703481607 -0.020021768332769994
0.029227967408489597 -0.021413386463061526
0.03350360058263052 -0.022787419468713724
0.038060233744356575 -0.02414598176921407
0.042895122148234655 -0.025491104561848887
0.048005353438278275 -0.02682459983412367
0.05338784940224234 -0.028147939908166667
0.059039367825822475 -0.029462158028943246
0.06495650444564427 -0.030767774176300226
0.07113569499986394 -0.032064748752978066
0.07757321737514639 -0.03335246517061887
0.08426519384872727 -0.034629740721649704
0.09120759342420814 -0.03589486358324859
0.09839623425967753 -0.037145652439371644
0.10582678618669683 -0.038379534104109554
0.11349477331863145 -0.03959363374314349
0.12139557674675777 -0.04078487185773968
0.12952443732252045 -0.04195006213272922
0.1378764585242665 -0.04308600454810609
0.14644660940672616 -0.04418956878263327
0.15522972763146647 -0.04525776384646294
0.16422052257649067 -0.0462877910010094
0.17341357852311146 -0.0472770782790023
0.18280335791817703 -0.04822329622003576
0.19238420470968637 -0.049124355700365045
0.20215034775378343 -0.049978389878327575
0.2120959042910774 -0.05078372322683884
0.2222148834901989 -0.051538831324908184
0.23250119005645137 -0.052242295492278226
0.2429486279033891 -0.052892756456982264
0.2535509038851079 -0.053488871048180606
0.26430163158700104 -0.0540292754304049
0.27519433517269654 -0.05451255768360116
0.28622245328485874 -0.05493724164512742
0.29737934299750524 -0.055301782935547654
0.30865828381745486 -0.05560457706638905
0.320052481732506 -0.055843978552533834
0.33155507330389 -0.056018329097405194
0.3431591298005543 -0.05612599224847553
0.35485766137276875 -0.0561653914823656
0.36664362126255073 -0.05613504850355578
0.3785099100483679 -0.05603361863908812
0.3904493799215649 -0.05585992057338894
0.4024548389919357 -0.055612958262206746
0.41451905561984914 -0.05529193364446378
0.42663476277231926 -0.05489624967298606
0.43879466240039156 -0.05442550413718442
0.4509914298352198 -0.053879475675844654
0.46321771820016633 -0.053258104200446306
0.475466162836291 -0.05256146859989323
0.4877293857385438 -0.0517897650193166
0.4999999999999999 -0.050943289158323905
0.512270614261456 -0.05002242589717335
0.5245338371637088 -0.049027649134021606
0.5367822817998334 -0.04795953402588861
0.54900857016478 -0.04681878291439652
0.5612053375996082 -0.04560626514679249
0.5733652372276805 -0.04432306984924929
0.5854809443801506 -0.042970569557536975
0.5975451610080642 -0.041550491547048846
0.6095506200784349 -0.04006499281325336
0.6214900899516319 -0.03851673400838888
0.6333563787374491 -0.03690894729843429
0.645142338627231 -0.03524549310362746
0.6568408701994456 -0.03353090104001381
0.6684449266961098 -0.03177039107733022
0.6799475182674938 -0.029969871933386412
0.691341716182545 -0.028135914977055865
0.7026206570024947 -0.026275703331355826
0.713777546715141 -0.024396957360570404
0.7248056648273034 -0.022507839188333188
0.7356983684129987 -0.0206168402231442
0.746449096114892 -0.0187326567662175
0.7570513720966108 -0.016864059559332182
0.7674988099435485 -0.015019763532694692
0.7777851165098009 -0.013208303994799943
0.7879040957089227 -0.011437925056494925
0.7978496522462164 -0.009716485218728869
0.8076157952903136 -0.008051383826505956
0.8171966420818224 -0.006449510576466736
0.8265864214768883 -0.004917218561389141
0.8357794774235092 -0.0034603195576412924
0.8447702723685334 -0.0020840985363723215
0.8535533905932737 -0.0007933428320577585
0.8621235414757333 0.0004076198489257044
0.8704755626774794 0.0015148812498516416
0.8786044232532422 0.0025249172622279752
0.8865052266813687 0.0034345644011071113
0.894173213813303 0.004241014272166187
0.9016037657403225 0.004941831046588317
0.9087924065757916 0.005534995305719742
0.9157348061512727 0.006018975601230822
0.9224267826248536 0.006392826819353928
0.928864305000136 0.0066563120823426546
0.9350434955543556 0.006810042621780202
0.9409606321741775 0.0068556279747028805
0.9466121505977576 0.006795827135062656
0.9519946465617215 0.006634690072548821
0.9571048778517655 0.006377678414073621
0.9619397662556433 0.006031754141578544
0.9664963994173694 0.005605425924279482
0.9707720325915102 0.00510874416164267
0.9747640902965183 0.004553237908931527
0.9784701678661044 0.003951789492136495
0.98188803289772 0.0033184456589279336
0.985015626597272 0.002668167393247577
0.9878510650192642 0.0020165238598486143
0.9903926402016152 0.0013793391492592216
0.9926388211944706 0.0007723033738136693
0.9945882549823906 0.0002105620465496635
0.9962397672993549 -0.0002917005927301644
0.9975923633360985 -0.0007216676708485362
0.9986452283393451 -0.0010682684274062775
0.9993977281025862 -0.0013225135745490164
0.9998494093481021 -0.0014777727952061121
1.0 -0.0015299822322951068
