1.0 0.0013115902283248112
0.9998494093481021 0.0014016006560556283
0.9993977281025862 0.0016701403027230446
0.9986452283393451 0.002112789390235012
0.9975923633360985 0.0027223628486615983
0.9962397672993549 0.0034891733821619695
0.9945882549823906 0.0044013826805172716
0.9926388211944706 0.005445424760491779
0.9903926402016152 0.006606482298611281
0.9878510650192642 0.007868994669677488
0.985015626597272 0.009217175331548477
0.98188803289772 0.010635516235021793
0.9784701678661044 0.012109258065730018
0.9747640902965183 0.013624807261914139
0.9707720325915102 0.015170083763974655
0.9664963994173694 0.016734787160872292
0.9619397662556433 0.01831057309380564
0.9571048778517655 0.019891136227995196
0.9519946465617215 0.021472200571259245
0.9466121505977576 0.02305142217294581
0.9409606321741775 0.024628213068329904
0.9350434955543556 0.026203498562623075
0.928864305000136 0.02777942243634339
0.9224267826248536 0.029359016307378423
0.9157348061512727 0.030945850161693458
0.9087924065757916 0.032543680971011645
0.9016037657403225 0.03415611540545528
0.894173213813303 0.03578630101687327
0.8865052266813687 0.037436658042682404
0.8786044232532422 0.03910866131300309
0.8704755626774794 0.040802678802024706
0.8621235414757333 0.04251787031770664
0.8535533905932737 0.0442521468352446
0.8447702723685334 0.04600218819681066
0.8357794774235092 0.047763514447508676
0.8265864214768883 0.04953060405150772
0.8171966420818224 0.051297050697508645
0.8076157952903136 0.053055749391009155
0.7978496522462164 0.054799102042674505
0.7879040957089227 0.056519232769402204
0.7777851165098009 0.058208203575363895
0.7674988099435485 0.05985822190406167
0.7570513720966108 0.061461832666920735
0.746449096114892 0.06301208867113686
0.7356983684129987 0.06450269480184931
0.7248056648273034 0.06592812277934824
0.713777546715141 0.0672836947390803
0.7026206570024947 0.0685656352117878
0.691341716182545 0.06977109226896368
0.6799475182674938 0.07089812961567041
0.6684449266961098 0.07194569224357347
0.6568408701994456 0.0729135488990645
0.645142338627231 0.07380221508175054
0.6333563787374491 0.07461286058155972
0.6214900899516319 0.07534720570652274
0.6095506200784349 0.07600741036761469
0.5975451610080642 0.0765959600907097
0.5854809443801506 0.07711555283513102
0.5733652372276805 0.07756899022660278
0.5612053375996082 0.07795907646939407
0.54900857016478 0.07828852779502958
0.5367822817998334 0.07855989483837071
0.5245338371637088 0.07877549981111641
0.512270614261456 0.07893738977410886
0.4999999999999999 0.07904730670226878
0.4877293857385438 0.07910667440240986
0.475466162836291 0.07911660170193917
0.46321771820016633 0.07907790069736549
0.4509914298352198 0.07899111826120037
0.43879466240039156 0.07885657848229118
0.42663476277231926 0.07867443328645803
0.41451905561984914 0.07844471817838687
0.4024548389919357 0.07816740988472222
0.3904493799215649 0.07784248267829406
0.3785099100483679 0.07746996033180006
0.36664362126255073 0.07704996098322815
0.35485766137276875 0.0765827326809843
0.3431591298005543 0.07606867798926387
0.33155507330389 0.07550836673886242
0.320052481732506 0.07490253676248251
0.30865828381745486 0.07425208320841543
0.29737934299750524 0.07355803773195685
0.28622245328485874 0.0728215394714315
0.27519433517269654 0.07204380018205551
0.26430163158700104 0.07122606619185552
0.2535509038851079 0.07036957993730186
0.2429486279033891 0.06947554372420983
0.23250119005645137 0.06854508804920177
0.2222148834901989 0.06757924633137177
0.2120959042910774 0.06657893727963766
0.20215034775378343 0.06554495540723995
0.19238420470968637 0.06447796945788248
0.18280335791817703 0.06337852778912097
0.17341357852311146 0.062247069128167326
0.16422052257649067 0.06108393662824981
0.15522972763146647 0.05988939285494881
0.14644660940672616 0.05866363325252007
0.1378764585242665 0.057406795794179455
0.12952443732252045 0.0561189649031024
0.12139557674675777 0.0548001683189825
0.11349477331863145 0.05345036633711325
0.10582678618669683 0.05206943370667086
0.09839623425967753 0.05065713537447799
0.09120759342420814 0.04921309812595676
0.08426519384872727 0.047736780931404536
0.07757321737514639 0.046227447383369154
0.07113569499986394 0.04468414395066741
0.06495650444564427 0.04310568783310816
0.059039367825822475 0.04149066795452117
0.05338784940224234 0.039837462078815236
0.048005353438278275 0.038144272196312834
0.042895122148234655 0.036409179249880616
0.038060233744356575 0.034630217016825046
0.03350360058263052 0.03280546361363527
0.029227967408489597 0.030933147737616067
0.025235909703481607 0.029011765497867745
0.021529832133895532 0.027040202611167047
0.018111967102280024 0.025017855930119254
0.014984373402728013 0.02294474780004337
0.012148934980735715 0.020821626655125554
0.009607359798384785 0.01865004758634569
0.007361178805529334 0.016432427339372696
0.005411745017609493 0.01417206929842594
0.0037602327006450165 0.011873155424475975
0.0024076366639015356 0.009540703763138965
0.0013547716606548965 0.007180491921800526
0.0006022718974137975 0.0047989487284715695
0.00015059065189787502 0.002403018014396018
0.0 0.0
0.00015059065189787502 -0.0013114734835940197
0.0006022718974137975 -0.0026180055821567356
0.0013547716606548965 -0.003914473371190856
0.0024076366639015356 -0.005196169952405037
0.0037602327006450165 -0.006458985251850919
0.005411745017609493 -0.007699555745012252
0.007361178805529334 -0.008915375520230147
0.009607359798384785 -0.01010486325145971
0.012148934980735715 -0.011267382099169023
0.014984373402728013 -0.012403212149679897
0.018111967102280024 -0.013513477586323734
0.021529832133895532 -0.014600033210117979
0.025235909703481607 -0.015665317053841183
0.029227967408489597 -0.016712177541350275
0.03350360058263052 -0.017743684840194916
0.038060233744356575 -0.018762936678492954
0.042895122148234655 -0.019772868920483057
0.048005353438278275 -0.020776080629603944
0.05338784940224234 -0.021774682239271086
0.059039367825822475 -0.022770173877783382
0.06495650444564427 -0.0237633589598818
0.07113569499986394 -0.02475429598819843
0.07757321737514639 -0.025742289239785304
0.08426519384872727 -0.026725916785778743
0.09120759342420814 -0.027703092239979042
0.09839623425967753 -0.02867115487459224
0.10582678618669683 -0.029626981377109507
0.11349477331863145 -0.030567111622626632
0.12139557674675777 -0.03148788044099594
0.12952443732252045 -0.032385547475116114
0.1378764585242665 -0.03325641782963341
0.14644660940672616 -0.034096947242106754
0.15522972763146647 -0.034903826888891806
0.16422052257649067 -0.03567404456304964
0.17341357852311146 -0.0364049207158895
0.18280335791817703 -0.03709411961661716
0.19238420470968637 -0.03773963753829704
0.20215034775378343 -0.0383397713160452
0.2120959042910774 -0.03889307175585764
0.2222148834901989 -0.03939828713388085
0.23250119005645137 -0.03985430237765882
0.2429486279033891 -0.040260079453709616
0.2535509038851079 -0.04061460401979632
0.26430163158700104 -0.04091684258297405
0.27519433517269654 -0.04116571330698677
0.28622245328485874 -0.041360072324107
0.29737934299750524 -0.04149871602793617
0.30865828381745486 -0.04158039846021134
0.320052481732506 -0.0416038616583294
0.33155507330389 -0.0415678757927539
0.3431591298005543 -0.04147128516960356
0.35485766137276875 -0.04131305575646596
0.36664362126255073 -0.04109231983626054
0.3785099100483679 -0.04080841370491316
0.3904493799215649 -0.04046090497672643
0.4024548389919357 -0.040049606994646755
0.41451905561984914 -0.03957457898799591
0.42663476277231926 -0.03903611188871101
0.43879466240039156 -0.03843470101044524
0.4509914298352198 -0.03777100801253085
0.46321771820016633 -0.037045815617394444
0.475466162836291 -0.03625997934214171
0.4877293857385438 -0.0354143809774386
0.4999999999999999 -0.034509888657184185
0.512270614261456 -0.03354732809468495
0.5245338371637088 -0.032527468926540924
0.5367822817998334 -0.0314510291427051
0.54900857016478 -0.03031869935316532
0.5612053375996082 -0.029131187231704894
0.5733652372276805 -0.027889280983087867
0.5854809443801506 -0.02659392920743969
0.5975451610080642 -0.02524633319059233
0.6095506200784349 -0.02384804653062056
0.6214900899516319 -0.022401076203390873
0.6333563787374491 -0.020907978737911465
0.645142338627231 -0.019371945154628534
0.6568408701994456 -0.01779686872721102
0.6684449266961098 -0.016187390441917467
0.6799475182674938 -0.01454891820079637
0.691341716182545 -0.012887617272391306
0.7026206570024947 -0.011210371141882954
0.713777546715141 -0.009524713642440376
0.7248056648273034 -0.007838734944250112
0.7356983684129987 -0.006160965521018502
0.746449096114892 -0.0045002434981076395
0.7570513720966108 -0.002865571720453132
0.7674988099435485 -0.0012659713934587789
0.7777851165098009 0.0002896607944279765
0.7879040957089227 0.0017926855720966682
0.7978496522462164 0.0032348383727395587
0.8076157952903136 0.0046083266209762585
0.8171966420818224 0.005905904191558813
0.8265864214768883 0.0071209219706351995
0.8357794774235092 0.008247355289265453
0.8447702723685334 0.009279810786034294
0.8535533905932737 0.010213516860997812
0.8621235414757333 0.011044303186233296
0.8704755626774794 0.011768575636316088
0.8786044232532422 0.012383293417995312
0.8865052266813687 0.01288595506640275
0.894173213813303 0.01327459932478629
0.9016037657403225 0.013547825762385715
0.9087924065757916 0.013704838373128404
0.9157348061512727 0.013745513431663667
0.9224267826248536 0.0136704906856273
0.928864305000136 0.01348128467670645
0.9350434955543556 0.013180410761954165
0.9409606321741775 0.012771518406109308
0.9466121505977576 0.012259522681840999
0.9519946465617215 0.011650723775733503
0.9571048778517655 0.01095290375399325
0.9619397662556433 0.010175389959282747
0.9664963994173694 0.009329075215051994
0.9707720325915102 0.008426386490115963
0.9747640902965183 0.007481195765358137
0.9784701678661044 0.006508669447777084
0.98188803289772 0.005525055661305803
0.985015626597272 0.0045474119482966
0.9878510650192642 0.0035932791615674317
0.9903926402016152 0.0026803104282413564
0.9926388211944706 0.0018258668407082044
0.9945882549823906 0.001046593809093832
0.9962397672993549 0.00035799365095514073
0.9975923633360985 -0.0002259891111011077
0.9986452283393451 -0.0006933531921170191
0.9993977281025862 -0.0010343809309080818
0.9998494093481021 -0.001241919388066902
1.0 -0.0013115902283248112
