1.0 0.0015666694164749022
0.9998494093481021 0.0016474372770674862
0.9993977281025862 0.0018882816787502091
0.9986452283393451 0.0022848798198641693
0.9975923633360985 0.002830206938827867
0.9962397672993549 0.0035147973706492726
0.9945882549823906 0.004327092892141018
0.9926388211944706 0.005253862305961829
0.9903926402016152 0.00628067310604028
0.9878510650192642 0.007392393949401517
0.985015626597272 0.008573705629384637
0.98188803289772 0.009809598338922922
0.9784701678661044 0.011085834203649817
0.9747640902965183 0.012389356266939926
0.9707720325915102 0.013708628182698919
0.9664963994173694 0.015033892632445596
0.9619397662556433 0.016357340713932193
0.9571048778517655 0.017673189012867307
0.9519946465617215 0.018977665525823483
0.9466121505977576 0.020268909818702628
0.9409606321741775 0.021546796570939317
0.9350434955543556 0.022812694794082697
0.928864305000136 0.024069177390008228
0.9224267826248536 0.02531969724248248
0.9157348061512727 0.02656824668089912
0.9087924065757916 0.027819016932016664
0.9016037657403225 0.029076073146769417
0.894173213813303 0.030343058857774767
0.8865052266813687 0.03162294142446314
0.8786044232532422 0.03291780731469898
0.8704755626774794 0.034228713123905304
0.8621235414757333 0.035555595215578696
0.8535533905932737 0.0368972379419621
0.8447702723685334 0.03825129771380037
0.8357794774235092 0.03961437785166046
0.8265864214768883 0.04098214725636128
0.8171966420818224 0.042349494538075974
0.8076157952903136 0.04371070836516637
0.7978496522462164 0.04505967442626069
0.7879040957089227 0.046390079506658556
0.7777851165098009 0.0476956137049104
0.7674988099435485 0.04897016268343428
0.7570513720966108 0.05020798297499138
0.746449096114892 0.0514038546684329
0.7356983684129987 0.05255320718902963
0.7248056648273034 0.053652215295413704
0.713777546715141 0.05469786377280018
0.7026206570024947 0.05568798056065179
0.691341716182545 0.056621239176971656
0.6799475182674938 0.05749713226985563
0.6684449266961098 0.05831591893135107
0.6568408701994456 0.059078549050775885
0.645142338627231 0.059786568473369515
0.6333563787374491 0.06044200907849338
0.6214900899516319 0.06104726811371715
0.6095506200784349 0.06160498122985525
0.5975451610080642 0.062117893667144874
0.5854809443801506 0.06258873395012776
0.5733652372276805 0.0630200942603406
0.5612053375996082 0.0634143213704838
0.54900857016478 0.063773421638644
0.5367822817998334 0.06409898307419146
0.5245338371637088 0.06439211689865515
0.512270614261456 0.06465342034049912
0.4999999999999999 0.06488296163415619
0.4877293857385438 0.0650802873604616
0.475466162836291 0.06524445139530222
0.46321771820016633 0.06537406386076398
0.4509914298352198 0.0654673576390612
0.43879466240039156 0.06552226925824577
0.42663476277231926 0.06553653033467967
0.41451905561984914 0.06550776530195437
0.4024548389919357 0.06543359090406367
0.3904493799215649 0.06531171290677269
0.3785099100483679 0.06514001569687256
0.36664362126255073 0.06491664089097501
0.35485766137276875 0.06464005174435133
0.3431591298005543 0.06430908100110289
0.33155507330389 0.06392296081065266
0.320052481732506 0.06348133439194115
0.30865828381745486 0.0629842501881991
0.29737934299750524 0.06243214025148479
0.28622245328485874 0.061825785459487574
0.27519433517269654 0.061166270837216125
0.26430163158700104 0.060454934685355836
0.2535509038851079 0.05969331537405745
0.2429486279033891 0.05888309953388165
0.23250119005645137 0.05802607497372354
0.2222148834901989 0.0571240910088089
0.2120959042910774 0.05617902803955105
0.20215034775378343 0.055192777249401775
0.19238420470968637 0.054167230263425195
0.18280335791817703 0.05310427761150741
0.17341357852311146 0.05200581395271843
0.16422052257649067 0.050873747315300144
0.15522972763146647 0.049710009152002896
0.14644660940672616 0.0485165618468231
0.1378764585242665 0.04729540045822411
0.12952443732252045 0.046048545942804255
0.12139557674675777 0.04477802784427555
0.11349477331863145 0.04348585540413486
0.10582678618669683 0.0421739771808983
0.09839623425967753 0.04084423046727936
0.09120759342420814 0.0394982829732668
0.08426519384872727 0.03813757029990749
0.07757321737514639 0.03676323357160068
0.07113569499986394 0.0353760621446871
0.06495650444564427 0.03397644650737577
0.059039367825822475 0.032564346295532856
0.05338784940224234 0.031139277763654202
0.048005353438278275 0.029700324093112
0.042895122148234655 0.028246170641984154
0.038060233744356575 0.026775165719816148
0.03350360058263052 0.025285405804852338
0.029227967408489597 0.023774842423265677
0.025235909703481607 0.022241406298857486
0.021529832133895532 0.02068314297473226
0.018111967102280024 0.01909835301214915
0.014984373402728013 0.017485729174178052
0.012148934980735715 0.015844482765709975
0.009607359798384785 0.014174451559204718
0.007361178805529334 0.012476182486374495
0.005411745017609493 0.010750983484942519
0.0037602327006450165 0.009000940489647082
0.0024076366639015356 0.007228897452766642
0.0013547716606548965 0.00543839935473934
0.0006022718974137975 0.0036336002890550584
0.00015059065189787502 0.001819140741481438
0.0 0.0
0.00015059065189787502 -0.0015534992962376406
0.0006022718974137975 -0.00310235205109254
0.0013547716606548965 -0.004641609604560001
0.0024076366639015356 -0.006166654819507297
0.0037602327006450165 -0.007673347856206044
0.005411745017609493 -0.009158148996496156
0.007361178805529334 -0.010618212801686561
0.009607359798384785 -0.012051449404047437
0.012148934980735715 -0.013456550458585683
0.014984373402728013 -0.014832979122540056
0.018111967102280024 -0.01618092528165873
0.021529832133895532 -0.017501229001971673
0.025235909703481607 -0.0187952767567184
0.029227967408489597 -0.020064876275388267
0.03350360058263052 -0.021312116817126584
0.038060233744356575 -0.02253922223622141
0.042895122148234655 -0.023748404358273432
0.048005353438278275 -0.024941723921581442
0.05338784940224234 -0.026120965682960417
0.059039367825822475 -0.02728753328679207
0.06495650444564427 -0.0284423682161352
0.07113569499986394 -0.029585895665986767
0.07757321737514639 -0.030717998592263547
0.08426519384872727 -0.03183801959130965
0.09120759342420814 -0.03294478874797203
0.09839623425967753 -0.03403667424275895
0.10582678618669683 -0.035111651405294965
0.11349477331863145 -0.03616738510053489
0.12139557674675777 -0.037201319874340895
0.12952443732252045 -0.03821077218233704
0.1378764585242665 -0.03919301927405304
0.14644660940672616 -0.040145379874972874
0.15522972763146647 -0.04106528265424909
0.16422052257649067 -0.04195031952129616
0.17341357852311146 -0.04279828198415764
0.18280335791817703 -0.04360718004369271
0.19238420470968637 -0.04437524430633484
0.20215034775378343 -0.04510091309492439
0.2120959042910774 -0.04578280725199617
0.2222148834901989 -0.04641969600713571
0.23250119005645137 -0.047010457681465855
0.2429486279033891 -0.04755403910985843
0.2535509038851079 -0.04804941747784786
0.26430163158700104 -0.0484955678186869
0.27519433517269654 -0.04889143873832119
0.28622245328485874 -0.0492359380894806
0.29737934299750524 -0.04952792936903593
0.30865828381745486 -0.04976623863995068
0.320052481732506 -0.049949670856147946
0.33155507330389 -0.050077033666415846
0.3431591298005543 -0.05014716615341763
0.35485766137276875 -0.05015896957314359
0.36664362126255073 -0.05011143702838037
0.3785099100483679 -0.05000367914684663
0.3904493799215649 -0.0498349432298719
0.4024548389919357 -0.0496046239603338
0.41451905561984914 -0.04931226456071771
0.42663476277231926 -0.048957548211007264
0.43879466240039156 -0.04854028049921025
0.4509914298352198 -0.04806036460765838
0.46321771820016633 -0.0475177717598791
0.475466162836291 -0.04691251009665783
0.4877293857385438 -0.046244595558747915
0.4999999999999999 -0.045514028486868495
0.512270614261456 -0.04472077948633015
0.5245338371637088 -0.04386478764480569
0.5367822817998334 -0.04294597346061817
0.54900857016478 -0.041964267879697474
0.5612053375996082 -0.04091965771462874
0.5733652372276805 -0.03981224650576006
0.5854809443801506 -0.03864232866790776
0.5975451610080642 -0.03741047363552176
0.6095506200784349 -0.036117615759586934
0.6214900899516319 -0.03476514499673225
0.6333563787374491 -0.03335499302529399
0.645142338627231 -0.031889709364588854
0.6568408701994456 -0.03037252237895733
0.6684449266961098 -0.028807380708354435
0.6799475182674938 -0.027198971648003212
0.691341716182545 -0.025552714242716455
0.7026206570024947 -0.023874726288475513
0.713777546715141 -0.022171765950992607
0.7248056648273034 -0.020451150215498544
0.7356983684129987 -0.018720653769093255
0.746449096114892 -0.016988393087277148
0.7570513720966108 -0.01526270136288313
0.7674988099435485 -0.013552000410786424
0.7777851165098009 -0.01186467576211542
0.7879040957089227 -0.010208960812035092
0.7978496522462164 -0.008592835120420212
0.8076157952903136 -0.007023940829675423
0.8171966420818224 -0.005509519731053918
0.8265864214768883 -0.004056371875897342
0.8357794774235092 -0.0026708349044969972
0.8447702723685334 -0.0013587815759065762
0.8535533905932737 -0.00012563145188038182
0.8621235414757333 0.0010236285650357967
0.8704755626774794 0.0020844210129932848
0.8786044232532422 0.003052558560731788
0.8865052266813687 0.003924235101182575
0.894173213813303 0.004696033125821646
0.9016037657403225 0.0053649521336907
0.9087924065757916 0.005928461256869921
0.9157348061512727 0.006384577352259873
0.9224267826248536 0.006731967635494008
0.928864305000136 0.0069700736558946305
0.9350434955543556 0.007099251183747619
0.9409606321741775 0.007120918558190498
0.9466121505977576 0.007037704374080121
0.9519946465617215 0.006853584200732271
0.9571048778517655 0.0065739954296260075
0.9619397662556433 0.006205919413371482
0.9664963994173694 0.005757920816192004
0.9707720325915102 0.005240135535749922
0.9747640902965183 0.004664200622779927
0.9784701678661044 0.004043122222877121
0.98188803289772 0.0033910805617526343
0.985015626597272 0.002723174230136887
0.9878510650192642 0.002055109316378488
0.9903926402016152 0.001402842093813284
0.9926388211944706 0.0007821868088735931
0.9945882549823906 0.00020840246150649285
0.9962397672993549 -0.0003042258264116292
0.9975923633360985 -0.0007427943100883452
0.9986452283393451 -0.0010961603218580351
0.9993977281025862 -0.0013552782361187512
0.9998494093481021 -0.0015134773214175244
1.0 -0.0015666694164749022
