1.0 0.0016823593077141578
0.9998494093481021 0.0017586742481605312
0.9993977281025862 0.0019862107304939396
0.9986452283393451 0.0023607975006401756
0.9975923633360985 0.0028756591598101664
0.9962397672993549 0.003521672519626146
0.9945882549823906 0.0042877086058715754
0.9926388211944706 0.005161044487152998
0.9903926402016152 0.006127826042343367
0.9878510650192642 0.007173560695311078
0.985015626597272 0.00828361813337512
0.98188803289772 0.009443717122960485
0.9784701678661044 0.010640377716131749
0.9747640902965183 0.011861320320030497
0.9707720325915102 0.013095796139598173
0.9664963994173694 0.014334837220249818
0.9619397662556433 0.015571418496901714
0.9571048778517655 0.016800528665310014
0.9519946465617215 0.018019151092317925
0.9466121505977576 0.019226160143405564
0.9409606321741775 0.020422142020800754
0.9350434955543556 0.02160915229823481
0.928864305000136 0.022790424675999083
0.9224267826248536 0.0239700469768059
0.9157348061512727 0.02515262102422675
0.9087924065757916 0.02634292280648452
0.9016037657403225 0.027545578291177344
0.894173213813303 0.02876476852378236
0.8865052266813687 0.03000397534950653
0.8786044232532422 0.031265776401687435
0.8704755626774794 0.03255169506975762
0.8621235414757333 0.033862108166142976
0.8535533905932737 0.035196211115641536
0.8447702723685334 0.03655203783619517
0.8357794774235092 0.037926530184781336
0.8265864214768883 0.039315649994578324
0.8171966420818224 0.04071452538490089
0.8076157952903136 0.042117622205712975
0.7978496522462164 0.04351893117434713
0.7879040957089227 0.0449121614360917
0.7777851165098009 0.04629093187254027
0.7674988099435485 0.047648952415419665
0.7570513720966108 0.04898018881248952
0.746449096114892 0.05027900564607697
0.7356983684129987 0.05154028383664694
0.7248056648273034 0.05275951029410579
0.713777546715141 0.05393283874071753
0.7026206570024947 0.05505712196838857
0.691341716182545 0.05612991687200371
0.6799475182674938 0.057149464497168914
0.6684449266961098 0.05811464804677735
0.6568408701994456 0.05902493230956767
0.645142338627231 0.059880288317322866
0.6333563787374491 0.06068110722321824
0.6214900899516319 0.061428107442235674
0.6095506200784349 0.06212223902554553
0.5975451610080642 0.0627645890721279
0.5854809443801506 0.06335629172697758
0.5733652372276805 0.06389844598639075
0.5612053375996082 0.06439204413387557
0.54900857016478 0.06483791316946304
0.5367822817998334 0.06523667107397299
0.5245338371637088 0.06558869917236221
0.512270614261456 0.06589413123359479
0.4999999999999999 0.06615285927977907
0.4877293857385438 0.06636455539119247
0.475466162836291 0.06652870810860605
0.46321771820016633 0.06664467137771633
0.4509914298352198 0.06671172338434495
0.43879466240039156 0.06672913212745317
0.42663476277231926 0.06669622420369346
0.41451905561984914 0.06661245306271987
0.4024548389919357 0.06647746296107107
0.3904493799215649 0.06629114500932412
0.3785099100483679 0.06605368207613094
0.36664362126255073 0.06576557987440806
0.35485766137276875 0.06542768228637504
0.3431591298005543 0.06504116984913257
0.33155507330389 0.06460754127322761
0.320052481732506 0.0641285788464169
0.30865828381745486 0.06360629952155156
0.29737934299750524 0.06304289433807246
0.28622245328485874 0.06244065952157284
0.27519433517269654 0.06180192309410236
0.26430163158700104 0.06112897107075042
0.2535509038851079 0.06042397729306512
0.2429486279033891 0.0596889406530464
0.23250119005645137 0.058925632908466245
0.2222148834901989 0.05813555951605092
0.2120959042910774 0.05731993496595242
0.20215034775378343 0.05647967305537023
0.19238420470968637 0.05561539146716577
0.18280335791817703 0.054727429000950956
0.17341357852311146 0.05381587291768838
0.16422052257649067 0.05288059317468431
0.15522972763146647 0.0519212799027768
0.14644660940672616 0.05093748035000006
0.1378764585242665 0.04992863170259339
0.12952443732252045 0.048894086687614136
0.12139557674675777 0.04783312963022239
0.11349477331863145 0.04674498162909897
0.10582678618669683 0.04562879465258131
0.09839623425967753 0.04448363555904508
0.09120759342420814 0.04330846221305291
0.08426519384872727 0.04210209490822099
0.07757321737514639 0.040863187129398834
0.07113569499986394 0.0395902002148067
0.06495650444564427 0.03828138665701419
0.059039367825822475 0.03693478657833946
0.05338784940224234 0.035548241327341544
0.048005353438278275 0.034119427193397805
0.042895122148234655 0.032645910978690226
0.038060233744356575 0.031125227679000993
0.03350360058263052 0.02955497890427315
0.029227967408489597 0.027932949028099393
0.025235909703481607 0.02625723450908053
0.021529832133895532 0.024526380490707617
0.018111967102280024 0.02273951776354258
0.014984373402728013 0.020896492548907037
0.012148934980735715 0.01899798139681979
0.009607359798384785 0.017045583812381183
0.007361178805529334 0.01504188603125213
0.005411745017609493 0.012990490620146367
0.0037602327006450165 0.010896008214754943
0.0024076366639015356 0.0087640096304132
0.0013547716606548965 0.006600938674060998
0.0006022718974137975 0.0044139881201174565
0.00015059065189787502 0.0022109433534819476
0.0 0.0
0.00015059065189787502 -0.0019018233028904779
0.0006022718974137975 -0.003794521701846434
0.0013547716606548965 -0.0056687378101057985
0.0024076366639015356 -0.007515650895962983
0.0037602327006450165 -0.009327215807646136
0.005411745017609493 -0.011096368165189472
0.007361178805529334 -0.012817187357453361
0.009607359798384785 -0.014485011061133734
0.012148934980735715 -0.0160964974787551
0.014984373402728013 -0.017649634133966238
0.018111967102280024 -0.01914369471670668
0.021529832133895532 -0.020579147990591684
0.025235909703481607 -0.021957525022334015
0.029227967408489597 -0.02328125284801003
0.03350360058263052 -0.02455346405786842
0.038060233744356575 -0.025777792594542385
0.042895122148234655 -0.026958166286782444
0.048005353438278275 -0.02809860628491262
0.05338784940224234 -0.029203042662037628
0.059039367825822475 -0.030275154064896368
0.06495650444564427 -0.031318237535159554
0.07113569499986394 -0.03233511259134056
0.07757321737514639 -0.033328061491763025
0.08426519384872727 -0.03429880542352445
0.09120759342420814 -0.03524851431102434
0.09839623425967753 -0.036177846128950655
0.10582678618669683 -0.03708701013876367
0.11349477331863145 -0.03797584742055705
0.12139557674675777 -0.038843921491177866
0.12952443732252045 -0.039690611701399606
0.1378764585242665 -0.040515202475521386
0.14644660940672616 -0.04131696225246205
0.15522972763146647 -0.04209520713890936
0.16422052257649067 -0.04284934570243974
0.17341357852311146 -0.0435789029115421
0.18280335791817703 -0.04428352285888426
0.19238420470968637 -0.04496295147308954
0.20215034775378343 -0.045617001829601496
0.2120959042910774 -0.04624550582416075
0.2222148834901989 -0.046848256804212556
0.23250119005645137 -0.04742494821950439
0.2429486279033891 -0.047975113435068426
0.2535509038851079 -0.04849807155665669
0.26430163158700104 -0.04899288348535009
0.27519433517269654 -0.04945832150220324
0.28622245328485874 -0.04989285456148477
0.29737934299750524 -0.05029465023106508
0.30865828381745486 -0.05066159295568855
0.320052481732506 -0.05099131712748981
0.33155507330389 -0.051281252415070866
0.3431591298005543 -0.05152867800121885
0.35485766137276875 -0.05173078186487631
0.36664362126255073 -0.05188472104803991
0.3785099100483679 -0.05198767898130361
0.3904493799215649 -0.0520369163865682
0.4024548389919357 -0.05202981299254411
0.41451905561984914 -0.0519638982284228
0.42663476277231926 -0.051836870128135926
0.43879466240039156 -0.051646602796538266
0.4509914298352198 -0.051391143870448595
0.46321771820016633 -0.051068704365414865
0.475466162836291 -0.05067764405620211
0.4877293857385438 -0.05021645603315869
0.4999999999999999 -0.049683754265235545
0.512270614261456 -0.0490782678638536
0.5245338371637088 -0.04839884528487242
0.5367822817998334 -0.04764447095783696
0.54900857016478 -0.04681429584416208
0.5612053375996082 -0.045907682269578066
0.5733652372276805 -0.044924262135597984
0.5854809443801506 -0.04386400638253461
0.5975451610080642 -0.042727302446538336
0.6095506200784349 -0.041515035513539515
0.6214900899516319 -0.040228668700080496
0.6333563787374491 -0.03887031694315942
0.645142338627231 -0.037442809394315796
0.6568408701994456 -0.0359497354977253
0.6684449266961098 -0.03439547067175785
0.6799475182674938 -0.032785178565889
0.691341716182545 -0.031124788164004786
0.7026206570024947 -0.029420945465556802
0.713777546715141 -0.027680940998524303
0.7248056648273034 -0.025912615896583224
0.7356983684129987 -0.024124250601542316
0.746449096114892 -0.022324441333250997
0.7570513720966108 -0.020521970220135948
0.7674988099435485 -0.01872567534294861
0.7777851165098009 -0.016944326877048953
0.7879040957089227 -0.015186515018797087
0.7978496522462164 -0.013460554474087762
0.8076157952903136 -0.011774409026050535
0.8171966420818224 -0.010135638165379771
0.8265864214768883 -0.008551366063249534
0.8357794774235092 -0.007028271411103816
0.8447702723685334 -0.005572594968943505
0.8535533905932737 -0.004190160178227136
0.8621235414757333 -0.002886401021628301
0.8704755626774794 -0.00166639054633219
0.8786044232532422 -0.0005348631819727415
0.8865052266813687 0.000503775780299579
0.894173213813303 0.001445459418214541
0.9016037657403225 0.002286491727834495
0.9087924065757916 0.003023606407155247
0.9157348061512727 0.003654052757548698
0.9224267826248536 0.0041757073415979295
0.928864305000136 0.00458720771947182
0.9350434955543556 0.0048881023513103385
0.9409606321741775 0.005079008754016185
0.9466121505977576 0.005161770382101905
0.9519946465617215 0.005139601589786995
0.9571048778517655 0.005017209523882632
0.9619397662556433 0.00480088195806792
0.9664963994173694 0.0044985309332081
0.9707720325915102 0.004119683597303575
0.9747640902965183 0.00367541378199322
0.9784701678661044 0.0031782105099896116
0.98188803289772 0.0026417826644984203
0.985015626597272 0.002080802305503454
0.9878510650192642 0.001510592408805809
0.9903926402016152 0.0009467679445736951
0.9926388211944706 0.0004048420194030422
0.9945882549823906 -0.00010018888900831377
0.9962397672993549 -0.0005542649156780601
0.9975923633360985 -0.0009446714161379152
0.9986452283393451 -0.0012604195198098792
0.9993977281025862 -0.0014925827100904256
0.9998494093481021 -0.0016345750892179309
1.0 -0.0016823593077141578
