1.0 0.0016593107173393145
0.9998494093481021 0.0017327058002192003
0.9993977281025862 0.0019514029254019839
0.9986452283393451 0.002310994262256201
0.9975923633360985 0.0028043192774595393
0.9962397672993549 0.003421734496418436
0.9945882549823906 0.004151473622060576
0.9926388211944706 0.004980081562924724
0.9903926402016152 0.005892902722319686
0.9878510650192642 0.006874601705420401
0.985015626597272 0.007909693511612258
0.98188803289772 0.008983060333556385
0.9784701678661044 0.010080433257624566
0.9747640902965183 0.011188819367359677
0.9707720325915102 0.012296857852820989
0.9664963994173694 0.013395092539240505
0.9619397662556433 0.014476152550004028
0.9571048778517655 0.01553483737313792
0.9519946465617215 0.01656810716296646
0.9466121505977576 0.017574983443444745
0.9409606321741775 0.018556369272483636
0.9350434955543556 0.019514801195941362
0.928864305000136 0.02045414782651674
0.9224267826248536 0.021379271535348823
0.9157348061512727 0.022295670502704024
0.9087924065757916 0.0232091182496094
0.9016037657403225 0.024125316823155076
0.894173213813303 0.025049578134464078
0.8865052266813687 0.02598654568331971
0.8786044232532422 0.02693996620394076
0.8704755626774794 0.02791251780198005
0.8621235414757333 0.02890569809513187
0.8535533905932737 0.029919772882226574
0.8447702723685334 0.030953783094747098
0.8357794774235092 0.032005605352346984
0.8265864214768883 0.033072059442753717
0.8171966420818224 0.0341490545366539
0.8076157952903136 0.03523176495717791
0.7978496522462164 0.03631482584759672
0.7879040957089227 0.0373925390882494
0.7777851165098009 0.03845908025023102
0.7674988099435485 0.03950869816787414
0.7570513720966108 0.040535899783136244
0.746449096114892 0.04153561417727266
0.7356983684129987 0.04250333107524487
0.7248056648273034 0.043435210509747184
0.713777546715141 0.04432816169888921
0.7026206570024947 0.045179890472040324
0.691341716182545 0.04598891573403703
0.6799475182674938 0.04675455646483059
0.6684449266961098 0.04747689159834163
0.6568408701994456 0.048156695809839854
0.645142338627231 0.04879535477224178
0.6333563787374491 0.049394763829624225
0.6214900899516319 0.04995721429405389
0.6095506200784349 0.050485271711959094
0.5975451610080642 0.050981650478720594
0.5854809443801506 0.05144908911155439
0.5733652372276805 0.051890230324219
0.5612053375996082 0.052307509782912584
0.54900857016478 0.05270305705979191
0.5367822817998334 0.05307861183808225
0.5245338371637088 0.05343545786241093
0.512270614261456 0.05377437647582138
0.4999999999999999 0.05409562085296963
0.4877293857385438 0.05439891124639542
0.475466162836291 0.05468345073598764
0.46321771820016633 0.054947960144116445
0.4509914298352198 0.055190729989016876
0.43879466240039156 0.05540968663860568
0.42663476277231926 0.055602469237919845
0.41451905561984914 0.055766513554606774
0.4024548389919357 0.055899138650676174
0.3904493799215649 0.05599763226762634
0.3785099100483679 0.05605933101623988
0.36664362126255073 0.05608169188766127
0.35485766137276875 0.056062352229508165
0.3431591298005543 0.05599917612558743
0.33155507330389 0.05589028603285217
0.320052481732506 0.05573407950657088
0.30865828381745486 0.05552923181949938
0.29737934299750524 0.05527468618606205
0.28622245328485874 0.054969634073714295
0.27519433517269654 0.05461348866393887
0.26430163158700104 0.05420585487013275
0.2535509038851079 0.053746499400504986
0.2429486279033891 0.05323532416146884
0.23250119005645137 0.05267234584165867
0.2222148834901989 0.05205768382965512
0.2120959042910774 0.051391557749340545
0.20215034775378343 0.050674294910480144
0.19238420470968637 0.04990634694446437
0.18280335791817703 0.049088313907360154
0.17341357852311146 0.04822097326499175
0.16422052257649067 0.04730531050125329
0.15522972763146647 0.04634254767190103
0.14644660940672616 0.045334166104423326
0.1378764585242665 0.04428191964113814
0.12952443732252045 0.04318783533422435
0.12139557674675777 0.04205419930013575
0.11349477331863145 0.040883526475709114
0.10582678618669683 0.03967851421814868
0.09839623425967753 0.03844198096960037
0.09120759342420814 0.03717679246876009
0.08426519384872727 0.035885779139307385
0.07757321737514639 0.03457164922552835
0.07113569499986394 0.03323690289923829
0.06495650444564427 0.031883752867711744
0.059039367825822475 0.030514056932300374
0.05338784940224234 0.029129267471644894
0.048005353438278275 0.02773040197058116
0.042895122148234655 0.026318037532967603
0.038060233744356575 0.024892330876208305
0.03350360058263052 0.023453063700549972
0.029227967408489597 0.0219997116651618
0.025235909703481607 0.020531533600451284
0.021529832133895532 0.019047676155752154
0.018111967102280024 0.01754728792774961
0.014984373402728013 0.01602963632497964
0.012148934980735715 0.014494220060925694
0.009607359798384785 0.012940870267440509
0.007361178805529334 0.011369833784575872
0.005411745017609493 0.009781833183192217
0.0037602327006450165 0.008178099452934259
0.0024076366639015356 0.006560374953390764
0.0013547716606548965 0.004930886072462706
0.0006022718974137975 0.0032922869413924156
0.00015059065189787502 0.0016475773935055915
0.0 0.0
0.00015059065189787502 -0.0018519914836610761
0.0006022718974137975 -0.003696748803392998
0.0013547716606548965 -0.005526774082193047
0.0024076366639015356 -0.007335031085230166
0.0037602327006450165 -0.009115149898578338
0.005411745017609493 -0.010861601581825385
0.007361178805529334 -0.01256983523666669
0.009607359798384785 -0.014236371856844034
0.012148934980735715 -0.0158588515193048
0.014984373402728013 -0.017436032820843883
0.018111967102280024 -0.018967745829969202
0.021529832133895532 -0.02045480208159502
0.025235909703481607 -0.021898867171183157
0.029227967408489597 -0.02330230319834493
0.03350360058263052 -0.024667989581340866
0.038060233744356575 -0.02599913155228909
0.042895122148234655 -0.027299065915585494
0.048005353438278275 -0.028571073406420913
0.05338784940224234 -0.029818206249419568
0.059039367825822475 -0.031043138344042567
0.06495650444564427 -0.032248043972187446
0.07113569499986394 -0.033434509131950334
0.07757321737514639 -0.034603477660128425
0.08426519384872727 -0.03575523233096911
0.09120759342420814 -0.036889409224988574
0.09839623425967753 -0.03800504195637461
0.10582678618669683 -0.03910063092315728
0.11349477331863145 -0.040174231673870256
0.12139557674675777 -0.04122355581702868
0.12952443732252045 -0.04224607765841262
0.1378764585242665 -0.0432391399319177
0.14644660940672616 -0.04420005256260945
0.15522972763146647 -0.045126179312093485
0.16422052257649067 -0.046015008333393885
0.17341357852311146 -0.0468642040178804
0.18280335791817703 -0.04767163895472716
0.19238420470968637 -0.0484354062463304
0.20215034775378343 -0.049153813737972674
0.2120959042910774 -0.04982536284423202
0.2222148834901989 -0.05044871552136527
0.23250119005645137 -0.051022653497107585
0.2429486279033891 -0.05154603410249031
0.2535509038851079 -0.052017746953425016
0.26430163158700104 -0.052436675325102995
0.27519433517269654 -0.05280166539291631
0.28622245328485874 -0.05311150564038367
0.29737934299750524 -0.05336491773116252
0.30865828381745486 -0.05356055908979194
0.320052481732506 -0.05369703641700349
0.33155507330389 -0.0537729284584687
0.3431591298005543 -0.053786815618874204
0.35485766137276875 -0.05373731351947977
0.36664362126255073 -0.05362310737142922
0.3785099100483679 -0.05344298409262508
0.3904493799215649 -0.05319585942462321
0.4024548389919357 -0.05288079787825422
0.41451905561984914 -0.052497024104110494
0.42663476277231926 -0.05204392518293162
0.43879466240039156 -0.051521044287024184
0.4509914298352198 -0.050928067097904685
0.46321771820016633 -0.050264803199049926
0.475466162836291 -0.0495311653245122
0.4877293857385438 -0.048727149775066605
0.4999999999999999 -0.0478528214712762
0.512270614261456 -0.046908306975521154
0.5245338371637088 -0.04589379838308646
0.5367822817998334 -0.04480957027898565
0.54900857016478 -0.04365601102686624
0.5612053375996082 -0.042433668562174946
0.5733652372276805 -0.04114330968109457
0.5854809443801506 -0.039785990635795715
0.5975451610080642 -0.038363135754187955
0.6095506200784349 -0.036876619883756796
0.6214900899516319 -0.03532884978932582
0.6333563787374491 -0.0337228392729302
0.645142338627231 -0.03206227276914935
0.6568408701994456 -0.030351552516038032
0.6684449266961098 -0.028595825099416876
0.6799475182674938 -0.026800984180418787
0.691341716182545 -0.024973647482889574
0.7026206570024947 -0.02312110755859603
0.713777546715141 -0.02125125736946203
0.7248056648273034 -0.019372493224024415
0.7356983684129987 -0.017493598975363088
0.746449096114892 -0.015623616531339082
0.7570513720966108 -0.01377170855960525
0.7674988099435485 -0.011947019723655524
0.7777851165098009 -0.010158542821010847
0.7879040957089227 -0.008414995797715773
0.7978496522462164 -0.006724714801919552
0.8076157952903136 -0.005095567260422401
0.8171966420818224 -0.0035348874899619005
0.8265864214768883 -0.002049435686834865
0.8357794774235092 -0.0006453793881563287
0.8447702723685334 0.0006717052111052328
0.8535533905932737 0.0018968162448515565
0.8621235414757333 0.0030254988872985824
0.8704755626774794 0.004053814088342612
0.8786044232532422 0.004978310049507392
0.8865052266813687 0.0057960030656066044
0.894173213813303 0.0065043737422011225
0.9016037657403225 0.007101383481536704
0.9087924065757916 0.007585514566563698
0.9157348061512727 0.007955835253314749
0.9224267826248536 0.008212089123623662
0.928864305000136 0.008354805691096468
0.9350434955543556 0.008385427043922384
0.9409606321741775 0.008306443301859598
0.9466121505977576 0.008121528007609367
0.9519946465617215 0.007835663393804572
0.9571048778517655 0.0074552448689704925
0.9619397662556433 0.006988154118552692
0.9664963994173694 0.006443790950941285
0.9707720325915102 0.005833055421750368
0.9747640902965183 0.0051682737882555365
0.9784701678661044 0.004463064385364078
0.98188803289772 0.003732142444836088
0.985015626597272 0.0029910660425243145
0.9878510650192642 0.002255928576896558
0.9903926402016152 0.001543006270253983
0.9926388211944706 0.0008683719587587718
0.9945882549823906 0.00024748872950566695
0.9962397672993549 -0.00030520137217328823
0.9975923633360985 -0.0007766774150559307
0.9986452283393451 -0.0011557121649018705
0.9993977281025862 -0.0014332016217918767
0.9998494093481021 -0.0016024374774134765
1.0 -0.0016593107173393145
