1.0 0.0013994367031597073
0.9998494093481021 0.0014798234574230245
0.9993977281025862 0.0017195204000691364
0.9986452283393451 0.002114192789227902
0.9975923633360985 0.0026567975541357093
0.9962397672993549 0.00333784670809173
0.9945882549823906 0.004145758931526468
0.9926388211944706 0.005067283212984149
0.9903926402016152 0.006087975309104217
0.9878510650192642 0.0071927056474923555
0.985015626597272 0.008366176246541138
0.98188803289772 0.009593424300587846
0.9784701678661044 0.010860291251725116
0.9747640902965183 0.012153838355839278
0.9707720325915102 0.013462692811083251
0.9664963994173694 0.01477731226858246
0.9619397662556433 0.016090159771490715
0.9571048778517655 0.017395785633840324
0.9519946465617215 0.01869081723394495
0.9466121505977576 0.019973861926091387
0.9409606321741775 0.021245332058424455
0.9350434955543556 0.022507204246896253
0.928864305000136 0.023762727459600865
0.9224267826248536 0.02501609602541708
0.9157348061512727 0.02627210435920393
0.9087924065757916 0.027535800006878396
0.9016037657403225 0.028812150618647454
0.894173213813303 0.030105738759473265
0.8865052266813687 0.03142049619710069
0.8786044232532422 0.03275948662698801
0.8704755626774794 0.03412474286956961
0.8621235414757333 0.03551716157905741
0.8535533905932737 0.036936455596125344
0.8447702723685334 0.03838116140322801
0.8357794774235092 0.0398486968199069
0.8265864214768883 0.04133546219519351
0.8171966420818224 0.04283697697136113
0.8076157952903136 0.0443480426309191
0.7978496522462164 0.0458629226886384
0.7879040957089227 0.0473755305165906
0.7777851165098009 0.0488796163341527
0.7674988099435485 0.05036894558166108
0.7570513720966108 0.05183746204103704
0.746449096114892 0.053279430380998104
0.7356983684129987 0.05468955420285888
0.7248056648273034 0.05606306706756279
0.713777546715141 0.05739579532925138
0.7026206570024947 0.05868419283323964
0.691341716182545 0.05992534861976293
0.6799475182674938 0.061116969687201254
0.6684449266961098 0.06225734160100938
0.6568408701994456 0.06334527028971977
0.645142338627231 0.0643800087577315
0.6333563787374491 0.0653611726818205
0.6214900899516319 0.06628864896209023
0.6095506200784349 0.06716250128558524
0.5975451610080642 0.06798287664668083
0.5854809443801506 0.06874991656371048
0.5733652372276805 0.06946367644328093
0.5612053375996082 0.07012405617622314
0.54900857016478 0.07073074460391508
0.5367822817998334 0.07128317997222769
0.5245338371637088 0.07178052789566469
0.512270614261456 0.0722216776930235
0.4999999999999999 0.0726052572399561
0.4877293857385438 0.07292966573129975
0.475466162836291 0.07319312298177495
0.46321771820016633 0.07339373314859593
0.4509914298352198 0.07352956006951977
0.43879466240039156 0.07359871081340601
0.42663476277231926 0.07359942357595223
0.41451905561984914 0.07353015575619938
0.4024548389919357 0.07338966794844994
0.3904493799215649 0.07317709969864528
0.3785099100483679 0.0728920332110663
0.36664362126255073 0.07253454174356677
0.35485766137276875 0.07210522017577886
0.3431591298005543 0.07160519613882292
0.33155507330389 0.07103612110815759
0.320052481732506 0.07040014192437577
0.30865828381745486 0.06969985425464281
0.29737934299750524 0.06893824047279777
0.28622245328485874 0.06811859525453551
0.27519433517269654 0.06724444279902532
0.26430163158700104 0.0663194499556348
0.2535509038851079 0.06534733962614918
0.2429486279033891 0.064331808619914
0.23250119005645137 0.06327645367288644
0.2222148834901989 0.062184708632983914
0.2120959042910774 0.06105979491313476
0.20215034775378343 0.05990468628507949
0.19238420470968637 0.058722088007041075
0.18280335791817703 0.05751442922798976
0.17341357852311146 0.056283866670763044
0.16422052257649067 0.0550322968392739
0.15522972763146647 0.05376137348219837
0.14644660940672616 0.05247252681991736
0.1378764585242665 0.05116698112456635
0.12952443732252045 0.049845767632526516
0.12139557674675777 0.048509730438035546
0.11349477331863145 0.04715952391642143
0.10582678618669683 0.04579560128674531
0.09839623425967753 0.04441819506250943
0.09120759342420814 0.04302729126290502
0.08426519384872727 0.04162260027136175
0.07757321737514639 0.04020352804382438
0.07113569499986394 0.0387691519095631
0.06495650444564427 0.037318205414468404
0.059039367825822475 0.03584907649644258
0.05338784940224234 0.03435982274750669
0.048005353438278275 0.03284820662888031
0.042895122148234655 0.031311752312582444
0.038060233744356575 0.02974782439999397
0.03350360058263052 0.028153727208423768
0.029227967408489597 0.026526821728939214
0.025235909703481607 0.024864655856699353
0.021529832133895532 0.02316510219097073
0.018111967102280024 0.021426496697935723
0.014984373402728013 0.01964777090951659
0.012148934980735715 0.01782857015556905
0.009607359798384785 0.015969350625555045
0.007361178805529334 0.014071448827688838
0.005411745017609493 0.012137118224407245
0.0037602327006450165 0.010169529407720498
0.0024076366639015356 0.008172732044508371
0.0013547716606548965 0.006151578857069483
0.0006022718974137975 0.004111613981696162
0.00015059065189787502 0.002058930036318268
0.0 0.0
0.00015059065189787502 -0.0014351199901407757
0.0006022718974137975 -0.00286568113683727
0.0013547716606548965 -0.004286886733555436
0.0024076366639015356 -0.0056942983908871685
0.0037602327006450165 -0.0070839928817465645
0.005411745017609493 -0.008452693448312983
0.007361178805529334 -0.009797869287449803
0.009607359798384785 -0.01111779867284169
0.012148934980735715 -0.01241159314928282
0.014984373402728013 -0.01367918233236186
0.018111967102280024 -0.014921260943803022
0.021529832133895532 -0.01613920168845063
0.025235909703481607 -0.017334939320987758
0.029227967408489597 -0.01851083266150093
0.03350360058263052 -0.019669512322084054
0.038060233744356575 -0.020813722450067348
0.042895122148234655 -0.021946164853391067
0.048005353438278275 -0.02306935345553109
0.05338784940224234 -0.02418548616516905
0.059039367825822475 -0.025296339999603294
0.06495650444564427 -0.026403193753027673
0.07113569499986394 -0.027506780750465316
0.07757321737514639 -0.02860727238511656
0.08426519384872727 -0.029704291314621954
0.09120759342420814 -0.03079695150031955
0.09839623425967753 -0.03188392081288027
0.10582678618669683 -0.032963500781366895
0.11349477331863145 -0.03403371729316335
0.12139557674675777 -0.03509241569690276
0.12952443732252045 -0.036137353830178263
0.1378764585242665 -0.03716628697206735
0.14644660940672616 -0.0381770395653186
0.15522972763146647 -0.039167559699896104
0.16422052257649067 -0.04013595371588891
0.17341357852311146 -0.04108049977459143
0.18280335791817703 -0.041999640760823596
0.19238420470968637 -0.042891958316886684
0.20215034775378343 -0.043756131075728476
0.2120959042910774 -0.044590881177910664
0.2222148834901989 -0.04539491386211328
0.23250119005645137 -0.04616685527255283
0.2429486279033891 -0.04690519361365487
0.2535509038851079 -0.047608228412489025
0.26430163158700104 -0.04827403195681697
0.27519433517269654 -0.04890042601652832
0.28622245328485874 -0.049484975801544144
0.29737934299750524 -0.05002500184496791
0.30865828381745486 -0.05051760921759854
0.320052481732506 -0.05095973227000689
0.33155507330389 -0.051348192045896995
0.3431591298005543 -0.0516797626878675
0.35485766137276875 -0.05195124261918252
0.36664362126255073 -0.05215952606706852
0.3785099100483679 -0.05230167060548437
0.3904493799215649 -0.05237495682554546
0.4024548389919357 -0.052376936954295766
0.41451905561984914 -0.052305470181597945
0.42663476277231926 -0.05215874354868396
0.43879466240039156 -0.0519352784175381
0.4509914298352198 -0.051633923689889547
0.46321771820016633 -0.051253837991588475
0.475466162836291 -0.050794463903460464
0.4877293857385438 -0.050255497937564106
0.4999999999999999 -0.04963686028035232
0.512270614261456 -0.048938668325399746
0.5245338371637088 -0.04816121769556115
0.5367822817998334 -0.0473049738291014
0.54900857016478 -0.04637057632052205
0.5612053375996082 -0.045358857128150354
0.5733652372276805 -0.044270872565887444
0.5854809443801506 -0.043107947774283034
0.5975451610080642 -0.04187173120807106
0.6095506200784349 -0.040564255671877825
0.6214900899516319 -0.03918800166162636
0.6333563787374491 -0.03774595828913712
0.645142338627231 -0.03624167692401277
0.6568408701994456 -0.034679312898609524
0.6684449266961098 -0.03306365118156157
0.6799475182674938 -0.031400112800118625
0.691341716182545 -0.02969473992490068
0.7026206570024947 -0.027954158845853394
0.713777546715141 -0.026185521473484713
0.7248056648273034 -0.024396427394481727
0.7356983684129987 -0.02259482979349372
0.746449096114892 -0.020788929626906136
0.7570513720966108 -0.018987063216242387
0.7674988099435485 -0.017197588853980397
0.7777851165098009 -0.015428778042840116
0.7879040957089227 -0.013688716608527605
0.7978496522462164 -0.011985220152455992
0.8076157952903136 -0.010325767191049407
0.8171966420818224 -0.008717451934392153
0.8265864214768883 -0.007166957083881787
0.8357794774235092 -0.005680545387015336
0.8447702723685334 -0.004264067097033725
0.8535533905932737 -0.002922979066090979
0.8621235414757333 -0.0016623700652390776
0.8704755626774794 -0.000486986169239013
0.8786044232532422 0.0005987502578101687
0.8865052266813687 0.0015907342447280413
0.894173213813303 0.0024851901285678963
0.9016037657403225 0.0032787060805824194
0.9087924065757916 0.003968294007629472
0.9157348061512727 0.004551475646508566
0.9224267826248536 0.005026393504511523
0.928864305000136 0.0053919430559042
0.9350434955543556 0.0056479204301026036
0.9409606321741775 0.005795177873930159
0.9466121505977576 0.005835777680574346
0.9519946465617215 0.005773134177185572
0.9571048778517655 0.005612132850652747
0.9619397662556433 0.005359215832537545
0.9664963994173694 0.005022423786166068
0.9707720325915102 0.004611385726381578
0.9747640902965183 0.004137250398262796
0.9784701678661044 0.003612555448283745
0.98188803289772 0.0030510336082067435
0.985015626597272 0.002467358319204747
0.9878510650192642 0.0018768344736355429
0.9903926402016152 0.0012950430589507877
0.9926388211944706 0.0007374512700503932
0.9945882549823906 0.0002190019450017944
0.9962397672993549 -0.0002463021687312485
0.9975923633360985 -0.0006458029038609984
0.9986452283393451 -0.0009685634124012455
0.9993977281025862 -0.0012057013922062028
0.9998494093481021 -0.0013506645946372627
1.0 -0.0013994367031597073
