1.0 0.0013537103069793553
0.9998494093481021 0.0014266367344467636
0.9993977281025862 0.0016440155861997601
0.9986452283393451 0.0020017003027167865
0.9975923633360985 0.0024929598176361015
0.9962397672993549 0.0031087394796574944
0.9945882549823906 0.0038380090701508798
0.9926388211944706 0.004668181738755837
0.9903926402016152 0.005585584550216273
0.9878510650192642 0.006575959206151024
0.985015626597272 0.007624970473191039
0.98188803289772 0.0087186999496428
0.9784701678661044 0.009844104009060984
0.9747640902965183 0.010989416982925288
0.9707720325915102 0.012144483744016329
0.9664963994173694 0.013301009640527687
0.9619397662556433 0.014452719989317145
0.9571048778517655 0.015595425826948645
0.9519946465617215 0.016726997096784383
0.9466121505977576 0.017847248686537105
0.9409606321741775 0.01895774851349884
0.9350434955543556 0.02006156000837047
0.928864305000136 0.021162933740434414
0.9224267826248536 0.022266964472573585
0.9157348061512727 0.023379230601362013
0.9087924065757916 0.024505432742518842
0.9016037657403225 0.025651047229338156
0.894173213813303 0.02682100860517843
0.8865052266813687 0.028019432945938394
0.8786044232532422 0.029249391201130806
0.8704755626774794 0.03051273885958097
0.8621235414757333 0.03181000529456828
0.8535533905932737 0.03314034327977235
0.8447702723685334 0.03450153652931444
0.8357794774235092 0.03589006081465818
0.8265864214768883 0.03730119233042233
0.8171966420818224 0.038729155570516954
0.8076157952903136 0.04016730205391713
0.7978496522462164 0.04160831079485559
0.7879040957089227 0.043044401408937505
0.7777851165098009 0.0444675511284611
0.7674988099435485 0.04586970769718434
0.7570513720966108 0.047242991049890846
0.746449096114892 0.0485798777773509
0.7356983684129987 0.04987336355917524
0.7248056648273034 0.0511170999509997
0.713777546715141 0.05230550308572893
0.7026206570024947 0.05343383295196519
0.691341716182545 0.054498242920602485
0.6799475182674938 0.055495800089621315
0.6684449266961098 0.05642447780431575
0.6568408701994456 0.05728312238974437
0.645142338627231 0.05807139671236209
0.6333563787374491 0.05878970367767422
0.6214900899516319 0.05943909317753028
0.6095506200784349 0.060021156327538745
0.5975451610080642 0.060537911080082316
0.5854809443801506 0.060991683454316756
0.5733652372276805 0.06138498867969583
0.5612053375996082 0.0617204164896771
0.54900857016478 0.06200052461279434
0.5367822817998334 0.06222774417729093
0.5245338371637088 0.062404300266525645
0.512270614261456 0.0625321502369761
0.4999999999999999 0.06261294165051341
0.4877293857385438 0.06264799080048487
0.475466162836291 0.06263828186098853
0.46321771820016633 0.06258448570458515
0.4509914298352198 0.06248699646741185
0.43879466240039156 0.06234598304863378
0.42663476277231926 0.06216145197033195
0.41451905561984914 0.06193331744729746
0.4024548389919357 0.061661474168363414
0.3904493799215649 0.061345868203825094
0.3785099100483679 0.06098656164308345
0.36664362126255073 0.06058378703038943
0.35485766137276875 0.06013798838252024
0.3431591298005543 0.05964984649951528
0.33155507330389 0.059120287360480424
0.320052481732506 0.05855047355982422
0.30865828381745486 0.05794177990540147
0.29737934299750524 0.05729575538626712
0.28622245328485874 0.05661407464468715
0.27519433517269654 0.05589848278474414
0.26430163158700104 0.055150737763454465
0.2535509038851079 0.05437255470481094
0.2429486279033891 0.0535655562408038
0.23250119005645137 0.05273123242940661
0.2222148834901989 0.05187091296554431
0.2120959042910774 0.05098575334753106
0.20215034775378343 0.05007673546723969
0.19238420470968637 0.04914468184919528
0.18280335791817703 0.048190281569938986
0.17341357852311146 0.04721412484123532
0.16422052257649067 0.046216742427067116
0.15522972763146647 0.045198645557000636
0.14644660940672616 0.04416036184755962
0.1378764585242665 0.04310246297226568
0.12952443732252045 0.042025580424329384
0.12139557674675777 0.040930406658287406
0.11349477331863145 0.039817680115001
0.10582678618669683 0.03868815404138535
0.09839623425967753 0.03754255050718956
0.09120759342420814 0.0363815024809377
0.08426519384872727 0.03520548813878417
0.07757321737514639 0.03401476263361948
0.07113569499986394 0.032809293253020975
0.06495650444564427 0.03158870417263089
0.059039367825822475 0.030352236824682365
0.05338784940224234 0.029098731241532463
0.048005353438278275 0.0278266326280906
0.042895122148234655 0.026534025925931355
0.038060233744356575 0.025218699347216614
0.03350360058263052 0.02387823589459664
0.029227967408489597 0.022510129877164473
0.025235909703481607 0.02111192352307842
0.021529832133895532 0.019681357115032626
0.018111967102280024 0.018216524761286473
0.014984373402728013 0.016716027066618833
0.012148934980735715 0.015179111658772974
0.009607359798384785 0.013605792795452567
0.007361178805529334 0.011996942124318701
0.005411745017609493 0.010354344053479111
0.0037602327006450165 0.008680711034661854
0.0024076366639015356 0.006979656254784359
0.0013547716606548965 0.005255623637476012
0.0006022718974137975 0.0035137775213471326
0.00015059065189787502 0.0017598567474193904
0.0 0.0
0.00015059065189787502 -0.0017435781422615276
0.0006022718974137975 -0.0034789349360514394
0.0013547716606548965 -0.005197692981898095
0.0024076366639015356 -0.006891967349904364
0.0037602327006450165 -0.008554584765120747
0.005411745017609493 -0.01017927176120573
0.007361178805529334 -0.011760803987717026
0.009607359798384785 -0.01329511083874292
0.012148934980735715 -0.014779331829671418
0.014984373402728013 -0.016211823558281095
0.018111967102280024 -0.017592118512256352
0.021529832133895532 -0.01892083929446029
0.025235909703481607 -0.020199573904958933
0.029227967408489597 -0.021430719435631677
0.03350360058263052 -0.02261730281182065
0.038060233744356575 -0.023762787995228178
0.042895122148234655 -0.02487087931248936
0.048005353438278275 -0.02594533029519438
0.05338784940224234 -0.026989766641076423
0.059039367825822475 -0.02800753069246836
0.06495650444564427 -0.029001553261088945
0.07113569499986394 -0.029974256810607607
0.07757321737514639 -0.030927492055240768
0.08426519384872727 -0.03186250806370128
0.09120759342420814 -0.03277995409043044
0.09839623425967753 -0.03367990969772203
0.10582678618669683 -0.034561938374459054
0.11349477331863145 -0.03542515886960504
0.12139557674675777 -0.03626832788586576
0.12952443732252045 -0.03708992763806929
0.1378764585242665 -0.03788825206090435
0.14644660940672616 -0.03866148611428187
0.15522972763146647 -0.03940777362088134
0.16422052257649067 -0.04012527029966123
0.17341357852311146 -0.04081218003827961
0.18280335791817703 -0.04146677387675138
0.19238420470968637 -0.04208739255453042
0.20215034775378343 -0.04267243471046447
0.2120959042910774 -0.043220333839377734
0.2222148834901989 -0.043729527837922624
0.23250119005645137 -0.044198425375023866
0.2429486279033891 -0.04462537338198627
0.2535509038851079 -0.04500862968204996
0.26430163158700104 -0.04534634420038763
0.27519433517269654 -0.045636551365721346
0.28622245328485874 -0.04587717530324153
0.29737934299750524 -0.046066048306388115
0.30865828381745486 -0.04620094194908992
0.320052481732506 -0.04627960914650782
0.33155507330389 -0.046299834570714224
0.3431591298005543 -0.046259490145211545
0.35485766137276875 -0.046156591928755125
0.36664362126255073 -0.04598935458399434
0.3785099100483679 -0.045756239816731256
0.3904493799215649 -0.045455995650854154
0.4024548389919357 -0.04508768413421898
0.41451905561984914 -0.044650695994978305
0.42663476277231926 -0.04414475181442296
0.43879466240039156 -0.043569890370156794
0.4509914298352198 -0.04292644584770657
0.46321771820016633 -0.04221501653754353
0.475466162836291 -0.04143642835481284
0.4877293857385438 -0.0405916969819732
0.4999999999999999 -0.039681992599917476
0.512270614261456 -0.038708611022787526
0.5245338371637088 -0.03767295459092842
0.5367822817998334 -0.03657652543401154
0.54900857016478 -0.03542093274270397
0.5612053375996082 -0.03420791455106083
0.5733652372276805 -0.03293937331528866
0.5854809443801506 -0.03161742336762375
0.5975451610080642 -0.03024444721803759
0.6095506200784349 -0.02882315675719093
0.6214900899516319 -0.027356654755670402
0.6333563787374491 -0.02584849171379589
0.645142338627231 -0.024302713128061253
0.6568408701994456 -0.022723892614509897
0.6684449266961098 -0.021117147049792326
0.6799475182674938 -0.019488130915386582
0.691341716182545 -0.017843008294310646
0.7026206570024947 -0.0161884023882961
0.713777546715141 -0.014531323898932155
0.7248056648273034 -0.012879081043937028
0.7356983684129987 -0.011239175255073256
0.746449096114892 -0.009619187630813207
0.7570513720966108 -0.008026661913147565
0.7674988099435485 -0.006468990063611208
0.7777851165098009 -0.004953306394465156
0.7879040957089227 -0.0034863956620983464
0.7978496522462164 -0.002074619576698441
0.8076157952903136 -0.0007238648803229572
0.8171966420818224 0.0005604854233879086
0.8265864214768883 0.001773557836783165
0.8357794774235092 0.00291097305845912
0.8447702723685334 0.0039688132160063914
0.8535533905932737 0.004943576748008276
0.8621235414757333 0.005832127206009083
0.8704755626774794 0.0066316429905739814
0.8786044232532422 0.007339575286219813
0.8865052266813687 0.007953621176851987
0.894173213813303 0.008471718100337233
0.9016037657403225 0.008892064468544856
0.9087924065757916 0.009213169504006174
0.9157348061512727 0.009433933225333611
0.9224267826248536 0.009553755176947946
0.928864305000136 0.009572668090522932
0.9350434955543556 0.009491490342757022
0.9409606321741775 0.009311988994501098
0.9466121505977576 0.00903704350854239
0.9519946465617215 0.008670799076974545
0.9571048778517655 0.008218797945523602
0.9619397662556433 0.0076880772675024765
0.9664963994173694 0.00708722287961612
0.9707720325915102 0.00642636994755497
0.9747640902965183 0.0057171436195188295
0.9784701678661044 0.004972535547897984
0.98188803289772 0.004206715254994192
0.985015626597272 0.003434778661531532
0.9878510650192642 0.00267243948184827
0.9903926402016152 0.001935672424436925
0.9926388211944706 0.001240320032050993
0.9945882549823906 0.0006016773783249702
0.9962397672993549 3.407056012113738e-05
0.9975923633360985 -0.0004495541258075714
0.9986452283393451 -0.0008380133267263018
0.9993977281025862 -0.0011222258624277131
0.9998494093481021 -0.001295493400867092
1.0 -0.0013537103069793553
