1.0 0.0015755438884322418
0.9998494093481021 0.0016521256466103089
0.9993977281025862 0.001880439346871923
0.9986452283393451 0.0022562444385630484
0.9975923633360985 0.0027726513949836453
0.9962397672993549 0.0034203801250524404
0.9945882549823906 0.004188104866060142
0.9926388211944706 0.0050628697346122775
0.9903926402016152 0.006030556038862796
0.9878510650192642 0.007076380351145273
0.985015626597272 0.008185401302617268
0.98188803289772 0.009343013127419884
0.9784701678661044 0.010535405129044807
0.9747640902965183 0.011749968383570336
0.9707720325915102 0.012975633997999909
0.9664963994173694 0.014203130928214206
0.9619397662556433 0.01542515551869561
0.9571048778517655 0.016636449324387906
0.9519946465617215 0.0178337861773337
0.9466121505977576 0.019015873638608693
0.9409606321741775 0.02018317772194532
0.9350434955543556 0.021337682913629186
0.928864305000136 0.022482601908888643
0.9224267826248536 0.023622051049940477
0.9157348061512727 0.02476070814670121
0.9087924065757916 0.025903469199030735
0.9016037657403225 0.027055119576705863
0.894173213813303 0.028220033548112658
0.8865052266813687 0.029401913811422785
0.8786044232532422 0.03060358002633792
0.8704755626774794 0.03182681243651719
0.8621235414757333 0.033072253680874526
0.8535533905932737 0.034339368976483785
0.8447702723685334 0.03562646216067567
0.8357794774235092 0.03693074272502913
0.8265864214768883 0.0382484370504102
0.8171966420818224 0.03957493561919637
0.8076157952903136 0.04090496706505834
0.7978496522462164 0.04223278951783624
0.7879040957089227 0.04355238977913806
0.7777851165098009 0.04485768136843009
0.7674988099435485 0.046142693337635765
0.7570513720966108 0.04740174288200588
0.746449096114892 0.048629586089289474
0.7356983684129987 0.04982154258268021
0.7248056648273034 0.0509735912469538
0.713777546715141 0.0520824356136395
0.7026206570024947 0.05314553876528274
0.691341716182545 0.05416112876077359
0.6799475182674938 0.05512817655785138
0.6684449266961098 0.05604634920320991
0.6568408701994456 0.05691594167446689
0.645142338627231 0.05773779119967995
0.6333563787374491 0.05851317816295294
0.6214900899516319 0.059243717845719086
0.6095506200784349 0.05993124726961957
0.5975451610080642 0.06057771131398639
0.5854809443801506 0.061185052091372476
0.5733652372276805 0.06175510528758378
0.5612053375996082 0.0622895068144394
0.54900857016478 0.06278961268811248
0.5367822817998334 0.06325643453684801
0.5245338371637088 0.06369059256365693
0.512270614261456 0.06409228714959289
0.4999999999999999 0.06446128959307178
0.4877293857385438 0.06479695175735327
0.475466162836291 0.06509823366442949
0.46321771820016633 0.06536374735717879
0.4509914298352198 0.06559181468497544
0.43879466240039156 0.06578053608561522
0.42663476277231926 0.06592786697298395
0.41451905561984914 0.06603169802707845
0.4024548389919357 0.06608993554670636
0.3904493799215649 0.06610057808282865
0.3785099100483679 0.06606178582855146
0.36664362126255073 0.06597193969420458
0.35485766137276875 0.0658296876234932
0.3431591298005543 0.06563397647718884
0.33155507330389 0.06538406868051101
0.320052481732506 0.06507954374645139
0.30865828381745486 0.06472028569128956
0.29737934299750524 0.06430645819021658
0.28622245328485874 0.06383847002282263
0.27519433517269654 0.06331693387985482
0.26430163158700104 0.06274262190503697
0.2535509038851079 0.06211642140450281
0.2429486279033891 0.061439293964329324
0.23250119005645137 0.0607122407849741
0.2222148834901989 0.059936276399544984
0.2120959042910774 0.05911241213684091
0.20215034775378343 0.0582416497797698
0.19238420470968637 0.057324984924421986
0.18280335791817703 0.05636341863865483
0.17341357852311146 0.055357975224424996
0.16422052257649067 0.05430972327154336
0.15522972763146647 0.053219796806242746
0.14644660940672616 0.05208941322361401
0.1378764585242665 0.050919884866189764
0.12952443732252045 0.04971262156732546
0.12139557674675777 0.04846912219072613
0.11349477331863145 0.047190954118620676
0.10582678618669683 0.04587972070479652
0.09839623425967753 0.044537017835538366
0.09120759342420814 0.04316438184415405
0.08426519384872727 0.04176323201448907
0.07757321737514639 0.04033481170220107
0.07113569499986394 0.03888013262798711
0.06495650444564427 0.037399927100499136
0.059039367825822475 0.03589461277668484
0.05338784940224234 0.03436427405749014
0.048005353438278275 0.03280866336763872
0.042895122148234655 0.03122722442589554
0.038060233744356575 0.029619138246473397
0.03350360058263052 0.027983391111557114
0.029227967408489597 0.02631886222071867
0.025235909703481607 0.02462442726256397
0.021529832133895532 0.022899072872819847
0.018111967102280024 0.02114201593732797
0.014984373402728013 0.019352821047596634
0.012148934980735715 0.01753150917754369
0.009607359798384785 0.015678650852534597
0.007361178805529334 0.013795437725586088
0.005411745017609493 0.01188372753006554
0.0037602327006450165 0.009946058783922266
0.0024076366639015356 0.007985633292889108
0.0013547716606548965 0.006006266335019395
0.0006022718974137975 0.004012306289609766
0.00015059065189787502 0.0020085272785805995
0.0 0.0
0.00015059065189787502 -0.0014489854778833428
0.0006022718974137975 -0.002896063716182573
0.0013547716606548965 -0.0043389653753589785
0.0024076366639015356 -0.005775639765646334
0.0037602327006450165 -0.007204348473613661
0.005411745017609493 -0.008623740996573964
0.007361178805529334 -0.010032908019394573
0.009607359798384785 -0.01143140924348007
0.012148934980735715 -0.012819274125829595
0.014984373402728013 -0.014196975422724056
0.018111967102280024 -0.015565376968400354
0.021529832133895532 -0.016925658564934304
0.025235909703481607 -0.01827922213193255
0.029227967408489597 -0.01962758429048637
0.03350360058263052 -0.02097226127689643
0.038060233744356575 -0.022314652457910474
0.042895122148234655 -0.023655928731139385
0.048005353438278275 -0.024996931744122958
0.05338784940224234 -0.02633808917685991
0.059039367825822475 -0.027679350349148348
0.06495650444564427 -0.029020145196746828
0.07113569499986394 -0.03035936828368137
0.07757321737514639 -0.03169538806551871
0.08426519384872727 -0.03302608017755221
0.09120759342420814 -0.034348882178635416
0.09839623425967753 -0.03566086601523042
0.10582678618669683 -0.03695882354900417
0.11349477331863145 -0.03823935986729872
0.12139557674675777 -0.03949898880257607
0.12952443732252045 -0.040734225137315797
0.1378764585242665 -0.0419416683562552
0.14644660940672616 -0.04311807349899003
0.15522972763146647 -0.04426040561470199
0.16422052257649067 -0.04536587546342528
0.17341357852311146 -0.04643195536958947
0.18280335791817703 -0.04745637543172576
0.19238420470968637 -0.04843710154400271
0.20215034775378343 -0.049372297811466605
0.2120959042910774 -0.05026027687141621
0.2222148834901989 -0.0510994423117484
0.23250119005645137 -0.051888227764070885
0.2429486279033891 -0.052625037325282245
0.2535509038851079 -0.05330819172736427
0.26430163158700104 -0.05393588415316928
0.27519433517269654 -0.05450614882688773
0.28622245328485874 -0.05501684454870207
0.29737934299750524 -0.05546565426315026
0.30865828381745486 -0.05585010062666233
0.320052481732506 -0.056167576450478554
0.33155507330389 -0.05641538791630185
0.3431591298005543 -0.056590807660674224
0.35485766137276875 -0.05669113425411495
0.36664362126255073 -0.056713754299539426
0.3785099100483679 -0.05665620335890915
0.3904493799215649 -0.05651622218423961
0.4024548389919357 -0.05629180525530517
0.41451905561984914 -0.05598123936907737
0.42663476277231926 -0.055583130926745224
0.43879466240039156 -0.05509642155306426
0.4509914298352198 -0.05452039268309565
0.46321771820016633 -0.05385466068538536
0.475466162836291 -0.05309916488513768
0.4877293857385438 -0.05225415144282189
0.4999999999999999 -0.051320156384527874
0.512270614261456 -0.05029799114038801
0.5245338371637088 -0.04918873371758913
0.5367822817998334 -0.04799372812792092
0.54900857016478 -0.04671459394076557
0.5612053375996082 -0.045353246894368246
0.5733652372276805 -0.04391193044009699
0.5854809443801506 -0.042393256995850274
0.5975451610080642 -0.040800256630457124
0.6095506200784349 -0.0391364299742985
0.6214900899516319 -0.03740580142856009
0.6333563787374491 -0.03561296828935168
0.645142338627231 -0.03376314125807792
0.6568408701994456 -0.03186217199861064
0.6684449266961098 -0.029916563923458442
0.6799475182674938 -0.02793346321893791
0.691341716182545 -0.025920628203467973
0.7026206570024947 -0.023886376383130608
0.713777546715141 -0.021839509938181116
0.7248056648273034 -0.0197892217467416
0.7356983684129987 -0.017744985327560435
0.746449096114892 -0.01571643316640374
0.7570513720966108 -0.013713228695182603
0.7674988099435485 -0.011744937651637236
0.7777851165098009 -0.009820904615553362
0.7879040957089227 -0.007950140177278934
0.7978496522462164 -0.006141223457075238
0.8076157952903136 -0.00440222360019262
0.8171966420818224 -0.0027406424905129997
0.8265864214768883 -0.00116337934656607
0.8357794774235092 0.0003232838031179484
0.8447702723685334 0.0017136784033334794
0.8535533905932737 0.00300273153317646
0.8621235414757333 0.004185939274656979
0.8704755626774794 0.005259337458613529
0.8786044232532422 0.006219476346862344
0.8865052266813687 0.007063405697940443
0.894173213813303 0.007788676034220669
0.9016037657403225 0.008393360799162872
0.9087924065757916 0.008876102519393537
0.9157348061512727 0.009236184155004849
0.9224267826248536 0.00947362464945754
0.928864305000136 0.009589295416185977
0.9350434955543556 0.009585052274196955
0.9409606321741775 0.009463875325058484
0.9466121505977576 0.009230007597531805
0.9519946465617215 0.008889082105861588
0.9571048778517655 0.00844822637955892
0.9619397662556433 0.007916133598685558
0.9664963994173694 0.007303090241757668
0.9707720325915102 0.006620951612884212
0.9747640902965183 0.005883058706239657
0.9784701678661044 0.005104092493331792
0.98188803289772 0.0042998647487628525
0.985015626597272 0.003487047800778481
0.9878510650192642 0.002682848921165314
0.9903926402016152 0.001904638263032691
0.9926388211944706 0.0011695421251010376
0.9945882549823906 0.0004940156918375939
0.9962397672993549 -0.0001065888801915901
0.9975923633360985 -0.0006184422035761889
0.9986452283393451 -0.001029628285252326
0.9993977281025862 -0.0013304898384192453
0.9998494093481021 -0.0015139136703199126
1.0 -0.0015755438884322418
