1.0 0.0017691298258943823
0.9998494093481021 0.0018566024922597754
0.9993977281025862 0.002117510250319694
0.9986452283393451 0.002547378148309908
0.9975923633360985 0.0031389312628083434
0.9962397672993549 0.0038823608148053877
0.9945882549823906 0.00476567945106886
0.9926388211944706 0.005775149490940953
0.9903926402016152 0.0068957647852841445
0.9878510650192642 0.008111764670180528
0.985015626597272 0.00940715742197475
0.98188803289772 0.010766230670491548
0.9784701678661044 0.012174027379896792
0.9747640902965183 0.013616768178361284
0.9707720325915102 0.015082203871456864
0.9664963994173694 0.016559885728520244
0.9619397662556433 0.018041345371383452
0.9571048778517655 0.01952018058622659
0.9519946465617215 0.020992047881230245
0.9466121505977576 0.022454566892471033
0.9409606321741775 0.023907145586393366
0.9350434955543556 0.025350738439696888
0.928864305000136 0.02678755225836962
0.9224267826248536 0.028220715935942768
0.9157348061512727 0.02965393120632219
0.9087924065757916 0.031091121328449815
0.9016037657403225 0.03253609370530908
0.894173213813303 0.033992230786343405
0.8865052266813687 0.035462221361265686
0.8786044232532422 0.03694784167909573
0.8704755626774794 0.03844979288666576
0.8621235414757333 0.039967598245817325
0.8535533905932737 0.041499560620381175
0.8447702723685334 0.04304277796853722
0.8357794774235092 0.04459321215518689
0.8265864214768883 0.0461458044054276
0.8171966420818224 0.04769462921501841
0.8076157952903136 0.0492330775451583
0.7978496522462164 0.05075405965409537
0.7879040957089227 0.05225021792637882
0.7777851165098009 0.05371414049834322
0.7674988099435485 0.055138567274947474
0.7570513720966108 0.05651658100698637
0.746449096114892 0.05784177736319475
0.7356983684129987 0.05910840930478389
0.7248056648273034 0.060311502473065055
0.713777546715141 0.06144693966726562
0.7026206570024947 0.06251151376590673
0.691341716182545 0.06350294959214486
0.6799475182674938 0.06441989621661566
0.6684449266961098 0.06526189201901951
0.6568408701994456 0.06602930549139979
0.645142338627231 0.06672325526945176
0.6333563787374491 0.0673455132361757
0.6214900899516319 0.06789839476995713
0.6095506200784349 0.06838464032167589
0.5975451610080642 0.06880729251546273
0.5854809443801506 0.06916957288458904
0.5733652372276805 0.06947476218328144
0.5612053375996082 0.06972608795927422
0.54900857016478 0.06992662273073671
0.5367822817998334 0.07007919568439148
0.5245338371637088 0.07018632030009331
0.512270614261456 0.07025013971509564
0.4999999999999999 0.07027239097788696
0.4877293857385438 0.07025438862219421
0.475466162836291 0.07019702723855419
0.46321771820016633 0.07010080196216407
0.4509914298352198 0.06996584506524885
0.43879466240039156 0.06979197617702831
0.42663476277231926 0.06957876309252642
0.41451905561984914 0.069325589708861
0.4024548389919357 0.06903172737500864
0.3904493799215649 0.06869640588088105
0.3785099100483679 0.06831888045560829
0.36664362126255073 0.06789849149222855
0.35485766137276875 0.06743471425187236
0.3431591298005543 0.06692719649671011
0.33155507330389 0.06637578281667421
0.320052481732506 0.06578052529938619
0.30865828381745486 0.0651416810880253
0.29737934299750524 0.06445969821734661
0.28622245328485874 0.06373519185449522
0.27519433517269654 0.06296891364552948
0.26430163158700104 0.06216171723784498
0.2535509038851079 0.06131452318418873
0.2429486279033891 0.06042828632355683
0.23250119005645137 0.05950396838410645
0.2222148834901989 0.05854251798775384
0.2120959042910774 0.057544859496911335
0.20215034775378343 0.05651189128674496
0.19238420470968637 0.055444493117817496
0.18280335791817703 0.05434354139604774
0.17341357852311146 0.05320993031180199
0.16422052257649067 0.052044596214454654
0.15522972763146647 0.05084854215889784
0.14644660940672616 0.049622859396774986
0.1378764585242665 0.048368742699046
0.12952443732252045 0.04708749678791297
0.12139557674675777 0.045780531803208596
0.11349477331863145 0.04444934658819327
0.10582678618669683 0.04309549959122576
0.09839623425967753 0.04172056826782752
0.09120759342420814 0.04032609894847717
0.08426519384872727 0.03891355012484659
0.07757321737514639 0.03748423291905228
0.07113569499986394 0.03603925306531777
0.06495650444564427 0.03457945899605493
0.059039367825822475 0.03310540055060316
0.05338784940224234 0.03161730240480776
0.048005353438278275 0.030115055569039532
0.042895122148234655 0.028598229262186834
0.038060233744356575 0.02706610420350123
0.03350360058263052 0.02551772695564584
0.029227967408489597 0.02395198349671791
0.025235909703481607 0.022367688798675782
0.021529832133895532 0.02076368794587183
0.018111967102280024 0.019138963333332492
0.014984373402728013 0.017492741817829994
0.012148934980735715 0.01582459541222494
0.009607359798384785 0.014134529245873577
0.007361178805529334 0.012423051063492343
0.005411745017609493 0.010691217475067646
0.0037602327006450165 0.008940653445786675
0.0024076366639015356 0.007173543048917412
0.0013547716606548965 0.005392591198405356
0.0006022718974137975 0.0036009578216484256
0.00015059065189787502 0.0018021676116550798
0.0 0.0
0.00015059065189787502 -0.0019560845478943023
0.0006022718974137975 -0.0039044643971636347
0.0013547716606548965 -0.005837117281355792
0.0024076366639015356 -0.007746442542309497
0.0037602327006450165 -0.009625449478381183
0.005411745017609493 -0.011467919844051922
0.007361178805529334 -0.013268537959909147
0.009607359798384785 -0.015022983521930775
0.012148934980735715 -0.016727984060526477
0.014984373402728013 -0.018381325990795273
0.018111967102280024 -0.019981825207406063
0.021529832133895532 -0.021529260101660314
0.025235909703481607 -0.023024271611902423
0.029227967408489597 -0.024468236370618276
0.03350360058263052 -0.025863120108344188
0.038060233744356575 -0.027211319163008743
0.042895122148234655 -0.028515498194525833
0.048005353438278275 -0.02977843201463638
0.05338784940224234 -0.03100285883265809
0.059039367825822475 -0.03219135123409884
0.06495650444564427 -0.033346209916850604
0.07113569499986394 -0.03446938369127382
0.07757321737514639 -0.035562417599684364
0.08426519384872727 -0.03662642932702335
0.09120759342420814 -0.0376621124569304
0.09839623425967753 -0.038669763668872405
0.10582678618669683 -0.03964932975344026
0.11349477331863145 -0.0406004694089622
0.12139557674675777 -0.041522624217615295
0.12952443732252045 -0.042415093005162635
0.1378764585242665 -0.043277103963812076
0.14644660940672616 -0.044107879438090816
0.15522972763146647 -0.04490668909375673
0.16422052257649067 -0.045672888246663684
0.17341357852311146 -0.04640593934589071
0.18280335791817703 -0.04710541589888368
0.19238420470968637 -0.04777098940882334
0.20215034775378343 -0.04840240108201638
0.2120959042910774 -0.048999421080443
0.2222148834901989 -0.04956179887966567
0.23250119005645137 -0.050089208800273816
0.2429486279033891 -0.05058119498697637
0.2535509038851079 -0.051037120009593075
0.26430163158700104 -0.05145612087187121
0.27519433517269654 -0.051837075574129206
0.28622245328485874 -0.052178582537738716
0.29737934299750524 -0.05247895422964953
0.30865828381745486 -0.05273622529766571
0.320052481732506 -0.05294817451868336
0.33155507330389 -0.053112358946368954
0.3431591298005543 -0.05322615788741071
0.35485766137276875 -0.053286823789325095
0.36664362126255073 -0.05329153682415629
0.3785099100483679 -0.05323745991852085
0.3904493799215649 -0.05312179120836924
0.4024548389919357 -0.05294181136368776
0.41451905561984914 -0.05269492389307679
0.42663476277231926 -0.05237868734451778
0.43879466240039156 -0.05199083919952436
0.4509914298352198 -0.0515293121401396
0.46321771820016633 -0.05099224417829824
0.475466162836291 -0.05037798480638947
0.4877293857385438 -0.049685099798239256
0.4999999999999999 -0.04891237751783831
0.512270614261456 -0.04805883955402407
0.5245338371637088 -0.047123758188592685
0.5367822817998334 -0.04610668263988185
0.54900857016478 -0.04500747524107661
0.5612053375996082 -0.043826357767753885
0.5733652372276805 -0.04256396709220826
0.5854809443801506 -0.04122141829199479
0.5975451610080642 -0.03980037235968967
0.6095506200784349 -0.03830310483048262
0.6214900899516319 -0.03673257103577984
0.6333563787374491 -0.03509246336228675
0.645142338627231 -0.033387255886025674
0.6568408701994456 -0.031622232076094284
0.6684449266961098 -0.02980349191612513
0.6799475182674938 -0.02793793574036757
0.691341716182545 -0.026033223271170094
0.7026206570024947 -0.024097707700850575
0.713777546715141 -0.02214034609408183
0.7248056648273034 -0.020170588798697847
0.7356983684129987 -0.0181982518428527
0.746449096114892 -0.016233377369475537
0.7570513720966108 -0.014286087931768474
0.7674988099435485 -0.012366440881402674
0.7777851165098009 -0.010484289083112957
0.7879040957089227 -0.008649153772056297
0.7978496522462164 -0.006870114549427936
0.8076157952903136 -0.005155720332483596
0.8171966420818224 -0.0035139236094204056
0.8265864214768883 -0.0019520386925015857
0.8357794774235092 -0.0004767229263808049
0.8447702723685334 0.0009060218855439493
0.8535533905932737 0.002190832102484337
0.8621235414757333 0.0033729544278944283
0.8704755626774794 0.004448214028203874
0.8786044232532422 0.0054129853692193135
0.8865052266813687 0.0062641724451963235
0.894173213813303 0.0069992044454218905
0.9016037657403225 0.007616051768890462
0.9087924065757916 0.008113265715473545
0.9157348061512727 0.00849004324119292
0.9224267826248536 0.008746315983403717
0.928864305000136 0.00888286047787787
0.9350434955543556 0.00890142425577527
0.9409606321741775 0.008804860479327733
0.9466121505977576 0.008597262098791685
0.9519946465617215 0.008284085320957434
0.9571048778517655 0.007872251576242505
0.9619397662556433 0.0073702172283585795
0.9664963994173694 0.006788001019454501
0.9707720325915102 0.006137160673471844
0.9747640902965183 0.00543071213680826
0.9784701678661044 0.004682987522711149
0.98188803289772 0.00390943081224383
0.985015626597272 0.003126333589317159
0.9878510650192642 0.0023505163695740463
0.9903926402016152 0.0015989642333036152
0.9926388211944706 0.000888428304006363
0.9945882549823906 0.0002350069537610086
0.9962397672993549 -0.0003462776838941959
0.9975923633360985 -0.0008418913669456569
0.9986452283393451 -0.0012401709167226068
0.9993977281025862 -0.001531662991693094
0.9998494093481021 -0.001709404103313274
1.0 -0.0017691298258943823
