1.0 0.001646387629304269
0.9998494093481021 0.0017330055197050456
0.9993977281025862 0.0019913568019171825
0.9986452283393451 0.002416990160018606
0.9975923633360985 0.0030026702931791986
0.9962397672993549 0.003738644253442082
0.9945882549823906 0.004612996806306158
0.9926388211944706 0.0056120784143313856
0.9903926402016152 0.0067209862748237766
0.9878510650192642 0.007924076688397152
0.985015626597272 0.009205485994896618
0.98188803289772 0.01054963742273374
0.9784701678661044 0.011941712428726745
0.9747640902965183 0.013368067368234746
0.9707720325915102 0.01481657948488225
0.9664963994173694 0.016276910055369118
0.9619397662556433 0.017740676844546988
0.9571048778517655 0.01920153257673187
0.9519946465617215 0.020655150664274084
0.9466121505977576 0.022099123716875856
0.9409606321741775 0.02353278417168009
0.9350434955543556 0.024956959556298945
0.928864305000136 0.026373677290182695
0.9224267826248536 0.027785835459215275
0.9157348061512727 0.029196856631650264
0.9087924065757916 0.03061034153943685
0.9016037657403225 0.03202973839415854
0.894173213813303 0.03345804184862536
0.8865052266813687 0.0348975332930464
0.8786044232532422 0.036349571449793484
0.8704755626774794 0.0378144392747735
0.8621235414757333 0.03929125015775271
0.8535533905932737 0.040777913499363196
0.8447702723685334 0.042271157070349785
0.8357794774235092 0.04376660124393121
0.8265864214768883 0.04525887831908784
0.8171966420818224 0.046741788772120714
0.8076157952903136 0.04820848540394455
0.7978496522462164 0.04965167597862739
0.7879040957089227 0.05106383503557163
0.7777851165098009 0.05243741604348359
0.7674988099435485 0.05376505587445574
0.7570513720966108 0.05503976462895198
0.746449096114892 0.05625509505379086
0.7356983684129987 0.057405287086450194
0.7248056648273034 0.05848538436035504
0.713777546715141 0.05949132075989134
0.7026206570024947 0.06041997627754519
0.691341716182545 0.06126920247017615
0.6799475182674938 0.062037818721868865
0.6684449266961098 0.0627255812933402
0.6568408701994456 0.06333312777729538
0.645142338627231 0.06386190009544937
0.6333563787374491 0.06431404957817813
0.6214900899516319 0.06469232797301476
0.6095506200784349 0.06499996844136373
0.5975451610080642 0.06524056072721915
0.5854809443801506 0.06541792471574158
0.5733652372276805 0.0655359865373298
0.5612053375996082 0.0655986612055176
0.54900857016478 0.0656097454951359
0.5367822817998334 0.06557282436311095
0.5245338371637088 0.06549119368496868
0.512270614261456 0.06536780142952794
0.4999999999999999 0.06520520863517208
0.4877293857385438 0.06500557070615802
0.475466162836291 0.06477063864924176
0.46321771820016633 0.06450177896089948
0.4509914298352198 0.06420001000174205
0.43879466240039156 0.06386605190910648
0.42663476277231926 0.06350038645280885
0.41451905561984914 0.06310332277981694
0.4024548389919357 0.06267506475963323
0.3904493799215649 0.06221577565943849
0.3785099100483679 0.06172563615679988
0.36664362126255073 0.06120489223049413
0.35485766137276875 0.06065389023071068
0.3431591298005543 0.060073097374747385
0.33155507330389 0.059463106983867024
0.320052481732506 0.05882462889987246
0.30865828381745486 0.058158466617650416
0.29737934299750524 0.05746548366239917
0.28622245328485874 0.05674656255203905
0.27519433517269654 0.056002560251549205
0.26430163158700104 0.05523426429787617
0.2535509038851079 0.054442353723367344
0.2429486279033891 0.053627368527687305
0.23250119005645137 0.052789690763090126
0.2222148834901989 0.051929539350261955
0.2120959042910774 0.05104697959806327
0.20215034775378343 0.0501419471442452
0.19238420470968637 0.049214284761133834
0.18280335791817703 0.04826378928062348
0.17341357852311146 0.04729026488397834
0.16422052257649067 0.04629357826080451
0.15522972763146647 0.04527371073738503
0.14644660940672616 0.044230802453093694
0.1378764585242665 0.043165184042575175
0.12952443732252045 0.0420773920482659
0.12139557674675777 0.04096816539968591
0.11349477331863145 0.039838421681597805
0.10582678618669683 0.03868921347768828
0.09839623425967753 0.03752166670757884
0.09120759342420814 0.036336904450934286
0.08426519384872727 0.0351359611508307
0.07757321737514639 0.03391969319554622
0.07113569499986394 0.032688692597107896
0.06495650444564427 0.03144321074496537
0.059039367825822475 0.030183098973995605
0.05338784940224234 0.02890777194280468
0.048005353438278275 0.027616198602739225
0.042895122148234655 0.026306923917327567
0.038060233744356575 0.024978122564766152
0.03350360058263052 0.023627683746562517
0.029227967408489597 0.02225332407456763
0.025235909703481607 0.02085272346472431
0.021529832133895532 0.019423677174151537
0.018111967102280024 0.01796425571034355
0.014984373402728013 0.01647296342574252
0.012148934980735715 0.014948886264794087
0.009607359798384785 0.013391819393399753
0.007361178805529334 0.01180236631104417
0.005411745017609493 0.010182002480812262
0.0037602327006450165 0.008533098429722876
0.0024076366639015356 0.006858899554856067
0.0013547716606548965 0.005163462376621488
0.0006022718974137975 0.003451549549210501
0.00015059065189787502 0.001728488403649843
0.0 0.0
0.00015059065189787502 -0.001739024110733783
0.0006022718974137975 -0.003469781115730852
0.0013547716606548965 -0.005183773667945427
0.0024076366639015356 -0.006873023988438399
0.0037602327006450165 -0.008530304501876059
0.005411745017609493 -0.010149335036835735
0.007361178805529334 -0.011724938210322482
0.009607359798384785 -0.013253146779866066
0.012148934980735715 -0.014731259209252803
0.014984373402728013 -0.016157842315738295
0.018111967102280024 -0.01753268250007511
0.021529832133895532 -0.01885668955948521
0.025235909703481607 -0.020131759311120892
0.029227967408489597 -0.02136060309068268
0.03350360058263052 -0.022546553543409613
0.038060233744356575 -0.023693356928321106
0.042895122148234655 -0.024804962380430583
0.048005353438278275 -0.02588531822346084
0.05338784940224234 -0.026938184535057978
0.059039367825822475 -0.02796696980632602
0.06495650444564427 -0.028974597802619805
0.07113569499986394 -0.02996340873777364
0.07757321737514639 -0.03093509674657822
0.08426519384872727 -0.03189068351191323
0.09120759342420814 -0.03283052590111323
0.09839623425967753 -0.03375435370667425
0.10582678618669683 -0.03466133216627706
0.11349477331863145 -0.03555014292882962
0.12139557674675777 -0.036419076580889456
0.12952443732252045 -0.03726612976494328
0.1378764585242665 -0.03808910029052268
0.14644660940672616 -0.03888567441522821
0.15522972763146647 -0.0396535015846625
0.16422052257649067 -0.040390253277614294
0.17341357852311146 -0.041093664101986
0.18280335791817703 -0.04176155481837877
0.19238420470968637 -0.0423918384239622
0.20215034775378343 -0.04298251171008535
0.2120959042910774 -0.043531635729195155
0.2222148834901989 -0.044037309306890045
0.23250119005645137 -0.04449764007480011
0.2429486279033891 -0.044910717467638146
0.2535509038851079 -0.04527459173836141
0.26430163158700104 -0.04558726233949393
0.27519433517269654 -0.04584667805891722
0.28622245328485874 -0.04605075016473089
0.29737934299750524 -0.046197378597311226
0.30865828381745486 -0.04628449004325747
0.320052481732506 -0.04631008562900158
0.33155507330389 -0.04627229506591416
0.3431591298005543 -0.04616943343316538
0.35485766137276875 -0.04600005644880772
0.36664362126255073 -0.04576301007951614
0.3785099100483679 -0.04545747067588104
0.3904493799215649 -0.04508297246860882
0.4024548389919357 -0.04463942017353726
0.41451905561984914 -0.04412708556216374
0.42663476277231926 -0.043546588076535116
0.43879466240039156 -0.042898860810927544
0.4509914298352198 -0.04218510435341851
0.46321771820016633 -0.04140673198834299
0.475466162836291 -0.04056531052684247
0.4877293857385438 -0.03966250149520484
0.4999999999999999 -0.038700007528843734
0.512270614261456 -0.037679528577601956
0.5245338371637088 -0.03660273193563625
0.5367822817998334 -0.035471239202132465
0.54900857016478 -0.034286632116574095
0.5612053375996082 -0.03305047787275387
0.5733652372276805 -0.03176437309179887
0.5854809443801506 -0.030430004226473878
0.5975451610080642 -0.029049220877901242
0.6095506200784349 -0.027624117426012965
0.6214900899516319 -0.02615711758765892
0.6333563787374491 -0.02465105608314355
0.645142338627231 -0.02310925155091044
0.6568408701994456 -0.021535565211943743
0.6684449266961098 -0.019934440532757454
0.6799475182674938 -0.018310920223641468
0.691341716182545 -0.01667063826735504
0.7026206570024947 -0.015019786212588019
0.713777546715141 -0.013365054581758984
0.7248056648273034 -0.011713551822315827
0.7356983684129987 -0.010072704663270223
0.746449096114892 -0.008450144921131547
0.7570513720966108 -0.006853588644200661
0.7674988099435485 -0.005290713925936448
0.7777851165098009 -0.0037690437185160875
0.7879040957089227 -0.0022958395288397446
0.7978496522462164 -0.000878011004740391
0.8076157952903136 0.0004779548266525312
0.8171966420818224 0.0017660424416985608
0.8265864214768883 0.002980734317783158
0.8357794774235092 0.004117016324298062
0.8447702723685334 0.005170365007530592
0.8535533905932737 0.006136721300994475
0.8621235414757333 0.007012456415324152
0.8704755626774794 0.00779433647610518
0.8786044232532422 0.008479492809371407
0.8865052266813687 0.009065404579519565
0.894173213813303 0.009549899754603504
0.9016037657403225 0.00993117913749673
0.9087924065757916 0.010207866522168294
0.9157348061512727 0.010379086008820763
0.9224267826248536 0.010444565263549
0.928864305000136 0.01040476118094524
0.9350434955543556 0.010261002156054315
0.9409606321741775 0.010015639150762791
0.9466121505977576 0.009672196095584677
0.9519946465617215 0.009235509028631734
0.9571048778517655 0.008711842839529093
0.9619397662556433 0.008108974622588278
0.9664963994173694 0.007436233476176616
0.9707720325915102 0.006704488096759711
0.9747640902965183 0.005926075646613564
0.9784701678661044 0.005114668023654417
0.98188803289772 0.004285074695196774
0.985015626597272 0.0034529845122530235
0.9878510650192642 0.0026346522165996995
0.9903926402016152 0.0018465385011192964
0.9926388211944706 0.0011049153004712947
0.9945882549823906 0.00042545030448768654
0.9962397672993549 -0.00017721364324490272
0.9975923633360985 -0.0006898676840237089
0.9986452283393451 -0.0011011179502787615
0.9993977281025862 -0.001401722523062372
0.9998494093481021 -0.0015848699971077315
1.0 -0.001646387629304269
