1.0 0.0018951473318753675
0.9998494093481021 0.0019817644410855106
0.9993977281025862 0.0022401503168787812
0.9986452283393451 0.0026659639792119432
0.9975923633360985 0.0032521524667750486
0.9962397672993549 0.003989214951254701
0.9945882549823906 0.004865555185166837
0.9926388211944706 0.005867906053342024
0.9903926402016152 0.006981806837848371
0.9878510650192642 0.008192111636986583
0.985015626597272 0.009483506300689008
0.98188803289772 0.010841011296414918
0.9784701678661044 0.01225044907872288
0.9747640902965183 0.013698856719840592
0.9707720325915102 0.015174827631646444
0.9664963994173694 0.01666876999051624
0.9619397662556433 0.018173073750855317
0.9571048778517655 0.019682182665636323
0.9519946465617215 0.021192572281076932
0.9466121505977576 0.022702639203124805
0.9409606321741775 0.02421251083143419
0.9350434955543556 0.02572378803945776
0.928864305000136 0.027239235805482744
0.9224267826248536 0.028762438474401002
0.9157348061512727 0.030297437109720216
0.9087924065757916 0.03184836628638237
0.9016037657403225 0.03341910673165295
0.894173213813303 0.03501296854006534
0.8865052266813687 0.03663241739976407
0.8786044232532422 0.038278853526978136
0.8704755626774794 0.03995244998243425
0.8621235414757333 0.04165205391164408
0.8535533905932737 0.043375151176875744
0.8447702723685334 0.04511789198327517
0.8357794774235092 0.046875172572746975
0.8265864214768883 0.04864076596573088
0.8171966420818224 0.05040749313960975
0.8076157952903136 0.052167424976589466
0.7978496522462164 0.0539121047947528
0.7879040957089227 0.055632781265721916
0.7777851165098009 0.0573206419685592
0.7674988099435485 0.058967038660949586
0.7570513720966108 0.06056369648171605
0.746449096114892 0.06210290064371505
0.7356983684129987 0.06357765564382963
0.7248056648273034 0.06498181352344494
0.713777546715141 0.066310169184832
0.7026206570024947 0.06755852214577543
0.691341716182545 0.06872370535091776
0.6799475182674938 0.06980358272325973
0.6684449266961098 0.0707970180170839
0.6568408701994456 0.0717038182209177
0.645142338627231 0.07252465526276289
0.6333563787374491 0.07326097010363189
0.6214900899516319 0.0739148634875757
0.6095506200784349 0.07448897766641178
0.5975451610080642 0.07498637335396371
0.5854809443801506 0.07541040600398187
0.5733652372276805 0.0757646052608181
0.5612053375996082 0.07605256111164048
0.54900857016478 0.07627781987981352
0.5367822817998334 0.07644379274553727
0.5245338371637088 0.07655367896611234
0.512270614261456 0.07661040539975612
0.4999999999999999 0.0766165833220592
0.4877293857385438 0.07657448287528947
0.475466162836291 0.07648602482491493
0.46321771820016633 0.07635278863681827
0.4509914298352198 0.07617603525878136
0.43879466240039156 0.07595674241986786
0.42663476277231926 0.07569564978125763
0.41451905561984914 0.07539331091050992
0.4024548389919357 0.07505014883293386
0.3904493799215649 0.07466651185718952
0.3785099100483679 0.07424272648736895
0.36664362126255073 0.07377914452034007
0.35485766137276875 0.07327618187364088
0.3431591298005543 0.07273434727298904
0.33155507330389 0.07215425961641797
0.320052481732506 0.0715366535824158
0.30865828381745486 0.07088237381445443
0.29737934299750524 0.07019235874339637
0.28622245328485874 0.06946761575280455
0.27519433517269654 0.06870918990521119
0.26430163158700104 0.06791812879329581
0.2535509038851079 0.06709544623351281
0.2429486279033891 0.06624208746961437
0.23250119005645137 0.0653588983035276
0.2222148834901989 0.06444660014029333
0.2120959042910774 0.06350577235574505
0.20215034775378343 0.06253684271591708
0.19238420470968637 0.061540085850369096
0.18280335791817703 0.06051562906708001
0.17341357852311146 0.05946346415396761
0.16422052257649067 0.05838346329662653
0.15522972763146647 0.05727539689969529
0.14644660940672616 0.05613895096354697
0.1378764585242665 0.05497374175584102
0.12952443732252045 0.05377932582804082
0.12139557674675777 0.0525552039409922
0.11349477331863145 0.05130081814424219
0.10582678618669683 0.05001554204895947
0.09839623425967753 0.048698665180550944
0.09120759342420814 0.04734937312391574
0.08426519384872727 0.045966725909763216
0.07757321737514639 0.04454963766666317
0.07113569499986394 0.04309686092220228
0.06495650444564427 0.04160697903403893
0.059039367825822475 0.04007841004250455
0.05338784940224234 0.038509424756578196
0.048005353438278275 0.03689818113272703
0.042895122148234655 0.0352427760211579
0.038060233744356575 0.033541314195891445
0.03350360058263052 0.03179199332896971
0.029227967408489597 0.02999320230098832
0.025235909703481607 0.02814362905071521
0.021529832133895532 0.02624237314477908
0.018111967102280024 0.024289057474937235
0.014984373402728013 0.022283933031537084
0.012148934980735715 0.020227970604133578
0.009607359798384785 0.01812293354701681
0.007361178805529334 0.015971426416073277
0.005411745017609493 0.013776915305197151
0.0037602327006450165 0.011543717031805949
0.0024076366639015356 0.009276955866767828
0.0013547716606548965 0.006982488182268025
0.0006022718974137975 0.004666797099179501
0.00015059065189787502 0.0023368608468719455
0.0 0.0
0.00015059065189787502 -0.0014747951897472434
0.0006022718974137975 -0.002947075025710375
0.0013547716606548965 -0.004413884222241299
0.0024076366639015356 -0.00587252241777555
0.0037602327006450165 -0.007320654397216897
0.005411745017609493 -0.008756400499246478
0.007361178805529334 -0.010178402335572519
0.009607359798384785 -0.011585860305506297
0.012148934980735715 -0.012978540933235732
0.014984373402728013 -0.014356753698999466
0.018111967102280024 -0.01572129868593563
0.021529832133895532 -0.017073387928665112
0.025235909703481607 -0.01841454474012088
0.029227967408489597 -0.019746486432792535
0.03350360058263052 -0.021070996677444307
0.038060233744356575 -0.022389794213079052
0.042895122148234655 -0.023704404714023304
0.048005353438278275 -0.025016042333231132
0.05338784940224234 -0.026325506796995544
0.059039367825822475 -0.02763310096753242
0.06495650444564427 -0.028938572576563546
0.07113569499986394 -0.030241082439424347
0.07757321737514639 -0.03153919996928855
0.08426519384872727 -0.03283092531321553
0.09120759342420814 -0.03411373601335755
0.09839623425967753 -0.0353846548390886
0.10582678618669683 -0.03664033440925333
0.11349477331863145 -0.037877153483189686
0.12139557674675777 -0.039091319381262424
0.12952443732252045 -0.040278970916539536
0.1378764585242665 -0.041436276473985664
0.14644660940672616 -0.04255952243661432
0.15522972763146647 -0.04364518798524594
0.16422052257649067 -0.04469000333008469
0.17341357852311146 -0.04569098959689821
0.18280335791817703 -0.04664547980999647
0.19238420470968637 -0.04755112160862515
0.20215034775378343 -0.04840586342653713
0.2120959042910774 -0.0492079267886101
0.2222148834901989 -0.04995576807853993
0.23250119005645137 -0.050648033569277745
0.2429486279033891 -0.05128351166314544
0.2535509038851079 -0.051861086161370785
0.26430163158700104 -0.05237969399260917
0.27519433517269654 -0.052838290214293586
0.28622245328485874 -0.05323582231196171
0.29737934299750524 -0.05357121492395676
0.30865828381745486 -0.053843365182686544
0.320052481732506 -0.05405114796117976
0.33155507330389 -0.054193429513653794
0.3431591298005543 -0.05426908736135424
0.35485766137276875 -0.05427703384732889
0.36664362126255073 -0.05421624059704659
0.3785099100483679 -0.054085761188258925
0.3904493799215649 -0.053884749646055906
0.4024548389919357 -0.05361247291140138
0.41451905561984914 -0.053268316139955
0.42663476277231926 -0.052851780514922016
0.43879466240039156 -0.05236247413522734
0.4509914298352198 -0.05180009739563656
0.46321771820016633 -0.051164425036051064
0.475466162836291 -0.05045528763639643
0.4877293857385438 -0.049672555715572435
0.4999999999999999 -0.04881612971745741
0.512270614261456 -0.04788593901235424
0.5245338371637088 -0.04688195260773817
0.5367822817998334 -0.04580420356837503
0.54900857016478 -0.044652828233953126
0.5612053375996082 -0.04342812025144729
0.5733652372276805 -0.04213059828280233
0.5854809443801506 -0.040761085088646745
0.5975451610080642 -0.03932079461149482
0.6095506200784349 -0.037811422770335626
0.6214900899516319 -0.036235237006809966
0.6333563787374491 -0.034595159250886805
0.645142338627231 -0.032894836941266964
0.6568408701994456 -0.03113869705996486
0.6684449266961098 -0.029331978814095928
0.6799475182674938 -0.027480741588176726
0.691341716182545 -0.02559184604101523
0.7026206570024947 -0.023672907656033804
0.713777546715141 -0.02173222358065535
0.7248056648273034 -0.01977867510780982
0.7356983684129987 -0.017821609556754665
0.746449096114892 -0.015870706502112357
0.7570513720966108 -0.013935834192044829
0.7674988099435485 -0.012026902520004113
0.7777851165098009 -0.010153719024546821
0.7879040957089227 -0.008325854071037319
0.7978496522462164 -0.006552520630245345
0.8076157952903136 -0.004842472954223529
0.8171966420818224 -0.003203927029545078
0.8265864214768883 -0.001644504055753604
0.8357794774235092 -0.00017119646436428008
0.8447702723685334 0.0012096457168903863
0.8535533905932737 0.0024923119140803423
0.8621235414757333 0.0036717165303766395
0.8704755626774794 0.004743378932852526
0.8786044232532422 0.005703404374740998
0.8865052266813687 0.006548472304918772
0.894173213813303 0.007275837975190808
0.9016037657403225 0.007883352210428535
0.9087924065757916 0.008369502709296569
0.9157348061512727 0.008733478380203594
0.9224267826248536 0.008975256103003138
0.928864305000136 0.00909570707861834
0.9350434955543556 0.009096717736431134
0.9409606321741775 0.008981318167129854
0.9466121505977576 0.00875380938465159
0.9519946465617215 0.008419879526515659
0.9571048778517655 0.007986698483356664
0.9619397662556433 0.007462980478683052
0.9664963994173694 0.0068590048325763335
0.9707720325915102 0.0061865865294889405
0.9747640902965183 0.005458990218555446
0.9784701678661044 0.004690783811822507
0.98188803289772 0.0038976307820315914
0.985015626597272 0.0030960234383798782
0.9878510650192642 0.002302962697361118
0.9903926402016152 0.001535592978377426
0.9926388211944706 0.000810803654482191
0.9945882549823906 0.00014481080521483057
0.9962397672993549 -0.0004472652965904912
0.9975923633360985 -0.0009518105925049946
0.9986452283393451 -0.0013570990469374794
0.9993977281025862 -0.0016536300832667092
0.9998494093481021 -0.0018344074153435828
1.0 -0.0018951473318753675
