1.0 0.0017303032836072858
0.9998494093481021 0.0018036691707931317
0.9993977281025862 0.002022383421018629
0.9986452283393451 0.00238234983540382
0.9975923633360985 0.002876918989896594
0.9962397672993549 0.003497145829485908
0.9945882549823906 0.004232133239177528
0.9926388211944706 0.005069445606578192
0.9903926402016152 0.005995573291170739
0.9878510650192642 0.006996426799425102
0.985015626597272 0.008057838430652945
0.98188803289772 0.009166049243360667
0.9784701678661044 0.010308160371322378
0.9747640902965183 0.011472529908880574
0.9707720325915102 0.012649099648817145
0.9664963994173694 0.013829639711816642
0.9619397662556433 0.015007903339363205
0.9571048778517655 0.01617968859730238
0.9519946465617215 0.017342808214834027
0.9466121505977576 0.018496973030980163
0.9409606321741775 0.019643598326290257
0.9350434955543556 0.020785545502744293
0.928864305000136 0.02192681400192212
0.9224267826248536 0.023072199930413945
0.9157348061512727 0.024226938552599712
0.9087924065757916 0.025396347625162782
0.9016037657403225 0.026585487543106523
0.894173213813303 0.02779885254307232
0.8865052266813687 0.02904010489918746
0.8786044232532422 0.03031186130596829
0.8704755626774794 0.03161553764156016
0.8621235414757333 0.032951255214908215
0.8535533905932737 0.03431780858668824
0.8447702723685334 0.03571269226370546
0.8357794774235092 0.03713218112366937
0.8265864214768883 0.03857145742616248
0.8171966420818224 0.04002477576826126
0.8076157952903136 0.04148565637854498
0.7978496522462164 0.04294709670831211
0.7879040957089227 0.044401791342447414
0.7777851165098009 0.04584235075966089
0.7674988099435485 0.047261510350065684
0.7570513720966108 0.04865232226327904
0.746449096114892 0.05000832402346969
0.7356983684129987 0.05132367932127837
0.7248056648273034 0.05259328789486965
0.713777546715141 0.053812862872587464
0.7026206570024947 0.05497897531008644
0.691341716182545 0.05608906687239949
0.6799475182674938 0.0571414326579726
0.6684449266961098 0.058135177022789856
0.6568408701994456 0.05907014593563471
0.645142338627231 0.05994683988674058
0.6333563787374491 0.060766311694309474
0.6214900899516319 0.061530053722721106
0.6095506200784349 0.062239879059643045
0.5975451610080642 0.06289780111242373
0.5854809443801506 0.06350591589033536
0.5733652372276805 0.06406629094864554
0.5612053375996082 0.06458086459054657
0.54900857016478 0.06505135845916997
0.5367822817998334 0.06547920610923996
0.5245338371637088 0.06586549953247775
0.512270614261456 0.06621095493153162
0.4999999999999999 0.06651589830707529
0.4877293857385438 0.06678027066007738
0.475466162836291 0.06700365183994225
0.46321771820016633 0.06718530131828017
0.4509914298352198 0.06732421347054862
0.43879466240039156 0.06741918433897338
0.42663476277231926 0.06746888636505192
0.41451905561984914 0.06747194725059188
0.4024548389919357 0.06742702895874834
0.3904493799215649 0.06733290291833574
0.3785099100483679 0.0671885177522486
0.36664362126255073 0.06699305630798451
0.35485766137276875 0.06674597940555638
0.3431591298005543 0.06644705450306011
0.33155507330389 0.06609636836879212
0.320052481732506 0.06569432378792425
0.30865828381745486 0.06524162126239991
0.29737934299750524 0.06473922752420157
0.28622245328485874 0.06418833341639678
0.27519433517269654 0.0635903042524201
0.26430163158700104 0.06294662610209414
0.2535509038851079 0.06225885154780291
0.2429486279033891 0.06152854829793183
0.23250119005645137 0.0607572536474586
0.2222148834901989 0.059946437165849874
0.2120959042910774 0.05909747321523945
0.20215034775378343 0.058211624015959106
0.19238420470968637 0.0572900330501846
0.18280335791817703 0.056333727700666136
0.17341357852311146 0.05534362923224553
0.16422052257649067 0.05432056760461219
0.15522972763146647 0.05326529820914455
0.14644660940672616 0.05217851748800814
0.1378764585242665 0.05106087453740027
0.12952443732252045 0.04991297621465665
0.12139557674675777 0.04873538393446312
0.11349477331863145 0.0475286012054932
0.10582678618669683 0.04629305196054362
0.09839623425967753 0.045029050792546224
0.09120759342420814 0.04373676723997523
0.08426519384872727 0.04241618718124535
0.07757321737514639 0.041067075117303654
0.07113569499986394 0.0396889415753218
0.06495650444564427 0.038281020002498244
0.059039367825822475 0.03684225730806139
0.05338784940224234 0.03537132164952514
0.048005353438278275 0.03386663016848312
0.042895122148234655 0.032326398209851996
0.038060233744356575 0.030748710177615782
0.03350360058263052 0.0291316106793974
0.029227967408489597 0.027473213093699513
0.025235909703481607 0.02577182126492093
0.021529832133895532 0.024026058797527845
0.018111967102280024 0.02223499947735333
0.014984373402728013 0.020398291773172945
0.012148934980735715 0.018516270220581887
0.009607359798384785 0.0165900467902901
0.007361178805529334 0.0146215760915116
0.005411745017609493 0.012613689424707737
0.0037602327006450165 0.010570094214046592
0.0024076366639015356 0.008495337130855488
0.0013547716606548965 0.006394731157726302
0.0006022718974137975 0.004274248818953955
0.00015059065189787502 0.0021403856923625465
0.0 0.0
0.00015059065189787502 -0.0018071543501969932
0.0006022718974137975 -0.0036073306646826108
0.0013547716606548965 -0.005393243540374024
0.0024076366639015356 -0.007158026106422258
0.0037602327006450165 -0.008895416634879662
0.005411745017609493 -0.010599919093582514
0.007361178805529334 -0.012266931071039447
0.009607359798384785 -0.013892834162281934
0.012148934980735715 -0.015475043796433061
0.014984373402728013 -0.017012017505769205
0.018111967102280024 -0.018503222670571962
0.021529832133895532 -0.01994906671260525
0.025235909703481607 -0.02135079444780804
0.029227967408489597 -0.02271035875376236
0.03350360058263052 -0.024030271785668904
0.038060233744356575 -0.02531344463412634
0.042895122148234655 -0.026563023532096722
0.048005353438278275 -0.027782230486430935
0.05338784940224234 -0.02897421555652623
0.059039367825822475 -0.030141926978458442
0.06495650444564427 -0.031288004007383824
0.07113569499986394 -0.03241469581047671
0.07757321737514639 -0.03352380808424924
0.08426519384872727 -0.034616677395569576
0.09120759342420814 -0.03569417165525179
0.09839623425967753 -0.036756713719238276
0.10582678618669683 -0.03780432395439419
0.11349477331863145 -0.038836676765140556
0.12139557674675777 -0.03985316559355167
0.12952443732252045 -0.04085297079564068
0.1378764585242665 -0.041835125052823954
0.14644660940672616 -0.042798571569367415
0.15522972763146647 -0.0437422111826798
0.16422052257649067 -0.04466493560538261
0.17341357852311146 -0.045565645245701586
0.18280335791817703 -0.046443251328733434
0.19238420470968637 -0.047296663277532236
0.20215034775378343 -0.048124763426711806
0.2120959042910774 -0.04892637205976881
0.2222148834901989 -0.0497002064271184
0.23250119005645137 -0.05044483777612064
0.2429486279033891 -0.05115865048947636
0.2535509038851079 -0.051839807188486416
0.26430163158700104 -0.05248622313834639
0.27519433517269654 -0.05309555253866418
0.28622245328485874 -0.053665188354387515
0.29737934299750524 -0.05419227631239462
0.30865828381745486 -0.05467374263542942
0.320052481732506 -0.05510633408676709
0.33155507330389 -0.055486668029854
0.3431591298005543 -0.05581128953079267
0.35485766137276875 -0.05607673209672167
0.36664362126255073 -0.05627957848040159
0.3785099100483679 -0.05641651810072558
0.3904493799215649 -0.05648439801932657
0.4024548389919357 -0.05648026504348817
0.41451905561984914 -0.056401397345588605
0.42663476277231926 -0.056245324935193235
0.43879466240039156 -0.05600983931763177
0.4509914298352198 -0.05569299364390785
0.46321771820016633 -0.05529309552381212
0.475466162836291 -0.05480869536683813
0.4877293857385438 -0.054238573575910415
0.4999999999999999 -0.053581730105720426
0.512270614261456 -0.05283737978938069
0.5245338371637088 -0.052004956434823314
0.5367822817998334 -0.05108412801885024
0.54900857016478 -0.05007482440594929
0.5612053375996082 -0.04897727795306568
0.5733652372276805 -0.04779207620660494
0.5854809443801506 -0.046520224738890524
0.5975451610080642 -0.04516321709566
0.6095506200784349 -0.04372310791785299
0.6214900899516319 -0.042202584633990195
0.6333563787374491 -0.04060503275241849
0.645142338627231 -0.03893458975404549
0.6568408701994456 -0.037196182910893785
0.6684449266961098 -0.035395547023714356
0.6799475182674938 -0.033539219047769235
0.691341716182545 -0.03163450780124475
0.7026206570024947 -0.02968943834743723
0.713777546715141 -0.02771267211708922
0.7248056648273034 -0.02571340528988257
0.7356983684129987 -0.023701249281518347
0.746449096114892 -0.021686098288324858
0.7570513720966108 -0.01967798964108763
0.7674988099435485 -0.01768696314919844
0.7777851165098009 -0.01572292563503574
0.7879040957089227 -0.013795526454408139
0.7978496522462164 -0.011914048989246345
0.8076157952903136 -0.010087321930138804
0.8171966420818224 -0.008323652712319187
0.8265864214768883 -0.006630783825420244
0.8357794774235092 -0.0050158709973753554
0.8447702723685334 -0.0034854805780572535
0.8535533905932737 -0.0020456019413986493
0.8621235414757333 -0.0007016695010285429
0.8704755626774794 0.0005414119066999208
0.8786044232532422 0.0016792449008360638
0.8865052266813687 0.002707927200410215
0.894173213813303 0.0036240548983739237
0.9016037657403225 0.004424746088357916
0.9087924065757916 0.0051076879885024375
0.9157348061512727 0.005671208777578855
0.9224267826248536 0.006114373197283097
0.928864305000136 0.006437098719201298
0.9350434955543556 0.006640286875940502
0.9409606321741775 0.006725962366329933
0.9466121505977576 0.006697410910056364
0.9519946465617215 0.006559305676023764
0.9571048778517655 0.006317811543387763
0.9619397662556433 0.005980656543245547
0.9664963994173694 0.00555716060188232
0.9707720325915102 0.005058213150601231
0.9747640902965183 0.004496193227142674
0.9784701678661044 0.003884828273797357
0.98188803289772 0.003238990806297591
0.985015626597272 0.002574435325975813
0.9878510650192642 0.001907481096999251
0.9903926402016152 0.0012546495237651949
0.9926388211944706 0.0006322676566395693
0.9945882549823906 5.6051657167455323e-05
0.9962397672993549 -0.00045931427852370296
0.9975923633360985 -0.0009005871183741216
0.9986452283393451 -0.001256345790792369
0.9993977281025862 -0.001517327790331364
0.9998494093481021 -0.0016767073561534214
1.0 -0.0017303032836072858
