1.0 0.001581550729135803
0.9998494093481021 0.0016583343366611575
0.9993977281025862 0.0018872085016036087
0.9986452283393451 0.0022637997797292165
0.9975923633360985 0.0027810049027735036
0.9962397672993549 0.0034292604413973214
0.9945882549823906 0.004196902727392218
0.9926388211944706 0.005070601531516023
0.9903926402016152 0.006035847781835
0.9878510650192642 0.007077473404491448
0.985015626597272 0.008180180275110652
0.98188803289772 0.009329055323487271
0.9784701678661044 0.010510050012409905
0.9747640902965183 0.011710404628497378
0.9707720325915102 0.012919000939064418
0.9664963994173694 0.01412663059919097
0.9619397662556433 0.015326171018438021
0.9571048778517655 0.016512664977751283
0.9519946465617215 0.01768330487864633
0.9466121505977576 0.018837326871458986
0.9409606321741775 0.019975824031347005
0.9350434955543556 0.02110149104676119
0.928864305000136 0.022218315414247184
0.9224267826248536 0.02333123180290806
0.9157348061512727 0.02444575702025822
0.9087924065757916 0.025567622888342908
0.9016037657403225 0.026702423382700388
0.894173213813303 0.027855290696854575
0.8865052266813687 0.029030612605226915
0.8786044232532422 0.030231800765392995
0.8704755626774794 0.03146111659756677
0.8621235414757333 0.03271955827873287
0.8535533905932737 0.034006809356841645
0.8447702723685334 0.03532124667601621
0.8357794774235092 0.03666000283163053
0.8265864214768883 0.03801907633972129
0.8171966420818224 0.03939348117123027
0.8076157952903136 0.040777426297483606
0.7978496522462164 0.04216451541670081
0.7879040957089227 0.04354795705131112
0.7777851165098009 0.04492077566798086
0.7674988099435485 0.04627601530436422
0.7570513720966108 0.047606928305356316
0.746449096114892 0.04890714308895001
0.7356983684129987 0.050170806290916
0.7248056648273034 0.05139269609813415
0.713777546715141 0.05256830500273679
0.7026206570024947 0.05369389153674459
0.691341716182545 0.05476650173761093
0.6799475182674938 0.055783962121642446
0.6684449266961098 0.056744846790647695
0.6568408701994456 0.05764842196478575
0.645142338627231 0.05849457172754239
0.6333563787374491 0.05928370909899463
0.6214900899516319 0.06001667673592258
0.6095506200784349 0.06069464160726823
0.5975451610080642 0.06131898792487385
0.5854809443801506 0.061891212433719575
0.5733652372276805 0.06241282589141887
0.5612053375996082 0.06288526419936599
0.54900857016478 0.06330981219198818
0.5367822817998334 0.06368754255037193
0.5245338371637088 0.06401927168818912
0.512270614261456 0.06430553377089082
0.4999999999999999 0.06454657328800488
0.4877293857385438 0.0647423558233258
0.475466162836291 0.06489259588512417
0.46321771820016633 0.06499679990003289
0.4509914298352198 0.06505432177593735
0.43879466240039156 0.06506442783900591
0.42663476277231926 0.06502636748533078
0.41451905561984914 0.06493944559223867
0.4024548389919357 0.06480309263512514
0.3904493799215649 0.06461692856992618
0.3785099100483679 0.06438081687421426
0.36664362126255073 0.06409490568280699
0.35485766137276875 0.06375965368371414
0.3431591298005543 0.06337583932032823
0.33155507330389 0.06294455282678363
0.320052481732506 0.06246717164664944
0.30865828381745486 0.061945320785998625
0.29737934299750524 0.06138082056438419
0.28622245328485874 0.06077562498864435
0.27519433517269654 0.06013175453017028
0.26430163158700104 0.05945122739423189
0.2535509038851079 0.05873599340432383
0.2429486279033891 0.05798787437818365
0.23250119005645137 0.05720851435814358
0.2222148834901989 0.05639934230961054
0.2120959042910774 0.05556154896861204
0.20215034775378343 0.054696078468228874
0.19238420470968637 0.05380363428049464
0.18280335791817703 0.052884697956064985
0.17341357852311146 0.05193955820872855
0.16422052257649067 0.050968347148623167
0.15522972763146647 0.049971079976923564
0.14644660940672616 0.048947694258104246
0.1378764585242665 0.04789808500442891
0.12952443732252045 0.0468221322381624
0.12139557674675777 0.04571971841309128
0.11349477331863145 0.04459073402848727
0.10582678618669683 0.04343507088631068
0.09839623425967753 0.042252603642086294
0.09120759342420814 0.041043161488545254
0.08426519384872727 0.03980649289392625
0.07757321737514639 0.038542227204080445
0.07113569499986394 0.037249837531700615
0.06495650444564427 0.03592860963796
0.059039367825822475 0.034577621425796644
0.05338784940224234 0.03319573720093153
0.048005353438278275 0.03178162003548796
0.042895122148234655 0.030333764436291186
0.038060233744356575 0.02885055014682926
0.03350360058263052 0.027330316389853494
0.029227967408489597 0.025771454292019182
0.025235909703481607 0.02417251373469623
0.021529832133895532 0.022532319556542085
0.018111967102280024 0.020850090994521793
0.014984373402728013 0.01912555757464083
0.012148934980735715 0.017359064412113174
0.009607359798384785 0.015551660085130222
0.007361178805529334 0.013705160907783884
0.005411745017609493 0.011822186515222594
0.0037602327006450165 0.009906163126792116
0.0024076366639015356 0.00796129258344262
0.0013547716606548965 0.005992487156163401
0.0006022718974137975 0.004005272071453116
0.00015059065189787502 0.00200565957166339
0.0 0.0
0.00015059065189787502 -0.0014948045096284418
0.0006022718974137975 -0.002985881515234637
0.0013547716606548965 -0.004469190420087488
0.0024076366639015356 -0.005941009052353299
0.0037602327006450165 -0.0073980726231975685
0.005411745017609493 -0.008837689472462459
0.007361178805529334 -0.010257827893612204
0.009607359798384785 -0.011657169915460421
0.012148934980735715 -0.013035129719518427
0.014984373402728013 -0.01439183628423406
0.018111967102280024 -0.015728081760610614
0.021529832133895532 -0.017045238888059453
0.025235909703481607 -0.018345152352390023
0.029227967408489597 -0.019630010280419073
0.03350360058263052 -0.020902202987138477
0.038060233744356575 -0.02216417659371937
0.042895122148234655 -0.023418289195186546
0.048005353438278275 -0.024666676879218842
0.05338784940224234 -0.025911136112100712
0.059039367825822475 -0.0271530278682506
0.06495650444564427 -0.02839320746034529
0.07113569499986394 -0.029631982417968585
0.07757321737514639 -0.030869099064137828
0.08426519384872727 -0.03210375675503376
0.09120759342420814 -0.03333464718019949
0.09839623425967753 -0.03456001476096853
0.10582678618669683 -0.03577773311204916
0.11349477331863145 -0.03698539180401425
0.12139557674675777 -0.038180387319332564
0.12952443732252045 -0.03936001214336779
0.1378764585242665 -0.04052153636133513
0.14644660940672616 -0.04166227690559681
0.15522972763146647 -0.04277965065680969
0.16422052257649067 -0.043871208872099075
0.17341357852311146 -0.0449346518063182
0.18280335791817703 -0.045967823814990684
0.19238420470968637 -0.046968690586008124
0.20215034775378343 -0.04793530135382045
0.2120959042910774 -0.04886573992858827
0.2222148834901989 -0.049758069063913335
0.23250119005645137 -0.05061027305085192
0.2429486279033891 -0.051420203446041854
0.2535509038851079 -0.052185532524391696
0.26430163158700104 -0.05290371842102175
0.27519433517269654 -0.05357198504256224
0.28622245328485874 -0.05418731875087036
0.29737934299750524 -0.05474648263122224
0.30865828381745486 -0.05524604793717247
0.320052481732506 -0.055682441141362705
0.33155507330389 -0.05605200399616602
0.3431591298005543 -0.056351063189968686
0.35485766137276875 -0.05657600562833324
0.36664362126255073 -0.056723355109242285
0.3785099100483679 -0.05678984621149089
0.3904493799215649 -0.05677249156608774
0.4024548389919357 -0.05666863930160644
0.41451905561984914 -0.056476018295798444
0.42663476277231926 -0.05619276986172014
0.43879466240039156 -0.05581746557047029
0.4509914298352198 -0.05534911198230787
0.46321771820016633 -0.054787144041920074
0.475466162836291 -0.05413140971692385
0.4877293857385438 -0.053382149058317604
0.4999999999999999 -0.05253997119122148
0.512270614261456 -0.05160583277772686
0.5245338371637088 -0.050581021227127106
0.5367822817998334 -0.0494671453810791
0.54900857016478 -0.04826613561276957
0.5612053375996082 -0.046980254309172464
0.5733652372276805 -0.045612116627896354
0.5854809443801506 -0.04416472031823488
0.5975451610080642 -0.04264148235650443
0.6095506200784349 -0.041046279252189
0.6214900899516319 -0.03938348720814172
0.6333563787374491 -0.03765801792441053
0.645142338627231 -0.03587534576074756
0.6568408701994456 -0.0340415222340088
0.6684449266961098 -0.032163174415060905
0.6799475182674938 -0.030247484672246416
0.691341716182545 -0.028302150328633167
0.7026206570024947 -0.026335323082397062
0.713777546715141 -0.0243555293934984
0.7248056648273034 -0.02237157436679544
0.7356983684129987 -0.020392432862071357
0.746449096114892 -0.01842713254130772
0.7570513720966108 -0.016484634242043262
0.7674988099435485 -0.01457371538124206
0.7777851165098009 -0.012702862009544473
0.7879040957089227 -0.010880174641736
0.7978496522462164 -0.009113292105882022
0.8076157952903136 -0.007409336430021082
0.8171966420818224 -0.005774880297338384
0.8265864214768883 -0.0042159369461776085
0.8357794774235092 -0.0027379706839116003
0.8447702723685334 -0.0013459245458270455
0.8535533905932737 -4.426018428024857e-05
0.8621235414757333 0.0011629960665045479
0.8704755626774794 0.0022722077410866123
0.8786044232532422 0.0032800904597253024
0.8865052266813687 0.0041836886020956195
0.894173213813303 0.00498037243896665
0.9016037657403225 0.0056678604315818825
0.9087924065757916 0.006244269677683327
0.9157348061512727 0.006708195408423597
0.9224267826248536 0.007058818144868308
0.928864305000136 0.007296034749907507
0.9350434955543556 0.007420607316303639
0.9409606321741775 0.007434321771309531
0.9466121505977576 0.007340146401410672
0.9519946465617215 0.007142379337556447
0.9571048778517655 0.006846773494600317
0.9619397662556433 0.006460627596466283
0.9664963994173694 0.005992832768247568
0.9707720325915102 0.0054538657219964665
0.9747640902965183 0.0048557217445420655
0.9784701678661044 0.004211783412097925
0.98188803289772 0.003536624070292616
0.985015626597272 0.002845748463514754
0.9878510650192642 0.0021552762888711837
0.9903926402016152 0.0014815776941155133
0.9926388211944706 0.0008408726454551233
0.9945882549823906 0.0002488084849961965
0.9962397672993549 -0.0002799682706087893
0.9975923633360985 -0.0007322288830554937
0.9986452283393451 -0.0010965509813456841
0.9993977281025862 -0.0013636624343828754
0.9998494093481021 -0.0015267257632921734
1.0 -0.001581550729135803
