1.0 0.0021061030762447443
0.9998494093481021 0.0021849867398408378
0.9993977281025862 0.0024201746537492134
0.9986452283393451 0.0028073332672616503
0.9975923633360985 0.0033394230049770234
0.9962397672993549 0.004006963848500706
0.9945882549823906 0.004798389766321156
0.9926388211944706 0.005700475698087654
0.9903926402016152 0.006698817632164565
0.9878510650192642 0.007778344145945623
0.985015626597272 0.008923836706611215
0.98188803289772 0.010120436094232271
0.9784701678661044 0.011354113485189672
0.9747640902965183 0.012612086937520792
0.9707720325915102 0.013883167112566406
0.9664963994173694 0.01515801986563132
0.9619397662556433 0.016429337625203103
0.9571048778517655 0.01769191601822397
0.9519946465617215 0.018942636744483463
0.9466121505977576 0.020180362020803578
0.9409606321741775 0.021405749790883465
0.9350434955543556 0.022621002147556933
0.928864305000136 0.023829561900632377
0.9224267826248536 0.02503577385318978
0.9157348061512727 0.026244528081084295
0.9087924065757916 0.02746090235434189
0.9016037657403225 0.028689819852915608
0.894173213813303 0.029935736612710297
0.8865052266813687 0.03120237082460181
0.8786044232532422 0.032492483357318636
0.8704755626774794 0.03380771585601379
0.8621235414757333 0.03514848965643402
0.8535533905932737 0.03651396571652436
0.8447702723685334 0.037902062953191665
0.8357794774235092 0.03930952990771861
0.8265864214768883 0.04073206264534167
0.8171966420818224 0.04216446028639636
0.8076157952903136 0.04360080859820088
0.7978496522462164 0.04503468164621323
0.7879040957089227 0.04645935157863884
0.7777851165098009 0.04786799714505265
0.7674988099435485 0.04925390245282775
0.7570513720966108 0.050610638659514005
0.746449096114892 0.05193222269370902
0.7356983684129987 0.05321324860123208
0.7248056648273034 0.05444898864355027
0.713777546715141 0.05563546275790143
0.7026206570024947 0.056769476363305614
0.691341716182545 0.05784862771855217
0.6799475182674938 0.05887128707742287
0.6684449266961098 0.05983655072729618
0.6568408701994456 0.060744173636721174
0.645142338627231 0.06159448488224942
0.6333563787374491 0.062388290288472016
0.6214900899516319 0.06312676681559921
0.6095506200784349 0.06381135318530474
0.5975451610080642 0.06444364106656107
0.5854809443801506 0.06502527086539298
0.5733652372276805 0.06555783578971361
0.5612053375996082 0.0660427974038591
0.54900857016478 0.0664814153563217
0.5367822817998334 0.06687469336696254
0.5245338371637088 0.06722334290583622
0.512270614261456 0.06752776529606598
0.4999999999999999 0.06778805224287072
0.4877293857385438 0.06800400404914544
0.475466162836291 0.0681751640488896
0.46321771820016633 0.06830086710148107
0.4509914298352198 0.06838029937366552
0.43879466240039156 0.06841256612486897
0.42663476277231926 0.06839676383676795
0.41451905561984914 0.06833205281804865
0.4024548389919357 0.06821772639163529
0.3904493799215649 0.06805327294710252
0.3785099100483679 0.06783842751715395
0.36664362126255073 0.06757321010312344
0.35485766137276875 0.06725794870660814
0.3431591298005543 0.06689328588627139
0.33155507330389 0.06648016860334086
0.320052481732506 0.06601982209085401
0.30865828381745486 0.06551370941987908
0.29737934299750524 0.06496347927960308
0.28622245328485874 0.06437090517981639
0.27519433517269654 0.06373781977449416
0.26430163158700104 0.063066048256537
0.2535509038851079 0.06235734476441857
0.2429486279033891 0.06161333546737084
0.23250119005645137 0.060835471471543834
0.2222148834901989 0.060024993948510276
0.2120959042910774 0.059182912979489424
0.20215034775378343 0.05831000059727258
0.19238420470968637 0.057406797465907926
0.18280335791817703 0.05647363164274272
0.17341357852311146 0.05551064699390665
0.16422052257649067 0.05451783815097458
0.15522972763146647 0.053495088458888944
0.14644660940672616 0.05244220721154827
0.1378764585242665 0.0513589626193409
0.12952443732252045 0.0502451073972538
0.12139557674675777 0.04910039457500709
0.11349477331863145 0.04792458206246089
0.10582678618669683 0.04671742558649007
0.09839623425967753 0.04547866076807885
0.09120759342420814 0.04420797624108834
0.08426519384872727 0.04290498073620278
0.07757321737514639 0.04156916787965595
0.07113569499986394 0.04019988301330784
0.06495650444564427 0.038796296575332755
0.059039367825822475 0.03735738845672907
0.05338784940224234 0.03588194726143689
0.048005353438278275 0.0343685875674713
0.042895122148234655 0.03281578715990893
0.038060233744356575 0.031221944854186584
0.03350360058263052 0.029585458039470165
0.029227967408489597 0.027904817549368854
0.025235909703481607 0.02617871601945774
0.021529832133895532 0.024406164624571763
0.018111967102280024 0.022586612100694844
0.014984373402728013 0.02072005932674716
0.012148934980735715 0.018807162527971558
0.009607359798384785 0.016849318394711266
0.007361178805529334 0.01484872508768486
0.005411745017609493 0.012808414192172535
0.0037602327006450165 0.01073225012842462
0.0024076366639015356 0.008624895238318202
0.0013547716606548965 0.006491740643221763
0.0006022718974137975 0.00433880488687869
0.00015059065189787502 0.0021726042169060837
0.0 0.0
0.00015059065189787502 -0.0013696474550076937
0.0006022718974137975 -0.0027360395226063744
0.0013547716606548965 -0.004095457794375712
0.0024076366639015356 -0.00544451789363588
0.0037602327006450165 -0.0067803148156872686
0.005411745017609493 -0.00810054339486918
0.007361178805529334 -0.00940358779919886
0.009607359798384785 -0.010688575664725173
0.012148934980735715 -0.01195539442379254
0.014984373402728013 -0.013204669440659096
0.018111967102280024 -0.014437705624642149
0.021529832133895532 -0.01565639612650025
0.025235909703481607 -0.01686310342759079
0.029227967408489597 -0.018060519507767048
0.03350360058263052 -0.019251512751746837
0.038060233744356575 -0.020438969774417965
0.042895122148234655 -0.021625640390540192
0.048005353438278275 -0.02281399352965989
0.05338784940224234 -0.024006091036989245
0.059039367825822475 -0.025203485065453453
0.06495650444564427 -0.026407143234744135
0.07113569499986394 -0.02761740400814635
0.07757321737514639 -0.028833962925416037
0.08426519384872727 -0.030055888541688214
0.09120759342420814 -0.03128166526626017
0.09839623425967753 -0.032509258868751535
0.10582678618669683 -0.03373619930493719
0.11349477331863145 -0.03495967477066869
0.12139557674675777 -0.036176630555319424
0.12952443732252045 -0.037383866345189386
0.1378764585242665 -0.03857812610475388
0.14644660940672616 -0.039756175496928656
0.15522972763146647 -0.040914862928136356
0.16422052257649067 -0.04205116163801677
0.17341357852311146 -0.04316219170347674
0.18280335791817703 -0.044245222293333886
0.19238420470968637 -0.04529765589512447
0.20215034775378343 -0.04631699744935995
0.2120959042910774 -0.04730081229172954
0.2222148834901989 -0.048246677461931585
0.23250119005645137 -0.04915213125244558
0.2429486279033891 -0.05001462582925611
0.2535509038851079 -0.05083148737153254
0.26430163158700104 -0.05159988748423841
0.27519433517269654 -0.05231682869295661
0.28622245328485874 -0.05297914570678027
0.29737934299750524 -0.05358352291716773
0.30865828381745486 -0.05412652737776197
0.320052481732506 -0.05460465537095035
0.33155507330389 -0.055014389692848165
0.3431591298005543 -0.055352264048082946
0.35485766137276875 -0.05561493049029543
0.36664362126255073 -0.05579922570365496
0.3785099100483679 -0.05590223210178235
0.3904493799215649 -0.055921330206650285
0.4024548389919357 -0.05585423952239971
0.41451905561984914 -0.055699046079242705
0.42663476277231926 -0.05545421591716111
0.43879466240039156 -0.05511859492445626
0.4509914298352198 -0.05469139655492411
0.46321771820016633 -0.054172179934477066
0.475466162836291 -0.05356082165692447
0.4877293857385438 -0.05285748509704686
0.4999999999999999 -0.0520625912935407
0.512270614261456 -0.05117679535349544
0.5245338371637088 -0.05020097190631643
0.5367822817998334 -0.04913621241493941
0.54900857016478 -0.04798383618466989
0.5612053375996082 -0.046745415762990954
0.5733652372276805 -0.045422816179638795
0.5854809443801506 -0.04401824622624847
0.5975451610080642 -0.042534318812265756
0.6095506200784349 -0.040974116447446016
0.6214900899516319 -0.039341257169003246
0.6333563787374491 -0.03763995581438325
0.645142338627231 -0.03587507547826777
0.6568408701994456 -0.03405216429951357
0.6684449266961098 -0.03217747338868335
0.6799475182674938 -0.03025795269194532
0.691341716182545 -0.028301222830782673
0.7026206570024947 -0.026315522377483504
0.713777546715141 -0.0243096315274267
0.7248056648273034 -0.022292774606264647
0.7356983684129987 -0.020274505197848677
0.746449096114892 -0.018264578798396183
0.7570513720966108 -0.0162728187089356
0.7674988099435485 -0.014308981306634614
0.7777851165098009 -0.012382626846599071
0.7879040957089227 -0.010503001528207902
0.7978496522462164 -0.00867893573334326
0.8076157952903136 -0.006918762156978285
0.8171966420818224 -0.005230256079558236
0.8265864214768883 -0.003620598373952861
0.8357794774235092 -0.0020963601122168806
0.8447702723685334 -0.0006635059623138527
0.8535533905932737 0.0006725879339529537
0.8621235414757333 0.001907107117939906
0.8704755626774794 0.0030357693392315706
0.8786044232532422 0.004054799133616022
0.8865052266813687 0.004960912980102143
0.894173213813303 0.005751320882799627
0.9016037657403225 0.006423749046115298
0.9087924065757916 0.006976486697132391
0.9157348061512727 0.00740845814948356
0.9224267826248536 0.007719319018019902
0.928864305000136 0.007909573222855256
0.9350434955543556 0.007980705216218008
0.9409606321741775 0.007935319879235831
0.9466121505977576 0.0077772809135060956
0.9519946465617215 0.007511837421460221
0.9571048778517655 0.007145727830857524
0.9619397662556433 0.006687250438998153
0.9664963994173694 0.006146290658864056
0.9707720325915102 0.005534296527580809
0.9747640902965183 0.0048641961299934425
0.9784701678661044 0.004150253199303541
0.98188803289772 0.0034078601500226366
0.985015626597272 0.002653271015584631
0.9878510650192642 0.0019032800248696556
0.9903926402016152 0.0011748546716742652
0.9926388211944706 0.00048473492510023785
0.9945882549823906 -0.00015098747230974405
0.9962397672993549 -0.0007172940123300262
0.9975923633360985 -0.0012006522182808348
0.9986452283393451 -0.0015893996235812622
0.9993977281025862 -0.0018740830730419192
0.9998494093481021 -0.0020477390541892315
1.0 -0.0021061030762447443
