1.0 0.0014045461682306486
0.9998494093481021 0.0014812996541557892
0.9993977281025862 0.0017101274639417764
0.9986452283393451 0.002086786033742261
0.9975923633360985 0.0026043814705943346
0.9962397672993549 0.0032536288203485362
0.9945882549823906 0.004023197917957554
0.9926388211944706 0.0049001297859982244
0.9903926402016152 0.005870304452664935
0.9878510650192642 0.006918938960414913
0.985015626597272 0.008031093327726302
0.98188803289772 0.009192162343833974
0.9784701678661044 0.010388332291496456
0.9747640902965183 0.011606983917229932
0.9707720325915102 0.012837026059524883
0.9664963994173694 0.014069148116525187
0.9619397662556433 0.015295983766380802
0.9571048778517655 0.01651218280823511
0.9519946465617215 0.017714392427661513
0.9466121505977576 0.01890115337542378
0.9409606321741775 0.020072720274040026
0.9350434955543556 0.02123081835852622
0.928864305000136 0.022378351284822313
0.9224267826248536 0.02351907611950427
0.9157348061512727 0.0246572622264931
0.9087924065757916 0.02579735051002476
0.9016037657403225 0.0269436284240654
0.894173213813303 0.028099934422443674
0.8865052266813687 0.029269403238166885
0.8786044232532422 0.030454260702648242
0.8704755626774794 0.031655673913991135
0.8621235414757333 0.03287365960559424
0.8535533905932737 0.034107050709102894
0.8447702723685334 0.03535351848700991
0.8357794774235092 0.03660964534208013
0.8265864214768883 0.037871041575120744
0.8171966420818224 0.039132498009027634
0.8076157952903136 0.04038816554304444
0.7978496522462164 0.041631752334619035
0.7879040957089227 0.04285672938941344
0.7777851165098009 0.044056535815095506
0.7674988099435485 0.04522477578979207
0.7570513720966108 0.0463554003324381
0.746449096114892 0.047442868159426124
0.7356983684129987 0.04848228119399699
0.7248056648273034 0.04946949159443906
0.713777546715141 0.05040117842885645
0.7026206570024947 0.05127489330584854
0.691341716182545 0.05208907534327367
0.6799475182674938 0.052843036805160525
0.6684449266961098 0.053536921553958686
0.6568408701994456 0.05417163915345397
0.645142338627231 0.05474877802307752
0.6333563787374491 0.05527050149476768
0.6214900899516319 0.05573943096561928
0.6095506200784349 0.05615852057684503
0.5975451610080642 0.05653092798155742
0.5854809443801506 0.056859885785874004
0.5733652372276805 0.05714857815189874
0.5612053375996082 0.05740002682771812
0.54900857016478 0.057616990509896965
0.5367822817998334 0.057801880942678185
0.5245338371637088 0.057956698515786775
0.512270614261456 0.0580829893482965
0.4999999999999999 0.05818182495821024
0.4877293857385438 0.05825380464561163
0.475466162836291 0.058299079701085464
0.46321771820016633 0.058317397538944604
0.4509914298352198 0.05830816290116177
0.43879466240039156 0.058270512439947936
0.42663476277231926 0.058203398320259316
0.41451905561984914 0.05810567603771035
0.4024548389919357 0.0579761914614554
0.3904493799215649 0.057813862210123405
0.3785099100483679 0.057617748858762884
0.36664362126255073 0.05738711214334992
0.35485766137276875 0.05712145324405266
0.3431591298005543 0.056820535337517124
0.33155507330389 0.05648438584404084
0.320052481732506 0.056113280077604334
0.30865828381745486 0.055707708248495184
0.29737934299750524 0.05526832888219932
0.28622245328485874 0.05479591262276505
0.27519433517269654 0.05429128101467331
0.26430163158700104 0.05375524515313368
0.2535509038851079 0.05318854903009939
0.2429486279033891 0.05259182197929732
0.23250119005645137 0.05196554386228119
0.2222148834901989 0.05131002558909086
0.2120959042910774 0.05062540630492002
0.20215034775378343 0.04991166719006819
0.19238420470968637 0.04916866041827971
0.18280335791817703 0.04839615050679067
0.17341357852311146 0.04759386417488236
0.16422052257649067 0.046761543999640665
0.15522972763146647 0.045899000691865394
0.14644660940672616 0.04500615876011456
0.1378764585242665 0.044083090705096264
0.12952443732252045 0.04313003567602452
0.12139557674675777 0.04214739967870355
0.11349477331863145 0.0411357358756391
0.10582678618669683 0.04009570515992354
0.09839623425967753 0.03902801889729359
0.09120759342420814 0.03793336738511428
0.08426519384872727 0.036812339043254205
0.07757321737514639 0.03566533650942201
0.07113569499986394 0.03449249655876192
0.06495650444564427 0.03329362102946709
0.059039367825822475 0.03206812567122255
0.05338784940224234 0.030815013037172642
0.048005353438278275 0.02953287424735869
0.042895122148234655 0.028219922734153576
0.038060233744356575 0.02687406104335425
0.03350360058263052 0.02549297954006039
0.029227967408489597 0.024074283605804155
0.025235909703481607 0.02261564376961068
0.021529832133895532 0.02111496134419252
0.018111967102280024 0.019570540678129852
0.014984373402728013 0.01798125819968917
0.012148934980735715 0.016346718098500756
0.009607359798384785 0.014667384808492466
0.007361178805529334 0.012944683416681885
0.005411745017609493 0.011181060681058112
0.0037602327006450165 0.00938000140868302
0.0024076366639015356 0.007545997398111936
0.0013547716606548965 0.005684468836066404
0.0006022718974137975 0.0038016407869404948
0.00015059065189787502 0.0019043800487726292
0.0 0.0
0.00015059065189787502 -0.0014098954434787426
0.0006022718974137975 -0.002816872676993202
0.0013547716606548965 -0.004217727980377029
0.0024076366639015356 -0.005609525136376276
0.0037602327006450165 -0.006989710317192269
0.005411745017609493 -0.008356205418257524
0.007361178805529334 -0.009707474639368734
0.009607359798384785 -0.01104256066098811
0.012148934980735715 -0.0123610885175693
0.014984373402728013 -0.01366323712611943
0.018111967102280024 -0.014949680277060675
0.021529832133895532 -0.016221500626845232
0.025235909703481607 -0.01748008174614866
0.029227967408489597 -0.018726984485798327
0.03350360058263052 -0.019963814755620448
0.038060233744356575 -0.02119209022275005
0.042895122148234655 -0.022413113404844923
0.048005353438278275 -0.02362785816600073
0.05338784940224234 -0.024836875751094
0.059039367825822475 -0.026040225273993186
0.06495650444564427 -0.027237432083291505
0.07113569499986394 -0.02842747575833643
0.07757321737514639 -0.0296088077406893
0.08426519384872727 -0.030779396887648778
0.09120759342420814 -0.03193679964805782
0.09839623425967753 -0.03307825019995484
0.10582678618669683 -0.03420076483341717
0.11349477331863145 -0.0353012541691568
0.12139557674675777 -0.03637663650987209
0.12952443732252045 -0.03742394573764816
0.1378764585242665 -0.038440427681890404
0.14644660940672616 -0.03942361974905985
0.15522972763146647 -0.04037140976694158
0.16422052257649067 -0.041282071373913584
0.17341357852311146 -0.0421542747869633
0.18280335791817703 -0.042987073313930146
0.19238420470968637 -0.043779867438464556
0.20215034775378343 -0.044532349609504425
0.2120959042910774 -0.04524443393168139
0.2222148834901989 -0.04591617571696943
0.23250119005645137 -0.04654768627984509
0.2429486279033891 -0.047139048420286205
0.2535509038851079 -0.04769023774722507
0.26430163158700104 -0.04820105437915743
0.27519433517269654 -0.04867106866917431
0.28622245328485874 -0.04909958350686584
0.29737934299750524 -0.04948561453012762
0.30865828381745486 -0.04982788832364269
0.320052481732506 -0.050124857476382186
0.33155507330389 -0.05037473030130893
0.3431591298005543 -0.05057551215907716
0.35485766137276875 -0.05072505473047646
0.36664362126255073 -0.05082110928650534
0.3785099100483679 -0.050861380024898616
0.3904493799215649 -0.05084357386917534
0.4024548389919357 -0.050765443729919854
0.41451905561984914 -0.050624823057032434
0.42663476277231926 -0.05041965049865724
0.43879466240039156 -0.050147984548453296
0.4509914298352198 -0.04980800912303547
0.46321771820016633 -0.049398031981337506
0.475466162836291 -0.048916478699386895
0.4877293857385438 -0.04836188548182858
0.4999999999999999 -0.04773289437691653
0.512270614261456 -0.04702825443690978
0.5245338371637088 -0.046246832026265276
0.5367822817998334 -0.04538763284486298
0.54900857016478 -0.04444983734452517
0.5612053375996082 -0.04343285013602006
0.5733652372276805 -0.0423363627880178
0.5854809443801506 -0.041160428196861845
0.5975451610080642 -0.039905543548414496
0.6095506200784349 -0.03857273788998058
0.6214900899516319 -0.03716365956170829
0.6333563787374491 -0.03568065826809424
0.645142338627231 -0.03412685644633899
0.6568408701994456 -0.03250620483051758
0.6684449266961098 -0.030823517714142264
0.6799475182674938 -0.029084484347835587
0.691341716182545 -0.027295654118080295
0.7026206570024947 -0.025464394560789264
0.713777546715141 -0.02359882277699315
0.7248056648273034 -0.021707712334599467
0.7356983684129987 -0.019800379154401075
0.746449096114892 -0.017886551089418043
0.7570513720966108 -0.01597622682524304
0.7674988099435485 -0.01407953028489675
0.7777851165098009 -0.012206566868372935
0.7879040957089227 -0.010367287576082455
0.7978496522462164 -0.008571366368295858
0.8076157952903136 -0.006828095040880583
0.8171966420818224 -0.005146298520416656
0.8265864214768883 -0.0035342718920960427
0.8357794774235092 -0.001999738782433061
0.8447702723685334 -0.0005498290469215203
0.8535533905932737 0.0008089278161347488
0.8621235414757333 0.002070598373239644
0.8704755626774794 0.003229835838824437
0.8786044232532422 0.004281871751972087
0.8865052266813687 0.005222514935192937
0.894173213813303 0.0060481633821348425
0.9016037657403225 0.006755833684899218
0.9087924065757916 0.007343211133454954
0.9157348061512727 0.007808721785173152
0.9224267826248536 0.008151625725643069
0.928864305000136 0.00837212855803944
0.9350434955543556 0.008471506015755522
0.9409606321741775 0.008452234643667877
0.9466121505977576 0.008318119882582067
0.9519946465617215 0.00807441174805646
0.9571048778517655 0.0077278977224056345
0.9619397662556433 0.007286962547693314
0.9664963994173694 0.006761605349706094
0.9707720325915102 0.00616340592809498
0.9747640902965183 0.00550543406337275
0.9784701678661044 0.004802098224145486
0.98188803289772 0.004068932979053596
0.985015626597272 0.0033223275701404734
0.9878510650192642 0.0025792013110988157
0.9903926402016152 0.0018566345495725652
0.9926388211944706 0.0011714666943411728
0.9945882549823906 0.000539875086462993
0.9962397672993549 -2.304985661454235e-05
0.9975923633360985 -0.000503716884617777
0.9986452283393451 -0.0008904171058082826
0.9993977281025862 -0.0011736624200461689
0.9998494093481021 -0.0013464650320461225
1.0 -0.0014045461682306486
