1.0 0.0016599700183848492
0.9998494093481021 0.0017381297640471495
0.9993977281025862 0.0019711653569322255
0.9986452283393451 0.0023548006075608933
0.9975923633360985 0.0028820884568740643
0.9962397672993549 0.0035436720614285756
0.9945882549823906 0.004328133189105166
0.9926388211944706 0.0052224118848761165
0.9903926402016152 0.00621227825985616
0.9878510650192642 0.007282835139257223
0.985015626597272 0.008419029272985544
0.98188803289772 0.009606148902178141
0.9784701678661044 0.010830286659202569
0.9747640902965183 0.012078748971033008
0.9707720325915102 0.01334039619639936
0.9664963994173694 0.014605901471442771
0.9619397662556433 0.015867920450170818
0.9571048778517655 0.01712116856922373
0.9519946465617215 0.018362406901103332
0.9466121505977576 0.01959034185519573
0.9409606321741775 0.02080544773322011
0.9350434955543556 0.02200972427033534
0.928864305000136 0.023206403662621035
0.9224267826248536 0.024399623111715844
0.9157348061512727 0.025594079574495228
0.9087924065757916 0.02679468320631672
0.9016037657403225 0.028006224993440944
0.894173213813303 0.029233072386636763
0.8865052266813687 0.030478904508076683
0.8786044232532422 0.03174649586335488
0.8704755626774794 0.03303755461656345
0.8621235414757333 0.03435261854580149
0.8535533905932737 0.03569100894639875
0.8447702723685334 0.037050840128286966
0.8357794774235092 0.038429079875913895
0.8265864214768883 0.03982165438765433
0.8171966420818224 0.041223589838509656
0.8076157952903136 0.042629181834609266
0.7978496522462164 0.04403218364028479
0.7879040957089227 0.04542600412192221
0.7777851165098009 0.046803906810344575
0.7674988099435485 0.048159202263492594
0.7570513720966108 0.04948542693396356
0.746449096114892 0.050776502930013595
0.7356983684129987 0.05202687432626268
0.7248056648273034 0.05323161696229353
0.713777546715141 0.05438651990607064
0.7026206570024947 0.055488137910676694
0.691341716182545 0.056533815227380636
0.6799475182674938 0.057521682038836196
0.6684449266961098 0.05845062553788067
0.6568408701994456 0.059320238303228
0.645142338627231 0.06013074712213294
0.6333563787374491 0.060882925793125556
0.6214900899516319 0.06157799572008421
0.6095506200784349 0.062217518290593306
0.5975451610080642 0.06280328312112367
0.5854809443801506 0.06333719624906216
0.5733652372276805 0.06382117225302798
0.5612053375996082 0.06425703408162307
0.54900857016478 0.06464642405946992
0.5367822817998334 0.06499072911247704
0.5245338371637088 0.06529102271030038
0.512270614261456 0.06554802536792169
0.4999999999999999 0.06576208479331906
0.4877293857385438 0.06593317593671295
0.475466162836291 0.0660609203204013
0.46321771820016633 0.06614462314656439
0.4509914298352198 0.06618332583967046
0.43879466240039156 0.0661758709296181
0.42663476277231926 0.06612097557063736
0.41451905561984914 0.06601730956412073
0.4024548389919357 0.06586357354758231
0.3904493799215649 0.06565857305149764
0.3785099100483679 0.06540128442052
0.36664362126255073 0.06509090913815041
0.35485766137276875 0.06472691385924545
0.3431591298005543 0.06430905440052695
0.33155507330389 0.063837383008175
0.320052481732506 0.06331223934464733
0.30865828381745486 0.06273422673795723
0.29737934299750524 0.0621041762378813
0.28622245328485874 0.061423101851138535
0.27519433517269654 0.06069215091748292
0.26430163158700104 0.05991255389199196
0.2535509038851079 0.059085577786207565
0.2429486279033891 0.0582124871852761
0.23250119005645137 0.05729451611686163
0.2222148834901989 0.05633285314092457
0.2120959042910774 0.05532864091935805
0.20215034775378343 0.05428299029023032
0.19238420470968637 0.05319700760423751
0.18280335791817703 0.05207183287758695
0.17341357852311146 0.0509086852708146
0.16422052257649067 0.04970891160287985
0.15522972763146647 0.048474033124268394
0.14644660940672616 0.04720578565011047
0.1378764585242665 0.045906148416753
0.12952443732252045 0.04457735766654401
0.12139557674675777 0.04322190195058707
0.11349477331863145 0.04184249740551658
0.10582678618669683 0.040442042722292605
0.09839623425967753 0.039023555079453286
0.09120759342420814 0.03759008984676178
0.08426519384872727 0.03614464826223816
0.07757321737514639 0.03469007843716325
0.07113569499986394 0.033228975855557966
0.06495650444564427 0.031763589934853495
0.059039367825822475 0.030295743159038636
0.05338784940224234 0.028826768772653125
0.048005353438278275 0.027357472055473956
0.042895122148234655 0.025888118838471617
0.038060233744356575 0.024418453256169
0.03350360058263052 0.02294774486774215
0.029227967408489597 0.02147486334473797
0.025235909703481607 0.019998377050952757
0.021529832133895532 0.018516670162235002
0.018111967102280024 0.01702807161222234
0.014984373402728013 0.015530988205916302
0.012148934980735715 0.014024033790682164
0.009607359798384785 0.012506146454676008
0.007361178805529334 0.010976686340159346
0.005411745017609493 0.009435507780559531
0.0037602327006450165 0.007883001026783009
0.0024076366639015356 0.0063201007204098944
0.0013547716606548965 0.004748260374794298
0.0006022718974137975 0.0031693942997142346
0.00015059065189787502 0.0015857905048604728
0.0 0.0
0.00015059065189787502 -0.0016507659753745292
0.0006022718974137975 -0.0032965677030075877
0.0013547716606548965 -0.004932139072328159
0.0024076366639015356 -0.0065526008939653145
0.0037602327006450165 -0.008153631121441681
0.005411745017609493 -0.00973160839379745
0.007361178805529334 -0.011283722235919714
0.009607359798384785 -0.012808045001384607
0.012148934980735715 -0.014303562634960005
0.014984373402728013 -0.015770163457012164
0.018111967102280024 -0.017208586311654648
0.021529832133895532 -0.01862033145650374
0.025235909703481607 -0.020007539393318376
0.029227967408489597 -0.021372844348027477
0.03350360058263052 -0.022719210227092747
0.038060233744356575 -0.024049757549655864
0.042895122148234655 -0.025367590052678402
0.048005353438278275 -0.026675629388268684
0.05338784940224234 -0.027976465605026164
0.059039367825822475 -0.02927222998048195
0.06495650444564427 -0.030564495323605306
0.07113569499986394 -0.0318542071862591
0.07757321737514639 -0.033141647613406114
0.08426519384872727 -0.03442643123201404
0.09120759342420814 -0.03570753173483968
0.09839623425967753 -0.03698333525665073
0.10582678618669683 -0.03825171585235435
0.11349477331863145 -0.03951012733572825
0.12139557674675777 -0.04075570516844733
0.12952443732252045 -0.041985371921716946
0.1378764585242665 -0.04319594006162069
0.14644660940672616 -0.044384206404420305
0.15522972763146647 -0.045547033497691035
0.16422052257649067 -0.0466814143373408
0.17341357852311146 -0.04778451814594436
0.18280335791817703 -0.04885371632347991
0.19238420470968637 -0.04988658904497497
0.20215034775378343 -0.0508809142327106
0.2120959042910774 -0.051834641695631
0.2222148834901989 -0.052745856042662964
0.23250119005645137 -0.053612732495867024
0.2429486279033891 -0.05443348993127554
0.2535509038851079 -0.055206345359909675
0.26430163158700104 -0.05592947365079902
0.27519433517269654 -0.05660097563382817
0.28622245328485874 -0.05721885686155217
0.29737934299750524 -0.057781018326659994
0.30865828381745486 -0.058285259403438885
0.320052481732506 -0.05872929228669251
0.33155507330389 -0.05911076631503452
0.3431591298005543 -0.059427299852593374
0.35485766137276875 -0.059676516914878894
0.36664362126255073 -0.05985608549397027
0.3785099100483679 -0.059963754578215886
0.3904493799215649 -0.05999738716423791
0.4024548389919357 -0.05995498709587702
0.41451905561984914 -0.0598347182893377
0.42663476277231926 -0.05963491575510558
0.43879466240039156 -0.05935408873404238
0.4509914298352198 -0.05899091715149052
0.46321771820016633 -0.058544243384262055
0.475466162836291 -0.058013061962688565
0.4877293857385438 -0.057396510236976415
0.4999999999999999 -0.05669386318374452
0.512270614261456 -0.055904535394195744
0.5245338371637088 -0.055028092870725895
0.5367822817998334 -0.054064276586549304
0.54900857016478 -0.05301303887630905
0.5612053375996082 -0.05187459268558802
0.5733652372276805 -0.050649472588311976
0.5854809443801506 -0.04933860536619617
0.5975451610080642 -0.047943386919050306
0.6095506200784349 -0.04646576142052839
0.6214900899516319 -0.04490829802250215
0.6333563787374491 -0.043274260098884854
0.645142338627231 -0.04156766204269017
0.6568408701994456 -0.03979330900140245
0.6684449266961098 -0.03795681564354922
0.6799475182674938 -0.03606460105717968
0.691341716182545 -0.03412385812943067
0.7026206570024947 -0.03214249716694556
0.713777546715141 -0.030129064996879257
0.7248056648273034 -0.028092642236898738
0.7356983684129987 -0.026042722738253737
0.746449096114892 -0.023989080293147717
0.7570513720966108 -0.02194162847389351
0.7674988099435485 -0.019910279873711426
0.7777851165098009 -0.01790481100894965
0.7879040957089227 -0.01593473870929361
0.7978496522462164 -0.014009212985006793
0.8076157952903136 -0.012136930166307725
0.8171966420818224 -0.010326068634187464
0.8265864214768883 -0.008584247801081486
0.8357794774235092 -0.00691850926684615
0.8447702723685334 -0.005335317392251603
0.8535533905932737 -0.00384057502121342
0.8621235414757333 -0.002439648858897186
0.8704755626774794 -0.0011373981743410368
0.8786044232532422 6.179988129772248e-05
0.8865052266813687 0.001154034920283218
0.894173213813303 0.0021358638578814274
0.9016037657403225 0.003004332130167226
0.9087924065757916 0.0037570187891079383
0.9157348061512727 0.004392106739981669
0.9224267826248536 0.004908477220938998
0.928864305000136 0.005305825366104312
0.9350434955543556 0.005584791492076504
0.9409606321741775 0.005747100755537525
0.9466121505977576 0.0057957021918923855
0.9519946465617215 0.0057348969891918376
0.9571048778517655 0.005570445279658196
0.9619397662556433 0.00530964081106085
0.9664963994173694 0.004961343621152342
0.9707720325915102 0.0045359622675871375
0.9747640902965183 0.004045379208014986
0.9784701678661044 0.0035028154850776042
0.98188803289772 0.002922633818319588
0.985015626597272 0.0023200823810459906
0.9878510650192642 0.0017109847675479824
0.9903926402016152 0.0011113847491623665
0.9926388211944706 0.0005371571934750412
0.9945882549823906 3.598810863665765e-06
0.9962397672993549 -0.00047498594763528755
0.9975923633360985 -0.0008856875978261217
0.9986452283393451 -0.0012173665824473574
0.9993977281025862 -0.0014609848551890429
0.9998494093481021 -0.0016098799936136938
1.0 -0.0016599700183848492
