1.0 0.0016449349852969792
0.9998494093481021 0.0017252061276129172
0.9993977281025862 0.001964516943772724
0.9986452283393451 0.0023584165414856305
0.9975923633360985 0.00289967391557373
0.9962397672993549 0.00357854952973553
0.9945882549823906 0.00438315774242615
0.9926388211944706 0.005299903411362402
0.9903926402016152 0.006313972780979896
0.9878510650192642 0.007409856552707719
0.985015626597272 0.008571881960188208
0.98188803289772 0.009784730758118566
0.9784701678661044 0.01103392125705394
0.9747640902965183 0.012306234808173683
0.9707720325915102 0.013590070316948446
0.9664963994173694 0.014875714252176729
0.9619397662556433 0.016155517992502734
0.9571048778517655 0.017423978971889374
0.9519946465617215 0.01867772669904978
0.9466121505977576 0.019915419093365694
0.9409606321741775 0.021137558484166572
0.9350434955543556 0.022346239878830578
0.928864305000136 0.02354484657924441
0.9224267826248536 0.02473770982681835
0.9157348061512727 0.0259297498473154
0.9087924065757916 0.02712611546417939
0.9016037657403225 0.028331838417246343
0.894173213813303 0.029551516769056426
0.8865052266813687 0.030789039443021082
0.8786044232532422 0.03204736117895876
0.8704755626774794 0.03332833418631656
0.8621235414757333 0.03463259969881329
0.8535533905932737 0.035959539651569235
0.8447702723685334 0.03730728595955147
0.8357794774235092 0.038672782494804075
0.8265864214768883 0.04005189292886073
0.8171966420818224 0.04143954618169026
0.8076157952903136 0.04282991032138631
0.7978496522462164 0.04421658537962232
0.7879040957089227 0.04559280564880316
0.7777851165098009 0.04695164254754069
0.7674988099435485 0.04828620000512638
0.7570513720966108 0.04958979543736484
0.746449096114892 0.05085612067707794
0.7356983684129987 0.05207937859785177
0.7248056648273034 0.05325439255265887
0.713777546715141 0.05437668707554468
0.7026206570024947 0.055442539514783784
0.691341716182545 0.056449003345254656
0.6799475182674938 0.057393904826428775
0.6684449266961098 0.05827581542349353
0.6568408701994456 0.05909400299630303
0.645142338627231 0.05984836519492665
0.6333563787374491 0.06053934879644986
0.6214900899516319 0.06116785889127412
0.6095506200784349 0.061735161892848424
0.5975451610080642 0.06224278631364759
0.5854809443801506 0.06269242512921996
0.5733652372276805 0.06308584334406664
0.5612053375996082 0.06342479407756436
0.54900857016478 0.06371094610305919
0.5367822817998334 0.06394582529703342
0.5245338371637088 0.06413077188897702
0.512270614261456 0.06426691475219318
0.4999999999999999 0.06435516325371368
0.4877293857385438 0.06439621640788333
0.475466162836291 0.06439058828092004
0.46321771820016633 0.06433864780790051
0.4509914298352198 0.06424067044961618
0.43879466240039156 0.0640968984779343
0.42663476277231926 0.06390760617772957
0.41451905561984914 0.06367316593026741
0.4024548389919357 0.06339411102870549
0.3904493799215649 0.06307119119176857
0.3785099100483679 0.06270541709354313
0.36664362126255073 0.062298090807046444
0.35485766137276875 0.06185081984176444
0.3431591298005543 0.0613655134000427
0.33155507330389 0.06084436052959648
0.320052481732506 0.06028979094443991
0.30865828381745486 0.05970442035284664
0.29737934299750524 0.05909098309585323
0.28622245328485874 0.05845225569471908
0.27519433517269654 0.057790975471574905
0.26430163158700104 0.05710975869954461
0.2535509038851079 0.05641102273068969
0.2429486279033891 0.055696916237168284
0.23250119005645137 0.054969261100454844
0.2222148834901989 0.054229508634712535
0.2120959042910774 0.05347871179261522
0.20215034775378343 0.052717513850154545
0.19238420470968637 0.051946152887041686
0.18280335791817703 0.051164480261463925
0.17341357852311146 0.05037199031006188
0.16422052257649067 0.049567857764699824
0.15522972763146647 0.048750978929883663
0.14644660940672616 0.047920012550502815
0.1378764585242665 0.047073416535884954
0.12952443732252045 0.04620947728278819
0.12139557674675777 0.04532632921950563
0.11349477331863145 0.04442196331306646
0.10582678618669683 0.043494224557689753
0.09839623425967753 0.042540799795820795
0.09120759342420814 0.04155919850555795
0.08426519384872727 0.040546730312061664
0.07757321737514639 0.03950048384558857
0.07113569499986394 0.03841731209098848
0.06495650444564427 0.0372938294916195
0.059039367825822475 0.03612642575179818
0.05338784940224234 0.034911300525102974
0.048005353438278275 0.03364452201314094
0.042895122148234655 0.03232211099467722
0.038060233744356575 0.030940150050438552
0.03350360058263052 0.029494915858976727
0.029227967408489597 0.027983030543028798
0.025235909703481607 0.02640162627902253
0.021529832133895532 0.02474851587621895
0.018111967102280024 0.02302236090466942
0.014984373402728013 0.02122282829883338
0.012148934980735715 0.019350726252982696
0.009607359798384785 0.017408110687059518
0.007361178805529334 0.015398354591013226
0.005411745017609493 0.013326174106863913
0.0037602327006450165 0.011197607199579
0.0024076366639015356 0.009019943087690488
0.0013547716606548965 0.006801603115515217
0.0006022718974137975 0.004551976298657407
0.00015059065189787502 0.002281215205744568
0.0 0.0
0.00015059065189787502 -0.0015306522781418311
0.0006022718974137975 -0.0030578419593220887
0.0013547716606548965 -0.004577751128163955
0.0024076366639015356 -0.006086835076518411
0.0037602327006450165 -0.0075819412042214904
0.005411745017609493 -0.009060407600685409
0.007361178805529334 -0.010520136305341418
0.009607359798384785 -0.011959637631310235
0.012148934980735715 -0.013378043514107605
0.014984373402728013 -0.014775089525655264
0.018111967102280024 -0.016151066877910486
0.021529832133895532 -0.01750674733477341
0.025235909703481607 -0.018843285366028417
0.029227967408489597 -0.020162103034350537
0.03350360058263052 -0.021464763942778055
0.038060233744356575 -0.022752843041586243
0.042895122148234655 -0.024027799177860326
0.048005353438278275 -0.02529085696871136
0.05338784940224234 -0.026542903913056567
0.059039367825822475 -0.027784407671305637
0.06495650444564427 -0.029015357199523657
0.07113569499986394 -0.030235230001429445
0.07757321737514639 -0.03144298624433048
0.08426519384872727 -0.03263708896454074
0.09120759342420814 -0.033815548153556065
0.09839623425967753 -0.03497598525125564
0.10582678618669683 -0.03611571354806387
0.11349477331863145 -0.03723182926992621
0.12139557674675777 -0.03832130772466609
0.12952443732252045 -0.03938109884124501
0.1378764585242665 -0.04040821672833406
0.14644660940672616 -0.04139981848800647
0.15522972763146647 -0.04235326839776728
0.16422052257649067 -0.04326618465715505
0.17341357852311146 -0.044136467109672686
0.18280335791817703 -0.04496230561593468
0.19238420470968637 -0.045742169987278224
0.20215034775378343 -0.046474783512180234
0.2120959042910774 -0.0471590830511151
0.2222148834901989 -0.047794169382865855
0.23250119005645137 -0.04837925191757357
0.2429486279033891 -0.04891359202914922
0.2535509038851079 -0.0493964491026222
0.26430163158700104 -0.049827032961234294
0.27519433517269654 -0.05020446567270768
0.28622245328485874 -0.05052775488874818
0.29737934299750524 -0.05079577991268859
0.30865828381745486 -0.051007290690236205
0.320052481732506 -0.051160918952183214
0.33155507330389 -0.051255199876576216
0.3431591298005543 -0.05128860194338808
0.35485766137276875 -0.05125956217617284
0.36664362126255073 -0.05116652373482235
0.3785099100483679 -0.05100797285469629
0.3904493799215649 -0.050782472413419835
0.4024548389919357 -0.050488689921405115
0.41451905561984914 -0.050125418431908444
0.42663476277231926 -0.049691589692999236
0.43879466240039156 -0.04918627974882223
0.4509914298352198 -0.04860870806745057
0.46321771820016633 -0.047958232054261966
0.475466162836291 -0.047234339435761205
0.4877293857385438 -0.04643664141279805
0.4999999999999999 -0.04556486964331085
0.512270614261456 -0.04461888000106021
0.5245338371637088 -0.04359866566718792
0.5367822817998334 -0.04250438146621071
0.54900857016478 -0.041336380498057664
0.5612053375996082 -0.0400952631017202
0.5733652372276805 -0.038781937086751005
0.5854809443801506 -0.03739768706792511
0.5975451610080642 -0.03594424972071377
0.6095506200784349 -0.03442389092258683
0.6214900899516319 -0.0328394801301283
0.6333563787374491 -0.031194557022216608
0.645142338627231 -0.029493385453218425
0.6568408701994456 -0.027740990122391597
0.6684449266961098 -0.025943172066735524
0.6799475182674938 -0.02410650008962937
0.691341716182545 -0.022238276488721807
0.7026206570024947 -0.020346476865753537
0.713777546715141 -0.018439665295442872
0.7248056648273034 -0.016526887598624945
0.7356983684129987 -0.014617546803091073
0.746449096114892 -0.012721265986208612
0.7570513720966108 -0.010847744491285262
0.7674988099435485 -0.00900661392889727
0.7777851165098009 -0.007207300373683955
0.7879040957089227 -0.005458898733388947
0.7978496522462164 -0.0037700644173672936
0.8076157952903136 -0.002148926213542149
0.8171966420818224 -0.0006030227707734845
0.8265864214768883 0.0008607366239491768
0.8357794774235092 0.002236088071555285
0.8447702723685334 0.0035174087302902828
0.8535533905932737 0.004699696538353899
0.8621235414757333 0.005778539677816218
0.8704755626774794 0.006750082350863886
0.8786044232532422 0.007610993847514052
0.8865052266813687 0.008358447767300482
0.894173213813303 0.008990117600810595
0.9016037657403225 0.009504193701869446
0.9087924065757916 0.009899425045819457
0.9157348061512727 0.010175187165969154
0.9224267826248536 0.010331575410128593
0.928864305000136 0.01036952030539792
0.9350434955543556 0.010290919518317232
0.9409606321741775 0.010098778808617214
0.9466121505977576 0.009797352650374267
0.9519946465617215 0.0093922739691176
0.9571048778517655 0.008890661825204269
0.9619397662556433 0.00830119593561984
0.9664963994173694 0.007634147700687454
0.9707720325915102 0.006901358877398931
0.9747640902965183 0.006116161161037952
0.9784701678661044 0.005293232602948898
0.98188803289772 0.0044483898688815905
0.985015626597272 0.0035983186636972583
0.9878510650192642 0.0027602480284812706
0.9903926402016152 0.0019515774602187593
0.9926388211944706 0.001189468719708508
0.9945882549823906 0.0004904166023785362
0.9962397672993549 -0.0001301853031592567
0.9975923633360985 -0.0006584668695329794
0.9986452283393451 -0.0010824745738691548
0.9993977281025862 -0.0013925191562202642
0.9998494093481021 -0.0015814630207419333
1.0 -0.0016449349852969792
