1.0 0.0015950714192683175
0.9998494093481021 0.0016787968023589883
0.9993977281025862 0.0019285008881645288
0.9986452283393451 0.0023398224861535337
0.9975923633360985 0.002905673701668005
0.9962397672993549 0.0036165021885560134
0.9945882549823906 0.004460641023260991
0.9926388211944706 0.005424730020892778
0.9903926402016152 0.006494189190480346
0.9878510650192642 0.007653722906422743
0.985015626597272 0.00888783235367347
0.98188803289772 0.010181313920460653
0.9784701678661044 0.011519722435728581
0.9747640902965183 0.012889780389586882
0.9707720325915102 0.014279717390106783
0.9664963994173694 0.01567952791036856
0.9619397662556433 0.017081139644741474
0.9571048778517655 0.01847848928321728
0.9519946465617215 0.019867506983314895
0.9466121505977576 0.021246015036879045
0.9409606321741775 0.02261354998375722
0.9350434955543556 0.023971120540359388
0.928864305000136 0.025320916056608144
0.9224267826248536 0.026665981707148977
0.9157348061512727 0.02800987723104557
0.9087924065757916 0.029356335778491675
0.9016037657403225 0.030708938370140527
0.894173213813303 0.03207081773144168
0.8865052266813687 0.0334444029691471
0.8786044232532422 0.034831213869225684
0.8704755626774794 0.036231710684179554
0.8621235414757333 0.037645202311814306
0.8535533905932737 0.03906981290460555
0.8447702723685334 0.04050250432721504
0.8357794774235092 0.04193914961151376
0.8265864214768883 0.043374650725127285
0.8171966420818224 0.04480309261978892
0.8076157952903136 0.04621792467605744
0.7978496522462164 0.04761216029768241
0.7879040957089227 0.04897858549286085
0.7777851165098009 0.05030996775153006
0.7674988099435485 0.051599257314650114
0.7570513720966108 0.052839773953084555
0.746449096114892 0.05402537354933948
0.7356983684129987 0.055150590029110255
0.7248056648273034 0.056210749454616855
0.713777546715141 0.05720205431377223
0.7026206570024947 0.05812163717795716
0.691341716182545 0.058967583930265174
0.6799475182674938 0.0597389276720968
0.6684449266961098 0.06043561519609577
0.6568408701994456 0.06105844857246663
0.645142338627231 0.061609004942864753
0.6333563787374491 0.06208953806161586
0.6214900899516319 0.06250286547659183
0.6095506200784349 0.0628522455064275
0.5975451610080642 0.0631412483466875
0.5854809443801506 0.0633736257196936
0.5733652372276805 0.06355318346128082
0.5612053375996082 0.06368366130045403
0.54900857016478 0.06376862382225924
0.5367822817998334 0.06381136620026431
0.5245338371637088 0.06381483773838985
0.512270614261456 0.06378158557595516
0.4999999999999999 0.06371372009810394
0.4877293857385438 0.06361290268058677
0.475466162836291 0.06348035541841737
0.46321771820016633 0.06331689148709434
0.4509914298352198 0.0631229638151539
0.43879466240039156 0.06289872886410461
0.42663476277231926 0.06264412157259072
0.41451905561984914 0.062358936977764845
0.4024548389919357 0.06204291372116452
0.3904493799215649 0.06169581460864082
0.3785099100483679 0.06131749963739315
0.36664362126255073 0.06090798742257242
0.35485766137276875 0.060467501726352166
0.3431591298005543 0.059996500770136935
0.33155507330389 0.05949568813538272
0.320052481732506 0.05896600525718182
0.30865828381745486 0.05840860670619265
0.29737934299750524 0.05782482055541815
0.28622245328485874 0.057216097059616985
0.27519433517269654 0.05658394956796977
0.26430163158700104 0.0559298919921984
0.2535509038851079 0.055255377230480206
0.2429486279033891 0.05456174069382703
0.23250119005645137 0.053850152513004616
0.2222148834901989 0.05312158116216466
0.2120959042910774 0.052376770184054296
0.20215034775378343 0.051616228522812294
0.19238420470968637 0.050840233757914195
0.18280335791817703 0.050048846385808414
0.17341357852311146 0.04924193231062224
0.16422052257649067 0.04841918996816492
0.15522972763146647 0.04758017808699717
0.14644660940672616 0.04672434003183777
0.1378764585242665 0.045851020995445115
0.12952443732252045 0.04495947499260953
0.12139557674675777 0.04404885962106732
0.11349477331863145 0.043118217818125894
0.10582678618669683 0.042166447264348546
0.09839623425967753 0.04119225955570922
0.09120759342420814 0.040194132663298146
0.08426519384872727 0.03917026140522189
0.07757321737514639 0.038118511558500594
0.07113569499986394 0.03703638374750709
0.06495650444564427 0.03592099329383997
0.059039367825822475 0.03476907176653933
0.05338784940224234 0.033576995033176696
0.048005353438278275 0.032340841220600346
0.042895122148234655 0.031056480223612053
0.038060233744356575 0.029719694356616172
0.03350360058263052 0.02832632755811539
0.029227967408489597 0.026872458377753743
0.025235909703481607 0.025354589953405855
0.021529832133895532 0.02376984846983508
0.018111967102280024 0.022116180313486725
0.014984373402728013 0.02039253740751332
0.012148934980735715 0.018599040100974955
0.009607359798384785 0.016737107530430638
0.007361178805529334 0.01480954656181889
0.005411745017609493 0.012820592203081203
0.0037602327006450165 0.010775894659952932
0.0024076366639015356 0.00868245085996554
0.0013547716606548965 0.006548481136941478
0.0006022718974137975 0.0043832546769979495
0.00015059065189787502 0.002196870098503456
0.0 0.0
0.00015059065189787502 -0.0019071253099285685
0.0006022718974137975 -0.0038065504476281365
0.0013547716606548965 -0.005690328835452495
0.0024076366639015356 -0.00755097215877035
0.0037602327006450165 -0.00938165508503145
0.005411745017609493 -0.011176391914473586
0.007361178805529334 -0.01293017805620959
0.009607359798384785 -0.014639090989131824
0.012148934980735715 -0.016300347382007533
0.014984373402728013 -0.017912315199986043
0.018111967102280024 -0.019474481797414525
0.021529832133895532 -0.02098738107137577
0.025235909703481607 -0.02245248461562628
0.029227967408489597 -0.023872063372853494
0.03350360058263052 -0.025249027455426096
0.038060233744356575 -0.026586752535382945
0.042895122148234655 -0.027888901463792234
0.048005353438278275 -0.02915924956593848
0.05338784940224234 -0.030401521397519313
0.059039367825822475 -0.031619245689072
0.06495650444564427 -0.032815633824134445
0.07113569499986394 -0.03399348558144748
0.07757321737514639 -0.03515512412471291
0.08426519384872727 -0.03630236045220601
0.09120759342420814 -0.03743648582876327
0.09839623425967753 -0.03855828921245163
0.10582678618669683 -0.039668095442087374
0.11349477331863145 -0.0407658190356671
0.12139557674675777 -0.0418510279073694
0.12952443732252045 -0.042923011161160096
0.1378764585242665 -0.04398084535599232
0.14644660940672616 -0.04502345423053627
0.15522972763146647 -0.04604965777175456
0.16422052257649067 -0.047058207640767236
0.17341357852311146 -0.048047807247414594
0.18280335791817703 -0.04901711610030307
0.19238420470968637 -0.04996473935913048
0.20215034775378343 -0.05088920469270497
0.2120959042910774 -0.051788929521814214
0.2222148834901989 -0.0526621824390049
0.23250119005645137 -0.05350704300485486
0.2429486279033891 -0.05432136420194432
0.2535509038851079 -0.055102741585974176
0.26430163158700104 -0.05584849263344101
0.27519433517269654 -0.05655564899259145
0.28622245328485874 -0.05722096336178496
0.29737934299750524 -0.057840931622215645
0.30865828381745486 -0.05841182972264894
0.320052481732506 -0.05892976373619755
0.33155507330389 -0.05939073056233599
0.3431591298005543 -0.0597906860002727
0.35485766137276875 -0.06012561642631996
0.36664362126255073 -0.060391610103028626
0.3785099100483679 -0.060584924245256785
0.3904493799215649 -0.06070204435940832
0.4024548389919357 -0.06073973302653203
0.41451905561984914 -0.060695066168029596
0.42663476277231926 -0.060565455848639725
0.43879466240039156 -0.060348659758170844
0.4509914298352198 -0.06004277858844822
0.46321771820016633 -0.059646243502724836
0.475466162836291 -0.05915779670525055
0.4877293857385438 -0.05857646869459451
0.4999999999999999 -0.057901556078157695
0.512270614261456 -0.057132603809973
0.5245338371637088 -0.056269395384839646
0.5367822817998334 -0.05531195389780204
0.54900857016478 -0.05426055599989894
0.5612053375996082 -0.0531157597094851
0.5733652372276805 -0.05187844584925802
0.5854809443801506 -0.050549871658610086
0.5975451610080642 -0.04913173396939937
0.6095506200784349 -0.04762623831864011
0.6214900899516319 -0.04603616958312988
0.6333563787374491 -0.0443649592230856
0.645142338627231 -0.04261674405922738
0.6568408701994456 -0.040796411701858944
0.6684449266961098 -0.03890962829740056
0.6799475182674938 -0.036962845127951796
0.691341716182545 -0.034963281739133836
0.7026206570024947 -0.0329188846062713
0.713777546715141 -0.030838261788639052
0.7248056648273034 -0.028730595466004923
0.7356983684129987 -0.026605535598225417
0.746449096114892 -0.024473079098958662
0.7570513720966108 -0.022343439782076337
0.7674988099435485 -0.020226914855763476
0.7777851165098009 -0.018133753859849878
0.7879040957089227 -0.016074035649292946
0.7978496522462164 -0.014057558333011713
0.8076157952903136 -0.012093746023873036
0.8171966420818224 -0.010191574911204865
0.8265864214768883 -0.008359519623486977
0.8357794774235092 -0.006605519214880942
0.8447702723685334 -0.0049369605040102075
0.8535533905932737 -0.003360675037860326
0.8621235414757333 -0.0018829447621483094
0.8704755626774794 -0.000509510651483084
0.8786044232532422 0.0007544218348096107
0.8865052266813687 0.001904186503633765
0.894173213813303 0.002935674811778005
0.9016037657403225 0.0038453732163787674
0.9087924065757916 0.004630422303604554
0.9157348061512727 0.005288698640465911
0.9224267826248536 0.005818918199070542
0.928864305000136 0.006220758013687642
0.9350434955543556 0.006494990596848677
0.9409606321741775 0.006643623712616154
0.9466121505977576 0.006670036527326692
0.9519946465617215 0.006579102058018885
0.9571048778517655 0.006377285318091822
0.9619397662556433 0.006072706686929159
0.9664963994173694 0.0056751608348542424
0.9707720325915102 0.005196083004440331
0.9747640902965183 0.004648456528932461
0.9784701678661044 0.00404665806306068
0.98188803289772 0.003406239980044521
0.985015626597272 0.0027436525920374443
0.9878510650192642 0.0020759121014360653
0.9903926402016152 0.0014202233006371712
0.9926388211944706 0.0007935688239619019
0.9945882549823906 0.00021227904767005703
0.9962397672993549 -0.00030840161291280496
0.9975923633360985 -0.0007547353573083791
0.9986452283393451 -0.001114881870294044
0.9993977281025862 -0.0013792434354329044
0.9998494093481021 -0.0015407498989271082
1.0 -0.0015950714192683175
