1.0 0.001694888532497602
0.9998494093481021 0.0017671813634262193
0.9993977281025862 0.001982650890107652
0.9986452283393451 0.0023371244778188902
0.9975923633360985 0.0028238260783731
0.9962397672993549 0.00343363500334793
0.9945882549823906 0.004155431196360188
0.9926388211944706 0.004976511068503905
0.9903926402016152 0.0058830548730264345
0.9878510650192642 0.00686062448878449
0.985015626597272 0.007894669453861755
0.98188803289772 0.00897101917715592
0.9784701678661044 0.01007634043104713
0.9747640902965183 0.011198541407431976
0.9707720325915102 0.012327106664140348
0.9664963994173694 0.013453351016625542
0.9619397662556433 0.014570584625873663
0.9571048778517655 0.0156741859634857
0.9519946465617215 0.016761583759443057
0.9466121505977576 0.017832153226531096
0.9409606321741775 0.01888703559894853
0.9350434955543556 0.019928893145458197
0.928864305000136 0.020961614185642127
0.9224267826248536 0.021989984165316362
0.9157348061512727 0.023019339498510212
0.9087924065757916 0.024055220673416516
0.9016037657403225 0.025103040109962296
0.894173213813303 0.02616777854936635
0.8865052266813687 0.027253721485797036
0.8786044232532422 0.02836424447406369
0.8704755626774794 0.029501653233992436
0.8621235414757333 0.030667081491658466
0.8535533905932737 0.03186044661076029
0.8447702723685334 0.03308046041698427
0.8357794774235092 0.034324690321964176
0.8265864214768883 0.03558966399905262
0.8171966420818224 0.036871009505447846
0.8076157952903136 0.03816362190595638
0.7978496522462164 0.039461847123155175
0.7879040957089227 0.040759673879619866
0.7777851165098009 0.0420509251504215
0.7674988099435485 0.04332944143214863
0.7570513720966108 0.044589249272563754
0.746449096114892 0.04582470980383756
0.7356983684129987 0.04703064339636877
0.7248056648273034 0.04820242792187424
0.713777546715141 0.04933606941820469
0.7026206570024947 0.05042824513328011
0.691341716182545 0.05147631995638513
0.6799475182674938 0.052478338101916745
0.6684449266961098 0.053432992587479786
0.6568408701994456 0.054339575550363665
0.645142338627231 0.055197912787670736
0.6333563787374491 0.05600828610461535
0.6214900899516319 0.05677134713362038
0.6095506200784349 0.05748802626384659
0.5975451610080642 0.058159440213800026
0.5854809443801506 0.058786801601534086
0.5733652372276805 0.05937133362587605
0.5612053375996082 0.05991419267199378
0.54900857016478 0.060416401296300035
0.5367822817998334 0.060878793628586524
0.5245338371637088 0.061301974753388076
0.512270614261456 0.06168629510049275
0.4999999999999999 0.06203184029320429
0.4877293857385438 0.06233843628504115
0.475466162836291 0.0626056689798824
0.46321771820016633 0.06283291690205765
0.4509914298352198 0.06301939489145143
0.43879466240039156 0.06316420627748003
0.42663476277231926 0.0632664005686717
0.41451905561984914 0.06332503341327483
0.4024548389919357 0.06333922546736771
0.3904493799215649 0.06330821686878577
0.3785099100483679 0.06323141426564813
0.36664362126255073 0.06310842778281663
0.35485766137276875 0.06293909591047284
0.3431591298005543 0.06272349703536136
0.33155507330389 0.06246194716462405
0.320052481732506 0.062154984262819325
0.30865828381745486 0.06180334047705302
0.29737934299750524 0.06140790430371745
0.28622245328485874 0.06096967539638968
0.27519433517269654 0.06048971517843292
0.26430163158700104 0.05996909666763505
0.2535509038851079 0.059408856920594166
0.2429486279033891 0.05880995525571279
0.23250119005645137 0.058173239928439466
0.2222148834901989 0.057499425242078926
0.2120959042910774 0.05678908023015353
0.20215034775378343 0.056042629103708996
0.19238420470968637 0.05526036269034185
0.18280335791817703 0.05444245917653601
0.17341357852311146 0.05358901167511181
0.16422052257649067 0.05270005954188929
0.15522972763146647 0.051775620013911235
0.14644660940672616 0.050815716672205656
0.1378764585242665 0.049820401460564434
0.12952443732252045 0.04878976751076987
0.12139557674675777 0.04772395080353921
0.11349477331863145 0.04662311968098443
0.10582678618669683 0.04548745235004358
0.09839623425967753 0.044317103693000286
0.09120759342420814 0.04311216383915045
0.08426519384872727 0.04187261195837593
0.07757321737514639 0.04059826952655509
0.07113569499986394 0.03928875781112781
0.06495650444564427 0.037943464478562054
0.059039367825822475 0.03656152400358479
0.05338784940224234 0.03514181595944745
0.048005353438278275 0.03368298431393678
0.042895122148234655 0.0321834795993079
0.038060233744356575 0.03064162434213025
0.03350360058263052 0.02905570052701566
0.029227967408489597 0.027424056235278892
0.025235909703481607 0.02574522706030052
0.021529832133895532 0.024018066567747885
0.018111967102280024 0.02224187904225133
0.014984373402728013 0.02041654712586057
0.012148934980735715 0.018542646766287457
0.009607359798384785 0.01662154218395462
0.007361178805529334 0.014655454333540806
0.005411745017609493 0.012647497542855947
0.0037602327006450165 0.01060168059355324
0.0024076366639015356 0.008522870371786862
0.0013547716606548965 0.006416718249077616
0.0006022718974137975 0.004289551427777997
0.00015059065189787502 0.0021482334703397834
0.0 0.0
0.00015059065189787502 -0.0018756697749409206
0.0006022718974137975 -0.003742480457372967
0.0013547716606548965 -0.005591333995038497
0.0024076366639015356 -0.007413664055842321
0.0037602327006450165 -0.009201673619920936
0.005411745017609493 -0.010948540088843686
0.007361178805529334 -0.012648579691854366
0.009607359798384785 -0.014297365014140721
0.012148934980735715 -0.015891791804349423
0.014984373402728013 -0.01743009370838884
0.018111967102280024 -0.018911806086805996
0.021529832133895532 -0.020337682466939552
0.025235909703481607 -0.02170956933027624
0.029227967408489597 -0.02303024672746302
0.03350360058263052 -0.024303243557949245
0.038060233744356575 -0.025532637185227386
0.042895122148234655 -0.026722847349650664
0.048005353438278275 -0.02787843408842191
0.05338784940224234 -0.029003908607689102
0.059039367825822475 -0.03010356483500565
0.06495650444564427 -0.031181337796953878
0.07113569499986394 -0.03224069312110494
0.07757321737514639 -0.033284549970973805
0.08426519384872727 -0.03431523770976928
0.09120759342420814 -0.035334484673754864
0.09839623425967753 -0.036343435729483925
0.10582678618669683 -0.03734269388534511
0.11349477331863145 -0.0383323801993003
0.12139557674675777 -0.03931220561822378
0.12952443732252045 -0.04028154821858672
0.1378764585242665 -0.04123952958356202
0.14644660940672616 -0.042185084710926746
0.15522972763146647 -0.043117020838237735
0.16422052257649067 -0.04403406181591182
0.17341357852311146 -0.044934876060489695
0.18280335791817703 -0.04581808757766651
0.19238420470968637 -0.04668227095544965
0.20215034775378343 -0.04752593249632124
0.2120959042910774 -0.04834748070052904
0.2222148834901989 -0.04914519006563755
0.23250119005645137 -0.04991716258729777
0.2429486279033891 -0.05066129141443768
0.2535509038851079 -0.05137523083556672
0.26430163158700104 -0.05205637618278043
0.27519433517269654 -0.05270185638916323
0.28622245328485874 -0.05330854089401205
0.29737934299750524 -0.0538730614413868
0.30865828381745486 -0.05439184814994356
0.320052481732506 -0.0548611781346944
0.33155507330389 -0.055277234016602894
0.3431591298005543 -0.05563616893375067
0.35485766137276875 -0.05593417422084051
0.36664362126255073 -0.05616754578368928
0.3785099100483679 -0.0563327453705513
0.3904493799215649 -0.05642645341733704
0.4024548389919357 -0.05644561088123956
0.41451905561984914 -0.05638744841938263
0.42663476277231926 -0.05624950234273625
0.43879466240039156 -0.05602961789737277
0.4509914298352198 -0.05572594150768397
0.46321771820016633 -0.055336904574262845
0.475466162836291 -0.05486120217615065
0.4877293857385438 -0.054297770520724285
0.4999999999999999 -0.053645767171315355
0.512270614261456 -0.052904557941798304
0.5245338371637088 -0.05207371388216253
0.5367822817998334 -0.05115302101713189
0.54900857016478 -0.05014250449151047
0.5612053375996082 -0.049042467590770446
0.5733652372276805 -0.04785354482771251
0.5854809443801506 -0.04657676700881246
0.5975451610080642 -0.0452136350122615
0.6095506200784349 -0.043766198014134026
0.6214900899516319 -0.042237131168692134
0.6333563787374491 -0.040629807345376766
0.645142338627231 -0.038948357488304
0.6568408701994456 -0.03719771450842441
0.6684449266961098 -0.035383636331268904
0.6799475182674938 -0.033512704765070095
0.691341716182545 -0.03159229816120178
0.7026206570024947 -0.02963053732701259
0.713777546715141 -0.02763620572095056
0.7248056648273034 -0.025618646503813156
0.7356983684129987 -0.0235876404295528
0.746449096114892 -0.021553269732684358
0.7570513720966108 -0.01952577401942781
0.7674988099435485 -0.017515404629407448
0.7777851165098009 -0.015532283963008195
0.7879040957089227 -0.013586275854764823
0.7978496522462164 -0.011686872234826229
0.8076157952903136 -0.009843100108411818
0.8171966420818224 -0.008063451374850586
0.8265864214768883 -0.006355836303903097
0.8357794774235092 -0.0047275597049908176
0.8447702723685334 -0.003185317090998151
0.8535533905932737 -0.0017352065793048402
0.8621235414757333 -0.00038275100711110226
0.8704755626774794 0.0008670761323113626
0.8786044232532422 0.0020098277236056724
0.8865052266813687 0.003041569702739465
0.894173213813303 0.003958883384625538
0.9016037657403225 0.004758888296719818
0.9087924065757916 0.005439288758490346
0.9157348061512727 0.005998445478801061
0.9224267826248536 0.006435471240187654
0.928864305000136 0.006750347442233665
0.9350434955543556 0.006944056039247205
0.9409606321741775 0.007018719385886396
0.9466121505977576 0.006977738845998354
0.9519946465617215 0.006825921854568817
0.9571048778517655 0.006569586553298352
0.9619397662556433 0.006216633215552064
0.9664963994173694 0.005776572465114423
0.9707720325915102 0.0052605017613778955
0.9747640902965183 0.004681023714236275
0.9784701678661044 0.00405210240727473
0.98188803289772 0.003388856914406968
0.985015626597272 0.0027072944312189614
0.9878510650192642 0.0020239887273047204
0.9903926402016152 0.0013557127709567188
0.9926388211944706 0.0007190371969668687
0.9945882549823906 0.00012990861079223014
0.9962397672993549 -0.00039677659809685627
0.9975923633360985 -0.0008475863358761543
0.9986452283393451 -0.0012109380787668704
0.9993977281025862 -0.0014774393915498855
0.9998494093481021 -0.0016401693104497747
1.0 -0.001694888532497602
