1.0 0.001687663261368376
0.9998494093481021 0.0017705312048925522
0.9993977281025862 0.0020176969811400818
0.9986452283393451 0.002424900811657719
0.9975923633360985 0.002985221795628031
0.9962397672993549 0.0036893372085969015
0.9945882549823906 0.004525868406881512
0.9926388211944706 0.005481797312073161
0.9903926402016152 0.006542934354707099
0.9878510650192642 0.007694416653652799
0.985015626597272 0.008921214195023171
0.98188803289772 0.010208621886603398
0.9784701678661044 0.01154271657319593
0.9747640902965183 0.012910760316953785
0.9707720325915102 0.014301534332911375
0.9664963994173694 0.015705591737297422
0.9619397662556433 0.017115421496115786
0.9571048778517655 0.018525520416309556
0.9519946465617215 0.019932374459520237
0.9466121505977576 0.021334354846666594
0.9409606321741775 0.022731538150916743
0.9350434955543556 0.024125462671936704
0.928864305000136 0.025518835713511677
0.9224267826248536 0.026915207866540163
0.9157348061512727 0.028318630998283304
0.9087924065757916 0.029733316385643634
0.9016037657403225 0.031163308371140605
0.894173213813303 0.032612187171567955
0.8865052266813687 0.0340828121692234
0.8786044232532422 0.03557711432384304
0.8704755626774794 0.037095943430306234
0.8621235414757333 0.03863897298292903
0.8535533905932737 0.04020466255135146
0.8447702723685334 0.0417902749660346
0.8357794774235092 0.043391943367348744
0.8265864214768883 0.045004781374354964
0.8171966420818224 0.04662302832755606
0.8076157952903136 0.04824022077076948
0.7978496522462164 0.04984938104647316
0.7879040957089227 0.05144321404520229
0.7777851165098009 0.05301430371016859
0.7674988099435485 0.05455530177560844
0.7570513720966108 0.05605910232574546
0.746449096114892 0.05751899701344137
0.7356983684129987 0.05892880709092174
0.7248056648273034 0.06028298970610287
0.713777546715141 0.061576717146763396
0.7026206570024947 0.06280592882596822
0.691341716182545 0.06396735676638232
0.6799475182674938 0.06505852614398239
0.6684449266961098 0.06607773309176934
0.6568408701994456 0.06702400245019396
0.645142338627231 0.06789702849877524
0.6333563787374491 0.0686971019319205
0.6214900899516319 0.06942502647054397
0.6095506200784349 0.07008202854659533
0.5975451610080642 0.07066966347258226
0.5854809443801506 0.071189721419854
0.5733652372276805 0.07164413637978528
0.5612053375996082 0.07203490106868705
0.54900857016478 0.07236399045519805
0.5367822817998334 0.07263329623248241
0.5245338371637088 0.07284457412305466
0.512270614261456 0.07299940539193629
0.4999999999999999 0.07309917336073009
0.4877293857385438 0.07314505507511268
0.475466162836291 0.0731380276031404
0.46321771820016633 0.07307888776101955
0.4509914298352198 0.07296828341199683
0.43879466240039156 0.07280675390186479
0.42663476277231926 0.07259477672106049
0.41451905561984914 0.07233281715554638
0.4024548389919357 0.07202137753742516
0.3904493799215649 0.07166104275278118
0.3785099100483679 0.07125251891740851
0.36664362126255073 0.07079666258544315
0.35485766137276875 0.07029449849089466
0.3431591298005543 0.0697472246024146
0.33155507330389 0.0691562041490797
0.320052481732506 0.06852294519117309
0.30865828381745486 0.0678490692004797
0.29737934299750524 0.06713627091363027
0.28622245328485874 0.06638627236742811
0.27519433517269654 0.06560077446360921
0.26430163158700104 0.06478140960234281
0.2535509038851079 0.06392969884654888
0.2429486279033891 0.06304701673027278
0.23250119005645137 0.062134566222495274
0.2222148834901989 0.061193365542006606
0.2120959042910774 0.06022424754688117
0.20215034775378343 0.059227871365866665
0.19238420470968637 0.05820474488046309
0.18280335791817703 0.057155255690971164
0.17341357852311146 0.05607970738967321
0.16422052257649067 0.054978357392269805
0.15522972763146647 0.053851452301637875
0.14644660940672616 0.05269925683193518
0.1378764585242665 0.051522072717459
0.12952443732252045 0.05032024475437335
0.12139557674675777 0.04909415213288839
0.11349477331863145 0.04784418444680836
0.10582678618669683 0.046570703130417335
0.09839623425967753 0.04527399046883903
0.09120759342420814 0.04395418964933535
0.08426519384872727 0.042611240460152036
0.07757321737514639 0.0412448161018884
0.07113569499986394 0.03985426707194057
0.06495650444564427 0.03843857815671691
0.059039367825822475 0.03699634418908672
0.05338784940224234 0.03552576940195791
0.048005353438278275 0.03402469396810066
0.042895122148234655 0.03249064972816088
0.038060233744356575 0.0309209452680269
0.03350360058263052 0.02931277853018488
0.029227967408489597 0.02766337316266901
0.025235909703481607 0.025970132960386624
0.021529832133895532 0.024230807169567273
0.018111967102280024 0.022443658225807787
0.014984373402728013 0.020607622776233358
0.012148934980735715 0.018722456663465593
0.009607359798384785 0.016788854955013272
0.007361178805529334 0.014808539079791306
0.005411745017609493 0.012784304638567083
0.0037602327006450165 0.01072002540576398
0.0024076366639015356 0.00862061132340909
0.0013547716606548965 0.006491920767043374
0.0006022718974137975 0.004340629885819687
0.00015059065189787502 0.002174064227342618
0.0 0.0
0.00015059065189787502 -0.0017366769336875185
0.0006022718974137975 -0.0034651810400203793
0.0013547716606548965 -0.005177105338043091
0.0024076366639015356 -0.0068645792854255755
0.0037602327006450165 -0.008520507419371673
0.005411745017609493 -0.010138774054745604
0.007361178805529334 -0.011714405510226716
0.009607359798384785 -0.013243683513744442
0.012148934980735715 -0.014724205920318605
0.014984373402728013 -0.016154893518287864
0.018111967102280024 -0.0175359443554448
0.021529832133895532 -0.01886873953750289
0.025235909703481607 -0.02015570670002013
0.029227967408489597 -0.021400149211675573
0.03350360058263052 -0.02260605053665529
0.038060233744356575 -0.023777864002011997
0.042895122148234655 -0.02492029845092862
0.048005353438278275 -0.02603810991849385
0.05338784940224234 -0.027135908580656114
0.059039367825822475 -0.02821798886846416
0.06495650444564427 -0.029288188903965496
0.07113569499986394 -0.030349783416744967
0.07757321737514639 -0.031405412169149605
0.08426519384872727 -0.03245704378627126
0.09120759342420814 -0.0335059728823473
0.09839623425967753 -0.03455284661516053
0.10582678618669683 -0.03559771538216277
0.11349477331863145 -0.03664010136971385
0.12139557674675777 -0.03767907812468704
0.12952443732252045 -0.03871335424962186
0.1378764585242665 -0.03974135471160281
0.14644660940672616 -0.040761294055071944
0.15522972763146647 -0.041771236948509226
0.16422052257649067 -0.042769142883013776
0.17341357852311146 -0.043752893372464984
0.18280335791817703 -0.044720301569097676
0.19238420470968637 -0.04566910569528738
0.20215034775378343 -0.04659694900104549
0.2120959042910774 -0.0475013500013753
0.2222148834901989 -0.04837966746316464
0.23250119005645137 -0.04922906495730821
0.2429486279033891 -0.05004647975484597
0.2535509038851079 -0.050828600439934736
0.26430163158700104 -0.05157185687713644
0.27519433517269654 -0.05227242516806366
0.28622245328485874 -0.05292624904293074
0.29737934299750524 -0.05352907784798963
0.30865828381745486 -0.054076520007365785
0.320052481732506 -0.054564109652923104
0.33155507330389 -0.0549873831154488
0.3431591298005543 -0.0553419612270725
0.35485766137276875 -0.05562363295120538
0.36664362126255073 -0.05582843576201641
0.3785099100483679 -0.05595272844500623
0.3904493799215649 -0.05599325256276587
0.4024548389919357 -0.05594717968103394
0.41451905561984914 -0.055812142514867304
0.42663476277231926 -0.0555862493526957
0.43879466240039156 -0.05526808235707843
0.4509914298352198 -0.05485668153173514
0.46321771820016633 -0.05435151719506188
0.475466162836291 -0.053752454631108317
0.4877293857385438 -0.053059715136019245
0.4999999999999999 -0.05227383789794216
0.512270614261456 -0.051395647021925644
0.5245338371637088 -0.050426227544307464
0.5367822817998334 -0.049366913504601186
0.54900857016478 -0.048219290111115524
0.5612053375996082 -0.04698521082305811
0.5733652372276805 -0.04566682886453478
0.5854809443801506 -0.04426664138058994
0.5975451610080642 -0.04278754323944284
0.6095506200784349 -0.041232886469813816
0.6214900899516319 -0.03960654057679502
0.6333563787374491 -0.03791294856491698
0.645142338627231 -0.036157173450842815
0.6568408701994456 -0.03434493038246027
0.6684449266961098 -0.032482600180768186
0.6799475182674938 -0.0305772211439885
0.691341716182545 -0.0286364572338083
0.7026206570024947 -0.02666854221577542
0.713777546715141 -0.024682200849754487
0.7248056648273034 -0.02268654971486736
0.7356983684129987 -0.02069098159953635
0.746449096114892 -0.018705038491984752
0.7570513720966108 -0.01673827898561232
0.7674988099435485 -0.014800146304103394
0.7777851165098009 -0.012899843116126946
0.7879040957089227 -0.011046218841574527
0.7978496522462164 -0.009247674273536507
0.8076157952903136 -0.007512087105387849
0.8171966420818224 -0.005846760439919817
0.8265864214768883 -0.004258394668711993
0.8357794774235092 -0.0027530813615881866
0.8447702723685334 -0.001336316122342487
0.8535533905932737 -1.30258715809713e-05
0.8621235414757333 0.001212395175232748
0.8704755626774794 0.002336047359736932
0.8786044232532422 0.0033544921094011827
0.8865052266813687 0.004264729797562568
0.894173213813303 0.005064194875248934
0.9016037657403225 0.005750773006928486
0.9087924065757916 0.006322843302047238
0.9157348061512727 0.006779346756070627
0.9224267826248536 0.007119879819199584
0.928864305000136 0.007344809737722619
0.9350434955543556 0.007455406112437499
0.9409606321741775 0.0074539811421932885
0.9466121505977576 0.007344029411080637
0.9519946465617215 0.007130356959612826
0.9571048778517655 0.006819188851064327
0.9619397662556433 0.006418244567802557
0.9664963994173694 0.005936771373928365
0.9707720325915102 0.005385527243268236
0.9747640902965183 0.00477670701754376
0.9784701678661044 0.0041238080311178146
0.98188803289772 0.0034414343847683467
0.985015626597272 0.002745042213411884
0.9878510650192642 0.0020506314958354576
0.9903926402016152 0.0013743930152104644
0.9926388211944706 0.0007323218179719315
0.9945882549823906 0.00013981077059192835
0.9962397672993549 -0.000388760561409472
0.9975923633360985 -0.0008404255969800877
0.9986452283393451 -0.0012040027798053638
0.9993977281025862 -0.0014704245010144215
0.9998494093481021 -0.0016330089584400942
1.0 -0.001687663261368376
