1.0 0.0014608368485012496
0.9998494093481021 0.0015405304132212248
0.9993977281025862 0.0017781298844675186
0.9986452283393451 0.0021692475818501037
0.9975923633360985 0.002706754745820988
0.9962397672993549 0.003381048680406614
0.9945882549823906 0.00418040939218982
0.9926388211944706 0.005091429449879763
0.9903926402016152 0.006099497619082013
0.9878510650192642 0.0071893146500763986
0.985015626597272 0.008345418511715675
0.98188803289772 0.009552696410321122
0.9784701678661044 0.010796862084808368
0.9747640902965183 0.01206487904468066
0.9707720325915102 0.013345313478637695
0.9664963994173694 0.014628604326312765
0.9619397662556433 0.0159072422587849
0.9571048778517655 0.017175853819685734
0.9519946465617215 0.018431191496620303
0.9466121505977576 0.019672034788867768
0.9409606321741775 0.020899011199593993
0.9350434955543556 0.022114349329068812
0.928864305000136 0.023321578740982445
0.9224267826248536 0.024525192925668033
0.9157348061512727 0.02573029245114772
0.9087924065757916 0.026942225285038555
0.9016037657403225 0.028166240344249357
0.894173213813303 0.029407168683113844
0.8865052266813687 0.030669144495382005
0.8786044232532422 0.03195537543616324
0.8704755626774794 0.03326796883435231
0.8621235414757333 0.03460781733460766
0.8535533905932737 0.03597454454320969
0.8447702723685334 0.03736650850016959
0.8357794774235092 0.03878085838298574
0.8265864214768883 0.04021363785863434
0.8171966420818224 0.0416599270009098
0.8076157952903136 0.04311401370859992
0.7978496522462164 0.04456958509347285
0.7879040957089227 0.04601992932505672
0.7777851165098009 0.0474581388680524
0.7674988099435485 0.048877306857013365
0.7570513720966108 0.050270709439913526
0.746449096114892 0.05163196820110493
0.7356983684129987 0.05295518816011032
0.7248056648273034 0.05423506825732403
0.713777546715141 0.05546698261309628
0.7026206570024947 0.05664703212800236
0.691341716182545 0.057772067138856444
0.6799475182674938 0.05883968283104912
0.6684449266961098 0.059848189920054196
0.6568408701994456 0.06079656375157705
0.645142338627231 0.061684375437384274
0.6333563787374491 0.06251170895457686
0.6214900899516319 0.0632790683049407
0.6095506200784349 0.06398727887338884
0.5975451610080642 0.06463738705423457
0.5854809443801506 0.06523056204228866
0.5733652372276805 0.06576800342073671
0.5612053375996082 0.06625085782500904
0.54900857016478 0.06668014752544102
0.5367822817998334 0.06705671325542807
0.5245338371637088 0.06738117302168121
0.512270614261456 0.06765389797813509
0.4999999999999999 0.06787500573889027
0.4877293857385438 0.0680443707678074
0.475466162836291 0.06816165073844714
0.46321771820016633 0.06822632703876239
0.4509914298352198 0.06823775693510929
0.43879466240039156 0.06819523434651156
0.42663476277231926 0.06809805574876603
0.41451905561984914 0.06794558746132844
0.4024548389919357 0.06773733049363125
0.3904493799215649 0.06747297925764804
0.3785099100483679 0.06715247079427272
0.36664362126255073 0.0667760217030674
0.35485766137276875 0.06634415068468018
0.3431591298005543 0.06585768546568842
0.33155507330389 0.06531775382780411
0.320052481732506 0.06472575944913805
0.30865828381745486 0.06408334422093175
0.29737934299750524 0.06339233956409111
0.28622245328485874 0.0626547099748735
0.27519433517269654 0.06187249252543042
0.26430163158700104 0.061047736292515385
0.2535509038851079 0.0601824456627612
0.2429486279033891 0.05927853116051263
0.23250119005645137 0.05833777087926875
0.2222148834901989 0.057361784804990705
0.2120959042910774 0.056352023351369455
0.20215034775378343 0.055309770350687126
0.19238420470968637 0.054236159636287494
0.18280335791817703 0.05313220329563557
0.17341357852311146 0.051998828746862506
0.16422052257649067 0.05083692106946095
0.15522972763146647 0.04964736656108241
0.14644660940672616 0.04843109333877795
0.1378764585242665 0.04718910497426592
0.12952443732252045 0.04592250364472826
0.12139557674675777 0.04463250006471519
0.11349477331863145 0.04332040848956974
0.10582678618669683 0.04198762627529822
0.09839623425967753 0.04063559875805977
0.09120759342420814 0.039265771483642714
0.08426519384872727 0.037879532976700006
0.07757321737514639 0.03647815219961332
0.07113569499986394 0.035062715532345134
0.06495650444564427 0.03363406844667164
0.059039367825822475 0.032192767013363335
0.05338784940224234 0.03073904395862872
0.048005353438278275 0.02927279319417221
0.042895122148234655 0.0277935756289163
0.038060233744356575 0.026300647700168458
0.03350360058263052 0.024793012528554544
0.029227967408489597 0.023269492009402398
0.025235909703481607 0.02172881661535065
0.021529832133895532 0.02016972831159974
0.018111967102280024 0.018591090878104042
0.014984373402728013 0.0169920011771789
0.012148934980735715 0.01537189456245261
0.009607359798384785 0.013730637729918957
0.007361178805529334 0.012068602867331465
0.005411745017609493 0.010386717936135954
0.0037602327006450165 0.008686489262421928
0.0024076366639015356 0.006969994235674229
0.0013547716606548965 0.005239843711545261
0.0006022718974137975 0.0034991155692245105
0.00015059065189787502 0.0017512626618657206
0.0 0.0
0.00015059065189787502 -0.0018401394302869644
0.0006022718974137975 -0.003669309343579549
0.0013547716606548965 -0.005476428919614147
0.0024076366639015356 -0.007251060902769022
0.0037602327006450165 -0.00898369912189108
0.005411745017609493 -0.010666016720351224
0.007361178805529334 -0.0122910651851661
0.009607359798384785 -0.013853416758611294
0.012148934980735715 -0.015349245656193467
0.014984373402728013 -0.016776346541136133
0.018111967102280024 -0.01813409174878324
0.021529832133895532 -0.01942333164688458
0.025235909703481607 -0.02064624510311722
0.029227967408489597 -0.021806149173329917
0.03350360058263052 -0.022907278714973476
0.038060233744356575 -0.023954547596351402
0.042895122148234655 -0.024953303478103
0.048005353438278275 -0.02590908779265924
0.05338784940224234 -0.02682741158272904
0.059039367825822475 -0.027713556358758384
0.06495650444564427 -0.02857240720494477
0.07113569499986394 -0.029408323133354636
0.07757321737514639 -0.030225047299409547
0.08426519384872727 -0.03102565729754593
0.09120759342420814 -0.03181255349661357
0.09839623425967753 -0.03258748138044901
0.10582678618669683 -0.03335158223865314
0.11349477331863145 -0.03410546538699906
0.12139557674675777 -0.03484929443531889
0.12952443732252045 -0.035582879978333336
0.1378764585242665 -0.036305771442903007
0.14644660940672616 -0.037017341633113196
0.15522972763146647 -0.037716858694594395
0.16422052257649067 -0.038403541672303025
0.17341357852311146 -0.0390765974483041
0.18280335791817703 -0.039735238498510676
0.19238420470968637 -0.04037868248261598
0.20215034775378343 -0.04100613607245224
0.2120959042910774 -0.04161676654066865
0.2222148834901989 -0.04220966540669499
0.23250119005645137 -0.042783808829991096
0.2429486279033891 -0.04333801944002471
0.2535509038851079 -0.043870933915598105
0.26430163158700104 -0.04438097991732839
0.27519433517269654 -0.0448663650036334
0.28622245328485874 -0.04532507900755067
0.29737934299750524 -0.04575491011537713
0.30865828381745486 -0.04615347366866668
0.320052481732506 -0.04651825160534789
0.33155507330389 -0.04684663954992664
0.3431591298005543 -0.047135997926560175
0.35485766137276875 -0.0473837031502485
0.36664362126255073 -0.04758719497357942
0.3785099100483679 -0.047744016426029975
0.3904493799215649 -0.04785184345039922
0.4024548389919357 -0.04790850226343926
0.41451905561984914 -0.04791197357236487
0.42663476277231926 -0.04786038397858443
0.43879466240039156 -0.04775198609981153
0.4509914298352198 -0.04758513004598737
0.46321771820016633 -0.047358229803772134
0.475466162836291 -0.04706972874228669
0.4877293857385438 -0.0467180687915429
0.4999999999999999 -0.04630166782993283
0.512270614261456 -0.045818909439498394
0.5245338371637088 -0.04526814846554127
0.5367822817998334 -0.044647734794384046
0.54900857016478 -0.043956056506684986
0.5612053375996082 -0.04319160215905819
0.5733652372276805 -0.04235304049188155
0.5854809443801506 -0.04143931445986739
0.5975451610080642 -0.040449745236430974
0.6095506200784349 -0.03938414084642368
0.6214900899516319 -0.038242903412044664
0.6333563787374491 -0.037027128709894455
0.645142338627231 -0.03573869186360769
0.6568408701994456 -0.03438031353834767
0.6684449266961098 -0.03295560193369904
0.6799475182674938 -0.031469067135559435
0.691341716182545 -0.029926105906591872
0.7026206570024947 -0.02833295667049432
0.713777546715141 -0.02669662616683193
0.7248056648273034 -0.025024790904233186
0.7356983684129987 -0.023325678006777158
0.746449096114892 -0.02160793122839692
0.7570513720966108 -0.019880468717938457
0.7674988099435485 -0.018152339492106716
0.7777851165098009 -0.016432585482612228
0.7879040957089227 -0.014730115466658797
0.7978496522462164 -0.013053596197974499
0.8076157952903136 -0.011411364691086064
0.8171966420818224 -0.00981136396378773
0.8265864214768883 -0.008261102722618425
0.8357794774235092 -0.006767637609002948
0.8447702723685334 -0.005337574841094582
0.8535533905932737 -0.003977086517339253
0.8621235414757333 -0.002691935609997022
0.8704755626774794 -0.0014875028683612377
0.8786044232532422 -0.0003688085435333149
0.8865052266813687 0.0006594779215189702
0.894173213813303 0.0015930463177679785
0.9016037657403225 0.00242797700788635
0.9087924065757916 0.003160798245946874
0.9157348061512727 0.003788570482796679
0.9224267826248536 0.004308996381532866
0.928864305000136 0.00472055292088003
0.9350434955543556 0.00502263970566757
0.9409606321741775 0.005215735588229019
0.9466121505977576 0.005301554077413345
0.9519946465617215 0.005283186898297633
0.9571048778517655 0.005165224562656659
0.9619397662556433 0.0049538429796655
0.9664963994173694 0.004656846000110247
0.9707720325915102 0.004283655325122764
0.9747640902965183 0.0038452413595471435
0.9784701678661044 0.0033539912485948237
0.98188803289772 0.002823513368581357
0.985015626597272 0.0022683807859608224
0.9878510650192642 0.0017038194741225534
0.9903926402016152 0.0011453501983724474
0.9926388211944706 0.0006083957644496376
0.9945882549823906 0.00010786760841875374
0.9962397672993549 -0.00034225265510149966
0.9975923633360985 -0.0007293202203880822
0.9986452283393451 -0.0010424060345610425
0.9993977281025862 -0.001272631881886999
0.9998494093481021 -0.0014134473649096
1.0 -0.0014608368485012496
