1.0 0.0017127656262450122
0.9998494093481021 0.0017933605618813398
0.9993977281025862 0.002033680747883112
0.9986452283393451 0.002429387805413263
0.9975923633360985 0.0029734334686443513
0.9962397672993549 0.0036563242353153625
0.9945882549823906 0.004466474559124262
0.9926388211944706 0.00539063235123691
0.9903926402016152 0.006414357401446777
0.9878510650192642 0.007522531166246218
0.985015626597272 0.008699875300575107
0.98188803289772 0.00993145637073221
0.9784701678661044 0.011203155354035158
0.9747640902965183 0.012502082722693817
0.9707720325915102 0.013816922987505604
0.9664963994173694 0.015138196359018282
0.9619397662556433 0.016458429453965636
0.9571048778517655 0.01777223149707002
0.9519946465617215 0.019076277000572236
0.9466121505977576 0.020369200211719136
0.9409606321741775 0.02165141048847264
0.9350434955543556 0.022924841014696596
0.928864305000136 0.02419264575820423
0.9224267826248536 0.025458861215988723
0.9157348061512727 0.026728050239085602
0.9087924065757916 0.028004945093782655
0.9016037657403225 0.029294105952757422
0.894173213813303 0.030599609317325884
0.8865052266813687 0.031924778582134335
0.8786044232532422 0.03327196622219794
0.8704755626774794 0.03464239407858659
0.8621235414757333 0.036036055115593546
0.8535533905932737 0.03745167698387666
0.8447702723685334 0.038886744899552725
0.8357794774235092 0.04033757886357949
0.8265864214768883 0.0417994581950261
0.8171966420818224 0.04326678479995648
0.8076157952903136 0.04473327557566115
0.7978496522462164 0.046192173857305355
0.7879040957089227 0.04763646982177152
0.7777851165098009 0.049059120218988166
0.7674988099435485 0.05045325863388789
0.7570513720966108 0.05181238861036793
0.746449096114892 0.05313055330508594
0.7356983684129987 0.05440247679731608
0.7248056648273034 0.055623673681062046
0.713777546715141 0.056790525036856505
0.7026206570024947 0.057900320265616485
0.691341716182545 0.05895126552219539
0.6799475182674938 0.05994246058276219
0.6684449266961098 0.060873846901956796
0.6568408701994456 0.061746130358303515
0.645142338627231 0.06256068275369776
0.6333563787374491 0.06331942653490316
0.6214900899516319 0.0640247074549727
0.6095506200784349 0.06467916000405148
0.5975451610080642 0.06528557042458143
0.5854809443801506 0.06584674199553249
0.5733652372276805 0.06636536703111827
0.5612053375996082 0.06684390969625066
0.54900857016478 0.06728450329702863
0.5367822817998334 0.06768886516317886
0.5245338371637088 0.06805823160569403
0.512270614261456 0.06839331471560339
0.4999999999999999 0.06869428198251853
0.4877293857385438 0.06896075887399072
0.475466162836291 0.06919185365479139
0.46321771820016633 0.06938620287089212
0.4509914298352198 0.06954203511275002
0.43879466240039156 0.06965724994578254
0.42663476277231926 0.0697295082920543
0.41451905561984914 0.06975633010278506
0.4024548389919357 0.06973519490695482
0.3904493799215649 0.06966364077879994
0.3785099100483679 0.06953935744671332
0.36664362126255073 0.0693602696651625
0.35485766137276875 0.0691246075728111
0.3431591298005543 0.06883096153330089
0.33155507330389 0.06847831985677054
0.320052481732506 0.06806608877664509
0.30865828381745486 0.06759409504719294
0.29737934299750524 0.0670625724697204
0.28622245328485874 0.06647213448771497
0.27519433517269654 0.0658237356587268
0.26430163158700104 0.06511862526887113
0.2535509038851079 0.0643582965743992
0.2429486279033891 0.06354443512060216
0.23250119005645137 0.0626788693066063
0.2222148834901989 0.061763525859109734
0.2120959042910774 0.06080039218970372
0.20215034775378343 0.05979148679445407
0.19238420470968637 0.05873883797676673
0.18280335791817703 0.05764447030673342
0.17341357852311146 0.05651039744387152
0.16422052257649067 0.055338619311760505
0.15522972763146647 0.05413112117806256
0.14644660940672616 0.05288987200196589
0.1378764585242665 0.051616819484351824
0.12952443732252045 0.050313879593983465
0.12139557674675777 0.04898291892403017
0.11349477331863145 0.04762572901494643
0.10582678618669683 0.04624399270193842
0.09839623425967753 0.04483924353417348
0.09120759342420814 0.04341282028650262
0.08426519384872727 0.041965819458770065
0.07757321737514639 0.04049904935330473
0.07113569499986394 0.0390129897693567
0.06495650444564427 0.0375077615021195
0.059039367825822475 0.03598310965281761
0.05338784940224234 0.03443840423870288
0.048005353438278275 0.03287266075688506
0.042895122148234655 0.031284582247948604
0.038060233744356575 0.029672623091059974
0.03350360058263052 0.028035073326817445
0.029227967408489597 0.026370160845046817
0.025235909703481607 0.02467616739544107
0.021529832133895532 0.02295155318102329
0.018111967102280024 0.021195083870360454
0.014984373402728013 0.019405953290631904
0.012148934980735715 0.017583894894354118
0.009607359798384785 0.015729275355567417
0.007361178805529334 0.013843164345244324
0.005411745017609493 0.011927375629553514
0.0037602327006450165 0.00998447606922705
0.0024076366639015356 0.008017760789963429
0.0013547716606548965 0.0060311946397485616
0.0006022718974137975 0.004029321934139072
0.00015059065189787502 0.002017148295391861
0.0 0.0
0.00015059065189787502 -0.0020095101471720024
0.0006022718974137975 -0.00401105056226658
0.0013547716606548965 -0.0059963594617702546
0.0024076366639015356 -0.007957613671612235
0.0037602327006450165 -0.009887625286216312
0.005411745017609493 -0.011780012229398102
0.007361178805529334 -0.013629336049227513
0.009607359798384785 -0.015431201877087127
0.012148934980735715 -0.01718231730947959
0.014984373402728013 -0.01888050893123867
0.018111967102280024 -0.02052469718593252
0.021529832133895532 -0.02211483220828931
0.025235909703481607 -0.023651794964847376
0.029227967408489597 -0.025137269514339915
0.03350360058263052 -0.026573593326215277
0.038060233744356575 -0.0279635933318559
0.042895122148234655 -0.029310415698930933
0.048005353438278275 -0.030617357209523844
0.05338784940224234 -0.03188770560597271
0.059039367825822475 -0.03312459538621231
0.06495650444564427 -0.03433088434418493
0.07113569499986394 -0.035509054737958824
0.07757321737514639 -0.036661141417071476
0.08426519384872727 -0.03778868764548806
0.09120759342420814 -0.03889272781158152
0.09839623425967753 -0.039973794810110666
0.10582678618669683 -0.041031948690743225
0.11349477331863145 -0.04206682225519745
0.12139557674675777 -0.043077678693535404
0.12952443732252045 -0.04406347610124957
0.1378764585242665 -0.04502293381209531
0.14644660940672616 -0.0459545958950224
0.15522972763146647 -0.04685688785512896
0.16422052257649067 -0.04772816348971079
0.17341357852311146 -0.04856673991006788
0.18280335791817703 -0.049370919869006394
0.19238420470968637 -0.050139001651921665
0.20215034775378343 -0.05086927781812546
0.2120959042910774 -0.05156002494921322
0.2222148834901989 -0.05220948721620229
0.23250119005645137 -0.05281585697693375
0.2429486279033891 -0.05337725573894315
0.2535509038851079 -0.05389171867003624
0.26430163158700104 -0.05435718542858862
0.27519433517269654 -0.05477149945599573
0.28622245328485874 -0.05513241707817151
0.29737934299750524 -0.055437626866593565
0.30865828381745486 -0.0556847787840234
0.320052481732506 -0.05587152175920938
0.33155507330389 -0.05599554756835977
0.3431591298005543 -0.056054638309849976
0.35485766137276875 -0.05604671439004182
0.36664362126255073 -0.05596987982288317
0.3785099100483679 -0.05582246179551111
0.3904493799215649 -0.055603041857543424
0.4024548389919357 -0.055310476724507986
0.41451905561984914 -0.05494390749947107
0.42663476277231926 -0.05450275705033036
0.43879466240039156 -0.05398671626212711
0.4509914298352198 -0.05339572083767973
0.46321771820016633 -0.05272992116993713
0.475466162836291 -0.05198964848593543
0.4877293857385438 -0.0511753809068471
0.4999999999999999 -0.050287713239102604
0.512270614261456 -0.04932733418527099
0.5245338371637088 -0.048295014239298543
0.5367822817998334 -0.04719160683011757
0.54900857016478 -0.046018064343115804
0.5612053375996082 -0.04477546954176784
0.5733652372276805 -0.04346508170784672
0.5854809443801506 -0.042088395603565
0.5975451610080642 -0.040647210221814764
0.6095506200784349 -0.039143703317608
0.6214900899516319 -0.03758050698193071
0.6333563787374491 -0.0359607790905132
0.645142338627231 -0.034288265376550844
0.6568408701994456 -0.03256734715665639
0.6684449266961098 -0.0308030703761629
0.6799475182674938 -0.029001152600371317
0.691341716182545 -0.02716796580525739
0.7026206570024947 -0.025310494236494462
0.713777546715141 -0.02343626811550935
0.7248056648273034 -0.021553275472156463
0.7356983684129987 -0.019669855769416135
0.746449096114892 -0.01779458015525785
0.7570513720966108 -0.0159361240417083
0.7674988099435485 -0.014103138201528557
0.7777851165098009 -0.012304124643585702
0.7879040957089227 -0.010547323162377201
0.7978496522462164 -0.008840613669209126
0.8076157952903136 -0.00719143824677612
0.8171966420818224 -0.00560674539828016
0.8265864214768883 -0.004092957283818392
0.8357794774235092 -0.0026559589657640594
0.8447702723685334 -0.001301106946984746
0.8535533905932737 -3.325270888633407e-05
0.8621235414757333 0.0011432243384901439
0.8704755626774794 0.002224380989106673
0.8786044232532422 0.003206678388067553
0.8865052266813687 0.00408696103953433
0.894173213813303 0.00486245289582277
0.9016037657403225 0.005530775600919642
0.9087924065757916 0.006089992349233918
0.9157348061512727 0.006538678833240157
0.9224267826248536 0.0068760205118230805
0.928864305000136 0.007101933077131544
0.9350434955543556 0.007217200687804732
0.9409606321741775 0.007223624430503263
0.9466121505977576 0.00712417172294861
0.9519946465617215 0.00692311611623252
0.9571048778517655 0.006626156301479889
0.9619397662556433 0.006240503150888623
0.9664963994173694 0.005774924360001656
0.9707720325915102 0.0052397376970151595
0.9747640902965183 0.004646745951462186
0.9784701678661044 0.00400910931163579
0.98188803289772 0.0033411539529042936
0.985015626597272 0.0026581189227749148
0.9878510650192642 0.001975846777735409
0.9903926402016152 0.0013104266665858485
0.9926388211944706 0.0006778014725267781
0.9945882549823906 9.335304331694488e-05
0.9962397672993549 -0.00042851869754820704
0.9975923633360985 -0.000874805973102174
0.9986452283393451 -0.0012342757761893786
0.9993977281025862 -0.0014978086866608339
0.9998494093481021 -0.0016586792490721966
1.0 -0.0017127656262450122
