1.0 0.0015694003548424736
0.9998494093481021 0.0016507220140162741
0.9993977281025862 0.0018932528705606685
0.9986452283393451 0.0022927457173220994
0.9975923633360985 0.002842303144390769
0.9962397672993549 0.0035326405342749655
0.9945882549823906 0.004352436920628226
0.9926388211944706 0.005288757470437902
0.9903926402016152 0.006327528201991274
0.9878510650192642 0.00745404140320735
0.985015626597272 0.008653469165763058
0.98188803289772 0.009911362536808164
0.9784701678661044 0.011214114985865269
0.9747640902965183 0.012549371103306773
0.9707720325915102 0.0139063645479098
0.9664963994173694 0.015276173058858538
0.9619397662556433 0.016651882623552747
0.9571048778517655 0.018028657408465817
0.9519946465617215 0.019403716572613736
0.9466121505977576 0.0207762233573997
0.9409606321741775 0.02214709567033926
0.9350434955543556 0.023518750574620967
0.928864305000136 0.024894797525366996
0.9224267826248536 0.026279696769073387
0.9157348061512727 0.027678400008665834
0.9087924065757916 0.02909599024743316
0.9016037657403225 0.030537336722710907
0.894173213813303 0.03200677912761564
0.8865052266813687 0.033507853032074014
0.8786044232532422 0.03504306571124747
0.8704755626774794 0.036613728640468315
0.8621235414757333 0.03821984989228838
0.8535533905932737 0.039860086735265705
0.8447702723685334 0.04153175602967883
0.8357794774235092 0.04323089766117575
0.8265864214768883 0.04495238433794429
0.8171966420818224 0.04669006965595311
0.8076157952903136 0.04843696543261591
0.7978496522462164 0.05018543891305066
0.7879040957089227 0.05192742052861293
0.7777851165098009 0.05365461337601238
0.7674988099435485 0.05535869641243365
0.7570513720966108 0.057031514443699104
0.746449096114892 0.05866524923176783
0.7356983684129987 0.060252567381119365
0.7248056648273034 0.06178674200532677
0.713777546715141 0.06326174646188149
0.7026206570024947 0.06467231962588979
0.691341716182545 0.06601400321764204
0.6799475182674938 0.06728315258602464
0.6684449266961098 0.06847692307317729
0.6568408701994456 0.06959323465017316
0.645142338627231 0.07063071793079861
0.6333563787374491 0.07158864495701901
0.6214900899516319 0.0724668483228841
0.6095506200784349 0.07326563227948228
0.5975451610080642 0.07398567945477197
0.5854809443801506 0.0746279567369779
0.5733652372276805 0.07519362371245646
0.5612053375996082 0.07568394681837921
0.54900857016478 0.07610022206471134
0.5367822817998334 0.07644370879573867
0.5245338371637088 0.07671557649750252
0.512270614261456 0.07691686611643123
0.4999999999999999 0.07704846674436902
0.4877293857385438 0.07711110786111333
0.475466162836291 0.07710536662983714
0.46321771820016633 0.07703168904266268
0.4509914298352198 0.07689042304802711
0.43879466240039156 0.07668186119663588
0.42663476277231926 0.07640628985765056
0.41451905561984914 0.07606404171759255
0.4024548389919357 0.07565554811151785
0.3904493799215649 0.07518138777037799
0.3785099100483679 0.07464232880924689
0.36664362126255073 0.07403936122357188
0.35485766137276875 0.07337371778541518
0.3431591298005543 0.0726468820050397
0.33155507330389 0.07186058269856795
0.320052481732506 0.07101677562310096
0.30865828381745486 0.07011761354354948
0.29737934299750524 0.0691654069155208
0.28622245328485874 0.06816257804397584
0.27519433517269654 0.06711161205405128
0.26430163158700104 0.06601500824699011
0.2535509038851079 0.0648752353854934
0.2429486279033891 0.06369469415297688
0.23250119005645137 0.062475689474573826
0.2222148834901989 0.06122041460879275
0.2120959042910774 0.0599309479703612
0.20215034775378343 0.05860926259480096
0.19238420470968637 0.05725724708185129
0.18280335791817703 0.055876735840849276
0.17341357852311146 0.054469545587924835
0.16422052257649067 0.053037514385869164
0.15522972763146647 0.05158253913243966
0.14644660940672616 0.050106607332462874
0.1378764585242665 0.048611819251424646
0.12952443732252045 0.04710039713645021
0.12139557674675777 0.045574679072573177
0.11349477331863145 0.044037096162189655
0.10582678618669683 0.04249013299759177
0.09839623425967753 0.04093627274931725
0.09120759342420814 0.03937792951684325
0.08426519384872727 0.03781737178150947
0.07757321737514639 0.03625664176917574
0.07113569499986394 0.03469747619012095
0.06495650444564427 0.03314123411415508
0.059039367825822475 0.03158883762307703
0.05338784940224234 0.030040730352349904
0.048005353438278275 0.02849685811112789
0.042895122148234655 0.026956674505789587
0.038060233744356575 0.02541917296449433
0.03350360058263052 0.02388294486793437
0.029227967408489597 0.02234626174807941
0.025235909703481607 0.02080717784282568
0.021529832133895532 0.01926364780890864
0.018111967102280024 0.017713653206780016
0.014984373402728013 0.016155330569701424
0.012148934980735715 0.014587093520295831
0.009607359798384785 0.013007741536281413
0.007361178805529334 0.01141654859492892
0.005411745017609493 0.009813326010921998
0.0037602327006450165 0.008198455260598503
0.0024076366639015356 0.006572888364825898
0.0013547716606548965 0.004938115368872718
0.0006022718974137975 0.003296100482270509
0.00015059065189787502 0.001649190391139791
0.0 0.0
0.00015059065189787502 -0.001651058914347217
0.0006022718974137975 -0.0032963969941599345
0.0013547716606548965 -0.004930020767689133
0.0024076366639015356 -0.006546327729469701
0.0037602327006450165 -0.008140278983839224
0.005411745017609493 -0.009707545677111833
0.007361178805529334 -0.011244622676207062
0.009607359798384785 -0.012748904670839186
0.012148934980735715 -0.014218721834286348
0.014984373402728013 -0.01565333426373116
0.018111967102280024 -0.017052886518146293
0.021529832133895532 -0.01841832556302104
0.025235909703481607 -0.019751287207417256
0.029227967408489597 -0.021053957584042122
0.03350360058263052 -0.02232891730044528
0.038060233744356575 -0.023578976525769683
0.042895122148234655 -0.024807009445717194
0.048005353438278275 -0.026015796219195357
0.05338784940224234 -0.027207879831408245
0.059039367825822475 -0.028385444113110402
0.06495650444564427 -0.029550217759230366
0.07113569499986394 -0.030703407523864894
0.07757321737514639 -0.03184566199563148
0.08426519384872727 -0.032977065575131005
0.09120759342420814 -0.034097160590494106
0.09839623425967753 -0.035204993995009405
0.10582678618669683 -0.036299183875855186
0.11349477331863145 -0.03737800012914876
0.12139557674675777 -0.038439453165436885
0.12952443732252045 -0.0394813844181134
0.1378764585242665 -0.04050155272648421
0.14644660940672616 -0.041497711322404145
0.15522972763146647 -0.042467671109975624
0.16422052257649067 -0.04340934711933057
0.17341357852311146 -0.04432078635283281
0.18280335791817703 -0.045200176632952185
0.19238420470968637 -0.046045837412510025
0.20215034775378343 -0.046856194732137396
0.2120959042910774 -0.04762974352968652
0.2222148834901989 -0.0483650012608315
0.23250119005645137 -0.049060457237549614
0.2429486279033891 -0.049714522211918744
0.2535509038851079 -0.05032548252984356
0.26430163158700104 -0.05089146267829488
0.27519433517269654 -0.05141039929581711
0.28622245328485874 -0.05188002877138157
0.29737934299750524 -0.05229788949507583
0.30865828381745486 -0.05266133872615232
0.320052481732506 -0.05296758299098167
0.33155507330389 -0.053213719991878516
0.3431591298005543 -0.05339678926366893
0.35485766137276875 -0.05351382830934909
0.36664362126255073 -0.05356193071184759
0.3785099100483679 -0.05353830276762924
0.3904493799215649 -0.0534403155101096
0.4024548389919357 -0.05326554955641712
0.41451905561984914 -0.053011830971445975
0.42663476277231926 -0.052677257235212466
0.43879466240039156 -0.05226021335009417
0.4509914298352198 -0.05175937905588058
0.46321771820016633 -0.051173728956254966
0.475466162836291 -0.05050252803091209
0.4877293857385438 -0.04974532545585583
0.4999999999999999 -0.048901949840077806
0.512270614261456 -0.04797250888934308
0.5245338371637088 -0.04695739612853388
0.5367822817998334 -0.0458573066763027
0.54900857016478 -0.044673263213711095
0.5612053375996082 -0.04340665228387426
0.5733652372276805 -0.04205926997768511
0.5854809443801506 -0.040633374984888865
0.5975451610080642 -0.03913174600566308
0.6095506200784349 -0.03755773970673938
0.6214900899516319 -0.035915344838934826
0.6333563787374491 -0.03420922786475279
0.645142338627231 -0.03244476551005826
0.6568408701994456 -0.030628060063737913
0.6684449266961098 -0.02876593398963742
0.6799475182674938 -0.0268659014470173
0.691341716182545 -0.02493611557760264
0.7026206570024947 -0.022985291828323113
0.713777546715141 -0.021022609044558247
0.7248056648273034 -0.019057591487202975
0.7356983684129987 -0.01709997619584848
0.746449096114892 -0.01515957114450931
0.7570513720966108 -0.013246110334219382
0.7674988099435485 -0.011369112277306359
0.7777851165098009 -0.009537748215276807
0.7879040957089227 -0.0077607258686400536
0.7978496522462164 -0.006046193565386371
0.8076157952903136 -0.004401668287417459
0.8171966420818224 -0.002833989590064567
0.8265864214768883 -0.0013492995901912648
0.8357794774235092 4.695259946910246e-05
0.8447702723685334 0.0013499853625625873
0.8535533905932737 0.0025556429282377327
0.8621235414757333 0.0036603437549783896
0.8704755626774794 0.004661025964646643
0.8786044232532422 0.005555097194469458
0.8865052266813687 0.006340396056342474
0.894173213813303 0.0070151716732070645
0.9016037657403225 0.007578086527136632
0.9087924065757916 0.00802824616483
0.9157348061512727 0.008365257258190319
0.9224267826248536 0.00858931323314813
0.928864305000136 0.00870130430214703
0.9350434955543556 0.008702946419934621
0.9409606321741775 0.008596921585831523
0.9466121505977576 0.00838702018776044
0.9519946465617215 0.008078274855281078
0.9571048778517655 0.007677074664923443
0.9619397662556433 0.007191248590902827
0.9664963994173694 0.006630107847440734
0.9707720325915102 0.006004438211917687
0.9747640902965183 0.005326435493982776
0.9784701678661044 0.004609579926521223
0.98188803289772 0.003868448265978682
0.985015626597272 0.003118465639331478
0.9878510650192642 0.0023756024811153855
0.9903926402016152 0.0016560250760770947
0.9926388211944706 0.0009757110738880359
0.9945882549823906 0.00035004369914345924
0.9962397672993549 -0.00020659990502085472
0.9975923633360985 -0.000681249800949406
0.9986452283393451 -0.0010627173147756282
0.9993977281025862 -0.0013419262112826283
0.9998494093481021 -0.0015121867090513604
1.0 -0.0015694003548424736
