1.0 0.0017116195831164902
0.9998494093481021 0.0018001647779060312
0.9993977281025862 0.002064306222651192
0.9986452283393451 0.00249961713380857
0.9975923633360985 0.0030989024013555054
0.9962397672993549 0.0038524639584853098
0.9945882549823906 0.0047484549318163455
0.9926388211944706 0.005773306298640945
0.9903926402016152 0.006912206620122308
0.9878510650192642 0.008149613261675764
0.985015626597272 0.009469772453184437
0.98188803289772 0.010857225619749028
0.9784701678661044 0.01229728060296593
0.9747640902965183 0.013776428607565401
0.9707720325915102 0.015282690808634274
0.9664963994173694 0.016805882355596925
0.9619397662556433 0.018337785792318123
0.9571048778517655 0.01987223043990509
0.9519946465617215 0.02140507881619839
0.9466121505977576 0.02293412545822958
0.9409606321741775 0.02445891735756632
0.9350434955543556 0.025980508433094383
0.928864305000136 0.027501162913330934
0.9224267826248536 0.029024024091081443
0.9157348061512727 0.030552765608766536
0.9087924065757916 0.03209124224571339
0.9016037657403225 0.03364315616947883
0.894173213813303 0.03521175288379406
0.8865052266813687 0.03679955879121636
0.8786044232532422 0.03840816954769209
0.8704755626774794 0.04003809539026121
0.8621235414757333 0.04168866654122246
0.8535533905932737 0.0433579987968889
0.8447702723685334 0.04504301664383974
0.8357794774235092 0.046739528832754645
0.8265864214768883 0.04844234937201327
0.8171966420818224 0.05014545543991649
0.8076157952903136 0.051842172781908696
0.7978496522462164 0.05352537875205165
0.7879040957089227 0.05518771324248249
0.7777851165098009 0.05682178826375708
0.7674988099435485 0.05842038781872787
0.7570513720966108 0.05997665086828037
0.746449096114892 0.06148423153008451
0.7356983684129987 0.06293743209477752
0.7248056648273034 0.06433130590805002
0.713777546715141 0.06566172858346567
0.7026206570024947 0.06692543732471293
0.691341716182545 0.06812003930750371
0.6799475182674938 0.06924399107539604
0.6684449266961098 0.07029655172879112
0.6568408701994456 0.07127771333186875
0.645142338627231 0.07218811243634546
0.6333563787374491 0.07302892693718753
0.6214900899516319 0.07380176264977163
0.6095506200784349 0.07450853404639289
0.5975451610080642 0.07515134352641437
0.5854809443801506 0.07573236342953488
0.5733652372276805 0.0762537247429678
0.5612053375996082 0.07671741610514
0.54900857016478 0.07712519627338146
0.5367822817998334 0.07747852270334936
0.5245338371637088 0.07777849828767112
0.512270614261456 0.07802583762809277
0.4999999999999999 0.07822085348197245
0.4877293857385438 0.07836346324905658
0.475466162836291 0.0784532145733452
0.46321771820016633 0.07848932835864783
0.4509914298352198 0.07847075677090826
0.43879466240039156 0.07839625316380003
0.42663476277231926 0.07826445035453856
0.41451905561984914 0.07807394332912539
0.4024548389919357 0.07782337229866457
0.3904493799215649 0.07751150207986326
0.3785099100483679 0.07713729404028216
0.36664362126255073 0.07669996732563085
0.35485766137276875 0.07619904675131689
0.3431591298005543 0.07563439555851946
0.33155507330389 0.07500623215884702
0.320052481732506 0.07431513096409323
0.30865828381745486 0.0735620083556669
0.29737934299750524 0.07274809572728905
0.28622245328485874 0.0718749022730291
0.27519433517269654 0.07094417073716885
0.26430163158700104 0.06995782965154623
0.2535509038851079 0.06891794563479922
0.2429486279033891 0.06782667910971092
0.23250119005645137 0.06668624632289777
0.2222148834901989 0.06549888985816216
0.2120959042910774 0.0642668589714698
0.20215034775378343 0.0629924001067076
0.19238420470968637 0.061677756952090795
0.18280335791817703 0.06032517844677444
0.17341357852311146 0.05893693232383008
0.16422052257649067 0.057515321149635174
0.15522972763146647 0.05606269744787931
0.14644660940672616 0.054581474417650475
0.1378764585242665 0.05307412898638384
0.12952443732252045 0.05154319447292248
0.12139557674675777 0.04999124094247201
0.11349477331863145 0.04842084236016146
0.10582678618669683 0.046834530820382206
0.09839623425967753 0.0452347393579477
0.09120759342420814 0.043623736039227146
0.08426519384872727 0.042003553090570536
0.07757321737514639 0.04037591565763447
0.07113569499986394 0.038742175326037284
0.06495650444564427 0.03710325371409946
0.059039367825822475 0.035459601239752635
0.05338784940224234 0.033811175561314584
0.048005353438278275 0.03215744322005149
0.042895122148234655 0.030497406723785606
0.038060233744356575 0.028829657782948204
0.03350360058263052 0.027152455741387898
0.029227967408489597 0.025463828545600427
0.025235909703481607 0.023761691985540265
0.021529832133895532 0.022043981533177368
0.018111967102280024 0.020308790006171945
0.014984373402728013 0.018554503579739475
0.012148934980735715 0.016779928421243567
0.009607359798384785 0.01498440046067025
0.007361178805529334 0.013167871534529906
0.005411745017609493 0.01133096631625685
0.0037602327006450165 0.009475006006685613
0.0024076366639015356 0.007601996610172645
0.0013547716606548965 0.005714581650561417
0.0006022718974137975 0.003815961257986271
0.00015059065189787502 0.0019097815490559825
0.0 0.0
0.00015059065189787502 -0.001977109887836977
0.0006022718974137975 -0.003944780896695194
0.0013547716606548965 -0.00589332186787703
0.0024076366639015356 -0.007813557453790315
0.0037602327006450165 -0.009697059344188099
0.005411745017609493 -0.011536346812500924
0.007361178805529334 -0.013325048799767494
0.009607359798384785 -0.015058021670414368
0.012148934980735715 -0.01673141895980293
0.014984373402728013 -0.01834271176655928
0.018111967102280024 -0.019890660794651994
0.021529832133895532 -0.021375243292883754
0.025235909703481607 -0.022797540152778864
0.029227967408489597 -0.024159590104614173
0.03350360058263052 -0.02546421921133147
0.038060233744356575 -0.02671485464274822
0.042895122148234655 -0.02791533198806746
0.048005353438278275 -0.02906970513351183
0.05338784940224234 -0.03018206702388889
0.059039367825822475 -0.03125638849925192
0.06495650444564427 -0.032296380931099926
0.07113569499986394 -0.03330538667533691
0.07757321737514639 -0.03428629952170529
0.08426519384872727 -0.0352415154665063
0.09120759342420814 -0.03617291237948755
0.09839623425967753 -0.037081855579742244
0.10582678618669683 -0.03796922506660309
0.11349477331863145 -0.038835459236309794
0.12139557674675777 -0.039680609395649685
0.12952443732252045 -0.040504399275125086
0.1378764585242665 -0.041306284034790024
0.14644660940672616 -0.04208550390835853
0.15522972763146647 -0.042841128585498926
0.16422052257649067 -0.04357208961015729
0.17341357852311146 -0.04427719938338327
0.18280335791817703 -0.044955156705176885
0.19238420470968637 -0.04560454007431924
0.20215034775378343 -0.04622379109774658
0.2120959042910774 -0.04681119126429912
0.2222148834901989 -0.047364835951957236
0.23250119005645137 -0.04788260982488922
0.2429486279033891 -0.04836216772259648
0.2535509038851079 -0.04880092475847139
0.26430163158700104 -0.049196058662984106
0.27519433517269654 -0.0495445264821286
0.28622245328485874 -0.0498430966461004
0.29737934299750524 -0.05008839623948845
0.30865828381745486 -0.05027697212122878
0.320052481732506 -0.05040536344824344
0.33155507330389 -0.050470182232239875
0.3431591298005543 -0.050468197873146464
0.35485766137276875 -0.05039642121622574
0.36664362126255073 -0.050252183603132175
0.3785099100483679 -0.05003320663698211
0.3904493799215649 -0.049737658941155685
0.4024548389919357 -0.04936419702184848
0.41451905561984914 -0.04891198838641405
0.42663476277231926 -0.04838071624881619
0.43879466240039156 -0.04777056638530529
0.4509914298352198 -0.04708219789874456
0.46321771820016633 -0.04631670072197148
0.475466162836291 -0.04547554356064642
0.4877293857385438 -0.04456051657974226
0.4999999999999999 -0.04357367342944159
0.512270614261456 -0.042517277162241046
0.5245338371637088 -0.04139375421409343
0.5367822817998334 -0.04020565993331248
0.54900857016478 -0.038955658189312875
0.5612053375996082 -0.0376465164461935
0.5733652372276805 -0.03628111642577657
0.5854809443801506 -0.03486247920226502
0.5975451610080642 -0.03339380236021622
0.6095506200784349 -0.03187850579907158
0.6214900899516319 -0.030320281960545276
0.6333563787374491 -0.028723145752805344
0.645142338627231 -0.027091479289418897
0.6568408701994456 -0.025430066768704084
0.6684449266961098 -0.023744115381407242
0.6799475182674938 -0.022039259016403013
0.691341716182545 -0.020321542676278455
0.7026206570024947 -0.018597386837875634
0.713777546715141 -0.016873532402904894
0.7248056648273034 -0.01515696827798588
0.7356983684129987 -0.01345484489810975
0.746449096114892 -0.011774378065046828
0.7570513720966108 -0.010122748228580145
0.7674988099435485 -0.008507000729435766
0.7777851165098009 -0.006933952509178937
0.7879040957089227 -0.005410110363385113
0.7978496522462164 -0.00394160498932942
0.8076157952903136 -0.002534143907004428
0.8171966420818224 -0.0011929848881001336
0.8265864214768883 7.707009042816457e-05
0.8357794774235092 0.0012716620294264834
0.8447702723685334 0.002386846503714333
0.8535533905932737 0.0034190543778546
0.8621235414757333 0.004365047478694482
0.8704755626774794 0.005221875795785966
0.8786044232532422 0.005986843044689443
0.8865052266813687 0.006657487178740292
0.894173213813303 0.007231581662898311
0.9016037657403225 0.007707162055502405
0.9087924065757916 0.008082580742194884
0.9157348061512727 0.008356590625497082
0.9224267826248536 0.008528456315289503
0.928864305000136 0.008598089031654883
0.9350434955543556 0.008566199175415314
0.9409606321741775 0.008434458498134036
0.9466121505977576 0.00820566215879822
0.9519946465617215 0.007883879817011183
0.9571048778517655 0.007474584383266293
0.9619397662556433 0.006984747192136598
0.9664963994173694 0.006422889210452899
0.9707720325915102 0.005799079423377545
0.9747640902965183 0.0051248736972242725
0.9784701678661044 0.004413190098838837
0.98188803289772 0.0036781197217322535
0.985015626597272 0.002934675365311912
0.9878510650192642 0.002198483753156487
0.9903926402016152 0.001485430169060117
0.9926388211944706 0.0008112672487070045
0.9945882549823906 0.00019120201835990335
0.9962397672993549 -0.00036052302660792785
0.9975923633360985 -0.0008310380728669487
0.9986452283393451 -0.001209226535402068
0.9993977281025862 -0.0014860619168105093
0.9998494093481021 -0.0016548864809319192
1.0 -0.0017116195831164902
