1.0 0.0016723683449195188
0.9998494093481021 0.0017510716190121294
0.9993977281025862 0.001985785203400152
0.9986452283393451 0.0023723741892056425
0.9975923633360985 0.0029041238860226816
0.9962397672993549 0.0035719963535567056
0.9945882549823906 0.004364972604529784
0.9926388211944706 0.005270464603289607
0.9903926402016152 0.006274778102664882
0.9878510650192642 0.007363605254728936
0.985015626597272 0.008522524896482132
0.98188803289772 0.00973748848640527
0.9784701678661044 0.01099527082851681
0.9747640902965183 0.012283866884388116
0.9707720325915102 0.013592819004970082
0.9664963994173694 0.014913462633456645
0.9619397662556433 0.016239082725401914
0.9571048778517655 0.01756497757079655
0.9519946465617215 0.01888843114676203
0.9466121505977576 0.020208599348717753
0.9409606321741775 0.021526319232862065
0.9350434955543556 0.022843853576021467
0.928864305000136 0.0241645854836808
0.9224267826248536 0.025492679363523684
0.9157348061512727 0.026832725290304043
0.9087924065757916 0.028189383628409906
0.9016037657403225 0.02956704580791787
0.894173213813303 0.030969525466110658
0.8865052266813687 0.0323997919002051
0.8786044232532422 0.03385975508279366
0.8704755626774794 0.0353501085366667
0.8621235414757333 0.0368702333202236
0.8535533905932737 0.03841816340094485
0.8447702723685334 0.039990609938285
0.8357794774235092 0.04158303958095148
0.8265864214768883 0.043189799899947236
0.8171966420818224 0.044804283588996345
0.8076157952903136 0.04641912209625395
0.7978496522462164 0.04802639890230465
0.7879040957089227 0.04961787269801595
0.7777851165098009 0.05118520118714398
0.7674988099435485 0.05272015707047884
0.7570513720966108 0.05421482887753191
0.746449096114892 0.05566180061041097
0.7356983684129987 0.05705430556619964
0.7248056648273034 0.05838635112908823
0.713777546715141 0.05965281270274519
0.7026206570024947 0.06084949623159569
0.691341716182545 0.061973169896421716
0.6799475182674938 0.0630215665397222
0.6684449266961098 0.06399335916824107
0.6568408701994456 0.06488811249455223
0.645142338627231 0.06570621392631099
0.6333563787374491 0.06644878770661405
0.6214900899516319 0.0671175960707959
0.6095506200784349 0.06771493133321882
0.5975451610080642 0.06824350276961992
0.5854809443801506 0.06870632203045618
0.5733652372276805 0.06910659061851115
0.5612053375996082 0.06944759269596758
0.54900857016478 0.06973259615529946
0.5367822817998334 0.06996476449607282
0.5245338371637088 0.07014708159745026
0.512270614261456 0.07028229096703528
0.4999999999999999 0.07037285048727338
0.4877293857385438 0.07042090308222868
0.475466162836291 0.07042826310681843
0.46321771820016633 0.07039641763949364
0.4509914298352198 0.07032654126446931
0.43879466240039156 0.07021952239059906
0.42663476277231926 0.07007599870156081
0.41451905561984914 0.06989639899541786
0.4024548389919357 0.06968098847592083
0.3904493799215649 0.069429914521436
0.3785099100483679 0.06914325008936974
0.36664362126255073 0.06882103221290098
0.35485766137276875 0.06846329349956475
0.3431591298005543 0.06807008512295706
0.33155507330389 0.0676414904741621
0.320052481732506 0.06717762936445533
0.30865828381745486 0.06667865339571055
0.29737934299750524 0.06614473378782167
0.28622245328485874 0.06557604352317055
0.27519433517269654 0.06497273609228761
0.26430163158700104 0.06433492336741893
0.2535509038851079 0.06366265516948914
0.2429486279033891 0.06295590292168167
0.23250119005645137 0.0622145494085426
0.2222148834901989 0.06143838610833164
0.2120959042910774 0.0606271188783485
0.20215034775378343 0.05978038200049566
0.19238420470968637 0.05889775979835936
0.18280335791817703 0.057978814282669065
0.17341357852311146 0.05702311663329985
0.16422052257649067 0.056030279841160296
0.15522972763146647 0.054999989559588826
0.14644660940672616 0.05393203018446979
0.1378764585242665 0.05282630340915133
0.12952443732252045 0.051682836978372566
0.12139557674675777 0.05050178206842616
0.11349477331863145 0.049283398603265686
0.10582678618669683 0.04802802881654137
0.09839623425967753 0.04673606041384562
0.09120759342420814 0.04540788169716839
0.08426519384872727 0.0440438319032386
0.07757321737514639 0.04264415070294625
0.07113569499986394 0.04120893124568105
0.06495650444564427 0.03973808126222375
0.059039367825822475 0.038231296535820455
0.05338784940224234 0.03668805051011851
0.048005353438278275 0.03510760294651836
0.042895122148234655 0.03348902941814768
0.038060233744356575 0.03183127210065839
0.03350360058263052 0.030133210876330502
0.029227967408489597 0.028393752304208777
0.025235909703481607 0.02661193262694863
0.021529832133895532 0.024787029784334204
0.018111967102280024 0.022918678474327946
0.014984373402728013 0.021006981719251604
0.012148934980735715 0.019052612209761448
0.009607359798384785 0.017056896939161823
0.007361178805529334 0.015021879303337031
0.005411745017609493 0.012950353896308473
0.0037602327006450165 0.010845870619923082
0.0024076366639015356 0.008712706366488882
0.0013547716606548965 0.006555804324819883
0.0006022718974137975 0.004380682790866368
0.00015059065189787502 0.0021933171173732983
0.0 0.0
0.00015059065189787502 -0.0013035915011152903
0.0006022718974137975 -0.00260099359521463
0.0013547716606548965 -0.003885758612657375
0.0024076366639015356 -0.005151917765001127
0.0037602327006450165 -0.006394190748401779
0.005411745017609493 -0.007608161234710352
0.007361178805529334 -0.008790409883635601
0.009607359798384785 -0.00993859885218409
0.012148934980735715 -0.011051504433041103
0.014984373402728013 -0.012128997264928429
0.018111967102280024 -0.013171972360514669
0.021529832133895532 -0.014182233828469152
0.025235909703481607 -0.015162341475051494
0.029227967408489597 -0.01611542832768402
0.03350360058263052 -0.017044999427591245
0.038060233744356575 -0.01795472292489548
0.042895122148234655 -0.018848224549972
0.048005353438278275 -0.01972889594139668
0.05338784940224234 -0.02059972613370164
0.059039367825822475 -0.021463163832169486
0.06495650444564427 -0.022321016040513605
0.07113569499986394 -0.02317438629511141
0.07757321737514639 -0.024023653343403145
0.08426519384872727 -0.024868488733936444
0.09120759342420814 -0.025707909604508077
0.09839623425967753 -0.026540361090586675
0.10582678618669683 -0.027363821333057082
0.11349477331863145 -0.02817592111724958
0.12139557674675777 -0.028974069765593413
0.12952443732252045 -0.029755579040012074
0.1378764585242665 -0.030517777458330706
0.14644660940672616 -0.03125810853020084
0.15522972763146647 -0.03197420788359366
0.16422052257649067 -0.03266395597300898
0.17341357852311146 -0.0333255049121778
0.18280335791817703 -0.033957279829401346
0.19238420470968637 -0.03455795687879513
0.20215034775378343 -0.035126421543620154
0.2120959042910774 -0.03566171204583681
0.2222148834901989 -0.036162953461260604
0.23250119005645137 -0.03662928849344226
0.2429486279033891 -0.03705981077377744
0.2535509038851079 -0.037453506053172034
0.26430163158700104 -0.03780920578307221
0.27519433517269654 -0.03812555642619655
0.28622245328485874 -0.03840100648365607
0.29737934299750524 -0.038633811780502056
0.30865828381745486 -0.03882205812505201
0.320052481732506 -0.03896369915354915
0.33155507330389 -0.039056606084345885
0.3431591298005543 -0.03909862531053606
0.35485766137276875 -0.0390876393094622
0.36664362126255073 -0.0390216262680304
0.3785099100483679 -0.03889871411256394
0.3904493799215649 -0.038717225261828046
0.4024548389919357 -0.03847570933764106
0.41451905561984914 -0.038172962194086335
0.42663476277231926 -0.03780803087350707
0.43879466240039156 -0.03738020536648493
0.4509914298352198 -0.036888999243952975
0.46321771820016633 -0.036334122248701556
0.475466162836291 -0.03571544870003522
0.4877293857385438 -0.035032986017408216
0.4999999999999999 -0.03428684776816458
0.512270614261456 -0.033477235379073954
0.5245338371637088 -0.032604432036551514
0.5367822817998334 -0.03166881137800936
0.54900857016478 -0.030670862411908306
0.5612053375996082 -0.0296112307808543
0.5733652372276805 -0.028490775097534143
0.5854809443801506 -0.027310635740431098
0.5975451610080642 -0.026072312296715743
0.6095506200784349 -0.02477774487628482
0.6214900899516319 -0.023429393870856616
0.6333563787374491 -0.022030312451156695
0.645142338627231 -0.020584206213698383
0.6568408701994456 -0.01909547490837804
0.6684449266961098 -0.017569232072143916
0.6799475182674938 -0.016011299608061774
0.691341716182545 -0.014428175804915077
0.7026206570024947 -0.01282697689292172
0.713777546715141 -0.011215353866791176
0.7248056648273034 -0.00960138786394688
0.7356983684129987 -0.007993468752180636
0.746449096114892 -0.006400162657208842
0.7570513720966108 -0.004830074864696629
0.7674988099435485 -0.003291714805806284
0.7777851165098009 -0.0017933696515726205
0.7879040957089227 -0.000342992402259821
0.7978496522462164 0.0010518907018431702
0.8076157952903136 0.0023842500368371974
0.8171966420818224 0.003647597986337121
0.8265864214768883 0.004836009964933452
0.8357794774235092 0.00594412302691154
0.8447702723685334 0.006967115762224172
0.8535533905932737 0.007900674696662755
0.8621235414757333 0.008740953578444292
0.8704755626774794 0.009484532653921185
0.8786044232532422 0.01012838524319416
0.8865052266813687 0.010669858587191255
0.894173213813303 0.011106675052412824
0.9016037657403225 0.011436958386153112
0.9087924065757916 0.011659287887220766
0.9157348061512727 0.011772781200317375
0.9224267826248536 0.011777204087319883
0.928864305000136 0.011673103124709422
0.9350434955543556 0.011461954981038601
0.9409606321741775 0.011146323898272964
0.9466121505977576 0.01073001738154641
0.9519946465617215 0.010218229018060363
0.9571048778517655 0.009617656893043664
0.9619397662556433 0.008936586308363633
0.9664963994173694 0.008184926456313827
0.9707720325915102 0.007374192333130256
0.9747640902965183 0.006517425427158463
0.9784701678661044 0.005629049479054037
0.98188803289772 0.0047246607456727565
0.985015626597272 0.003820755538862507
0.9878510650192642 0.002934401171831206
0.9903926402016152 0.002082859639590717
0.9926388211944706 0.001283176201596383
0.9945882549823906 0.0005517473555705817
0.9962397672993549 -9.611565069276803e-05
0.9975923633360985 -0.0006466107353240249
0.9986452283393451 -0.0010878392404627384
0.9993977281025862 -0.0014101542506258229
0.9998494093481021 -0.0016064483205460154
1.0 -0.0016723683449195188
