1.0 0.0017691608979442139
0.9998494093481021 0.001854226267958994
0.9993977281025862 0.0021079816001108535
0.9986452283393451 0.0025261588529857395
0.9975923633360985 0.0031018230502079577
0.9962397672993549 0.0038256311348634836
0.9945882549823906 0.00468617727215605
0.9926388211944706 0.005670408588487793
0.9903926402016152 0.006764092235639279
0.9878510650192642 0.007952312557849544
0.985015626597272 0.009219976115215031
0.98188803289772 0.010552302415791406
0.9784701678661044 0.011935279405605133
0.9747640902965183 0.013356064975217723
0.9707720325915102 0.014803318824491218
0.9664963994173694 0.016267452800110504
0.9619397662556433 0.017740792066512853
0.9571048778517655 0.019217643953692846
0.9519946465617215 0.020694275802846534
0.9466121505977576 0.022168807369375664
0.9409606321741775 0.02364102713041235
0.9350434955543556 0.02511214500170505
0.928864305000136 0.026584496359439394
0.9224267826248536 0.028061213797452002
0.9157348061512727 0.029545883691592535
0.9087924065757916 0.031042204403843855
0.9016037657403225 0.032553661899985695
0.894173213813303 0.03408323677844005
0.8865052266813687 0.03563315435017941
0.8786044232532422 0.03720468662948719
0.8704755626774794 0.03879801206502082
0.8621235414757333 0.040412135734186824
0.8535533905932737 0.04204486970711337
0.8447702723685334 0.0436928705080151
0.8357794774235092 0.04535172818523269
0.8265864214768883 0.04701609954043874
0.8171966420818224 0.04867987662312572
0.8076157952903136 0.050336380695511836
0.7978496522462164 0.05197857151017645
0.7879040957089227 0.053599261884041835
0.7777851165098009 0.05519132813991765
0.7674988099435485 0.05674790794504049
0.7570513720966108 0.058262578318004084
0.746449096114892 0.05972950800961192
0.7356983684129987 0.06114357999947228
0.7248056648273034 0.06250048140534538
0.713777546715141 0.06379675960407298
0.7026206570024947 0.06502984475286783
0.691341716182545 0.06619804013450119
0.6799475182674938 0.06730048280143379
0.6684449266961098 0.06833707784825774
0.6568408701994456 0.0693084102970973
0.645142338627231 0.0702156390443702
0.6333563787374491 0.07106037760346881
0.6214900899516319 0.0718445665038392
0.6095506200784349 0.07257034219080169
0.5975451610080642 0.07323990712921528
0.5854809443801506 0.07385540556211063
0.5733652372276805 0.07441880902397856
0.5612053375996082 0.07493181526591064
0.54900857016478 0.0753957637227173
0.5367822817998334 0.07581157004643
0.5245338371637088 0.07617968155331692
0.512270614261456 0.07650005469262891
0.4999999999999999 0.0767721548589693
0.4877293857385438 0.07699497805595369
0.475466162836291 0.07716709310182089
0.46321771820016633 0.07728670227822004
0.4509914298352198 0.07735171759589748
0.43879466240039156 0.0773598492219066
0.42663476277231926 0.07730870211833957
0.41451905561984914 0.07719587661522803
0.4024548389919357 0.07701906850669682
0.3904493799215649 0.07677616433709662
0.3785099100483679 0.07646532783862757
0.36664362126255073 0.07608507398671001
0.35485766137276875 0.07563432783303325
0.3431591298005543 0.07511246612431313
0.33155507330389 0.07451934067078989
0.320052481732506 0.07385528343643048
0.30865828381745486 0.07312109432071504
0.29737934299750524 0.0723180135260329
0.28622245328485874 0.07144768119411934
0.27519433517269654 0.07051208759603474
0.26430163158700104 0.06951351753098377
0.2535509038851079 0.06845449270311617
0.2429486279033891 0.06733771569345376
0.23250119005645137 0.06616601873650504
0.2222148834901989 0.06494231987720334
0.2120959042910774 0.06366958827019484
0.20215034775378343 0.06235081945130441
0.19238420470968637 0.06098902043151616
0.18280335791817703 0.059587203513411985
0.17341357852311146 0.05814838688445904
0.16422052257649067 0.056675599370143874
0.15522972763146647 0.05517188629001442
0.14644660940672616 0.053640313191820006
0.1378764585242665 0.05208396436336498
0.12952443732252045 0.05050593343617289
0.12139557674675777 0.048909304074396705
0.11349477331863145 0.04729711963972744
0.10582678618669683 0.04567234177280015
0.09839623425967753 0.04403779895404484
0.09120759342420814 0.04239612721391339
0.08426519384872727 0.04074970616384718
0.07757321737514639 0.03910059433009173
0.07113569499986394 0.03745046831896413
0.06495650444564427 0.03580057056846333
0.059039367825822475 0.03415167031353253
0.05338784940224234 0.03250404190277281
0.048005353438278275 0.0308574637718294
0.042895122148234655 0.029211240248221457
0.038060233744356575 0.027564247002988554
0.03350360058263052 0.02591499946440634
0.029227967408489597 0.024261741969739965
0.025235909703481607 0.022602553960362835
0.021529832133895532 0.020935468229922906
0.018111967102280024 0.01925859521172304
0.014984373402728013 0.017570246620787693
0.012148934980735715 0.01586905150627173
0.009607359798384785 0.014154057951725819
0.007361178805529334 0.012424814285033881
0.005411745017609493 0.010681424696733315
0.0037602327006450165 0.008924575555978994
0.0024076366639015356 0.00715553037332915
0.0013547716606548965 0.0053760931846613845
0.0006022718974137975 0.0035885420039257314
0.00015059065189787502 0.0017955357923528546
0.0 0.0
0.00015059065189787502 -0.001420851515866184
0.0006022718974137975 -0.002838279997498908
0.0013547716606548965 -0.004248482221024125
0.0024076366639015356 -0.005647952751495252
0.0037602327006450165 -0.007033613858350302
0.005411745017609493 -0.008402923651825137
0.007361178805529334 -0.009753957086850907
0.009607359798384785 -0.011085455970500879
0.012148934980735715 -0.012396845800752268
0.014984373402728013 -0.013688219059989945
0.018111967102280024 -0.014960286382539257
0.021529832133895532 -0.016214298708459363
0.025235909703481607 -0.017451945029521295
0.029227967408489597 -0.018675231543948897
0.03350360058263052 -0.019886348897776202
0.038060233744356575 -0.02108753465759966
0.042895122148234655 -0.02228093821099097
0.048005353438278275 -0.02346849493081076
0.05338784940224234 -0.02465181569660046
0.059039367825822475 -0.025832096791240405
0.06495650444564427 -0.027010053854562226
0.07113569499986394 -0.028185882062848406
0.07757321737514639 -0.029359243108856178
0.08426519384872727 -0.030529277979423383
0.09120759342420814 -0.03169464306254228
0.09839623425967753 -0.03285356585024228
0.10582678618669683 -0.03400391551111005
0.11349477331863145 -0.035143282941946304
0.12139557674675777 -0.036269064605555616
0.12952443732252045 -0.037378544531225244
0.1378764585242665 -0.03846896928253523
0.14644660940672616 -0.039537611447562314
0.15522972763146647 -0.04058181822301991
0.16422052257649067 -0.04159904287390768
0.17341357852311146 -0.0425868581699393
0.18280335791817703 -0.04354295223968513
0.19238420470968637 -0.04446510855342672
0.20215034775378343 -0.045351172862570836
0.2120959042910774 -0.04619901081493636
0.2222148834901989 -0.04700646057523415
0.23250119005645137 -0.047771285072195635
0.2429486279033891 -0.04849112845361686
0.2535509038851079 -0.04916348096631602
0.26430163158700104 -0.04978565581991056
0.27519433517269654 -0.05035478069144128
0.28622245328485874 -0.05086780544848703
0.29737934299750524 -0.05132152648944567
0.30865828381745486 -0.051712626905240866
0.320052481732506 -0.05203773054139128
0.33155507330389 -0.052293467062246926
0.3431591298005543 -0.05247654435844597
0.35485766137276875 -0.05258382414682325
0.36664362126255073 -0.05261239642239366
0.3785099100483679 -0.05255964854631508
0.3904493799215649 -0.05242332518118285
0.4024548389919357 -0.0522015759832162
0.41451905561984914 -0.05189298887804499
0.42663476277231926 -0.05149660781529238
0.43879466240039156 -0.05101193503833646
0.4509914298352198 -0.050438919035421685
0.46321771820016633 -0.04977793037309486
0.475466162836291 -0.04902972847568696
0.4877293857385438 -0.04819542304027443
0.4999999999999999 -0.04727643411711351
0.512270614261456 -0.0462744549133206
0.5245338371637088 -0.04519142108762052
0.5367822817998334 -0.0440294897146389
0.54900857016478 -0.04279103024905213
0.5612053375996082 -0.04147862877307685
0.5733652372276805 -0.040095105640929954
0.5854809443801506 -0.03864354542689092
0.5975451610080642 -0.037127336929493666
0.6095506200784349 -0.03555021997088656
0.6214900899516319 -0.03391633493656923
0.6333563787374491 -0.03223027049095842
0.645142338627231 -0.03049710472344929
0.6568408701994456 -0.028722435149535264
0.6684449266961098 -0.026912393508620305
0.6799475182674938 -0.025073642135413646
0.691341716182545 -0.023213349782302432
0.7026206570024947 -0.02133914606228151
0.713777546715141 -0.019459055076511165
0.7248056648273034 -0.01758141018830777
0.7356983684129987 -0.015714753204468145
0.746449096114892 -0.013867722327931622
0.7570513720966108 -0.012048934067120305
0.7674988099435485 -0.01026686475922043
0.7777851165098009 -0.008529737442964343
0.7879040957089227 -0.0068454194841988305
0.7978496522462164 -0.005221335626995676
0.8076157952903136 -0.003664400055796365
0.8171966420818224 -0.0021809696787370766
0.8265864214768883 -0.0007768192705430105
0.8357794774235092 0.0005428625458383832
0.8447702723685334 0.0017734591274218394
0.8535533905932737 0.002910897572991181
0.8621235414757333 0.00395161175065619
0.8704755626774794 0.004892502764939115
0.8786044232532422 0.005730903434633155
0.8865052266813687 0.006464553256791439
0.894173213813303 0.007091589726564202
0.9016037657403225 0.0076105607858152485
0.9087924065757916 0.008020461639080483
0.9157348061512727 0.008320797289574614
0.9224267826248536 0.00851167002449024
0.928864305000136 0.008593888852744484
0.9350434955543556 0.008569095717308082
0.9409606321741775 0.008439901319318335
0.9466121505977576 0.0082100217467285
0.9519946465617215 0.007884405924322307
0.9571048778517655 0.007469343297258108
0.9619397662556433 0.006972541196818173
0.9664963994173694 0.0064031620462514805
0.9707720325915102 0.0057718119364463406
0.9747640902965183 0.005090474083382118
0.9784701678661044 0.004372383179546811
0.98188803289772 0.0036318395420566075
0.985015626597272 0.0028839650851157183
0.9878510650192642 0.0021444063285025227
0.9903926402016152 0.0014289927129686934
0.9926388211944706 0.0007533612461618877
0.9945882549823906 0.00013256078089764417
0.9962397672993549 -0.0004193491125786769
0.9975923633360985 -0.0008896887878548185
0.9986452283393451 -0.0012675226527613759
0.9993977281025862 -0.0015439814562326654
0.9998494093481021 -0.0017125288913365272
1.0 -0.0017691608979442139
