1.0 0.0016440058420819413
0.9998494093481021 0.0017304143287230768
0.9993977281025862 0.001988139603841224
0.9986452283393451 0.0024127366138622826
0.9975923633360985 0.002996979369896689
0.9962397672993549 0.003731125740904848
0.9945882549823906 0.00460327092505779
0.9926388211944706 0.005599773442625591
0.9903926402016152 0.006705734354066879
0.9878510650192642 0.007905508257367288
0.985015626597272 0.009183223557678085
0.98188803289772 0.010523289567711168
0.9784701678661044 0.011910869164716563
0.9747640902965183 0.013332297915087433
0.9707720325915102 0.014775433642790634
0.9664963994173694 0.01622992418028497
0.9619397662556433 0.01768738528452513
0.9571048778517655 0.019141485190216263
0.9519946465617215 0.02058793676594615
0.9466121505977576 0.02202440250251189
0.9409606321741775 0.02345032138426926
0.9350434955543556 0.024866669893830684
0.928864305000136 0.026275671839810874
0.9224267826248536 0.027680473286283907
0.9157348061512727 0.02908479956186851
0.9087924065757916 0.030492611147400196
0.9016037657403225 0.031907774243113175
0.894173213813303 0.03333376009998389
0.8865052266813687 0.03477338489976626
0.8786044232532422 0.03622859924247178
0.8704755626774794 0.03770033331989718
0.8621235414757333 0.03918840079288313
0.8535533905932737 0.04069146141381851
0.8447702723685334 0.04220703969286558
0.8357794774235092 0.04373159452017292
0.8265864214768883 0.04526063272065149
0.8171966420818224 0.046788858093246365
0.8076157952903136 0.04831034659966961
0.7978496522462164 0.04981873801241984
0.7879040957089227 0.051307434473681315
0.7777851165098009 0.05276979699636812
0.7674988099435485 0.054199331879094134
0.7570513720966108 0.05558986021983469
0.746449096114892 0.056935665105448445
0.7356983684129987 0.0582316125347462
0.7248056648273034 0.05947324361728386
0.713777546715141 0.060656837005945645
0.7026206570024947 0.061779441810626876
0.691341716182545 0.06283888236098799
0.6799475182674938 0.06383373711265922
0.6684449266961098 0.06476329471293227
0.6568408701994456 0.06562749076146586
0.645142338627231 0.0664268291316878
0.6333563787374491 0.06716229187931172
0.6214900899516319 0.06783524177943007
0.6095506200784349 0.06844732142759526
0.5975451610080642 0.06900035263617235
0.5854809443801506 0.06949623957473343
0.5733652372276805 0.06993687875781948
0.5612053375996082 0.07032407858611141
0.54900857016478 0.07065949070529157
0.5367822817998334 0.07094455496548127
0.5245338371637088 0.07118045924702952
0.512270614261456 0.07136811487031901
0.4999999999999999 0.07150814773529846
0.4877293857385438 0.0716009047514998
0.475466162836291 0.07164647453665948
0.46321771820016633 0.07164472080160258
0.4509914298352198 0.0715953263245374
0.43879466240039156 0.07149784497573196
0.42663476277231926 0.07135175891076441
0.41451905561984914 0.07115653783257546
0.4024548389919357 0.07091169715062148
0.3904493799215649 0.07061685195407774
0.3785099100483679 0.07027176397096825
0.36664362126255073 0.06987637910154643
0.35485766137276875 0.0694308536761617
0.3431591298005543 0.06893556826796364
0.33155507330389 0.06839112865166824
0.320052481732506 0.0677983542956509
0.30865828381745486 0.06715825555493028
0.29737934299750524 0.06647200144444916
0.28622245328485874 0.06574088046483788
0.27519433517269654 0.06496625738202672
0.26430163158700104 0.06414952909295076
0.2535509038851079 0.06329208272046494
0.2429486279033891 0.06239525886505657
0.23250119005645137 0.06146032250915698
0.2222148834901989 0.06048844344844439
0.2120959042910774 0.05948068735532981
0.20215034775378343 0.05843801771723147
0.19238420470968637 0.05736130799962671
0.18280335791817703 0.056251362528955434
0.17341357852311146 0.0551089438403317
0.16422052257649067 0.053934803650974174
0.15522972763146647 0.05272971425277267
0.14644660940672616 0.0514944970019657
0.1378764585242665 0.05023004473770201
0.12952443732252045 0.04893733538128032
0.12139557674675777 0.047617434630420605
0.11349477331863145 0.04627148652478151
0.10582678618669683 0.04490069166001053
0.09839623425967753 0.043506273894976515
0.09120759342420814 0.04208943744990089
0.08426519384872727 0.04065131724952426
0.07757321737514639 0.03919292614728929
0.07113569499986394 0.03771510320633292
0.06495650444564427 0.03621846745930487
0.059039367825822475 0.03470338149034826
0.05338784940224234 0.03316992877090568
0.048005353438278275 0.03161790795275319
0.042895122148234655 0.030046846317213997
0.038060233744356575 0.028456033360930433
0.03350360058263052 0.02684457414563586
0.029227967408489597 0.02521146064412489
0.025235909703481607 0.023555657975007225
0.021529832133895532 0.021876201231685665
0.018111967102280024 0.020172297664993614
0.014984373402728013 0.018443428347998773
0.012148934980735715 0.01668944318917166
0.009607359798384785 0.014910643295352646
0.007361178805529334 0.013107845220470824
0.005411745017609493 0.01128242254376185
0.0037602327006450165 0.009436321449880125
0.0024076366639015356 0.007572048457334972
0.0013547716606548965 0.005692630067531418
0.0006022718974137975 0.003801545779090281
0.00015059065189787502 0.0019026375213095034
0.0 0.0
0.00015059065189787502 -0.0013614560164273773
0.0006022718974137975 -0.002721234270585485
0.0013547716606548965 -0.0040772765597217155
0.0024076366639015356 -0.005427747620820546
0.0037602327006450165 -0.006771130219291441
0.005411745017609493 -0.008106301451206919
0.007361178805529334 -0.009432585682363315
0.009607359798384785 -0.010749780866810471
0.012148934980735715 -0.012058156488680076
0.014984373402728013 -0.013358422968267421
0.018111967102280024 -0.014651673975213306
0.021529832133895532 -0.015939304607092097
0.025235909703481607 -0.017222909734784773
0.029227967408489597 -0.0185041679110074
0.03350360058263052 -0.019784717024171106
0.038060233744356575 -0.02106602831341562
0.042895122148234655 -0.022349285419790445
0.048005353438278275 -0.023635274832589075
0.05338784940224234 -0.024924293419956976
0.059039367825822475 -0.026216077750714502
0.06495650444564427 -0.02750975867935367
0.07113569499986394 -0.028803843252162887
0.07757321737514639 -0.03009622448301574
0.08426519384872727 -0.03138421803095151
0.09120759342420814 -0.0326646233762133
0.09839623425967753 -0.033933805819089426
0.10582678618669683 -0.03518779458829024
0.11349477331863145 -0.0364223915993885
0.12139557674675777 -0.03763328498759752
0.12952443732252045 -0.03881616147103667
0.1378764585242665 -0.03996681187755467
0.14644660940672616 -0.04108122476617775
0.15522972763146647 -0.04215566395016515
0.16422052257649067 -0.043186726823026524
0.17341357852311146 -0.04417138162979388
0.18280335791817703 -0.04510698313368454
0.19238420470968637 -0.045991267420725866
0.20215034775378343 -0.046822327782220174
0.2120959042910774 -0.047598574645054896
0.2222148834901989 -0.04831868332295375
0.23250119005645137 -0.04898153389386263
0.2429486279033891 -0.049586147744408046
0.2535509038851079 -0.050131625256342814
0.26430163158700104 -0.05061708875679677
0.27519433517269654 -0.05104163424747445
0.28622245328485874 -0.051404294617508714
0.29737934299750524 -0.05170401609303339
0.30865828381745486 -0.051939648654513455
0.320052481732506 -0.05210995013459661
0.33155507330389 -0.05221360276696492
0.3431591298005543 -0.05224924015567316
0.35485766137276875 -0.05221548202857318
0.36664362126255073 -0.0521109737662497
0.3785099100483679 -0.05193442758016263
0.3904493799215649 -0.051684662351893514
0.4024548389919357 -0.05136063952176234
0.41451905561984914 -0.05096149299397176
0.42663476277231926 -0.05048655175600716
0.43879466240039156 -0.04993535473002608
0.4509914298352198 -0.049307658214397136
0.46321771820016633 -0.04860343706380828
0.475466162836291 -0.04782288142961507
0.4877293857385438 -0.04696639138037736
0.4999999999999999 -0.046034572001244035
0.512270614261456 -0.045028231602375436
0.5245338371637088 -0.04394838544264438
0.5367822817998334 -0.042796266907438166
0.54900857016478 -0.04157334740025971
0.5612053375996082 -0.04028136536649204
0.5733652372276805 -0.038922363927989985
0.5854809443801506 -0.03749873564273179
0.5975451610080642 -0.036013271992667274
0.6095506200784349 -0.03446921442176454
0.6214900899516319 -0.032870303164430306
0.6333563787374491 -0.0312208197784727
0.645142338627231 -0.029525619265627488
0.6568408701994456 -0.027790147944378826
0.6684449266961098 -0.026020443829274445
0.6799475182674938 -0.024223117139544677
0.691341716182545 -0.022405309656741514
0.7026206570024947 -0.02057463290623287
0.713777546715141 -0.01873908646588202
0.7248056648273034 -0.016906959013252933
0.7356983684129987 -0.015086715913868455
0.746449096114892 -0.01328687813561849
0.7570513720966108 -0.01151589796793317
0.7674988099435485 -0.00978203736608893
0.7777851165098009 -0.008093254691199932
0.7879040957089227 -0.006457105161957749
0.7978496522462164 -0.0048806594905975486
0.8076157952903136 -0.0033704439871427997
0.8171966420818224 -0.001932403953624747
0.8265864214768883 -0.0005718905472106576
0.8357794774235092 0.0007063304215445616
0.8447702723685334 0.0018980509516482536
0.8535533905932737 0.002999579262658471
0.8621235414757333 0.004007690044070149
0.8704755626774794 0.004919573250138896
0.8786044232532422 0.005732788499887039
0.8865052266813687 0.006445231982573872
0.894173213813303 0.007055122082504941
0.9016037657403225 0.007561008744679344
0.9087924065757916 0.007961809961117361
0.9157348061512727 0.008256876756725061
0.9224267826248536 0.008446085811634325
0.928864305000136 0.00852995651410442
0.9350434955543556 0.00850978694730453
0.9409606321741775 0.00838780123100072
0.9466121505977576 0.008167298914857872
0.9519946465617215 0.007852795886322279
0.9571048778517655 0.007450145619272034
0.9619397662556433 0.006966629622220857
0.9664963994173694 0.006411006679459492
0.9707720325915102 0.0057935119045859
0.9747640902965183 0.005125798689049225
0.9784701678661044 0.004420819232586694
0.98188803289772 0.0036926423549167157
0.985015626597272 0.002956210546461096
0.9878510650192642 0.0022270415377815076
0.9903926402016152 0.0015208828611597077
0.9926388211944706 0.0008533307540159155
0.9945882549823906 0.00023942713740102237
0.9962397672993549 -0.00030674985655748254
0.9975923633360985 -0.0007724853521377518
0.9986452283393451 -0.001146800585721433
0.9993977281025862 -0.0014207832500075465
0.9998494093481021 -0.0015878609681258516
1.0 -0.0016440058420819413
