1.0 0.0016680907157910715
0.9998494093481021 0.0017450633094238115
0.9993977281025862 0.0019745210672044364
0.9986452283393451 0.002352139846157465
0.9975923633360985 0.002870896563474619
0.9962397672993549 0.0035213359687218844
0.9945882549823906 0.004291926684120001
0.9926388211944706 0.00516949016674928
0.9903926402016152 0.006139683069229089
0.9878510650192642 0.007187511298856992
0.985015626597272 0.008297852998686057
0.98188803289772 0.009455967735333314
0.9784701678661044 0.0106479703523381
0.9747640902965183 0.01186125014929017
0.9707720325915102 0.013084819136225018
0.9664963994173694 0.014309576905560435
0.9619397662556433 0.015528483942572628
0.9571048778517655 0.016736639722760308
0.9519946465617215 0.017931266477581982
0.9466121505977576 0.019111603814685917
0.9409606321741775 0.02027872324234609
0.9350434955543556 0.021435274890862832
0.928864305000136 0.022585181208716002
0.9224267826248536 0.023733294048780374
0.9157348061512727 0.024885032311327944
0.9087924065757916 0.026046017187723966
0.9016037657403225 0.027221721110612846
0.894173213813303 0.028417144862863397
0.8865052266813687 0.02963653506111831
0.8786044232532422 0.03088315156584123
0.8704755626774794 0.032159091445838894
0.8621235414757333 0.033465173110500845
0.8535533905932737 0.03480088127804401
0.8447702723685334 0.036164370716225976
0.8357794774235092 0.03755252429230325
0.8265864214768883 0.03896105889124059
0.8171966420818224 0.04038467126320718
0.8076157952903136 0.04181721486887723
0.7978496522462164 0.04325189829916461
0.7879040957089227 0.04468149582308338
0.7777851165098009 0.04609856100993091
0.7674988099435485 0.047495635110517506
0.7570513720966108 0.0488654428878149
0.746449096114892 0.05020106977795794
0.7356983684129987 0.051496115558292435
0.7248056648273034 0.05274482102757566
0.713777546715141 0.05394216550274983
0.7026206570024947 0.055083934158114835
0.691341716182545 0.05616675534119732
0.6799475182674938 0.05718810897341771
0.6684449266961098 0.05814630797281652
0.6568408701994456 0.059040455320045294
0.645142338627231 0.05987037993354959
0.6333563787374491 0.06063655493503195
0.6214900899516319 0.06134000218244525
0.6095506200784349 0.06198218713419703
0.5975451610080642 0.06256490819138698
0.5854809443801506 0.06309018464770014
0.5733652372276805 0.06356014725866724
0.5612053375996082 0.06397693522068698
0.54900857016478 0.06434260302206309
0.5367822817998334 0.06465904019123464
0.5245338371637088 0.06492790642273381
0.512270614261456 0.06515058391601887
0.4999999999999999 0.06532814803009479
0.4877293857385438 0.0654613565595775
0.475466162836291 0.06555065710544127
0.46321771820016633 0.06559621118311136
0.4509914298352198 0.06559793292418667
0.43879466240039156 0.06555553953099921
0.42663476277231926 0.06546861008003418
0.41451905561984914 0.06533664888143136
0.4024548389919357 0.06515914942007307
0.3904493799215649 0.06493565495071434
0.3785099100483679 0.06466581210292856
0.36664362126255073 0.06434941436335052
0.35485766137276875 0.0639864330184571
0.3431591298005543 0.06357703402088562
0.33155507330389 0.06312158023220586
0.320052481732506 0.0626206195307098
0.30865828381745486 0.06207486028337575
0.29737934299750524 0.06148513659455524
0.28622245328485874 0.06085236649199678
0.27519433517269654 0.06017750673481879
0.26430163158700104 0.0594615081834984
0.2535509038851079 0.058705275632676635
0.2429486279033891 0.057909635668464514
0.23250119005645137 0.05707531549017584
0.2222148834901989 0.05620293477111308
0.2120959042910774 0.05529301158306873
0.20215034775378343 0.05434598224947855
0.19238420470968637 0.05336223380847841
0.18280335791817703 0.05234214665002354
0.17341357852311146 0.05128614392927593
0.16422052257649067 0.05019474363140653
0.15522972763146647 0.049068608735314885
0.14644660940672616 0.04790859083948008
0.1378764585242665 0.04671576289148617
0.12952443732252045 0.045491437296067035
0.12139557674675777 0.04423716662993187
0.11349477331863145 0.04295472540485096
0.10582678618669683 0.04164607271149749
0.09839623425967753 0.04031329704715046
0.09120759342420814 0.038958546073036567
0.08426519384872727 0.037583945352760446
0.07757321737514639 0.03619151118942601
0.07113569499986394 0.03478306341754919
0.06495650444564427 0.033360144349914356
0.059039367825822475 0.031923949989201214
0.05338784940224234 0.030475279080142127
0.048005353438278275 0.029014504622848134
0.042895122148234655 0.027541571145671094
0.038060233744356575 0.026056019428528452
0.03350360058263052 0.02455703857976778
0.029227967408489597 0.023043543521867573
0.025235909703481607 0.02151427416140409
0.021529832133895532 0.019967910932916038
0.018111967102280024 0.01840320012994173
0.014984373402728013 0.01681908156571649
0.012148934980735715 0.015214810710462254
0.009607359798384785 0.013590067569671701
0.007361178805529334 0.011945045201000362
0.005411745017609493 0.010280511883279641
0.0037602327006450165 0.008597842482730574
0.0024076366639015356 0.00689901641204823
0.0013547716606548965 0.005186581627773669
0.0006022718974137975 0.003463586225399693
0.00015059065189787502 0.0017334812293720453
0.0 0.0
0.00015059065189787502 -0.0017489824791717462
0.0006022718974137975 -0.0034910466487077523
0.0013547716606548965 -0.005218990137058588
0.0024076366639015356 -0.00692603789458419
0.0037602327006450165 -0.008606032369631016
0.005411745017609493 -0.010253596679139658
0.007361178805529334 -0.01186426395417852
0.009607359798384785 -0.013434567753824816
0.012148934980735715 -0.014962090396106041
0.014984373402728013 -0.016445468144443445
0.018111967102280024 -0.017884354297739657
0.021529832133895532 -0.019279343247432863
0.025235909703481607 -0.020631860377547544
0.029227967408489597 -0.021944024198806044
0.03350360058263052 -0.02321848824810484
0.038060233744356575 -0.024458270995397505
0.042895122148234655 -0.025666582251849663
0.048005353438278275 -0.02684665436335812
0.05338784940224234 -0.028001585825992218
0.059039367825822475 -0.029134203923216716
0.06495650444564427 -0.03024695162900186
0.07113569499986394 -0.03134180243326512
0.07757321737514639 -0.03242020502522921
0.08426519384872727 -0.03348305802039359
0.09120759342420814 -0.0345307132411734
0.09839623425967753 -0.03556300455600047
0.10582678618669683 -0.036579298030103354
0.11349477331863145 -0.037578558208884914
0.12139557674675777 -0.038559424786025906
0.12952443732252045 -0.039520293723676804
0.1378764585242665 -0.04045939708740846
0.14644660940672616 -0.04137487640628206
0.15522972763146647 -0.042264845219296826
0.16422052257649067 -0.04312743755651926
0.17341357852311146 -0.043960840346101995
0.18280335791817703 -0.04476330904913334
0.19238420470968637 -0.04553316711293786
0.20215034775378343 -0.04626879101427032
0.2120959042910774 -0.04696858366068494
0.2222148834901989 -0.047630939669646856
0.23250119005645137 -0.04825420650750915
0.2429486279033891 -0.04883664562212871
0.2535509038851079 -0.04937639754355595
0.26430163158700104 -0.04987145447857676
0.27519433517269654 -0.0503196432284676
0.28622245328485874 -0.05071862037338721
0.29737934299750524 -0.051065880661992726
0.30865828381745486 -0.05135877849897823
0.320052481732506 -0.05159456141574784
0.33155507330389 -0.05177041351573069
0.3431591298005543 -0.0518835061718338
0.35485766137276875 -0.05193105277095815
0.36664362126255073 -0.051910364083283866
0.3785099100483679 -0.051818900895823555
0.3904493799215649 -0.051654320883007775
0.4024548389919357 -0.05141451726363432
0.41451905561984914 -0.051097647566627734
0.42663476277231926 -0.0507021517358043
0.43879466240039156 -0.05022675977366623
0.4509914298352198 -0.04967049007830078
0.46321771820016633 -0.049032640488352645
0.475466162836291 -0.04831277474764044
0.4877293857385438 -0.047510707573837886
0.4999999999999999 -0.04662649172153723
0.512270614261456 -0.04566041034553239
0.5245338371637088 -0.044612977593723624
0.5367822817998334 -0.04348494971147029
0.54900857016478 -0.04227734806260577
0.5612053375996082 -0.04099149442738922
0.5733652372276805 -0.03962905779964006
0.5854809443801506 -0.038192110758708715
0.5975451610080642 -0.03668319242458169
0.6095506200784349 -0.035105374100965314
0.6214900899516319 -0.0334623230468942
0.6333563787374491 -0.031758359452279734
0.645142338627231 -0.02999850166686083
0.6568408701994456 -0.028188495061728436
0.6684449266961098 -0.0263348205790588
0.6799475182674938 -0.024444680014517405
0.691341716182545 -0.022525956319831435
0.7026206570024947 -0.02058714863184562
0.713777546715141 -0.01863728323529621
0.7248056648273034 -0.016685803146899745
0.7356983684129987 -0.014742440363545974
0.746449096114892 -0.012817075948314056
0.7570513720966108 -0.01091959394826143
0.7674988099435485 -0.009059735580288223
0.7777851165098009 -0.00724696014324734
0.7879040957089227 -0.005490318701598212
0.7978496522462164 -0.003798345754291427
0.8076157952903136 -0.002178972898278524
0.8171966420818224 -0.0006394669929149324
0.8265864214768883 0.0008136063731351592
0.8357794774235092 0.0021743951023155653
0.8447702723685334 0.0034377512392716196
0.8535533905932737 0.004599204385266032
0.8621235414757333 0.00565492351443738
0.8704755626774794 0.006601673749269371
0.8786044232532422 0.0074367751041341645
0.8865052266813687 0.008158070139154592
0.894173213813303 0.008763906865168645
0.9016037657403225 0.00925314212386848
0.9087924065757916 0.009625169091016406
0.9157348061512727 0.009879970604452282
0.9224267826248536 0.010018197820564012
0.928864305000136 0.010041271392943127
0.9350434955543556 0.009951500098165717
0.9409606321741775 0.00975220976252076
0.9466121505977576 0.009447873619714463
0.9519946465617215 0.009044233985894068
0.9571048778517655 0.008548404481442265
0.9619397662556433 0.007968942031736335
0.9664963994173694 0.007315878574707337
0.9707720325915102 0.006600703781957555
0.9747640902965183 0.005836292109269788
0.9784701678661044 0.005036770037128012
0.98188803289772 0.004217322311437393
0.985015626597272 0.003393939188907064
0.9878510650192642 0.0025831099505707277
0.9903926402016152 0.0018014710815713456
0.9926388211944706 0.0010654203388707744
0.9945882549823906 0.0003907102681090567
0.9962397672993549 -0.00020796356167442878
0.9975923633360985 -0.0007173633752460486
0.9986452283393451 -0.00112608268681909
0.9993977281025862 -0.0014248768012347752
0.9998494093481021 -0.0016069361691394203
1.0 -0.0016680907157910715
