1.0 0.0016793961168468465
0.9998494093481021 0.0017622974991564413
0.9993977281025862 0.002009571293756854
0.9986452283393451 0.0024169807110477792
0.9975923633360985 0.0029776428051457972
0.9962397672993549 0.003682287336131254
0.9945882549823906 0.004519602255975651
0.9926388211944706 0.005476649954120189
0.9903926402016152 0.006539335308673007
0.9878510650192642 0.007692904467206226
0.985015626597272 0.008922452224382765
0.98188803289772 0.010213415910213543
0.9784701678661044 0.011552034830181496
0.9747640902965183 0.012925756426146079
0.9707720325915102 0.014323573321694986
0.9664963994173694 0.015736279100466828
0.9619397662556433 0.017156634831232233
0.9571048778517655 0.018579442769533026
0.9519946465617215 0.020001528096476685
0.9466121505977576 0.021421633772147487
0.9409606321741775 0.02284023737538574
0.9350434955543556 0.024259301995884924
0.928864305000136 0.02568197570125872
0.9224267826248536 0.02711225572970075
0.9157348061512727 0.02855463431626158
0.9087924065757916 0.030013742955164537
0.9016037657403225 0.03149401098605241
0.894173213813303 0.032999352763620676
0.8865052266813687 0.03453289545595094
0.8786044232532422 0.03609675686907938
0.8704755626774794 0.0376918797795418
0.8621235414757333 0.03931792624161163
0.8535533905932737 0.0409732323835221
0.8447702723685334 0.042654821463188775
0.8357794774235092 0.04435847054166989
0.8265864214768883 0.046078824146142075
0.8171966420818224 0.047809546796108576
0.8076157952903136 0.04954350528680779
0.7978496522462164 0.05127297116078274
0.7879040957089227 0.0529898338223628
0.7777851165098009 0.05468581520674227
0.7674988099435485 0.05635267773374466
0.7570513720966108 0.05798241837299269
0.746449096114892 0.05956744293361021
0.7356983684129987 0.06110071608032911
0.7248056648273034 0.062575883987814
0.713777546715141 0.06398736790563637
0.7026206570024947 0.06533042816071585
0.691341716182545 0.06660119923053517
0.6799475182674938 0.06779669745288903
0.6684449266961098 0.06891480368479556
0.6568408701994456 0.06995422378560148
0.645142338627231 0.07091443018835764
0.6333563787374491 0.07179558805732192
0.6214900899516319 0.07259846962986807
0.6095506200784349 0.07332436033098794
0.5975451610080642 0.07397496014933003
0.5854809443801506 0.07455228359341465
0.5733652372276805 0.07505856131916452
0.5612053375996082 0.07549614624459224
0.54900857016478 0.07586742664986777
0.5367822817998334 0.07617474840370503
0.5245338371637088 0.07642034806142138
0.512270614261456 0.07660629814787492
0.4999999999999999 0.07673446547355006
0.4877293857385438 0.07680648284148621
0.475466162836291 0.07682373399792553
0.46321771820016633 0.07678735117643622
0.4509914298352198 0.07669822410392105
0.43879466240039156 0.07655701890051816
0.42663476277231926 0.07636420493855496
0.41451905561984914 0.0761200874524225
0.4024548389919357 0.07582484353254823
0.3904493799215649 0.07547855910835301
0.3785099100483679 0.07508126463564826
0.36664362126255073 0.07463296745285386
0.35485766137276875 0.07413367914730719
0.3431591298005543 0.07358343675734992
0.33155507330389 0.07298231719808461
0.320052481732506 0.0723304449012829
0.30865828381745486 0.0716279932602198
0.29737934299750524 0.07087518102328816
0.28622245328485874 0.07007226524239712
0.27519433517269654 0.06921953271441543
0.26430163158700104 0.06831729202544774
0.2535509038851079 0.06736586829875407
0.2429486279033891 0.06636560255106562
0.23250119005645137 0.06531685718678018
0.2222148834901989 0.06422002862743889
0.2120959042910774 0.06307556742086208
0.20215034775378343 0.06188400544751873
0.19238420470968637 0.06064598909636644
0.18280335791817703 0.05936231657787758
0.17341357852311146 0.058033976937236734
0.16422052257649067 0.05666218787973097
0.15522972763146647 0.055248429267651354
0.14644660940672616 0.0537944691248056
0.1378764585242665 0.05230237920589603
0.12952443732252045 0.05077453765034539
0.12139557674675777 0.049213616921854615
0.11349477331863145 0.047622556096590704
0.10582678618669683 0.046004517549661096
0.09839623425967753 0.04436282913492128
0.09120759342420814 0.04270091398354767
0.08426519384872727 0.04102221098671772
0.07757321737514639 0.03933008980546195
0.07113569499986394 0.03762776480380625
0.06495650444564427 0.03591821258142149
0.059039367825822475 0.03420409775901342
0.05338784940224234 0.0324877113344604
0.048005353438278275 0.030770925293262995
0.042895122148234655 0.029055166258081168
0.038060233744356575 0.027341409853722864
0.03350360058263052 0.02563019621697861
0.029227967408489597 0.02392166577779393
0.025235909703481607 0.022215613167884465
0.021529832133895532 0.020511555963029723
0.018111967102280024 0.018808814017129166
0.014984373402728013 0.017106594468114508
0.012148934980735715 0.015404077138535444
0.009607359798384785 0.01370049504585292
0.007361178805529334 0.011995205083802292
0.005411745017609493 0.010287744616481328
0.0037602327006450165 0.008577870697260284
0.0024076366639015356 0.006865579820654908
0.0013547716606548965 0.005151107456009476
0.0006022718974137975 0.0034349080055455874
0.00015059065189787502 0.001717617180078788
0.0 0.0
0.00015059065189787502 -0.0014352577430888492
0.0006022718974137975 -0.0028651633826938592
0.0013547716606548965 -0.004284074019739756
0.0024076366639015356 -0.005686766521612829
0.0037602327006450165 -0.007068621749153376
0.005411745017609493 -0.00842577938372056
0.007361178805529334 -0.009755256074253838
0.009607359798384785 -0.011055021595270675
0.012148934980735715 -0.012324029947822458
0.014984373402728013 -0.013562204718156046
0.018111967102280024 -0.014770380397516858
0.021529832133895532 -0.0159502036263399
0.025235909703481607 -0.017104000330987114
0.029227967408489597 -0.018234616361459455
0.03350360058263052 -0.019345240427011155
0.038060233744356575 -0.020439218803801215
0.042895122148234655 -0.021519871425929763
0.048005353438278275 -0.02259031857188677
0.05338784940224234 -0.023653326457559052
0.059039367825822475 -0.024711178708428278
0.06495650444564427 -0.025765578996019615
0.07113569499986394 -0.026817588194489088
0.07757321737514639 -0.02786759736196222
0.08426519384872727 -0.02891533580188997
0.09120759342420814 -0.02995991153317212
0.09839623425967753 -0.030999879804526773
0.10582678618669683 -0.032033333921885974
0.11349477331863145 -0.03305801168831179
0.12139557674675777 -0.03407141022848657
0.12952443732252045 -0.0350709019000773
0.1378764585242665 -0.03605384436914066
0.14644660940672616 -0.03701767870574014
0.15522972763146647 -0.037960010474441176
0.16422052257649067 -0.03887867016823779
0.17341357852311146 -0.039771750866084636
0.18280335791817703 -0.04063762257899686
0.19238420470968637 -0.04147492428313903
0.20215034775378343 -0.04228253602285724
0.2120959042910774 -0.04305953461777068
0.2222148834901989 -0.0438051373597979
0.23250119005645137 -0.0445186385946466
0.2429486279033891 -0.045199344228871875
0.2535509038851079 -0.04584650899446646
0.26430163158700104 -0.04645928076877239
0.27519433517269654 -0.04703665544055539
0.28622245328485874 -0.04757744480308186
0.29737934299750524 -0.048080258823899574
0.30865828381745486 -0.048543502476823944
0.320052481732506 -0.04896538621225487
0.33155507330389 -0.04934394816881189
0.3431591298005543 -0.04967708546162252
0.35485766137276875 -0.04996259137268513
0.36664362126255073 -0.05019819504830209
0.3785099100483679 -0.050381600386833494
0.3904493799215649 -0.05051052116317853
0.4024548389919357 -0.05058271004896338
0.41451905561984914 -0.05059597999499248
0.42663476277231926 -0.050548217375947696
0.43879466240039156 -0.050437387277918216
0.4509914298352198 -0.050261532254808665
0.46321771820016633 -0.0500187667102776
0.475466162836291 -0.04970726970643553
0.4877293857385438 -0.04932527940189838
0.4999999999999999 -0.048871092441139366
0.512270614261456 -0.04834307143708405
0.5245338371637088 -0.04773966321524242
0.5367822817998334 -0.04705942974895965
0.54900857016478 -0.04630109276129152
0.5612053375996082 -0.045463591866994696
0.5733652372276805 -0.04454615495862826
0.5854809443801506 -0.04354837839155718
0.5975451610080642 -0.04247031348245948
0.6095506200784349 -0.04131255498792477
0.6214900899516319 -0.040076326645268015
0.6333563787374491 -0.038763558590822346
0.645142338627231 -0.037376951554134855
0.6568408701994456 -0.0359200231675272
0.6684449266961098 -0.034397132511530294
0.6799475182674938 -0.032813480094794886
0.691341716182545 -0.03117508177659351
0.7026206570024947 -0.02948871659679752
0.713777546715141 -0.02776184998504929
0.7248056648273034 -0.02600253527413355
0.7356983684129987 -0.024219297739402172
0.746449096114892 -0.022421006431738756
0.7570513720966108 -0.020616739786148714
0.7674988099435485 -0.01881565131288167
0.7777851165098009 -0.017026841580060164
0.7879040957089227 -0.015259242171948155
0.7978496522462164 -0.013521516381042195
0.8076157952903136 -0.011821980119905385
0.8171966420818224 -0.010168545000940943
0.8265864214768883 -0.00856868383113058
0.8357794774235092 -0.007029417020939365
0.8447702723685334 -0.005557316735960418
0.8535533905932737 -0.004158524149122025
0.8621235414757333 -0.0028387739933243396
0.8704755626774794 -0.0016034198644019125
0.8786044232532422 -0.00045745345264721206
0.8865052266813687 0.0005944888723374538
0.894173213813303 0.0015481379282291366
0.9016037657403225 0.002399626578326736
0.9087924065757916 0.003145550428280703
0.9157348061512727 0.0037830551814100055
0.9224267826248536 0.004309949236382469
0.928864305000136 0.004724837806494572
0.9350434955543556 0.005027272619358767
0.9409606321741775 0.005217909272514955
0.9466121505977576 0.005298662718184735
0.9519946465617215 0.005272850254208625
0.9571048778517655 0.00514531090590083
0.9619397662556433 0.004922490258417834
0.9664963994173694 0.004612480665038839
0.9707720325915102 0.004225008295083396
0.9747640902965183 0.0037713606353805083
0.9784701678661044 0.0032642507209561652
0.98188803289772 0.002717617409130132
0.985015626597272 0.0021463642646514375
0.9878510650192642 0.001566042912162442
0.9903926402016152 0.0009924898491770965
0.9926388211944706 0.00044142851475231543
0.9945882549823906 -7.194929205154308e-05
0.9962397672993549 -0.0005334068968383865
0.9975923633360985 -0.0009300744921239364
0.9986452283393451 -0.001250832414993856
0.9993977281025862 -0.0014866500047638529
0.9998494093481021 -0.0016308656692512343
1.0 -0.0016793961168468465
