1.0 0.0014699531384014825
0.9998494093481021 0.0015500239627021307
0.9993977281025862 0.0017887487332808635
0.9986452283393451 0.002181719754825946
0.9975923633360985 0.0027217730079673857
0.9962397672993549 0.0033992525123469775
0.9945882549823906 0.004202363220726301
0.9926388211944706 0.005117596317260709
0.9903926402016152 0.0061302076677334505
0.9878510650192642 0.007224728036651598
0.985015626597272 0.008385482642933704
0.98188803289772 0.009597097708209143
0.9784701678661044 0.010844972832500592
0.9747640902965183 0.012115700224319768
0.9707720325915102 0.013397414875282886
0.9664963994173694 0.014680063518271037
0.9619397662556433 0.015955584425514337
0.9571048778517655 0.017217994552457164
0.9519946465617215 0.0184633849739842
0.9466121505977576 0.019689829760191152
0.9409606321741775 0.020897217190686348
0.9350434955543556 0.022087015334563417
0.928864305000136 0.02326198639550845
0.9224267826248536 0.024425865754161596
0.9157348061512727 0.025583022299965407
0.9087924065757916 0.026738116449627897
0.9016037657403225 0.027895771262779503
0.894173213813303 0.02906027039116451
0.8865052266813687 0.03023529437091634
0.8786044232532422 0.031423704144617585
0.8704755626774794 0.03262737784797439
0.8621235414757333 0.03384710398194187
0.8535533905932737 0.03508253127171556
0.8447702723685334 0.036332172927085904
0.8357794774235092 0.037593460776577846
0.8265864214768883 0.03886284293278108
0.8171966420818224 0.04013591730816303
0.8076157952903136 0.04140759245704635
0.7978496522462164 0.04267226685792982
0.7879040957089227 0.043924017832611864
0.7777851165098009 0.04515679176584862
0.7674988099435485 0.04636458806852416
0.7570513720966108 0.04754163033796107
0.746449096114892 0.048682519329224606
0.7356983684129987 0.04978236358376342
0.7248056648273034 0.05083688479824038
0.713777546715141 0.05184249620110211
0.7026206570024947 0.052796353295677126
0.691341716182545 0.05369637729931491
0.6799475182674938 0.05454125244480455
0.6684449266961098 0.05533039901107728
0.6568408701994456 0.05606392452169845
0.645142338627231 0.05674255600395259
0.6333563787374491 0.05736755655256092
0.6214900899516319 0.05794062970344359
0.6095506200784349 0.058463815304353635
0.5975451610080642 0.05893938067574483
0.5854809443801506 0.059369710886588344
0.5733652372276805 0.05975720192077536
0.5612053375996082 0.06010416037137228
0.54900857016478 0.06041271306191093
0.5367822817998334 0.06068472964662342
0.5245338371637088 0.06092176077921633
0.512270614261456 0.06112499386266996
0.4999999999999999 0.061295227709021564
0.4877293857385438 0.06143286666590194
0.475466162836291 0.06153793393320223
0.46321771820016633 0.06161010293508845
0.4509914298352198 0.06164874477328858
0.43879466240039156 0.06165298901525766
0.42663476277231926 0.06162179441460069
0.41451905561984914 0.061554025667207385
0.4024548389919357 0.0614485320141758
0.3904493799215649 0.06130422344027865
0.3785099100483679 0.0611201403990375
0.36664362126255073 0.060895513420837925
0.35485766137276875 0.0606298096101615
0.3431591298005543 0.06032276387626785
0.33155507330389 0.059974393717699914
0.320052481732506 0.059584997431885604
0.30865828381745486 0.05915513667605135
0.29737934299750524 0.05868560529099704
0.28622245328485874 0.05817738714407541
0.27519433517269654 0.05763160638932385
0.26430163158700104 0.05704947393190843
0.2535509038851079 0.05643223398943078
0.2429486279033891 0.055781114453599304
0.23250119005645137 0.05509728428404821
0.2222148834901989 0.0543818204456442
0.2120959042910774 0.053635685985654706
0.20215034775378343 0.0528597198084869
0.19238420470968637 0.05205463762575619
0.18280335791817703 0.051221042526043085
0.17341357852311146 0.050359442708348044
0.16422052257649067 0.049470273234231595
0.15522972763146647 0.048553918239479556
0.14644660940672616 0.04761072995022087
0.1378764585242665 0.046641041089751055
0.12952443732252045 0.04564516783324459
0.12139557674675777 0.04462340133347047
0.11349477331863145 0.04357598694177629
0.10582678618669683 0.042503091503842384
0.09839623425967753 0.04140476042212705
0.09120759342420814 0.040280867440866154
0.08426519384872727 0.039131061218447886
0.07757321737514639 0.037954713606811796
0.07113569499986394 0.03675087507436948
0.06495650444564427 0.03551824282625504
0.059039367825822475 0.03425514685973438
0.05338784940224234 0.03295955844098721
0.048005353438278275 0.03162912433260005
0.042895122148234655 0.030261228600981592
0.038060233744356575 0.02885308207969283
0.03350360058263052 0.027401837671007165
0.029227967408489597 0.025904727761487705
0.025235909703481607 0.02435921824177184
0.021529832133895532 0.02276317208656802
0.018111967102280024 0.021115014285785782
0.014984373402728013 0.019413889217878122
0.012148934980735715 0.017659801389028618
0.009607359798384785 0.01585373085945749
0.007361178805529334 0.013997715635918654
0.005411745017609493 0.012094894784378458
0.0037602327006450165 0.01014950792989912
0.0024076366639015356 0.00816684905174006
0.0013547716606548965 0.006153174916301758
0.0006022718974137975 0.004115570969125422
0.00015059065189787502 0.0020617798747527573
0.0 0.0
0.00015059065189787502 -0.0017804592806473954
0.0006022718974137975 -0.0035534744992516787
0.0013547716606548965 -0.005311395835185479
0.0024076366639015356 -0.00704703723739633
0.0037602327006450165 -0.00875388291725672
0.005411745017609493 -0.01042626468356988
0.007361178805529334 -0.012059502765789563
0.009607359798384785 -0.013650004626567035
0.012148934980735715 -0.015195318380116818
0.014984373402728013 -0.016694139690910454
0.018111967102280024 -0.018146273303188548
0.021529832133895532 -0.019552552521345953
0.025235909703481607 -0.020914721907531065
0.029227967408489597 -0.022235290083252666
0.03350360058263052 -0.023517360733950474
0.038060233744356575 -0.024764450661648348
0.042895122148234655 -0.025980303981040915
0.048005353438278275 -0.027168711307922828
0.05338784940224234 -0.028333342073786058
0.059039367825822475 -0.029477596971386175
0.06495650444564427 -0.03060448607075436
0.07113569499986394 -0.031716536439041
0.07757321737514639 -0.03281573125805585
0.08426519384872727 -0.03390348057282864
0.09120759342420814 -0.03498062203350408
0.09839623425967753 -0.036047448413365206
0.10582678618669683 -0.037103757385026824
0.11349477331863145 -0.03814891808236915
0.12139557674675777 -0.039181948411578564
0.12952443732252045 -0.04020159691895349
0.1378764585242665 -0.04120642326784295
0.14644660940672616 -0.04219487198894526
0.15522972763146647 -0.043165335091471344
0.16422052257649067 -0.04411620028329389
0.17341357852311146 -0.04504588285897316
0.18280335791817703 -0.04595284068118699
0.19238420470968637 -0.04683557300859657
0.20215034775378343 -0.04769260512214875
0.2120959042910774 -0.04852246169431472
0.2222148834901989 -0.04932363257033115
0.23250119005645137 -0.05009453504596383
0.2429486279033891 -0.05083347681421437
0.2535509038851079 -0.051538623518814004
0.26430163158700104 -0.052207974323164215
0.27519433517269654 -0.05283934812790226
0.28622245328485874 -0.05343038211352187
0.29737934299750524 -0.05397854322340886
0.30865828381745486 -0.05448115212046555
0.320052481732506 -0.05493541813066897
0.33155507330389 -0.05533848280716173
0.3431591298005543 -0.05568746907524333
0.35485766137276875 -0.055979532502288556
0.36664362126255073 -0.05621191110792476
0.3785099100483679 -0.05638197029767318
0.3904493799215649 -0.05648723995418073
0.4024548389919357 -0.05652544141914488
0.41451905561984914 -0.056494502992116016
0.42663476277231926 -0.056392563590540803
0.43879466240039156 -0.05621796527961635
0.4509914298352198 -0.05596923640736571
0.46321771820016633 -0.05564506798822932
0.475466162836291 -0.055244286693618874
0.4877293857385438 -0.05476582826988027
0.4999999999999999 -0.054208715370501696
0.512270614261456 -0.053572043639085215
0.5245338371637088 -0.05285497941470444
0.5367822817998334 -0.05205677167740117
0.54900857016478 -0.051176779856355034
0.5612053375996082 -0.05021451795326483
0.5733652372276805 -0.0491697141697781
0.5854809443801506 -0.048042383960345214
0.5975451610080642 -0.04683291325318759
0.6095506200784349 -0.04554214758060463
0.6214900899516319 -0.04417148211355405
0.6333563787374491 -0.04272294716589353
0.645142338627231 -0.041199283661318024
0.6568408701994456 -0.039604003356796154
0.6684449266961098 -0.0379414292799213
0.6799475182674938 -0.03621671282769779
0.691341716182545 -0.0344358252304345
0.7026206570024947 -0.03260552252582291
0.713777546715141 -0.03073328471904604
0.7248056648273034 -0.02882723132038361
0.7356983684129987 -0.02689601684627073
0.746449096114892 -0.024948711043235806
0.7570513720966108 -0.02299466945991218
0.7674988099435485 -0.021043400483466777
0.7777851165098009 -0.01910443503133753
0.7879040957089227 -0.017187204733696376
0.7978496522462164 -0.015300933673392528
0.8076157952903136 -0.01345454761497335
0.8171966420818224 -0.01165660322682131
0.8265864214768883 -0.009915238177480218
0.8357794774235092 -0.008238141282670454
0.8447702723685334 -0.0066325402163099805
0.8535533905932737 -0.005105202801047344
0.8621235414757333 -0.0036624466775792954
0.8704755626774794 -0.00231015131755928
0.8786044232532422 -0.001053765968851394
0.8865052266813687 0.000101692748688437
0.894173213813303 0.001151659230545231
0.9016037657403225 0.0020920577472692903
0.9087924065757916 0.0029193646833573254
0.9157348061512727 0.003630695132178196
0.9224267826248536 0.00422391266504445
0.928864305000136 0.004697758843984354
0.9350434955543556 0.005051996860630033
0.9409606321741775 0.0052875617114983686
0.9466121505977576 0.005406707708694532
0.9519946465617215 0.00541314300308714
0.9571048778517655 0.0053121402661684865
0.9619397662556433 0.005110612805041281
0.9664963994173694 0.004817146200765517
0.9707720325915102 0.004441977049692137
0.9747640902965183 0.003996912493584425
0.9784701678661044 0.0034951868499581732
0.98188803289772 0.002951254666293997
0.985015626597272 0.0023805227595417684
0.9878510650192642 0.0017990270856680346
0.9903926402016152 0.001223063424641263
0.9926388211944706 0.0006687836790228098
0.9945882549823906 0.00015177189848720085
0.9962397672993549 -0.00031338418753155484
0.9975923633360985 -0.0007135094326262068
0.9986452283393451 -0.0010372285463257868
0.9993977281025862 -0.0012753083517304507
0.9998494093481021 -0.0014209405861803335
1.0 -0.0014699531384014825
