1.0 0.0014668571218133897
0.9998494093481021 0.0015464895352125534
0.9993977281025862 0.0017839288822190324
0.9986452283393451 0.002174857780778823
0.9975923633360985 0.0027122656375902442
0.9962397672993549 0.003386717197028857
0.9945882549823906 0.004186710959052334
0.9926388211944706 0.005099111011900254
0.9903926402016152 0.006109632620019428
0.9878510650192642 0.007203359705546608
0.985015626597272 0.008365271263179846
0.98188803289772 0.009580753792258753
0.9784701678661044 0.010836077992446022
0.9747640902965183 0.012118820166414628
0.9707720325915102 0.013418211865968638
0.9664963994173694 0.014725405123519875
0.9619397662556433 0.016033644911739562
0.9571048778517655 0.01733834503321576
0.9519946465617215 0.018637068215741164
0.9466121505977576 0.019929415542081254
0.9409606321741775 0.021216834261568243
0.9350434955543556 0.022502356332977806
0.928864305000136 0.02379028259383959
0.9224267826248536 0.025085829148256633
0.9157348061512727 0.02639475337188076
0.9087924065757916 0.027722976857866663
0.9016037657403225 0.029076221727688183
0.894173213813303 0.030459675103315657
0.8865052266813687 0.03187769431334803
0.8786044232532422 0.03333356273978981
0.8704755626774794 0.034829303271795876
0.8621235414757333 0.03636555328784273
0.8535533905932737 0.03794150210064438
0.8447702723685334 0.03955488901540248
0.8357794774235092 0.041202057693554534
0.8265864214768883 0.04287806047408979
0.8171966420818224 0.04457680474400335
0.8076157952903136 0.04629123239748356
0.7978496522462164 0.04801352287809248
0.7879040957089227 0.04973531023022178
0.7777851165098009 0.051447904943667785
0.7674988099435485 0.053142512089714135
0.7570513720966108 0.05481043823974694
0.746449096114892 0.05644328084510562
0.7356983684129987 0.05803309505829527
0.7248056648273034 0.059572534316129126
0.713777546715141 0.06105496232050913
0.7026206570024947 0.06247453529085363
0.691341716182545 0.06382625448598823
0.6799475182674938 0.06510598997860628
0.6684449266961098 0.06631047750046687
0.6568408701994456 0.06743729085974645
0.645142338627231 0.06848479296920983
0.6333563787374491 0.06945206892546175
0.6214900899516319 0.07033884485755043
0.6095506200784349 0.07114539642909777
0.5975451610080642 0.07187245094109812
0.5854809443801506 0.07252108694851354
0.5733652372276805 0.07309263517544617
0.5612053375996082 0.07358858429102479
0.54900857016478 0.07401049478997107
0.5367822817998334 0.07435992380740183
0.5245338371637088 0.07463836318856341
0.512270614261456 0.07484719253707747
0.4999999999999999 0.07498764829205525
0.4877293857385438 0.07506080915420095
0.475466162836291 0.07506759742002846
0.46321771820016633 0.07500879502435225
0.4509914298352198 0.07488507237212742
0.43879466240039156 0.0746970274021263
0.42663476277231926 0.07444523180736093
0.41451905561984914 0.07413028097773182
0.4024548389919357 0.07375284405949438
0.3904493799215649 0.07331371056430908
0.3785099100483679 0.07281383021592908
0.36664362126255073 0.0722543431887651
0.35485766137276875 0.07163659854843514
0.3431591298005543 0.07096215951417185
0.33155507330389 0.07023279507791598
0.320052481732506 0.06945045847626771
0.30865828381745486 0.068617253954115
0.29737934299750524 0.06773539411587558
0.28622245328485874 0.06680715086826909
0.27519433517269654 0.06583480346195132
0.26430163158700104 0.06482058739553095
0.2535509038851079 0.06376664792839411
0.2429486279033891 0.06267500165159053
0.23250119005645137 0.061547509002630084
0.2222148834901989 0.06038585981461851
0.2120959042910774 0.0591915730155433
0.20215034775378343 0.05796601050779072
0.19238420470968637 0.056710404139884076
0.18280335791817703 0.05542589361578688
0.17341357852311146 0.05411357225457223
0.16422052257649067 0.052774536790058856
0.15522972763146647 0.051409936947940736
0.14644660940672616 0.05002102040030001
0.1378764585242665 0.048609168895070234
0.12952443732252045 0.047175921887235954
0.12139557674675777 0.045722984830400965
0.11349477331863145 0.04425222036920187
0.10582678618669683 0.04276562193182545
0.09839623425967753 0.0412652705689975
0.09120759342420814 0.039753277223314586
0.08426519384872727 0.03823171384050003
0.07757321737514639 0.036702537757063294
0.07113569499986394 0.03516751453429584
0.06495650444564427 0.03362814479278626
0.059039367825822475 0.03208560059497335
0.05338784940224234 0.030540676513587703
0.048005353438278275 0.028993759728227132
0.042895122148234655 0.027444822356422597
0.038060233744356575 0.025893437820936522
0.03350360058263052 0.024338821474469724
0.029227967408489597 0.02277989405412658
0.025235909703481607 0.021215364935967165
0.021529832133895532 0.019643830719006963
0.018111967102280024 0.01806388349324626
0.014984373402728013 0.01647422232602481
0.012148934980735715 0.014873761100010626
0.009607359798384785 0.013261725890769058
0.007361178805529334 0.01163773558691348
0.005411745017609493 0.01000186040384095
0.0037602327006450165 0.008354654264783271
0.0024076366639015356 0.006697158635221518
0.0013547716606548965 0.005030877192291676
0.0006022718974137975 0.0033577225695095594
0.00015059065189787502 0.0016799382133778214
0.0 0.0
0.00015059065189787502 -0.001894006602907884
0.0006022718974137975 -0.0037790247000314783
0.0013547716606548965 -0.005645883647789604
0.0024076366639015356 -0.0074859214599634774
0.0037602327006450165 -0.009291212535252407
0.005411745017609493 -0.011054764809259822
0.007361178805529334 -0.012770678558717465
0.009607359798384785 -0.01443426098612693
0.012148934980735715 -0.016042092883423918
0.014984373402728013 -0.01759204599494906
0.018111967102280024 -0.019083252046885154
0.021529832133895532 -0.0205160266563709
0.025235909703481607 -0.021891753359963094
0.029227967408489597 -0.02321273470330265
0.03350360058263052 -0.024482018626958837
0.038060233744356575 -0.025703209207300615
0.042895122148234655 -0.02688027113341281
0.048005353438278275 -0.02801733711828559
0.05338784940224234 -0.029118526780416452
0.059039367825822475 -0.030187784443134823
0.06495650444564427 -0.031228741859247785
0.07113569499986394 -0.03224461017221617
0.07757321737514639 -0.03323810357856788
0.08426519384872727 -0.0342113952719098
0.09120759342420814 -0.035166104437803006
0.09839623425967753 -0.03610331143412484
0.10582678618669683 -0.037023596922568694
0.11349477331863145 -0.037927099683717165
0.12139557674675777 -0.03881358719778916
0.12952443732252045 -0.03968253282749154
0.1378764585242665 -0.04053319359417996
0.14644660940672616 -0.04136468306444232
0.15522972763146647 -0.0421760347094139
0.16422052257649067 -0.04296625219315803
0.17341357852311146 -0.04373434430527557
0.18280335791817703 -0.04447934358479205
0.19238420470968637 -0.04520030899408167
0.20215034775378343 -0.04589631420460278
0.2120959042910774 -0.046566424072542044
0.2222148834901989 -0.0472096626495939
0.23250119005645137 -0.047824976548883416
0.2429486279033891 -0.048411197647193344
0.2535509038851079 -0.04896700895367784
0.26430163158700104 -0.04949091703586793
0.27519433517269654 -0.04998123370978719
0.28622245328485874 -0.050436068832785876
0.29737934299750524 -0.05085333505764385
0.30865828381745486 -0.0512307643935629
0.320052481732506 -0.051565935453654996
0.33155507330389 -0.051856309424221265
0.3431591298005543 -0.05209927213290314
0.35485766137276875 -0.05229217917003003
0.36664362126255073 -0.05243240086100348
0.3785099100483679 -0.05251736400741491
0.3904493799215649 -0.05254458769945028
0.4024548389919357 -0.05251171112010358
0.41451905561984914 -0.05241651206273418
0.42663476277231926 -0.052256915803008404
0.43879466240039156 -0.05203099493000616
0.4509914298352198 -0.05173696167077082
0.46321771820016633 -0.051373155061024675
0.475466162836291 -0.050938025952774246
0.4877293857385438 -0.050430123250458946
0.4999999999999999 -0.04984808489168027
0.512270614261456 -0.049190636917337285
0.5245338371637088 -0.04845660351231771
0.5367822817998334 -0.04764493016727477
0.54900857016478 -0.046754721160923204
0.5612053375996082 -0.045785291455126116
0.5733652372276805 -0.044736231909829664
0.5854809443801506 -0.043607485547810375
0.5975451610080642 -0.04239943151844908
0.6095506200784349 -0.04111297250917132
0.6214900899516319 -0.03974962070605685
0.6333563787374491 -0.03831157706845787
0.645142338627231 -0.036801798692574474
0.6568408701994456 -0.03522404940816992
0.6684449266961098 -0.03358292946785644
0.6799475182674938 -0.03188388121132455
0.691341716182545 -0.03013316885605476
0.7026206570024947 -0.028337832000586177
0.713777546715141 -0.02650561393132892
0.7248056648273034 -0.0246448672964449
0.7356983684129987 -0.02276444104704953
0.746449096114892 -0.02087355365016271
0.7570513720966108 -0.01898165836639336
0.7674988099435485 -0.017098306795219752
0.7777851165098009 -0.015233016883873402
0.7879040957089227 -0.013395151162617844
0.7978496522462164 -0.01159381012995307
0.8076157952903136 -0.009837744515674455
0.8171966420818224 -0.008135288674279446
0.8265864214768883 -0.006494315704659706
0.8357794774235092 -0.0049222131691083575
0.8447702723685334 -0.0034258766186128966
0.8535533905932737 -0.002011716645630675
0.8621235414757333 -0.0006856739950267268
0.8704755626774794 0.0005467635330527489
0.8786044232532422 0.0016805489835710892
0.8865052266813687 0.002711075362111663
0.894173213813303 0.0036341916713260114
0.9016037657403225 0.004446240370929496
0.9087924065757916 0.0051441191243986805
0.9157348061512727 0.005725367713279321
0.9224267826248536 0.006188278795786647
0.928864305000136 0.006532028901248679
0.9350434955543556 0.006756823838518652
0.9409606321741775 0.006864050709261637
0.9466121505977576 0.006856427102251741
0.9519946465617215 0.006738136930686556
0.9571048778517655 0.006514941862218121
0.9619397662556433 0.006194257447682551
0.9664963994173694 0.00578518390634908
0.9707720325915102 0.0052984830571076265
0.9747640902965183 0.004746495037509298
0.9784701678661044 0.004142991126491384
0.98188803289772 0.003502962046923657
0.985015626597272 0.0028423444076673245
0.9878510650192642 0.002177691269725552
0.9903926402016152 0.0015257959973291116
0.9926388211944706 0.0009032813958415225
0.9945882549823906 0.0003261684723547865
0.9962397672993549 -0.00019055916460472447
0.9975923633360985 -0.0006333783344184615
0.9986452283393451 -0.0009906197303364626
0.9993977281025862 -0.0012528155468713856
0.9998494093481021 -0.001412986662781628
1.0 -0.0014668571218133897
