1.0 0.0011631772251782806
0.9998494093481021 0.001245621545406976
0.9993977281025862 0.0014915105269644434
0.9986452283393451 0.0018965671010835758
0.9975923633360985 0.0024538431339438567
0.9962397672993549 0.003153980999927114
0.9945882549823906 0.003985562471827075
0.9926388211944706 0.004935528715293729
0.9903926402016152 0.005989652041812638
0.9878510650192642 0.007133037945428532
0.985015626597272 0.008350634921745634
0.98188803289772 0.009627729679751257
0.9784701678661044 0.010950406580471823
0.9747640902965183 0.012305952383376327
0.9707720325915102 0.01368319050924122
0.9664963994173694 0.015072732849279988
0.9619397662556433 0.01646714144400115
0.9571048778517655 0.0178609968813049
0.9519946465617215 0.019250874776610086
0.9466121505977576 0.02063523596248227
0.9409606321741775 0.02201423981818069
0.9350434955543556 0.02338949333172707
0.928864305000136 0.024763750872680478
0.9224267826248536 0.02614058117604177
0.9157348061512727 0.02752401866181627
0.9087924065757916 0.028918215957317268
0.9016037657403225 0.030327113414633847
0.894173213813303 0.031754139629516696
0.8865052266813687 0.03320195460873136
0.8786044232532422 0.03467224446183835
0.8704755626774794 0.036165573483230455
0.8621235414757333 0.03768129641474417
0.8535533905932737 0.039217530702334975
0.8447702723685334 0.040771185827771124
0.8357794774235092 0.04233804442794945
0.8265864214768883 0.04391288799952579
0.8171966420818224 0.04548965858103736
0.8076157952903136 0.047061646930987855
0.7978496522462164 0.04862169736925336
0.7879040957089227 0.05016241958363408
0.7777851165098009 0.0516763982639015
0.7674988099435485 0.05315639233643751
0.7570513720966108 0.054595516748120076
0.746449096114892 0.05598740109995288
0.7356983684129987 0.05732632087349424
0.7248056648273034 0.058607298448724726
0.713777546715141 0.05982617251459372
0.7026206570024947 0.060979635771080315
0.691341716182545 0.06206524197706773
0.6799475182674938 0.06308138438898166
0.6684449266961098 0.06402724845116826
0.6568408701994456 0.06490274224102541
0.645142338627231 0.06570840864807802
0.6333563787374491 0.06644532358908223
0.6214900899516319 0.06711498474494453
0.6095506200784349 0.06771919536299402
0.5975451610080642 0.06825994761063373
0.5854809443801506 0.06873930980092287
0.5733652372276805 0.0691593215411556
0.5612053375996082 0.06952190048346706
0.54900857016478 0.06982876388239892
0.5367822817998334 0.07008136758965398
0.5245338371637088 0.07028086444550709
0.512270614261456 0.07042808326911378
0.4999999999999999 0.0705235288224801
0.4877293857385438 0.07056740224885347
0.475466162836291 0.07055964059706303
0.46321771820016633 0.07049997317689961
0.4509914298352198 0.07038799168992484
0.43879466240039156 0.07022323039040561
0.42663476277231926 0.07000525199672947
0.41451905561984914 0.069733734734497
0.4024548389919357 0.0694085557801492
0.3904493799215649 0.06902986650859128
0.3785099100483679 0.06859815533567819
0.36664362126255073 0.06811429457645445
0.35485766137276875 0.06757956858583272
0.3431591298005543 0.06699568146710623
0.33155507330389 0.06636474376846188
0.320052481732506 0.06568923877091284
0.30865828381745486 0.06497197012879218
0.29737934299750524 0.0642159936807866
0.28622245328485874 0.06342453713421985
0.27519433517269654 0.06260091197626043
0.26430163158700104 0.06174842233579585
0.2535509038851079 0.06087027558038121
0.2429486279033891 0.059969499176834876
0.23250119005645137 0.05904886778735948
0.2222148834901989 0.05811084375344038
0.2120959042910774 0.057157533095315974
0.20215034775378343 0.056190658000001135
0.19238420470968637 0.055211545571386175
0.18280335791817703 0.054221131462543544
0.17341357852311146 0.05321997599200247
0.16422052257649067 0.052208289542718514
0.15522972763146647 0.05118596352001344
0.14644660940672616 0.050152602947674096
0.1378764585242665 0.04910755692991257
0.12952443732252045 0.04804994369448453
0.12139557674675777 0.046978667725392755
0.11349477331863145 0.04589242753352451
0.10582678618669683 0.044789713820168636
0.09839623425967753 0.043668799065705206
0.09120759342420814 0.042527720819078976
0.08426519384872727 0.04136426206715584
0.07757321737514639 0.04017593292802311
0.07113569499986394 0.03895995845495677
0.06495650444564427 0.03771327749622946
0.059039367825822475 0.03643255729553352
0.05338784940224234 0.035114227834761834
0.048005353438278275 0.03375453884359991
0.042895122148234655 0.03234964098831181
0.038060233744356575 0.03089569109243522
0.03350360058263052 0.0293889794441621
0.029227967408489597 0.02782607543309618
0.025235909703481607 0.026203986063151167
0.021529832133895532 0.024520320435782
0.018111967102280024 0.02277345220332025
0.014984373402728013 0.02096267134972194
0.012148934980735715 0.019088316531069467
0.009607359798384785 0.017151879632590426
0.007361178805529334 0.01515607516791452
0.005411745017609493 0.013104868617706864
0.0037602327006450165 0.01100345970146476
0.0024076366639015356 0.008858218790480286
0.0013547716606548965 0.006676577070450201
0.0006022718974137975 0.004466873502698286
0.00015059065189787502 0.0022381639619894486
0.0 0.0
0.00015059065189787502 -0.0018019496586158383
0.0006022718974137975 -0.0035966690608324908
0.0013547716606548965 -0.005376817675923502
0.0024076366639015356 -0.007135524450587987
0.0037602327006450165 -0.00886659611885299
0.005411745017609493 -0.010564695218840063
0.007361178805529334 -0.01222548020486022
0.009607359798384785 -0.013845701992116337
0.012148934980735715 -0.01542325349233878
0.014984373402728013 -0.01695717106766305
0.018111967102280024 -0.018447589215353104
0.021529832133895532 -0.019895652066348777
0.025235909703481607 -0.021303387312876138
0.029227967408489597 -0.022673549866530186
0.03350360058263052 -0.02400944380168866
0.038060233744356575 -0.025314731899458532
0.042895122148234655 -0.02659324234365011
0.048005353438278275 -0.02784878183248049
0.05338784940224234 -0.029084963588239216
0.059039367825822475 -0.030305057530602315
0.06495650444564427 -0.03151186831047059
0.07113569499986394 -0.03270764508179567
0.07757321737514639 -0.03389402493288179
0.08426519384872727 -0.035072009925394755
0.09120759342420814 -0.03624197581594273
0.09839623425967753 -0.037403708869549045
0.10582678618669683 -0.03855646580885931
0.11349477331863145 -0.03969905094870641
0.12139557674675777 -0.0408299039888578
0.12952443732252045 -0.0419471917971764
0.1378764585242665 -0.043048897801889426
0.14644660940672616 -0.04413290328929442
0.15522972763146647 -0.045197055912306834
0.16422052257649067 -0.04623922197658634
0.17341357852311146 -0.04725732049147074
0.18280335791817703 -0.048249338451964274
0.19238420470968637 -0.04921332825416506
0.20215034775378343 -0.050147389444283604
0.2120959042910774 -0.05104963807744105
0.2222148834901989 -0.051918167750825514
0.23250119005645137 -0.05275100683209476
0.2429486279033891 -0.05354607650781658
0.2535509038851079 -0.0543011540328555
0.26430163158700104 -0.05501384499879236
0.27519433517269654 -0.0556815676083071
0.28622245328485874 -0.056301550911451836
0.29737934299750524 -0.056870847810205044
0.30865828381745486 -0.057386362457846
0.320052481732506 -0.05784489055833597
0.33155507330389 -0.05824317009111498
0.3431591298005543 -0.058577939220024126
0.35485766137276875 -0.058845997646316844
0.36664362126255073 -0.059044267469401994
0.3785099100483679 -0.05916984973674656
0.3904493799215649 -0.05922007328442968
0.4024548389919357 -0.05919253315779079
0.41451905561984914 -0.059085116803040204
0.42663476277231926 -0.05889601726516297
0.43879466240039156 -0.05862373373362616
0.4509914298352198 -0.058267060859025124
0.46321771820016633 -0.057825069235987445
0.475466162836291 -0.05729708023313217
0.4877293857385438 -0.056682638885775925
0.4999999999999999 -0.05598148880569588
0.512270614261456 -0.05519355298067103
0.5245338371637088 -0.054318923934542254
0.5367822817998334 -0.05335786602005843
0.54900857016478 -0.05231083166835812
0.5612053375996082 -0.051178492286698844
0.5733652372276805 -0.04996178326115226
0.5854809443801506 -0.04866196127395446
0.5975451610080642 -0.04728067097945917
0.6095506200784349 -0.04582001708773993
0.6214900899516319 -0.044282637159934995
0.6333563787374491 -0.042671769987078
0.645142338627231 -0.04099131434576247
0.6568408701994456 -0.039245873216109915
0.6684449266961098 -0.03744077920018932
0.6799475182674938 -0.035582097855907976
0.691341716182545 -0.03367660690170258
0.7026206570024947 -0.03173175066975537
0.713777546715141 -0.02975557069334948
0.7248056648273034 -0.027756614802096184
0.7356983684129987 -0.025743828460468975
0.746449096114892 -0.02372643322000025
0.7570513720966108 -0.021713797976803437
0.7674988099435485 -0.01971530916710234
0.7777851165098009 -0.017740246052909175
0.7879040957089227 -0.01579766683567177
0.7978496522462164 -0.013896310506119138
0.8076157952903136 -0.012044518142465356
0.8171966420818224 -0.010250175883106298
0.8265864214768883 -0.008520680123590495
0.8357794774235092 -0.0068629237374503455
0.8447702723685334 -0.005283300422013685
0.8535533905932737 -0.003787722749849055
0.8621235414757333 -0.0023816482820713985
0.8704755626774794 -0.001070107272779963
0.8786044232532422 0.00014227485840894523
0.8865052266813687 0.00125126693963418
0.894173213813303 0.002253039296999098
0.9016037657403225 0.0031441935809097925
0.9087924065757916 0.003921818247292564
0.9157348061512727 0.004583570757541761
0.9224267826248536 0.005127785313876739
0.928864305000136 0.00555360261049747
0.9350434955543556 0.005861115810764071
0.9409606321741775 0.006051524914095458
0.9466121505977576 0.006127290002818937
0.9519946465617215 0.006092272690139854
0.9571048778517655 0.005951854529822621
0.9619397662556433 0.005713021265316467
0.9664963994173694 0.005384402619763475
0.9707720325915102 0.004976258843967227
0.9747640902965183 0.004500407388517265
0.9784701678661044 0.003970085748998728
0.98188803289772 0.0033997496134120187
0.985015626597272 0.002804808753668881
0.9878510650192642 0.002201306464110298
0.9903926402016152 0.0016055515668071804
0.9926388211944706 0.0010337148865482517
0.9945882549823906 0.0005014044732855709
0.9962397672993549 2.3235567460333202e-05
0.9975923633360985 -0.00038758774977322755
0.9986452283393451 -0.0007196621751970945
0.9993977281025862 -0.000963729786970684
0.9998494093481021 -0.001112962951836634
1.0 -0.0011631772251782806
