1.0 0.0018610349581330713
0.9998494093481021 0.0019384660334513886
0.9993977281025862 0.0021693508633677796
0.9986452283393451 0.0025495180133545303
0.9975923633360985 0.0030721917626952426
0.9962397672993549 0.0037282484619513855
0.9945882549823906 0.004506558604853806
0.9926388211944706 0.005394398848240821
0.9903926402016152 0.006377915157465292
0.9878510650192642 0.007442616168930661
0.985015626597272 0.008573874841902505
0.98188803289772 0.009757416554351734
0.9784701678661044 0.0109797729569863
0.9747640902965183 0.012228683051880067
0.9707720325915102 0.013493425970589269
0.9664963994173694 0.01476507361113424
0.9619397662556433 0.016036655441327284
0.9571048778517655 0.01730323215619597
0.9519946465617215 0.01856187925310894
0.9466121505977576 0.019811585731713002
0.9409606321741775 0.021053076830538902
0.9350434955543556 0.02228857280430822
0.928864305000136 0.023521498093151242
0.9224267826248536 0.024756156751893507
0.9157348061512727 0.025997390659084175
0.9087924065757916 0.027250236825906514
0.9016037657403225 0.028519599135113413
0.894173213813303 0.029809948160380684
0.8865052266813687 0.0311250604795913
0.8786044232532422 0.03246780625638819
0.8704755626774794 0.0338399909893295
0.8621235414757333 0.03524225438471361
0.8535533905932737 0.03667402645619664
0.8447702723685334 0.0381335383326402
0.8357794774235092 0.03961788298140209
0.8265864214768883 0.041123119214102305
0.8171966420818224 0.04264441099005296
0.8076157952903136 0.04417619319069563
0.7978496522462164 0.045712354697358466
0.7879040957089227 0.04724642972805515
0.7777851165098009 0.048771788918466175
0.7674988099435485 0.05028182249321564
0.7570513720966108 0.05177010898223265
0.746449096114892 0.05323056420649976
0.7356983684129987 0.05465756660401929
0.7248056648273034 0.056046056314542105
0.713777546715141 0.05739160672654136
0.7026206570024947 0.058690468362384715
0.691341716182545 0.05993958600326652
0.6799475182674938 0.06113659081474241
0.6684449266961098 0.06227976992062089
0.6568408701994456 0.06336801639247455
0.645142338627231 0.06440076298708669
0.6333563787374491 0.06537790319249707
0.6214900899516319 0.06629970325434506
0.6095506200784349 0.06716670886630821
0.5975451610080642 0.06797965013689952
0.5854809443801506 0.06873934830073639
0.5733652372276805 0.06944662743200057
0.5612053375996082 0.07010223414342182
0.54900857016478 0.07070676791506542
0.5367822817998334 0.07126062429167561
0.5245338371637088 0.07176395271440274
0.512270614261456 0.07221663021445188
0.4999999999999999 0.07261825159931906
0.4877293857385438 0.07296813611965125
0.475466162836291 0.07326534993584613
0.46321771820016633 0.07350874303418707
0.4509914298352198 0.07369699860384862
0.43879466240039156 0.07382869231326847
0.42663476277231926 0.07390235845291838
0.41451905561984914 0.07391655957522543
0.4024548389919357 0.07386995609000266
0.3904493799215649 0.0737613722858855
0.3785099100483679 0.07358985545489721
0.36664362126255073 0.07335472519583083
0.35485766137276875 0.0730556105465848
0.3431591298005543 0.07269247331653915
0.33155507330389 0.07226561681602973
0.320052481732506 0.07177568005977697
0.30865828381745486 0.07122361839716995
0.29737934299750524 0.07061067233466779
0.28622245328485874 0.06993832700647343
0.27519433517269654 0.06920826526798153
0.26430163158700104 0.06842231769215512
0.2535509038851079 0.06758241281635786
0.2429486279033891 0.06669053080778096
0.23250119005645137 0.06574866329946644
0.2222148834901989 0.06475878152445193
0.2120959042910774 0.06372281408804362
0.20215034775378343 0.06264263482690759
0.19238420470968637 0.061520060277623294
0.18280335791817703 0.060356855390363943
0.17341357852311146 0.059154745348365435
0.16422052257649067 0.05791543075709656
0.15522972763146647 0.05664060310269169
0.14644660940672616 0.055331957284686074
0.1378764585242665 0.0539911982205037
0.12952443732252045 0.05262003899328331
0.12139557674675777 0.05122018874257583
0.11349477331863145 0.04979332942997663
0.10582678618669683 0.048341081681430705
0.09839623425967753 0.04686496103372217
0.09120759342420814 0.04536632700568564
0.08426519384872727 0.04384632838492807
0.07757321737514639 0.04230584888399507
0.07113569499986394 0.04074545780400876
0.06495650444564427 0.03916537049523354
0.059039367825822475 0.03756542319221831
0.05338784940224234 0.035945066221728904
0.048005353438278275 0.034303378657647765
0.042895122148234655 0.032639106278033354
0.038060233744356575 0.03095072323909184
0.03350360058263052 0.02923651631160426
0.029227967408489597 0.02749468893305184
0.025235909703481607 0.025723480824657613
0.021529832133895532 0.023921297615959267
0.018111967102280024 0.02208684390932719
0.014984373402728013 0.020219252584497985
0.012148934980735715 0.018318202946356103
0.009607359798384785 0.016384020587056045
0.007361178805529334 0.014417752564128122
0.005411745017609493 0.012421212655765086
0.0037602327006450165 0.01039699297934868
0.0024076366639015356 0.008348440059703775
0.0013547716606548965 0.0062795953995042585
0.0006022718974137975 0.004195102612687499
0.00015059065189787502 0.002100085104976443
0.0 0.0
0.00015059065189787502 -0.0016220645789937977
0.0006022718974137975 -0.0032348328269964097
0.0013547716606548965 -0.004828752341685411
0.0024076366639015356 -0.006394866125618786
0.0037602327006450165 -0.007925076673523128
0.005411745017609493 -0.009412371536841005
0.007361178805529334 -0.010851000761884786
0.009607359798384785 -0.012236599128316577
0.012148934980735715 -0.01356624898983923
0.014984373402728013 -0.01483848257346137
0.018111967102280024 -0.016053225653126935
0.021529832133895532 -0.01721168740519793
0.025235909703481607 -0.018316203816631356
0.029227967408489597 -0.01937004411274692
0.03350360058263052 -0.020377191191058942
0.038060233744356575 -0.0213421079175859
0.042895122148234655 -0.022269501329114413
0.048005353438278275 -0.023164096297169184
0.05338784940224234 -0.02403042909513938
0.059039367825822475 -0.024872669653807137
0.06495650444564427 -0.025694479207625492
0.07113569499986394 -0.0264989076625478
0.07757321737514639 -0.027288332507848387
0.08426519384872727 -0.028064438605072933
0.09120759342420814 -0.028828235867105426
0.09839623425967753 -0.029580109824354602
0.10582678618669683 -0.03031989847504415
0.11349477331863145 -0.03104698771461087
0.12139557674675777 -0.03176041708316066
0.12952443732252045 -0.0324589875713134
0.1378764585242665 -0.03314136375896544
0.14644660940672616 -0.03380616357030609
0.15522972763146647 -0.03445203032476388
0.16422052257649067 -0.03507768343796497
0.17341357852311146 -0.035681945955233385
0.18280335791817703 -0.0362637489526691
0.19238420470968637 -0.03682211459030551
0.20215034775378343 -0.03735612113247151
0.2120959042910774 -0.03786485446528106
0.2222148834901989 -0.03834735146803524
0.23250119005645137 -0.03880254099127706
0.2429486279033891 -0.039229188147667696
0.2535509038851079 -0.03962584715246353
0.26430163158700104 -0.03999082710711132
0.27519433517269654 -0.04032217397639956
0.28622245328485874 -0.04061767066011566
0.29737934299750524 -0.04087485561004447
0.30865828381745486 -0.04109105900280328
0.320052481732506 -0.04126345415555055
0.33155507330389 -0.04138912076125222
0.3431591298005543 -0.041465115701602294
0.35485766137276875 -0.041488546724581875
0.36664362126255073 -0.04145664417911031
0.3785099100483679 -0.04136682628203388
0.3904493799215649 -0.0412167540254853
0.4024548389919357 -0.041004372762324014
0.41451905561984914 -0.040727938659141726
0.42663476277231926 -0.04038602948934556
0.43879466240039156 -0.03997754055295585
0.4509914298352198 -0.03950166775285733
0.46321771820016633 -0.03895788093274931
0.475466162836291 -0.038345891405950114
0.4877293857385438 -0.03766561811127591
0.4999999999999999 -0.0369171569806923
0.512270614261456 -0.0361007578782418
0.5245338371637088 -0.03521681288361516
0.5367822817998334 -0.034265858786445134
0.54900857016478 -0.0332485954930514
0.5612053375996082 -0.03216592070986774
0.5733652372276805 -0.03101897985495093
0.5854809443801506 -0.029809228765548243
0.5975451610080642 -0.02853850551987187
0.6095506200784349 -0.02720910667107027
0.6214900899516319 -0.025823862481894583
0.6333563787374491 -0.024386205409585443
0.645142338627231 -0.0229002261562344
0.6568408701994456 -0.021370712075979383
0.6684449266961098 -0.019803163593218275
0.6799475182674938 -0.01820378548381613
0.691341716182545 -0.01657945132739548
0.7026206570024947 -0.014937641056716494
0.713777546715141 -0.013286353199942879
0.7248056648273034 -0.011633995017417135
0.7356983684129987 -0.009989255162694445
0.746449096114892 -0.008360964644416017
0.7570513720966108 -0.006757952645055263
0.7674988099435485 -0.005188904102465537
0.7777851165098009 -0.0036622258469784326
0.7879040957089227 -0.002185927508605628
0.7978496522462164 -0.000767522396107467
0.8076157952903136 0.0005860478363377873
0.8171966420818224 0.0018684625896532988
0.8265864214768883 0.0030740454867721444
0.8357794774235092 0.004197762897999194
0.8447702723685334 0.005235201226253854
0.8535533905932737 0.006182527949755744
0.8621235414757333 0.0070364426840786596
0.8704755626774794 0.0077941253589544745
0.8786044232532422 0.008453188935246466
0.8865052266813687 0.009011643873771315
0.894173213813303 0.009467880805449257
0.9016037657403225 0.009820676573845175
0.9087924065757916 0.01006922709451702
0.9157348061512727 0.01021320840091102
0.9224267826248536 0.010252864950500911
0.928864305000136 0.010189121893037585
0.9350434955543556 0.01002371571065391
0.9409606321741775 0.009759335582798831
0.9466121505977576 0.009399766153313041
0.9519946465617215 0.008950021208700004
0.9571048778517655 0.008416457214076748
0.9619397662556433 0.007806855759752576
0.9664963994173694 0.007130464770419946
0.9707720325915102 0.006397989801847232
0.9747640902965183 0.005621528835929174
0.9784701678661044 0.004814446583884415
0.98188803289772 0.003991187285151635
0.985015626597272 0.0031670281854638068
0.9878510650192642 0.0023577791136753937
0.9903926402016152 0.0015794366683216801
0.9926388211944706 0.0008478042908602985
0.9945882549823906 0.00017809177737477416
0.9962397672993549 -0.00041549057634225357
0.9975923633360985 -0.0009201270966575885
0.9986452283393451 -0.0013247649209330837
0.9993977281025862 -0.0016204397785371325
0.9998494093481021 -0.0018005454142780866
1.0 -0.0018610349581330713
