1.0 0.002031295534618946
0.9998494093481021 0.002104816002871184
0.9993977281025862 0.0023239325079991435
0.9986452283393451 0.002684365785727484
0.9975923633360985 0.003179165933194174
0.9962397672993549 0.003798976827446907
0.9945882549823906 0.00453238901134843
0.9926388211944706 0.005366364829458004
0.9903926402016152 0.006286716439989563
0.9878510650192642 0.007278615163471332
0.985015626597272 0.008327109553586974
0.98188803289772 0.009417629629592
0.9784701678661044 0.010536455869374666
0.9747640902965183 0.011671133744795247
0.9707720325915102 0.012810817649744094
0.9664963994173694 0.013946531844957012
0.9619397662556433 0.015071340307140187
0.9571048778517655 0.016180421888178555
0.9519946465617215 0.017271051721578043
0.9466121505977576 0.01834249412380843
0.9409606321741775 0.01939581611449903
0.9350434955543556 0.020433633940069626
0.928864305000136 0.02145980749001478
0.9224267826248536 0.022479099150625834
0.9157348061512727 0.023496814404857493
0.9087924065757916 0.02451844136722513
0.9016037657403225 0.025549305494434252
0.894173213813303 0.026594254033032668
0.8865052266813687 0.027657382485696467
0.8786044232532422 0.02874181265307517
0.8704755626774794 0.02984952880750347
0.8621235414757333 0.030981275450630927
0.8535533905932737 0.032136517064408295
0.8447702723685334 0.033313457433199294
0.8357794774235092 0.03450911361989814
0.8265864214768883 0.03571943761783655
0.8171966420818224 0.03693947713791892
0.8076157952903136 0.03816356595882772
0.7978496522462164 0.03938553376754053
0.7879040957089227 0.040598925419427064
0.7777851165098009 0.04179721999953352
0.7674988099435485 0.04297404089875298
0.7570513720966108 0.044123349248004665
0.746449096114892 0.04523961439234858
0.7356983684129987 0.046317956547767894
0.7248056648273034 0.04735425828453251
0.713777546715141 0.04834524295095694
0.7026206570024947 0.04928851953115006
0.691341716182545 0.05018259467557706
0.6799475182674938 0.05102685372406622
0.6684449266961098 0.05182151344112668
0.6568408701994456 0.05256754989874263
0.645142338627231 0.05326660547710969
0.6333563787374491 0.0539208793205045
0.6214900899516319 0.05453300579867418
0.6095506200784349 0.05510592559993258
0.5975451610080642 0.05564275403573469
0.5854809443801506 0.05614665098074063
0.5733652372276805 0.05662069661724168
0.5612053375996082 0.05706777680551376
0.54900857016478 0.05749048146745404
0.5367822817998334 0.05789101885436241
0.5245338371637088 0.05827114797652186
0.512270614261456 0.058632130810446215
0.4999999999999999 0.05897470518145714
0.4877293857385438 0.0592990784618006
0.475466162836291 0.059604941450444204
0.46321771820016633 0.05989150103781574
0.4509914298352198 0.0601575295390069
0.43879466240039156 0.060401427936782395
0.42663476277231926 0.060621299745674866
0.41451905561984914 0.060815031822590696
0.4024548389919357 0.06098037823446694
0.3904493799215649 0.06111504326839614
0.3785099100483679 0.061216759842780556
0.36664362126255073 0.061283359946088134
0.35485766137276875 0.06131283427654254
0.3431591298005543 0.06130337895295685
0.33155507330389 0.06125342797398535
0.320052481732506 0.0611616709713346
0.30865828381745486 0.06102705667699753
0.29737934299750524 0.060848783348216307
0.28622245328485874 0.060626278111471685
0.27519433517269654 0.06035916774935574
0.26430163158700104 0.060047243822838
0.2535509038851079 0.05969042517075813
0.2429486279033891 0.059288720748771596
0.23250119005645137 0.05884219546893881
0.2222148834901989 0.05835094120321554
0.2120959042910774 0.05781505445945499
0.20215034775378343 0.05723462148030862
0.19238420470968637 0.05660971071591973
0.18280335791817703 0.05594037184734227
0.17341357852311146 0.05522663985532226
0.16422052257649067 0.054468542098647155
0.15522972763146647 0.05366610603691545
0.14644660940672616 0.052819365138336204
0.1378764585242665 0.051928360669582695
0.12952443732252045 0.050993137467057074
0.12139557674675777 0.05001373241180809
0.11349477331863145 0.04899015512909117
0.10582678618669683 0.047922361347044785
0.09839623425967753 0.04681022030386229
0.09120759342420814 0.045653478509016264
0.08426519384872727 0.04445172296066353
0.07757321737514639 0.04320434752300856
0.07113569499986394 0.04191052651053516
0.06495650444564427 0.0405691995641627
0.059039367825822475 0.03917907161247728
0.05338784940224234 0.03773863108837782
0.048005353438278275 0.0362461886421528
0.042895122148234655 0.0346999374049622
0.038060233744356575 0.03309803448245803
0.03350360058263052 0.031438701884654786
0.029227967408489597 0.02972034362445716
0.025235909703481607 0.02794167434739494
0.021529832133895532 0.026101853690281323
0.018111967102280024 0.024200619697729492
0.014984373402728013 0.022238414126794816
0.012148934980735715 0.020216492392740242
0.009607359798384785 0.01813701127730456
0.007361178805529334 0.016003088329644147
0.005411745017609493 0.013818828104232348
0.0037602327006450165 0.01158931193618357
0.0024076366639015356 0.00932054976511335
0.0013547716606548965 0.007019394477253283
0.0006022718974137975 0.0046934212237071575
0.00015059065189787502 0.002350776067989385
0.0 0.0
0.00015059065189787502 -0.001957981513278383
0.0006022718974137975 -0.00390705411793426
0.0013547716606548965 -0.005837968504367637
0.0024076366639015356 -0.007742006582374437
0.0037602327006450165 -0.009611218080268148
0.005411745017609493 -0.011438623795900695
0.007361178805529334 -0.013218377091220446
0.009607359798384785 -0.014945877345178216
0.012148934980735715 -0.0166178315005031
0.014984373402728013 -0.018232262423291335
0.018111967102280024 -0.019788465397732956
0.021529832133895532 -0.021286916559349254
0.025235909703481607 -0.022729139295271837
0.029227967408489597 -0.02411753649230891
0.03350360058263052 -0.025455197898881194
0.038060233744356575 -0.02674569271982337
0.042895122148234655 -0.027992857849800615
0.048005353438278275 -0.029200591871291894
0.05338784940224234 -0.030372664129157397
0.059039367825822475 -0.0315125469084641
0.06495650444564427 -0.032623277074217284
0.07113569499986394 -0.033707351589838154
0.07757321737514639 -0.03476665923773597
0.08426519384872727 -0.035802448747767675
0.09120759342420814 -0.03681533152301661
0.09839623425967753 -0.037805315352438126
0.10582678618669683 -0.038771864014970396
0.11349477331863145 -0.03971397658564091
0.12139557674675777 -0.040630279600292106
0.12952443732252045 -0.041519125041995196
0.1378764585242665 -0.04237868736962272
0.14644660940672616 -0.04320705347978443
0.15522972763146647 -0.044002300514708284
0.16422052257649067 -0.04476255771761804
0.17341357852311146 -0.04548604999624125
0.18280335791817703 -0.0461711223791036
0.19238420470968637 -0.04681624603251281
0.20215034775378343 -0.04742000784933268
0.2120959042910774 -0.047981086737449836
0.2222148834901989 -0.048498220558284476
0.23250119005645137 -0.048970168148359854
0.2429486279033891 -0.049395670979501254
0.2535509038851079 -0.04977341878122792
0.26430163158700104 -0.05010202289283195
0.27519433517269654 -0.05038000028526827
0.28622245328485874 -0.0506057701651953
0.29737934299750524 -0.05077766392898184
0.30865828381745486 -0.050893948063524076
0.320052481732506 -0.0509528584836679
0.33155507330389 -0.05095264383687367
0.3431591298005543 -0.050891614566097115
0.35485766137276875 -0.05076819405589138
0.36664362126255073 -0.050580968027497494
0.3785099100483679 -0.050328728505817696
0.3904493799215649 -0.050010509140338964
0.4024548389919357 -0.049625609386181255
0.41451905561984914 -0.049173605983374453
0.42663476277231926 -0.04865435123933719
0.43879466240039156 -0.048067958738048644
0.4509914298352198 -0.04741477818198821
0.46321771820016633 -0.04669536203414409
0.475466162836291 -0.04591042739030646
0.4877293857385438 -0.0450608170137226
0.4999999999999999 -0.044147463661200224
0.512270614261456 -0.04317136170047521
0.5245338371637088 -0.04213354956585287
0.5367822817998334 -0.04103510584981187
0.54900857016478 -0.03987716083206098
0.5612053375996082 -0.03866092407338812
0.5733652372276805 -0.037387727433025424
0.5854809443801506 -0.03605908159734616
0.5975451610080642 -0.03467674302882053
0.6095506200784349 -0.033242787246885404
0.6214900899516319 -0.03175968361507913
0.6333563787374491 -0.03023036639260724
0.645142338627231 -0.028658296752693296
0.6568408701994456 -0.027047510788679625
0.6684449266961098 -0.025402649209198203
0.6799475182674938 -0.023728965426780987
0.691341716182545 -0.022032310006817626
0.7026206570024947 -0.020319090882442766
0.713777546715141 -0.01859621025774328
0.7248056648273034 -0.016870980610639984
0.7356983684129987 -0.01515102356130507
0.746449096114892 -0.013444156492403167
0.7570513720966108 -0.011758272608341606
0.7674988099435485 -0.010101220537288349
0.7777851165098009 -0.008480689572896554
0.7879040957089227 -0.006904106212563231
0.7978496522462164 -0.005378546796392516
0.8076157952903136 -0.003910669836567876
0.8171966420818224 -0.0025066701285710253
0.8265864214768883 -0.0011722550541461794
0.8357794774235092 8.735826218779085e-05
0.8447702723685334 0.001267427970795436
0.8535533905932737 0.002363659222230475
0.8621235414757333 0.0033721683392235044
0.8704755626774794 0.004289445980293794
0.8786044232532422 0.005112326171179508
0.8865052266813687 0.005837967892224449
0.894173213813303 0.006463855192232089
0.9016037657403225 0.006987820578055074
0.9087924065757916 0.007408094765927638
0.9157348061512727 0.007723383869547004
0.9224267826248536 0.007932972862863234
0.928864305000136 0.008036851834382725
0.9350434955543556 0.008035859297929009
0.9409606321741775 0.007931834797396783
0.9466121505977576 0.007727771386869888
0.9519946465617215 0.007427957411156039
0.9571048778517655 0.007038096456838817
0.9619397662556433 0.006565394457428572
0.9664963994173694 0.006018603745395917
0.9707720325915102 0.005408015333404499
0.9747640902965183 0.0047453928185956906
0.9784701678661044 0.0040438439385502185
0.98188803289772 0.003317628831413044
0.985015626597272 0.0025819073035446356
0.9878510650192642 0.0018524307052369265
0.9903926402016152 0.0011451871698323584
0.9926388211944706 0.00047601179868757846
0.9945882549823906 -0.00013982429681189037
0.9962397672993549 -0.0006880304999411565
0.9975923633360985 -0.001155702213450274
0.9986452283393451 -0.0015316987716601433
0.9993977281025862 -0.0018069778478934755
0.9998494093481021 -0.0019748720281758006
1.0 -0.002031295534618946
