1.0 0.0017467007483932717
0.9998494093481021 0.0018283105684844822
0.9993977281025862 0.0020716810912048376
0.9986452283393451 0.0024724904287409363
0.9975923633360985 0.0030237159490874525
0.9962397672993549 0.0037158961934661834
0.9945882549823906 0.004537480332543424
0.9926388211944706 0.005475249024960148
0.9903926402016152 0.0065147874195291815
0.9878510650192642 0.007640988916645592
0.985015626597272 0.008838567272604602
0.98188803289772 0.010092554728424498
0.9784701678661044 0.011388765045215495
0.9747640902965183 0.012714202543695013
0.9707720325915102 0.014057401334734824
0.9664963994173694 0.015408682704969137
0.9619397662556433 0.01676032286805126
0.9571048778517655 0.01810662777067742
0.9519946465617215 0.019443916110942566
0.9466121505977576 0.020770415952415324
0.9409606321741775 0.022086084090701227
0.9350434955543556 0.023392360474296978
0.928864305000136 0.02469187236508496
0.9224267826248536 0.025988104461198494
0.9157348061512727 0.027285051862621895
0.9087924065757916 0.02858687255453709
0.9016037657403225 0.02989755507845285
0.894173213813303 0.031220615360061297
0.8865052266813687 0.032558834400632224
0.8786044232532422 0.03391404587221364
0.8704755626774794 0.03528697975335531
0.8621235414757333 0.036677165169043194
0.8535533905932737 0.03808289271362958
0.8447702723685334 0.039501233877936776
0.8357794774235092 0.04092811288530451
0.8265864214768883 0.042358424350270346
0.8171966420818224 0.04378618875989626
0.8076157952903136 0.04520473686161034
0.7978496522462164 0.046606913613170646
0.7879040957089227 0.04798529237453988
0.7777851165098009 0.04933239044218218
0.7674988099435485 0.05064087777330314
0.7570513720966108 0.0519037717427508
0.746449096114892 0.05311461193885944
0.7356983684129987 0.05426761026052386
0.7248056648273034 0.0553577728586045
0.713777546715141 0.05638099171425775
0.7026206570024947 0.05733410482205217
0.691341716182545 0.05821492501742754
0.6799475182674938 0.059022238439438
0.6684449266961098 0.059755774444681053
0.6568408701994456 0.06041614948866268
0.645142338627231 0.06100478807325287
0.6333563787374491 0.061523824331843564
0.6214900899516319 0.061975988194952224
0.6095506200784349 0.062364480353027676
0.5975451610080642 0.06269284041070539
0.5854809443801506 0.06296481270395267
0.5733652372276805 0.06318421422098862
0.5612053375996082 0.06335480891995736
0.54900857016478 0.06348019246147737
0.5367822817998334 0.06356369096532188
0.5245338371637088 0.06360827685564051
0.512270614261456 0.06361650418375904
0.4999999999999999 0.06359046502625847
0.4877293857385438 0.06353176767333518
0.475466162836291 0.06344153638287889
0.46321771820016633 0.06332043152250137
0.4509914298352198 0.06316868800460293
0.43879466240039156 0.06298616909149019
0.42663476277231926 0.0627724319610458
0.41451905561984914 0.06252680092625315
0.4024548389919357 0.06224844393279415
0.3904493799215649 0.06193644794398682
0.3785099100483679 0.06158988907166668
0.36664362126255073 0.06120789381754161
0.35485766137276875 0.060789688525830235
0.3431591298005543 0.060334635070666325
0.33155507330389 0.059842251851390436
0.320052481732506 0.05931222027425822
0.30865828381745486 0.05874437798210436
0.29737934299750524 0.058138701074625355
0.28622245328485874 0.057495278366408255
0.27519433517269654 0.05681428129354452
0.26430163158700104 0.0560959333546
0.2535509038851079 0.05534048293030854
0.2429486279033891 0.05454818296445661
0.23250119005645137 0.05371928032654841
0.2222148834901989 0.05285401675951356
0.2120959042910774 0.05195264220896349
0.20215034775378343 0.0510154401174847
0.19238420470968637 0.05004276304269298
0.18280335791817703 0.04903507582016275
0.17341357852311146 0.0479930025376834
0.16422052257649067 0.04691737290070186
0.15522972763146647 0.04580926321771617
0.14644660940672616 0.04467002726270828
0.1378764585242665 0.04350131269552722
0.12952443732252045 0.04230505952648784
0.12139557674675777 0.04108347825425549
0.11349477331863145 0.03983900671442559
0.10582678618669683 0.03857424625480426
0.09839623425967753 0.037291879489995745
0.09120759342420814 0.03599457346116164
0.08426519384872727 0.03468487341512093
0.07757321737514639 0.033365093507532584
0.07113569499986394 0.03203721143252397
0.06495650444564427 0.030702774215816322
0.059039367825822475 0.029362822141399864
0.05338784940224234 0.028017837009480767
0.048005353438278275 0.026667719678583467
0.042895122148234655 0.02531180019536115
0.038060233744356575 0.023948881861159274
0.03350360058263052 0.022577318449023685
0.029227967408489597 0.02119512160973884
0.025235909703481607 0.01980009343881397
0.021529832133895532 0.01838997736301108
0.018111967102280024 0.016962619076267352
0.014984373402728013 0.015516128318699501
0.012148934980735715 0.014049031925412405
0.009607359798384785 0.012560408813325775
0.007361178805529334 0.011049998422608478
0.005411745017609493 0.009518275541590574
0.0037602327006450165 0.007966486338118115
0.0024076366639015356 0.006396642680186924
0.0013547716606548965 0.004811474311892108
0.0006022718974137975 0.0032143409979584667
0.00015059065189787502 0.0016091091959959374
0.0 0.0
0.00015059065189787502 -0.0019152287099064966
0.0006022718974137975 -0.0038203787534922995
0.0013547716606548965 -0.0057051260162321185
0.0024076366639015356 -0.007559696037477083
0.0037602327006450165 -0.00937510982559508
0.005411745017609493 -0.011143396354178587
0.007361178805529334 -0.012857763338982866
0.009607359798384785 -0.014512720014936932
0.012148934980735715 -0.016104148046710197
0.014984373402728013 -0.01762931927910179
0.018111967102280024 -0.01908686162142936
0.021529832133895532 -0.020476676820436548
0.025235909703481607 -0.021799816075562205
0.029227967408489597 -0.02305832127235339
0.03350360058263052 -0.024255040961734784
0.038060233744356575 -0.02539343103112465
0.042895122148234655 -0.026477350266687256
0.048005353438278275 -0.027510860696714146
0.05338784940224234 -0.028498041769587697
0.059039367825822475 -0.029442826121612874
0.06495650444564427 -0.030348863021508864
0.07113569499986394 -0.031219413650466096
0.07757321737514639 -0.032057280312754594
0.08426519384872727 -0.03286476959985729
0.09120759342420814 -0.033643687575510894
0.09839623425967753 -0.0343953633233056
0.10582678618669683 -0.03512069579816537
0.11349477331863145 -0.03582021792019681
0.12139557674675777 -0.03649417128873352
0.12952443732252045 -0.03714258479103039
0.1378764585242665 -0.03776535071935011
0.14644660940672616 -0.03836229274946474
0.15522972763146647 -0.03893322120567866
0.16422052257649067 -0.03947797235569282
0.17341357852311146 -0.039996429943025845
0.18280335791817703 -0.040488528669029245
0.19238420470968637 -0.04095424077548083
0.20215034775378343 -0.041393548154998475
0.2120959042910774 -0.04180640344714932
0.2222148834901989 -0.04219268429988416
0.23250119005645137 -0.04255214534907254
0.2429486279033891 -0.04288437247949849
0.2535509038851079 -0.04318874359086631
0.26430163158700104 -0.04346439943910299
0.27519433517269654 -0.043710227215132035
0.28622245328485874 -0.04392485843604546
0.29737934299750524 -0.04410668154438313
0.30865828381745486 -0.04425386843222099
0.320052481732506 -0.044364413018490464
0.33155507330389 -0.04443617909273312
0.3431591298005543 -0.04446695396461843
0.35485766137276875 -0.04445450407540491
0.36664362126255073 -0.04439662866214949
0.3785099100483679 -0.0442912078207141
0.3904493799215649 -0.04413624186803348
0.4024548389919357 -0.0439298797135832
0.41451905561984914 -0.04367043495101148
0.42663476277231926 -0.04335638949522609
0.43879466240039156 -0.042986385730603975
0.4509914298352198 -0.04255920921254575
0.46321771820016633 -0.04207376489146151
0.475466162836291 -0.041529050529927905
0.4877293857385438 -0.04092413140069346
0.4999999999999999 -0.04025812044646148
0.512270614261456 -0.03953016783663829
0.5245338371637088 -0.038739463281256145
0.5367822817998334 -0.03788525359254278
0.54900857016478 -0.03696687687716613
0.5612053375996082 -0.03598381347286943
0.5733652372276805 -0.034935752401470115
0.5854809443801506 -0.0338226707928363
0.5975451610080642 -0.03264492253881133
0.6095506200784349 -0.03140333145297665
0.6214900899516319 -0.030099283519371738
0.6333563787374491 -0.028734812469601367
0.645142338627231 -0.02731267296841665
0.6568408701994456 -0.025836396121585416
0.6684449266961098 -0.02431032282769053
0.6799475182674938 -0.022739611631493285
0.691341716182545 -0.02113021913046911
0.7026206570024947 -0.019488852548015613
0.713777546715141 -0.01782289571265628
0.7248056648273034 -0.016140311261400572
0.7356983684129987 -0.014449523307039141
0.746449096114892 -0.012759285971797811
0.7570513720966108 -0.011078544007430021
0.7674988099435485 -0.009416292130657764
0.7777851165098009 -0.007781439666164841
0.7879040957089227 -0.006182686600741962
0.7978496522462164 -0.004628416236858999
0.8076157952903136 -0.0031266083476305367
0.8171966420818224 -0.0016847751610640626
0.8265864214768883 -0.00030992074523480116
0.8357794774235092 0.0009914774510594968
0.8447702723685334 0.002213467896547502
0.8535533905932737 0.003350609661705293
0.8621235414757333 0.0043979482741909725
0.8704755626774794 0.005350989354283861
0.8786044232532422 0.006205676973501855
0.8865052266813687 0.006958383481629825
0.894173213813303 0.007605916809231301
0.9016037657403225 0.008145550003314484
0.9087924065757916 0.008575076058214535
0.9157348061512727 0.008892889059803285
0.9224267826248536 0.00909809039402476
0.928864305000136 0.009190616425566366
0.9350434955543556 0.009171381785222702
0.9409606321741775 0.00904243037227831
0.9466121505977576 0.008807084528956233
0.9519946465617215 0.008470081706572364
0.9571048778517655 0.008037687418528307
0.9619397662556433 0.007517773429502381
0.9664963994173694 0.006919850988582178
0.9707720325915102 0.006255050458877016
0.9747640902965183 0.0055360408663405105
0.9784701678661044 0.00477688558451074
0.98188803289772 0.003992833452648153
0.985015626597272 0.00320004792756199
0.9878510650192642 0.0024152802111469507
0.9903926402016152 0.0016554954856178804
0.9926388211944706 0.0009374642397550195
0.9945882549823906 0.0002773330104587602
0.9962397672993549 -0.00030980945137287384
0.9975923633360985 -0.0008103536642172716
0.9986452283393451 -0.0012125615409661287
0.9993977281025862 -0.0015069129254101712
0.9998494093481021 -0.0016863919194805134
1.0 -0.0017467007483932717
