1.0 0.0018601164495431063
0.9998494093481021 0.0019363858787380863
0.9993977281025862 0.002163772173386098
0.9986452283393451 0.0025380641475260196
0.9975923633360985 0.003052423233012424
0.9962397672993549 0.003697644739816957
0.9945882549823906 0.004462506392488294
0.9926388211944706 0.005334187999492045
0.9903926402016152 0.006298742979418364
0.9878510650192642 0.00734160032740496
0.985015626597272 0.0084480745553651
0.98188803289772 0.00960386121856359
0.9784701678661044 0.010795496824246343
0.9747640902965183 0.012010764121091122
0.9707720325915102 0.013239026852995502
0.9664963994173694 0.014471481844134814
0.9619397662556433 0.015701320547998887
0.9571048778517655 0.016923796704881235
0.9519946465617215 0.018136201267729943
0.9466121505977576 0.019337750041092016
0.9409606321741775 0.020529393319023852
0.9350434955543556 0.021713560024773947
0.928864305000136 0.02289385130891861
0.9224267826248536 0.024074700162387826
0.9157348061512727 0.025261014306331424
0.9087924065757916 0.026457819442692845
0.9016037657403225 0.027669918945944998
0.894173213813303 0.02890158434768789
0.8865052266813687 0.030156288645304737
0.8786044232532422 0.031436491711139755
0.8704755626774794 0.03274348406049389
0.8621235414757333 0.034077292128513514
0.8535533905932737 0.035436645173418845
0.8447702723685334 0.03681900111540639
0.8357794774235092 0.03822062616170536
0.8265864214768883 0.0396367210539245
0.8171966420818224 0.04106158526665263
0.8076157952903136 0.042488809515556426
0.7978496522462164 0.0439114864962433
0.7879040957089227 0.04532242984052654
0.7777851165098009 0.046714391789197694
0.7674988099435485 0.048080270966740744
0.7570513720966108 0.049413302818913145
0.746449096114892 0.05070722664902014
0.7356983684129987 0.051956424674409495
0.7248056648273034 0.053156030038926536
0.713777546715141 0.0543020021880408
0.7026206570024947 0.0553911693826703
0.691341716182545 0.05642123935178626
0.6799475182674938 0.057390780134018694
0.6684449266961098 0.05829917401994016
0.6568408701994456 0.05914654817665821
0.645142338627231 0.05993368602128782
0.6333563787374491 0.060661923722728904
0.6214900899516319 0.06133303636838828
0.6095506200784349 0.061949118351465146
0.5975451610080642 0.06251246243149333
0.5854809443801506 0.06302544170992866
0.5733652372276805 0.0634903984546569
0.5612053375996082 0.06390954331061093
0.54900857016478 0.06428486795457855
0.5367822817998334 0.06461807369658819
0.5245338371637088 0.06491051790491542
0.512270614261456 0.06516317944641843
0.4999999999999999 0.06537664360239308
0.4877293857385438 0.06555110616132968
0.475466162836291 0.06568639562815662
0.46321771820016633 0.06578201175408183
0.4509914298352198 0.06583717791512711
0.43879466240039156 0.06585090428599336
0.42663476277231926 0.06582205830359487
0.41451905561984914 0.06574943862277784
0.4024548389919357 0.06563184866046307
0.3904493799215649 0.06546816591985541
0.3785099100483679 0.06525740358827953
0.36664362126255073 0.06499876140264066
0.35485766137276875 0.06469166345394896
0.3431591298005543 0.0643357814221527
0.33155507330389 0.06393104264842625
0.320052481732506 0.06347762340870008
0.30865828381745486 0.06297592868862051
0.29737934299750524 0.0624265606138119
0.28622245328485874 0.06183027840083756
0.27519433517269654 0.061187953211748164
0.26430163158700104 0.060500521578481674
0.2535509038851079 0.059768941087871834
0.2429486279033891 0.058994151776670875
0.23250119005645137 0.05817704619093259
0.2222148834901989 0.05731845034637489
0.2120959042910774 0.056419116934309316
0.20215034775378343 0.0554797311140479
0.19238420470968637 0.054500928190138784
0.18280335791817703 0.053483321469049404
0.17341357852311146 0.05242753770198469
0.16422052257649067 0.051334256818815156
0.15522972763146647 0.05020425220090163
0.14644660940672616 0.049038427569426404
0.1378764585242665 0.047837846701652136
0.12952443732252045 0.04660375262866291
0.12139557674675777 0.04533757368975027
0.11349477331863145 0.044040914773894484
0.10582678618669683 0.04271553320194782
0.09839623425967753 0.041363299913762946
0.09120759342420814 0.03998614783332353
0.08426519384872727 0.03858601040019562
0.07757321737514639 0.03716475418998352
0.07113569499986394 0.035724110223635454
0.06495650444564427 0.034265608926139064
0.059039367825822475 0.03279052370195937
0.05338784940224234 0.03129982773528581
0.048005353438278275 0.02979416791223393
0.042895122148234655 0.02827385874029668
0.038060233744356575 0.026738897872087046
0.03350360058263052 0.025189003409897822
0.029227967408489597 0.023623671672805255
0.025235909703481607 0.02204225265391276
0.021529832133895532 0.020444039086277472
0.018111967102280024 0.018828363968339864
0.014984373402728013 0.017194700654284443
0.012148934980735715 0.015542759251304956
0.009607359798384785 0.013872573117834772
0.007361178805529334 0.012184569729198874
0.005411745017609493 0.010479621045073776
0.0037602327006450165 0.008759069723632083
0.0024076366639015356 0.007024729002634745
0.0013547716606548965 0.005278855710868002
0.0006022718974137975 0.00352409757434148
0.00015059065189787502 0.001763417625652094
0.0 0.0
0.00015059065189787502 -0.0016621524483921798
0.0006022718974137975 -0.0033179922226910493
0.0013547716606548965 -0.004960854812693891
0.0024076366639015356 -0.006584483388167083
0.0037602327006450165 -0.008183209678050933
0.005411745017609493 -0.009752108452875595
0.007361178805529334 -0.0112871189929823
0.009607359798384785 -0.012785128634156784
0.012148934980735715 -0.014244015428764861
0.014984373402728013 -0.015662649034784867
0.018111967102280024 -0.017040851031230195
0.021529832133895532 -0.01837931784078481
0.025235909703481607 -0.019679511210712868
0.029227967408489597 -0.02094352266652275
0.03350360058263052 -0.02217391943375182
0.038060233744356575 -0.02337357996920912
0.042895122148234655 -0.02454552742782168
0.048005353438278275 -0.0256927691160215
0.05338784940224234 -0.0268181492754644
0.059039367825822475 -0.02792422145474263
0.06495650444564427 -0.029013145335885362
0.07113569499986394 -0.030086611277545968
0.07757321737514639 -0.031145794119227993
0.08426519384872727 -0.03219133606636289
0.09120759342420814 -0.033223356847896346
0.09839623425967753 -0.034241487901005174
0.10582678618669683 -0.03524492617203018
0.11349477331863145 -0.036232502289945116
0.12139557674675777 -0.037202757407370377
0.12952443732252045 -0.038154022928375456
0.1378764585242665 -0.03908449764120601
0.14644660940672616 -0.03999231741293579
0.15522972763146647 -0.0408756135261332
0.16422052257649067 -0.04173255687218879
0.17341357852311146 -0.0425613864773062
0.18280335791817703 -0.04336042213455651
0.19238420470968637 -0.04412806215815673
0.20215034775378343 -0.04486276837970006
0.2120959042910774 -0.045563041397622565
0.2222148834901989 -0.04622738971440274
0.23250119005645137 -0.046854296714561976
0.2429486279033891 -0.047442189436466574
0.2535509038851079 -0.04798941278109689
0.26430163158700104 -0.048494212212258435
0.27519433517269654 -0.04895472718563763
0.28622245328485874 -0.04936899656495912
0.29737934299750524 -0.04973497621958582
0.30865828381745486 -0.05005056793193109
0.320052481732506 -0.050313657757215725
0.33155507330389 -0.050522161148164796
0.3431591298005543 -0.05067407154711895
0.35485766137276875 -0.05076750880517292
0.36664362126255073 -0.050800763739902575
0.3785099100483679 -0.05077233539558704
0.3904493799215649 -0.05068095810572243
0.4024548389919357 -0.05052561623886405
0.41451905561984914 -0.05030554547851154
0.42663476277231926 -0.050020220574225484
0.43879466240039156 -0.049669330623134826
0.4509914298352198 -0.04925274401330113
0.46321771820016633 -0.04877046610018495
0.475466162836291 -0.04822259342017848
0.4877293857385438 -0.047609268710169995
0.4999999999999999 -0.04693064115719585
0.512270614261456 -0.04618683612706616
0.5245338371637088 -0.04537793811872797
0.5367822817998334 -0.044503989889233216
0.54900857016478 -0.043565009642018135
0.5612053375996082 -0.042561026937499476
0.5733652372276805 -0.041492136653128564
0.5854809443801506 -0.040358568982378926
0.5975451610080642 -0.03916077221360721
0.6095506200784349 -0.037899503961091756
0.6214900899516319 -0.03657592571191628
0.6333563787374491 -0.035191695067193905
0.645142338627231 -0.03374904993644328
0.6568408701994456 -0.03225087920686311
0.6684449266961098 -0.030700775045304912
0.6799475182674938 -0.029103062963908313
0.691341716182545 -0.02746280703009079
0.7026206570024947 -0.025785789046556915
0.713777546715141 -0.02407846207041696
0.7248056648273034 -0.02234788017662894
0.7356983684129987 -0.020601607792346637
0.746449096114892 -0.01884761313381937
0.7570513720966108 -0.017094151177856693
0.7674988099435485 -0.015349642126928659
0.7777851165098009 -0.013622551437165079
0.7879040957089227 -0.01192127715705054
0.7978496522462164 -0.010254049587214785
0.8076157952903136 -0.00862884716429502
0.8171966420818224 -0.007053331068043452
0.8265864214768883 -0.005534799447563627
0.8357794774235092 -0.004080160473796819
0.8447702723685334 -0.0026959217746400305
0.8535533905932737 -0.0013881923210432758
0.8621235414757333 -0.00016269162414885062
0.8704755626774794 0.0009752397239324356
0.8786044232532422 0.002020634502283158
0.8865052266813687 0.0029689045059615128
0.894173213813303 0.0038158629263650226
0.9016037657403225 0.004557767855918004
0.9087924065757916 0.005191389712211345
0.9157348061512727 0.005714103434866639
0.9224267826248536 0.0061240041374138665
0.928864305000136 0.006420042636411367
0.9350434955543556 0.006602175083149594
0.9409606321741775 0.006671518944328554
0.9466121505977576 0.006630505964143484
0.9519946465617215 0.006483021620684407
0.9571048778517655 0.0062345200671793865
0.9619397662556433 0.005892103691852691
0.9664963994173694 0.00546455726769971
0.9707720325915102 0.004962328181086841
0.9747640902965183 0.004397446368249618
0.9784701678661044 0.0037833802530354193
0.98188803289772 0.003134828033233201
0.985015626597272 0.0024674469436696132
0.9878510650192642 0.001797526449890611
0.9903926402016152 0.0011416145062826493
0.9926388211944706 0.0005161088596044583
0.9945882549823906 -6.317227961234132e-05
0.9962397672993549 -0.000581424186816131
0.9975923633360985 -0.001025277260426379
0.9986452283393451 -0.0013831893253080153
0.9993977281025862 -0.0016457923548452063
0.9998494093481021 -0.001806178970946197
1.0 -0.0018601164495431063
