1.0 0.0017070348506037889
0.9998494093481021 0.001787588449719046
0.9993977281025862 0.002027767119997715
0.9986452283393451 0.0024231797864078222
0.9975923633360985 0.0029666897904138787
0.9962397672993549 0.0036486787843104454
0.9945882549823906 0.004457399046035135
0.9926388211944706 0.0053793981544636525
0.9903926402016152 0.0063999968455999215
0.9878510650192642 0.007503798734583324
0.985015626597272 0.008675209534160178
0.98188803289772 0.009898943463577035
0.9784701678661044 0.011160495697129126
0.9747640902965183 0.012446561863916697
0.9707720325915102 0.013745388641563244
0.9664963994173694 0.015047043204580286
0.9619397662556433 0.016343593478204764
0.9571048778517655 0.01762919557729273
0.9519946465617215 0.018900089238658557
0.9466121505977576 0.02015450625444563
0.9409606321741775 0.02139250067596032
0.9350434955543556 0.02261571270712133
0.928864305000136 0.023827080611260265
0.9224267826248536 0.02503051652892066
0.9157348061512727 0.026230562812199723
0.9087924065757916 0.027432045337319824
0.9016037657403225 0.02863973932182266
0.894173213813303 0.02985806154620786
0.8865052266813687 0.031090800693656648
0.8786044232532422 0.0323408949290993
0.8704755626774794 0.03361026300486957
0.8621235414757333 0.034899692269790575
0.8535533905932737 0.03620878412774216
0.8447702723685334 0.03753595487882004
0.8357794774235092 0.03887848759477895
0.8265864214768883 0.040232628815032104
0.8171966420818224 0.04159372245294893
0.8076157952903136 0.042956372395773545
0.7978496522462164 0.04431462485672805
0.7879040957089227 0.04566216156044166
0.7777851165098009 0.04699249525772528
0.7674988099435485 0.04829915980313652
0.7570513720966108 0.04957588801071056
0.746449096114892 0.050816771649456305
0.7356983684129987 0.052016399174014474
0.7248056648273034 0.05316996803853024
0.713777546715141 0.05427336965596556
0.7026206570024947 0.055323246196709544
0.691341716182545 0.05631701943921396
0.6799475182674938 0.05725289277433898
0.6684449266961098 0.05812982821826709
0.6568408701994456 0.0589475009090599
0.645142338627231 0.05970623405770837
0.6333563787374491 0.06040691770703934
0.6214900899516319 0.061050914932114966
0.6095506200784349 0.061639959302480875
0.5975451610080642 0.06217604752467094
0.5854809443801506 0.06266133119331953
0.5733652372276805 0.0630980114976597
0.5612053375996082 0.06348824055092392
0.54900857016478 0.06383403272613755
0.5367822817998334 0.06413718898728135
0.5245338371637088 0.06439923669784368
0.512270614261456 0.06462138677338986
0.4999999999999999 0.064804509332674
0.4877293857385438 0.06494912821347121
0.475466162836291 0.06505543388403823
0.46321771820016633 0.0651233134362552
0.4509914298352198 0.0651523955355466
0.43879466240039156 0.06514210747256156
0.42663476277231926 0.06509174085929917
0.41451905561984914 0.06500052208115738
0.4024548389919357 0.06486768339194347
0.3904493799215649 0.06469253054575547
0.3785099100483679 0.06447450310831988
0.36664362126255073 0.06421322407529896
0.35485766137276875 0.06390853612388277
0.3431591298005543 0.06356052269798144
0.33155507330389 0.06316951312344798
0.320052481732506 0.06273607200369402
0.30865828381745486 0.06226097418656108
0.29737934299750524 0.06174516754723967
0.28622245328485874 0.06118972662984595
0.27519433517269654 0.06059580077149272
0.26430163158700104 0.05996456065091346
0.2535509038851079 0.05929714723071571
0.2429486279033891 0.058594626791013786
0.23250119005645137 0.057857955197809285
0.2222148834901989 0.057087953749382046
0.2120959042910774 0.05628529795540254
0.20215034775378343 0.05545051949995498
0.19238420470968637 0.05458402050570186
0.18280335791817703 0.05368609814141282
0.17341357852311146 0.052756976686484595
0.16422052257649067 0.05179684346257901
0.15522972763146647 0.05080588462754772
0.14644660940672616 0.049784316743235524
0.1378764585242665 0.04873241029469712
0.12952443732252045 0.047650501945088075
0.12139557674675777 0.046538993222131356
0.11349477331863145 0.04539833448748114
0.10582678618669683 0.04422899435698643
0.09839623425967753 0.043031416119506574
0.09120759342420814 0.04180596403750517
0.08426519384872727 0.04055286359625884
0.07757321737514639 0.03927214069960711
0.07113569499986394 0.03796356540342263
0.06495650444564427 0.03662660597028798
0.059039367825822475 0.035260398784805934
0.05338784940224234 0.03386373898441308
0.048005353438278275 0.03243509556398819
0.042895122148234655 0.030972653263979945
0.038060233744356575 0.029474381839390263
0.03350360058263052 0.02793813144144362
0.029227967408489597 0.026361750950994828
0.025235909703481607 0.024743224314981646
0.021529832133895532 0.023080818383919087
0.018111967102280024 0.021373234546690347
0.014984373402728013 0.019619755704916912
0.012148934980735715 0.01782037989089452
0.009607359798384785 0.015975932144642237
0.007361178805529334 0.014088147124322135
0.005411745017609493 0.012159716290026426
0.0037602327006450165 0.010194295298214856
0.0024076366639015356 0.008196469366757842
0.0013547716606548965 0.00617167668857364
0.0006022718974137975 0.004126092340019648
0.00015059065189787502 0.002066477397864035
0.0 0.0
0.00015059065189787502 -0.0018783294180260816
0.0006022718974137975 -0.003748282681665372
0.0013547716606548965 -0.005601205817869189
0.0024076366639015356 -0.007428907939146297
0.0037602327006450165 -0.009223868833463123
0.005411745017609493 -0.010979418981540286
0.007361178805529334 -0.012689884991080286
0.009607359798384785 -0.014350695149603908
0.012148934980735715 -0.01595844175260308
0.014984373402728013 -0.017510898954359214
0.018111967102280024 -0.019006997001214606
0.021529832133895532 -0.020446755727551186
0.025235909703481607 -0.02183118201604319
0.029227967408489597 -0.02316213745147993
0.03350360058263052 -0.02444218355520816
0.038060233744356575 -0.025674412720932786
0.042895122148234655 -0.02686227325327602
0.048005353438278275 -0.02800939673565874
0.05338784940224234 -0.029119435347479253
0.059039367825822475 -0.030195915760381418
0.06495650444564427 -0.03124211493890628
0.07113569499986394 -0.032260961637924086
0.07757321737514639 -0.03325496572503341
0.08426519384872727 -0.034226175762783674
0.09120759342420814 -0.03517616366414141
0.09839623425967753 -0.03610603377877659
0.10582678618669683 -0.03701645255828312
0.11349477331863145 -0.03790769404854784
0.12139557674675777 -0.038779695909175
0.12952443732252045 -0.039632120481876455
0.1378764585242665 -0.040464415616820376
0.14644660940672616 -0.04127587048977808
0.15522972763146647 -0.04206566245446322
0.16422052257649067 -0.04283289200756851
0.17341357852311146 -0.04357660412009473
0.18280335791817703 -0.044295795422063085
0.19238420470968637 -0.044989407931841814
0.20215034775378343 -0.045656311113922446
0.2120959042910774 -0.04629527495788154
0.2222148834901989 -0.04690493743895688
0.23250119005645137 -0.047483770107919265
0.2429486279033891 -0.04803004564615283
0.2535509038851079 -0.04854181101398589
0.26430163158700104 -0.049016869340253955
0.27519433517269654 -0.049452772991687786
0.28622245328485874 -0.049846829380521714
0.29737934299750524 -0.050196120087555626
0.30865828381745486 -0.050497532871803606
0.320052481732506 -0.05074780518353868
0.33155507330389 -0.05094357696685087
0.3431591298005543 -0.05108144989261227
0.35485766137276875 -0.05115804975034954
0.36664362126255073 -0.05117008857746611
0.3785099100483679 -0.05111442322604027
0.3904493799215649 -0.050988107449889096
0.4024548389919357 -0.05078843520670331
0.41451905561984914 -0.0505129736631668
0.42663476277231926 -0.05015958530234393
0.43879466240039156 -0.04972643949000727
0.4509914298352198 -0.04921201478356405
0.46321771820016633 -0.04861509408888348
0.475466162836291 -0.04793475541879201
0.4877293857385438 -0.0471703614267391
0.4999999999999999 -0.04632155104120127
0.512270614261456 -0.04538823639167244
0.5245338371637088 -0.044370607798058535
0.5367822817998334 -0.043269148916286686
0.54900857016478 -0.04208466323878037
0.5612053375996082 -0.04081831210158742
0.5733652372276805 -0.03947166322623874
0.5854809443801506 -0.0380467477078413
0.5975451610080642 -0.036546122337587916
0.6095506200784349 -0.03497293329975767
0.6214900899516319 -0.03333097668208528
0.6333563787374491 -0.03162475093995964
0.645142338627231 -0.029859496494812482
0.6568408701994456 -0.0280412180372921
0.6684449266961098 -0.026176685833309017
0.6799475182674938 -0.02427341335782683
0.691341716182545 -0.022339609846469353
0.7026206570024947 -0.020384107778506143
0.713777546715141 -0.018416266792348653
0.7248056648273034 -0.01644585698433965
0.7356983684129987 -0.014482925850555902
0.746449096114892 -0.012537654203323914
0.7570513720966108 -0.010620207146428813
0.7674988099435485 -0.008740586562682251
0.7777851165098009 -0.006908491516587208
0.7879040957089227 -0.005133192493627209
0.7978496522462164 -0.0034234245064898835
0.8076157952903136 -0.0017873028470515985
0.8171966420818224 -0.00023226372790313156
0.8265864214768883 0.0012349696622711813
0.8357794774235092 0.0026083969535536295
0.8447702723685334 0.0038827292370861455
0.8535533905932737 0.0050533611049823944
0.8621235414757333 0.006116331894280487
0.8704755626774794 0.007068282800552382
0.8786044232532422 0.007906416912510412
0.8865052266813687 0.008628469084642109
0.894173213813303 0.00923269189804956
0.9016037657403225 0.00971786278382415
0.9087924065757916 0.010083315757699624
0.9157348061512727 0.010328999231579022
0.9224267826248536 0.010455559146864723
0.928864305000136 0.010464444357203707
0.9350434955543556 0.010358028927311854
0.9409606321741775 0.01013974396547157
0.9466121505977576 0.009814209917960302
0.9519946465617215 0.009387359054376807
0.9571048778517655 0.0088665372673366
0.9619397662556433 0.008260574367967755
0.9664963994173694 0.007579812810111471
0.9707720325915102 0.006836086208486972
0.9747640902965183 0.006042641073548543
0.9784701678661044 0.005213997771784282
0.98188803289772 0.004365749702356083
0.985015626597272 0.0035143028983512046
0.9878510650192642 0.0026765615333631003
0.9903926402016152 0.0018695679529726983
0.9926388211944706 0.0011101086701328674
0.9945882549823906 0.00041430009191223784
0.9962397672993549 -0.0002028305640553057
0.9975923633360985 -0.0007277527640655884
0.9986452283393451 -0.0011488120440372668
0.9993977281025862 -0.0014565654912048558
0.9998494093481021 -0.0016440590719682595
1.0 -0.0017070348506037889
