1.0 0.0017259358572014412
0.9998494093481021 0.0018083769742290355
0.9993977281025862 0.0020542374459626774
0.9986452283393451 0.00245918473894736
0.9975923633360985 0.0030161823662848393
0.9962397672993549 0.0037157574811340407
0.9945882549823906 0.004546357970235773
0.9926388211944706 0.0054947826072008765
0.9903926402016152 0.006546664625047325
0.9878510650192642 0.007686986871571968
0.985015626597272 0.008900605620298659
0.98188803289772 0.010172760163240846
0.9784701678661044 0.011489546485976575
0.9747640902965183 0.012838335536605513
0.9707720325915102 0.014208119709582079
0.9664963994173694 0.015589774989326588
0.9619397662556433 0.01697623051915341
0.9571048778517655 0.018362541940057753
0.9519946465617215 0.01974586943648056
0.9466121505977576 0.021125365795179814
0.9409606321741775 0.022501983712583835
0.9350434955543556 0.023878214891699202
0.928864305000136 0.025257776009698273
0.9224267826248536 0.026645258317574163
0.9157348061512727 0.02804575841082674
0.9087924065757916 0.0294645075933439
0.9016037657403225 0.0309065163019464
0.894173213813303 0.0323762483652968
0.8865052266813687 0.0338773375711269
0.8786044232532422 0.035412356267697655
0.8704755626774794 0.03698264270065197
0.8621235414757333 0.03858819065966379
0.8535533905932737 0.040227601947922235
0.8447702723685334 0.041898099342481857
0.8357794774235092 0.043595595211758736
0.8265864214768883 0.0453148088953435
0.8171966420818224 0.047049424395430195
0.8076157952903136 0.048792278909432815
0.7978496522462164 0.05053557224826927
0.7879040957089227 0.052271087203663434
0.7777851165098009 0.05399041139564575
0.7674988099435485 0.05568515197477083
0.7570513720966108 0.05734713568715096
0.746449096114892 0.05896858814366377
0.7356983684129987 0.0605422875781335
0.7248056648273034 0.06206168984982523
0.713777546715141 0.06352102287095077
0.7026206570024947 0.06491534996155045
0.691341716182545 0.06624060280894872
0.6799475182674938 0.06749358570942127
0.6684449266961098 0.06867195358276203
0.6568408701994456 0.06977416687567299
0.645142338627231 0.07079942691670657
0.6333563787374491 0.07174759557005739
0.6214900899516319 0.07261910317762725
0.6095506200784349 0.07341484879909618
0.5975451610080642 0.07413609667730621
0.5854809443801506 0.07478437268705278
0.5733652372276805 0.07536136428135566
0.5612053375996082 0.07586882713846059
0.54900857016478 0.07630850133994288
0.5367822817998334 0.07668203947812602
0.5245338371637088 0.07699094860204883
0.512270614261456 0.07723654736933516
0.4999999999999999 0.07741993918357984
0.4877293857385438 0.07754200147470848
0.475466162836291 0.07760339063979578
0.46321771820016633 0.07760456152585556
0.4509914298352198 0.07754579973051365
0.43879466240039156 0.07742726445076556
0.42663476277231926 0.07724903915488897
0.41451905561984914 0.07701118701743641
0.4024548389919357 0.07671380786752341
0.3904493799215649 0.07635709337524414
0.3785099100483679 0.07594137734998258
0.36664362126255073 0.07546717834698817
0.35485766137276875 0.0749352322625442
0.3431591298005543 0.07434651321934936
0.33155507330389 0.0737022417675085
0.320052481732506 0.07300388020900715
0.30865828381745486 0.07225311564477353
0.29737934299750524 0.07145183209069972
0.28622245328485874 0.07060207366073175
0.27519433517269654 0.06970600132488745
0.26430163158700104 0.0687658460802646
0.2535509038851079 0.06778386149839204
0.2429486279033891 0.06676227852188006
0.23250119005645137 0.06570326508247495
0.2222148834901989 0.06460889262271054
0.2120959042910774 0.06348111096081571
0.20215034775378343 0.062321732192511616
0.19238420470968637 0.06113242353221651
0.18280335791817703 0.05991470822328295
0.17341357852311146 0.05866997295565589
0.16422052257649067 0.057399479678274065
0.15522972763146647 0.056104379331405205
0.14644660940672616 0.054785724885815644
0.1378764585242665 0.05344448117897574
0.12952443732252045 0.052081529382079834
0.12139557674675777 0.05069766449458311
0.11349477331863145 0.04929358500569901
0.10582678618669683 0.04786987472924092
0.09839623425967753 0.046426977741467604
0.09120759342420814 0.04496516825601941
0.08426519384872727 0.0434845180787847
0.07757321737514639 0.04198486492608117
0.07113569499986394 0.040465785299469356
0.06495650444564427 0.03892657574277622
0.059039367825822475 0.0373662461339479
0.05338784940224234 0.035783528180999294
0.048005353438278275 0.034176901515953276
0.042895122148234655 0.032544638754643015
0.038060233744356575 0.03088486967566036
0.03350360058263052 0.0291956633474137
0.029227967408489597 0.02747512568851836
0.025235909703481607 0.025721508679073662
0.021529832133895532 0.023933326342615246
0.018111967102280024 0.02210947177595196
0.014984373402728013 0.02024932898702621
0.012148934980735715 0.018352873159244366
0.009607359798384785 0.01642075321974192
0.007361178805529334 0.014454351247137481
0.005411745017609493 0.012455814282406856
0.0037602327006450165 0.010428055449448937
0.0024076366639015356 0.008374722871963943
0.0013547716606548965 0.0063001365949739456
0.0006022718974137975 0.004209195475939798
0.00015059065189787502 0.002107257691103721
0.0 0.0
0.00015059065189787502 -0.001520953923983927
0.0006022718974137975 -0.0030345625280750956
0.0013547716606548965 -0.004533210878686417
0.0024076366639015356 -0.006009772767420277
0.0037602327006450165 -0.007457825891019792
0.005411745017609493 -0.008871833634162772
0.007361178805529334 -0.010247285224545277
0.009607359798384785 -0.01158078829479471
0.012148934980735715 -0.012870110455554359
0.014984373402728013 -0.014114169208293045
0.018111967102280024 -0.01531297224675531
0.021529832133895532 -0.01646751275590491
0.025235909703481607 -0.017579626571313723
0.029227967408489597 -0.018651819884731004
0.03350360058263052 -0.019687077474885933
0.038060233744356575 -0.020688662141333403
0.042895122148234655 -0.021659916094847763
0.048005353438278275 -0.022604074519886146
0.05338784940224234 -0.02352410041912588
0.059039367825822475 -0.024422548256563606
0.06495650444564427 -0.025301461941620373
0.07113569499986394 -0.02616231047044419
0.07757321737514639 -0.02700596220296919
0.08426519384872727 -0.0278326964496318
0.09120759342420814 -0.028642248908766328
0.09839623425967753 -0.029433885659275027
0.10582678618669683 -0.030206498976185516
0.11349477331863145 -0.030958717274445286
0.12139557674675777 -0.03168902104216062
0.12952443732252045 -0.03239585670792985
0.1378764585242665 -0.033077740973672595
0.14644660940672616 -0.03373334917873213
0.15522972763146647 -0.03436158266027797
0.16422052257649067 -0.034961611735374695
0.17341357852311146 -0.03553289273394303
0.18280335791817703 -0.036075159335926886
0.19238420470968637 -0.03658839018952121
0.20215034775378343 -0.03707275629997763
0.2120959042910774 -0.0375285528874816
0.2222148834901989 -0.037956121248369494
0.23250119005645137 -0.038355766574378364
0.2429486279033891 -0.038727677677126066
0.2535509038851079 -0.039071854146690246
0.26430163158700104 -0.03938804568890453
0.27519433517269654 -0.03967570730477304
0.28622245328485874 -0.03993397268490185
0.29737934299750524 -0.040161646791957974
0.30865828381745486 -0.04035721719973338
0.320052481732506 -0.04051888245074427
0.33155507330389 -0.04064459457803745
0.3431591298005543 -0.04073211208751925
0.35485766137276875 -0.04077905916986728
0.36664362126255073 -0.04078298673625329
0.3785099100483679 -0.04074143105328957
0.3904493799215649 -0.040651966266822624
0.4024548389919357 -0.04051224790384379
0.41451905561984914 -0.040320045458420946
0.42663476277231926 -0.0400732633170876
0.43879466240039156 -0.03976995046811141
0.4509914298352198 -0.03940830057164422
0.46321771820016633 -0.038986644952747986
0.475466162836291 -0.03850344183691036
0.4877293857385438 -0.0379572656154399
0.4999999999999999 -0.037346800065538456
0.512270614261456 -0.03667083924140399
0.5245338371637088 -0.03592829920922295
0.5367822817998334 -0.03511824295684884
0.54900857016478 -0.03423991972800161
0.5612053375996082 -0.03329281878963225
0.5733652372276805 -0.03227673633179065
0.5854809443801506 -0.031191852920852615
0.5975451610080642 -0.030038817777931003
0.6095506200784349 -0.02881883522581235
0.6214900899516319 -0.027533748016659164
0.6333563787374491 -0.026186111975728687
0.645142338627231 -0.02477925650568243
0.6568408701994456 -0.023317325996577768
0.6684449266961098 -0.021805298055047072
0.6799475182674938 -0.020248975652128805
0.691341716182545 -0.018654951718364884
0.7026206570024947 -0.017030546293566876
0.713777546715141 -0.015383717960572548
0.7248056648273034 -0.013722952845175176
0.7356983684129987 -0.012057135838110633
0.746449096114892 -0.010395409789377474
0.7570513720966108 -0.008747029157226404
0.7674988099435485 -0.00712121490428145
0.7777851165098009 -0.005527017289928242
0.7879040957089227 -0.003973192610769413
0.7978496522462164 -0.00246809892080578
0.8076157952903136 -0.001019614381615578
0.8171966420818224 0.0003649197613865584
0.8265864214768883 0.0016787313976611377
0.8357794774235092 0.0029156266420119975
0.8447702723685334 0.004069979237364733
0.8535533905932737 0.005136705254069382
0.8621235414757333 0.006111229276700468
0.8704755626774794 0.006989449041912307
0.8786044232532422 0.007767705758758906
0.8865052266813687 0.008442767067669185
0.894173213813303 0.009011828773380168
0.9016037657403225 0.00947254015494187
0.9087924065757916 0.009823055882553708
0.9157348061512727 0.010062115458811178
0.9224267826248536 0.01018914877967027
0.928864305000136 0.010204404025595332
0.9350434955543556 0.010109091803157343
0.9409606321741775 0.009905537418829767
0.9466121505977576 0.009597331526600398
0.9519946465617215 0.009189468275979142
0.9571048778517655 0.00868845959507072
0.9619397662556433 0.00810241443695487
0.9664963994173694 0.007441072718436997
0.9707720325915102 0.006715785267011862
0.9747640902965183 0.00593943330045512
0.9784701678661044 0.005126283689676028
0.98188803289772 0.004291779360576298
0.985015626597272 0.003452267509003802
0.9878510650192642 0.0026246716513039616
0.9903926402016152 0.0018261167215176742
0.9926388211944706 0.0010735192694749866
0.9945882549823906 0.0003831571420546591
0.9962397672993549 -0.00022976530110233604
0.9975923633360985 -0.0007515394850242572
0.9986452283393451 -0.0011703454114012177
0.9993977281025862 -0.0014765987160253687
0.9998494093481021 -0.0016632373803052442
1.0 -0.0017259358572014412
