1.0 0.0016690187354633324
0.9998494093481021 0.0017485101868404938
0.9993977281025862 0.0019855044813009023
0.9986452283393451 0.0023756173680631737
0.9975923633360985 0.002911725588388832
0.9962397672993549 0.003584233645302995
0.9945882549823906 0.00438142982567291
0.9926388211944706 0.005289915117196113
0.9903926402016152 0.006295085487059642
0.9878510650192642 0.007381645817257405
0.985015626597272 0.00853413272352254
0.98188803289772 0.009737423558497542
0.9784701678661044 0.010977210089940861
0.9747640902965183 0.012240417565734112
0.9707720325915102 0.013515552988980587
0.9664963994173694 0.014792970243108406
0.9619397662556433 0.01606504400961692
0.9571048778517655 0.017326248970853206
0.9519946465617215 0.01857314534213126
0.9466121505977576 0.019804276095165253
0.9409606321741775 0.02101998510347447
0.9350434955543556 0.022222168678594077
0.928864305000136 0.023413975434413467
0.9224267826248536 0.02459947102505091
0.9157348061512727 0.02578328501019962
0.9087924065757916 0.02697025692296348
0.9016037657403225 0.02816509760892875
0.894173213813303 0.029372080173572495
0.8865052266813687 0.03059477255365397
0.8786044232532422 0.03183582097624383
0.8704755626774794 0.03309679055868481
0.8621235414757333 0.034378066208265695
0.8535533905932737 0.03567881396759539
0.8447702723685334 0.0369970001690652
0.8357794774235092 0.038329463333034844
0.8265864214768883 0.039672031763056316
0.8171966420818224 0.041019678318093125
0.8076157952903136 0.042366702903170184
0.7978496522462164 0.043706932810973674
0.7879040957089227 0.045033931133802725
0.7777851165098009 0.046341203990603055
0.7674988099435485 0.04762239820273814
0.7570513720966108 0.048871482218996946
0.746449096114892 0.050082904445116316
0.7356983684129987 0.051251724587750895
0.7248056648273034 0.052373715096394206
0.713777546715141 0.053445431209521124
0.7026206570024947 0.05446424942737405
0.691341716182545 0.055428375402764817
0.6799475182674938 0.056336823237557926
0.6684449266961098 0.05718936898456419
0.6568408701994456 0.05798648178251728
0.645142338627231 0.05872923650460199
0.6333563787374491 0.05941921209342231
0.6214900899516319 0.060058379904868536
0.6095506200784349 0.0606489864077093
0.5975451610080642 0.061193434500609704
0.5854809443801506 0.06169416752615541
0.5733652372276805 0.06215355979118279
0.5612053375996082 0.06257381704982104
0.54900857016478 0.06295688997345045
0.5367822817998334 0.06330440312292016
0.5245338371637088 0.06361760135667816
0.512270614261456 0.06389731496080528
0.4999999999999999 0.06414394408480938
0.4877293857385438 0.06435746232764596
0.475466162836291 0.0645374385651714
0.46321771820016633 0.06468307537227608
0.4509914298352198 0.06479326170407435
0.43879466240039156 0.06486663689718321
0.42663476277231926 0.06490166257084301
0.41451905561984914 0.06489669868207464
0.4024548389919357 0.06485007984689076
0.3904493799215649 0.06476018809950534
0.3785099100483679 0.06462551853079158
0.36664362126255073 0.06444473472000846
0.35485766137276875 0.06421671153010991
0.3431591298005543 0.06394056364312278
0.33155507330389 0.06361565912218246
0.320052481732506 0.0632416182451847
0.30865828381745486 0.06281829879975442
0.29737934299750524 0.06234576989647382
0.28622245328485874 0.06182427708585609
0.27519433517269654 0.06125420210059615
0.26430163158700104 0.06063602084614664
0.2535509038851079 0.059970263303117985
0.2429486279033891 0.05925747877597743
0.23250119005645137 0.05849820943515202
0.2222148834901989 0.05769297438450227
0.2120959042910774 0.05684226559168625
0.20215034775378343 0.0559465560084896
0.19238420470968637 0.055006319155665714
0.18280335791817703 0.05402205843144382
0.17341357852311146 0.05299434350336381
0.16422052257649067 0.05192385043174808
0.15522972763146647 0.05081140170997312
0.14644660940672616 0.04965800223473217
0.1378764585242665 0.04846486736073761
0.12952443732252045 0.047233439647684165
0.12139557674675777 0.04596539164790132
0.11349477331863145 0.04466261306351321
0.10582678618669683 0.04332718175505655
0.09839623425967753 0.04196131932725199
0.09120759342420814 0.040567333260565
0.08426519384872727 0.039147548705261756
0.07757321737514639 0.03770423401814343
0.07113569499986394 0.03623952482249229
0.06495650444564427 0.03475535174782414
0.059039367825822475 0.0332533770189808
0.05338784940224234 0.03173494470089671
0.048005353438278275 0.030201048680379598
0.042895122148234655 0.028652321420754464
0.038060233744356575 0.02708904522504055
0.03350360058263052 0.025511186274473276
0.029227967408489597 0.023918450171973298
0.025235909703481607 0.022310356222200477
0.021529832133895532 0.020686326328270072
0.018111967102280024 0.019045783278966336
0.014984373402728013 0.017388252422728644
0.012148934980735715 0.015713460337312652
0.009607359798384785 0.014021424141734037
0.007361178805529334 0.01231252556523698
0.005411745017609493 0.010587564761650544
0.0037602327006450165 0.00884779008273726
0.0024076366639015356 0.007094901521774121
0.0013547716606548965 0.0053310272093959514
0.0006022718974137975 0.00355867407533946
0.00015059065189787502 0.0017806554645853898
0.0 0.0
0.00015059065189787502 -0.0014304923652258012
0.0006022718974137975 -0.002857830558131772
0.0013547716606548965 -0.004278521636052591
0.0024076366639015356 -0.005689391944573741
0.0037602327006450165 -0.007087725336767435
0.005411745017609493 -0.008471376856929672
0.007361178805529334 -0.009838855885240156
0.009607359798384785 -0.01118937443876675
0.012148934980735715 -0.012522858253238421
0.014984373402728013 -0.013839920316750501
0.018111967102280024 -0.015141798572499886
0.021529832133895532 -0.016430261435059344
0.025235909703481607 -0.017707486463721427
0.029227967408489597 -0.018975918911619854
0.03350360058263052 -0.020238117845210922
0.038060233744356575 -0.021496598054220783
0.042895122148234655 -0.02275367602353167
0.048005353438278275 -0.024011327820331305
0.05338784940224234 -0.025271065894695795
0.059039367825822475 -0.02653384055774138
0.06495650444564427 -0.027799970368475337
0.07113569499986394 -0.029069103925079928
0.07757321737514639 -0.03034021372571476
0.08426519384872727 -0.03161162094901771
0.09120759342420814 -0.03288104831330987
0.09839623425967753 -0.03414569670442248
0.10582678618669683 -0.03540234009785777
0.11349477331863145 -0.03664743250398719
0.12139557674675777 -0.037877220273486806
0.12952443732252045 -0.039087853126461555
0.1378764585242665 -0.040275487698635135
0.14644660940672616 -0.041436378192461154
0.15522972763146647 -0.04256694981884744
0.16422052257649067 -0.04366385203739434
0.17341357852311146 -0.044723990058247814
0.18280335791817703 -0.04574453455920384
0.19238420470968637 -0.0467229110001038
0.20215034775378343 -0.047656771191882816
0.2120959042910774 -0.04854395082131343
0.2222148834901989 -0.049382417383297614
0.23250119005645137 -0.05017021339033519
0.2429486279033891 -0.05090539979677595
0.2535509038851079 -0.051586004300931215
0.26430163158700104 -0.052209978601557204
0.27519433517269654 -0.052775167837783264
0.28622245328485874 -0.053279294401242454
0.29737934299750524 -0.053719957155858575
0.30865828381745486 -0.054094645920501505
0.320052481732506 -0.05440076994865524
0.33155507330389 -0.0546356981574798
0.3431591298005543 -0.05479680808475269
0.35485766137276875 -0.054881540038388084
0.36664362126255073 -0.05488745268192092
0.3785099100483679 -0.054812276380832116
0.3904493799215649 -0.05465396100658759
0.4024548389919357 -0.05441071552388067
0.41451905561984914 -0.054081037518878515
0.42663476277231926 -0.0536637317942442
0.43879466240039156 -0.05315791818220707
0.4509914298352198 -0.05256302972750243
0.46321771820016633 -0.051878803286861216
0.475466162836291 -0.0511052653078907
0.4877293857385438 -0.05024271602784918
0.4999999999999999 -0.04929171552992707
0.512270614261456 -0.04825307499023321
0.5245338371637088 -0.04712785604463804
0.5367822817998334 -0.04591738052589583
0.54900857016478 -0.04462325191454625
0.5612053375996082 -0.04324738877692423
0.5733652372276805 -0.041792069309111037
0.5854809443801506 -0.04025998495416671
0.5975451610080642 -0.03865430000097327
0.6095506200784349 -0.036978713191543285
0.6214900899516319 -0.035237516734040054
0.6333563787374491 -0.033435647798860824
0.645142338627231 -0.03157872760173374
0.6568408701994456 -0.029673083563346154
0.6684449266961098 -0.027725750766180432
0.6799475182674938 -0.025744449967048357
0.691341716182545 -0.023737540705890778
0.7026206570024947 -0.02171394949572956
0.713777546715141 -0.01968307458891882
0.7248056648273034 -0.017654670286930182
0.7356983684129987 -0.015638715090069193
0.746449096114892 -0.013645269071850236
0.7570513720966108 -0.011684326626250175
0.7674988099435485 -0.009765671111033963
0.7777851165098009 -0.007898737858481665
0.7879040957089227 -0.006092491536655826
0.7978496522462164 -0.004355322940704974
0.8076157952903136 -0.0026949690252760896
0.8171966420818224 -0.0011184584337724022
0.8265864214768883 0.00036791696163432125
0.8357794774235092 0.0017586058068730446
0.8447702723685334 0.0030487793531837346
0.8535533905932737 0.0042342965123957875
0.8621235414757333 0.005311657783257094
0.8704755626774794 0.006277954827193432
0.8786044232532422 0.0071308228706693354
0.8865052266813687 0.007868402986839997
0.894173213813303 0.008489320648980949
0.9016037657403225 0.008992685775983967
0.9087924065757916 0.009378117865474234
0.9157348061512727 0.009645797825212268
0.9224267826248536 0.00979654588855707
0.928864305000136 0.009831922675773644
0.9350434955543556 0.009754348192790968
0.9409606321741775 0.00956723149796473
0.9466121505977576 0.009275102063051167
0.9519946465617215 0.008883732636970966
0.9571048778517655 0.008400242793528481
0.9619397662556433 0.007833172376570035
0.9664963994173694 0.007192514778213172
0.9707720325915102 0.006489701385406905
0.9747640902965183 0.005737530551989275
0.9784701678661044 0.0049500370019054125
0.98188803289772 0.004142300513081997
0.985015626597272 0.003330195911148534
0.9878510650192642 0.0025300896392411567
0.9903926402016152 0.0017584912775949074
0.9926388211944706 0.0010316711804485349
0.9945882549823906 0.00036525770803506126
0.9962397672993549 -0.00022617078706386453
0.9975923633360985 -0.0007294831184151401
0.9986452283393451 -0.0011333653368762386
0.9993977281025862 -0.0014286481850432783
0.9998494093481021 -0.0016085779190963812
1.0 -0.0016690187354633324
