1.0 0.0018831212038508019
0.9998494093481021 0.00196848282318428
0.9993977281025862 0.0022231058153628093
0.9986452283393451 0.002642659429236872
0.9975923633360985 0.0032201059892935724
0.9962397672993549 0.003945962374473189
0.9945882549823906 0.004808648802636641
0.9926388211944706 0.005794908739129954
0.9903926402016152 0.00689028062951323
0.9878510650192642 0.008079600044672688
0.985015626597272 0.009347509818743587
0.98188803289772 0.010678955891177374
0.9784701678661044 0.012059647804475385
0.9747640902965183 0.013476465068071
0.9707720325915102 0.014917793731421852
0.9664963994173694 0.016373781325563885
0.9619397662556433 0.017836502609536932
0.9571048778517655 0.01930003305486556
0.9519946465617215 0.020760431472332103
0.9466121505977576 0.022215637395718826
0.9409606321741775 0.023665292576029846
0.9350434955543556 0.025110499031178984
0.928864305000136 0.026553528408676638
0.9224267826248536 0.027997498870733016
0.9157348061512727 0.029446036273026947
0.9087924065757916 0.03090293610214702
0.9016037657403225 0.03237184153169203
0.894173213813303 0.03385595116301496
0.8865052266813687 0.03535776767492336
0.8786044232532422 0.03687889587972729
0.8704755626774794 0.03841989574319009
0.8621235414757333 0.03998019294446708
0.8535533905932737 0.04155804668890213
0.8447702723685334 0.043150571881397586
0.8357794774235092 0.044753810533794
0.8265864214768883 0.04636284549762208
0.8171966420818224 0.047971948331433985
0.8076157952903136 0.04957475234410368
0.7978496522462164 0.05116444158562479
0.7879040957089227 0.05273394674220012
0.7777851165098009 0.0542761394692878
0.7674988099435485 0.05578401758704178
0.7570513720966108 0.05725087468231717
0.746449096114892 0.058670448924386345
0.7356983684129987 0.06003704722717555
0.7248056648273034 0.0613456422083963
0.713777546715141 0.0625919406477432
0.7026206570024947 0.06377242328954862
0.691341716182545 0.06488435684225413
0.6799475182674938 0.06592577988413134
0.6684449266961098 0.0668954650900354
0.6568408701994456 0.06779286075461877
0.645142338627231 0.06861801501582791
0.6333563787374491 0.06937148649321062
0.6214900899516319 0.07005424526219375
0.6095506200784349 0.0706675681984131
0.5975451610080642 0.07121293275104035
0.5854809443801506 0.07169191314136832
0.5733652372276805 0.07210608282862183
0.5612053375996082 0.07245692683190456
0.54900857016478 0.07274576713730038
0.5367822817998334 0.07297370394603597
0.5245338371637088 0.07314157493127266
0.512270614261456 0.07324993397235585
0.4999999999999999 0.07329905003976409
0.4877293857385438 0.07328892603490181
0.475466162836291 0.07321933647943432
0.46321771820016633 0.07308988204098389
0.4509914298352198 0.07290005802420943
0.43879466240039156 0.07264933320055751
0.42663476277231926 0.0723372347479162
0.41451905561984914 0.0719634346700135
0.4024548389919357 0.07152783290273557
0.3904493799215649 0.07103063241581517
0.3785099100483679 0.07047240199271601
0.36664362126255073 0.06985412301003922
0.35485766137276875 0.0691772174125002
0.3431591298005543 0.06844355514440088
0.33155507330389 0.06765544049154695
0.320052481732506 0.06681557803450124
0.30865828381745486 0.06592702013333722
0.29737934299750524 0.06499309897246955
0.28622245328485874 0.06401734711308618
0.27519433517269654 0.06300341116230376
0.26430163158700104 0.06195496352082784
0.2535509038851079 0.060875617183950126
0.2429486279033891 0.05976884823747817
0.23250119005645137 0.05863793002946961
0.2222148834901989 0.057485882054129606
0.2120959042910774 0.05631543542210288
0.20215034775378343 0.055129015495977485
0.19238420470968637 0.053928740937758055
0.18280335791817703 0.05271643714828028
0.17341357852311146 0.051493660976587675
0.16422052257649067 0.05026173272964201
0.15522972763146647 0.04902177099154376
0.14644660940672616 0.04777472561549383
0.1378764585242665 0.04652140450193891
0.12952443732252045 0.045262490413297905
0.12139557674675777 0.04399854505940139
0.11349477331863145 0.042729998949910704
0.10582678618669683 0.041457126958091874
0.09839623425967753 0.040180011064276745
0.09120759342420814 0.03889849322719078
0.08426519384872727 0.03761212264615597
0.07757321737514639 0.03632010271429356
0.07113569499986394 0.03502124362662007
0.06495650444564427 0.033713926826567375
0.059039367825822475 0.032396087210158554
0.05338784940224234 0.031065218254005197
0.048005353438278275 0.029718404023079577
0.042895122148234655 0.028352380413719583
0.038060233744356575 0.02696362609481904
0.03350360058263052 0.025548481549056146
0.029227967408489597 0.02410329252659714
0.025235909703481607 0.022624572253428517
0.021529832133895532 0.021109175029471006
0.018111967102280024 0.019554472538316357
0.014984373402728013 0.017958523377789366
0.012148934980735715 0.016320226083940036
0.009607359798384785 0.01463944629820243
0.007361178805529334 0.012917109714822343
0.005411745017609493 0.011155253997997846
0.0037602327006450165 0.00935703489078462
0.0024076366639015356 0.007526684131768754
0.0013547716606548965 0.005669419405278953
0.0006022718974137975 0.0037913092140623964
0.00015059065189787502 0.0018990981114414536
0.0 0.0
0.00015059065189787502 -0.0017450332056867216
0.0006022718974137975 -0.0034809515530050362
0.0013547716606548965 -0.005198346128555136
0.0024076366639015356 -0.006888342307810164
0.0037602327006450165 -0.008542837062617077
0.005411745017609493 -0.010154702051483248
0.007361178805529334 -0.011717943961931012
0.009607359798384785 -0.013227815821738305
0.012148934980735715 -0.014680875549992478
0.014984373402728013 -0.016074990732663486
0.018111967102280024 -0.017409291325975268
0.021529832133895532 -0.01868407456072328
0.025235909703481607 -0.019900668598936466
0.029227967408489597 -0.02106126335712006
0.03350360058263052 -0.022168718260280242
0.038060233744356575 -0.02322635746250874
0.042895122148234655 -0.024237763233027565
0.048005353438278275 -0.02520657776798759
0.05338784940224234 -0.026136322690489242
0.059039367825822475 -0.02703024401937391
0.06495650444564427 -0.02789118852385884
0.07113569499986394 -0.028721515259205053
0.07757321737514639 -0.029523043834057034
0.08426519384872727 -0.030297038732527305
0.09120759342420814 -0.0310442269383008
0.09839623425967753 -0.03176484430556871
0.10582678618669683 -0.03245870469346957
0.11349477331863145 -0.033125284901416835
0.12139557674675777 -0.03376381795612089
0.12952443732252045 -0.034373387318444346
0.1378764585242665 -0.034953015078005405
0.14644660940672616 -0.03550173813372469
0.15522972763146647 -0.036018667640980453
0.16422052257649067 -0.0365030285417713
0.17341357852311146 -0.03695417767071997
0.18280335791817703 -0.03737160062845008
0.19238420470968637 -0.037754889218524566
0.20215034775378343 -0.03810370264826929
0.2120959042910774 -0.038417716807680434
0.2222148834901989 -0.03869656669690637
0.23250119005645137 -0.038939787430623235
0.2429486279033891 -0.039146759194795724
0.2535509038851079 -0.039316661084487295
0.26430163158700104 -0.03944843795436839
0.27519433517269654 -0.03954078333372119
0.28622245328485874 -0.03959214018082975
0.29737934299750524 -0.03960071987555059
0.30865828381745486 -0.039564538476472205
0.320052481732506 -0.03948146800098751
0.33155507330389 -0.03934929941403754
0.3431591298005543 -0.039165813209753604
0.35485766137276875 -0.0389288529943658
0.36664362126255073 -0.03863639735868351
0.3785099100483679 -0.03828662556790222
0.3904493799215649 -0.037877973172749185
0.4024548389919357 -0.037409174511789205
0.41451905561984914 -0.036879290161837754
0.42663476277231926 -0.03628771861772572
0.43879466240039156 -0.03563419275023284
0.4509914298352198 -0.034918762805052295
0.46321771820016633 -0.03414176877349491
0.475466162836291 -0.03330380580546964
0.4877293857385438 -0.03240568688209267
0.4999999999999999 -0.031448407175652164
0.512270614261456 -0.03043311437997134
0.5245338371637088 -0.029361088802106472
0.5367822817998334 -0.028233736200287143
0.54900857016478 -0.027052595290137038
0.5612053375996082 -0.025819360598221975
0.5733652372276805 -0.024535920009809434
0.5854809443801506 -0.02320440503512982
0.5975451610080642 -0.021827250604874542
0.6095506200784349 -0.020407260194148086
0.6214900899516319 -0.018947671344388385
0.6333563787374491 -0.01745221626545469
0.645142338627231 -0.015925172191944052
0.6568408701994456 -0.014371396548807373
0.6684449266961098 -0.0127963427335195
0.6799475182674938 -0.011206053400318796
0.691341716182545 -0.009607129466903034
0.7026206570024947 -0.008006674566125471
0.713777546715141 -0.006412216231482911
0.7248056648273034 -0.004831606625528639
0.7356983684129987 -0.003272906985606872
0.746449096114892 -0.0017442610709356922
0.7570513720966108 -0.00025376366432802483
0.7674988099435485 0.0011906694518144763
0.7777851165098009 0.002581423697690841
0.7879040957089227 0.003911294244838272
0.7978496522462164 0.005173576013674878
0.8076157952903136 0.006362131518012102
0.8171966420818224 0.0074714345296703535
0.8265864214768883 0.008496589285549758
0.8357794774235092 0.00943332676296286
0.8447702723685334 0.010277981279481754
0.8535533905932737 0.01102745220499922
0.8621235414757333 0.01167915679018496
0.8704755626774794 0.012230980919231882
0.8786044232532422 0.012681234913310002
0.8865052266813687 0.013028621303053392
0.894173213813303 0.013272220746967604
0.9016037657403225 0.013411501027290463
0.9087924065757916 0.013446352370242443
0.9157348061512727 0.013377150310422468
0.9224267826248536 0.013204845072514126
0.928864305000136 0.012931074119830872
0.9350434955543556 0.012558292271324696
0.9409606321741775 0.012089911770054388
0.9466121505977576 0.011530443041129495
0.9519946465617215 0.010885625731447236
0.9571048778517655 0.01016253907542991
0.9619397662556433 0.009369680744407572
0.9664963994173694 0.008517004136886315
0.9707720325915102 0.007615905535373863
0.9747640902965183 0.00667915463341078
0.9784701678661044 0.005720764525396433
0.98188803289772 0.00475580021892202
0.985015626597272 0.0038001279150768116
0.9878510650192642 0.0028701105293656394
0.9903926402016152 0.0019822580100511394
0.9926388211944706 0.0011528437712761464
0.9945882549823906 0.00039750082934094906
0.9962397672993549 -0.0002691871289441114
0.9975923633360985 -0.0008340836140639308
0.9986452283393451 -0.0012858699074629401
0.9993977281025862 -0.0016153728381481565
0.9998494093481021 -0.0018158357873312091
1.0 -0.0018831212038508019
