1.0 0.0018396104623313056
0.9998494093481021 0.0019150567938594637
0.9993977281025862 0.002139944308873485
0.9986452283393451 0.002509974034058018
0.9975923633360985 0.0030181633119618747
0.9962397672993549 0.003655110331497279
0.9945882549823906 0.0044093471205120085
0.9926388211944706 0.005267764748813832
0.9903926402016152 0.006216091343970718
0.9878510650192642 0.007239401378038805
0.985015626597272 0.008322633638736962
0.98188803289772 0.009451095388845802
0.9784701678661044 0.010610931414691405
0.9747640902965183 0.011789538879911576
0.9707720325915102 0.012975911991642377
0.9664963994173694 0.0141609042657389
0.9619397662556433 0.015337400426264122
0.9571048778517655 0.016500394454267146
0.9519946465617215 0.01764697476977459
0.9466121505977576 0.018776221757011116
0.9409606321741775 0.019889026617545602
0.9350434955543556 0.020987843685172404
0.928864305000136 0.022076390728871124
0.9224267826248536 0.02315931332377354
0.9157348061512727 0.024241830053340623
0.9087924065757916 0.025329375137536057
0.9016037657403225 0.026427254126251652
0.894173213813303 0.027540326658419954
0.8865052266813687 0.02867272809944123
0.8786044232532422 0.02982763928740624
0.8704755626774794 0.031007110806307185
0.8621235414757333 0.032211945325177196
0.8535533905932737 0.03344163874820652
0.8447702723685334 0.034694378345593316
0.8357794774235092 0.03596709378593241
0.8265864214768883 0.03725555514647385
0.8171966420818224 0.03855451058436732
0.8076157952903136 0.039857855426002946
0.7978496522462164 0.041158823960495604
0.7879040957089227 0.04245019517106331
0.7777851165098009 0.043724503949985866
0.7674988099435485 0.04497424995228096
0.7570513720966108 0.04619209707773489
0.746449096114892 0.0473710575581361
0.7356983684129987 0.04850465569949607
0.7248056648273034 0.04958706742994749
0.713777546715141 0.05061323288695289
0.7026206570024947 0.05157894030937458
0.691341716182545 0.05248088046031077
0.6799475182674938 0.053316671685790074
0.6684449266961098 0.054084856511236956
0.6568408701994456 0.05478487139617462
0.645142338627231 0.055416991913995635
0.6333563787374491 0.05598225620280336
0.6214900899516319 0.0564823700466632
0.6095506200784349 0.056919597390153835
0.5975451610080642 0.0572966404529464
0.5854809443801506 0.057616513879793996
0.5733652372276805 0.05788241751524168
0.5612053375996082 0.0580976124103111
0.54900857016478 0.05826530453036952
0.5367822817998334 0.058388540323874846
0.5245338371637088 0.05847011782291492
0.512270614261456 0.0585125162810796
0.4999999999999999 0.05851784652724759
0.4877293857385438 0.058487823253624414
0.475466162836291 0.058423759404018755
0.46321771820016633 0.05832658173632721
0.4509914298352198 0.05819686556228356
0.43879466240039156 0.05803488568287692
0.42663476277231926 0.05784067970426619
0.41451905561984914 0.05761411929587026
0.4024548389919357 0.05735498458840544
0.3904493799215649 0.057063036838667834
0.3785099100483679 0.05673808472473009
0.36664362126255073 0.05638004017370147
0.35485766137276875 0.0559889604360982
0.3431591298005543 0.05556507415698275
0.33155507330389 0.0551087903867693
0.320052481732506 0.05462069074228956
0.30865828381745486 0.05410150618118536
0.29737934299750524 0.053552080997800657
0.28622245328485874 0.052973327599372316
0.27519433517269654 0.05236617630228203
0.26430163158700104 0.05173152474241008
0.2535509038851079 0.051070191487472334
0.2429486279033891 0.050382878065543785
0.23250119005645137 0.04967014290389436
0.2222148834901989 0.048932389654410074
0.2120959042910774 0.04816987113955185
0.20215034775378343 0.047382708779129756
0.19238420470968637 0.0465709259594953
0.18280335791817703 0.045734492494821276
0.17341357852311146 0.044873376213578044
0.16422052257649067 0.04398759687909666
0.15522972763146647 0.04307727719857581
0.14644660940672616 0.04214268564115691
0.1378764585242665 0.04118426619272179
0.12952443732252045 0.04020265100913104
0.12139557674675777 0.039198653143158284
0.11349477331863145 0.03817323803452552
0.10582678618669683 0.037127474162007526
0.09839623425967753 0.036062465037155045
0.09120759342420814 0.03497926643600611
0.08426519384872727 0.033878794282931717
0.07757321737514639 0.03276172979389164
0.07113569499986394 0.03162842924871675
0.06495650444564427 0.030478846015493263
0.059039367825822475 0.0293124721513773
0.05338784940224234 0.02812830604900784
0.048005353438278275 0.02692485122255206
0.042895122148234655 0.025700149507970144
0.038060233744356575 0.024451849798870315
0.03350360058263052 0.02317731109074015
0.029227967408489597 0.02187373621942174
0.025235909703481607 0.02053833041932465
0.021529832133895532 0.01916847685415774
0.018111967102280024 0.01776191973367442
0.014984373402728013 0.016316944643786167
0.012148934980735715 0.014832545369014502
0.009607359798384785 0.013308566818437131
0.007361178805529334 0.011745814676207444
0.005411745017609493 0.010146124036286735
0.0037602327006450165 0.008512381455439625
0.0024076366639015356 0.0068484974381274495
0.0013547716606548965 0.005159329191563774
0.0006022718974137975 0.003450556379990453
0.00015059065189787502 0.0017285153786156836
0.0 0.0
0.00015059065189787502 -0.0017130827281944506
0.0006022718974137975 -0.0034194637802877643
0.0013547716606548965 -0.005112099599500536
0.0024076366639015356 -0.006784361421163622
0.0037602327006450165 -0.008430218636136659
0.005411745017609493 -0.010044394575643989
0.007361178805529334 -0.011622487869098233
0.009607359798384785 -0.013161054360763513
0.012148934980735715 -0.014657646657296037
0.014984373402728013 -0.01611081059697733
0.018111967102280024 -0.017520040156663263
0.021529832133895532 -0.01888569441858292
0.025235909703481607 -0.020208882088649967
0.029227967408489597 -0.02149132058839231
0.03350360058263052 -0.02273517785235627
0.038060233744356575 -0.02394290559589831
0.042895122148234655 -0.02511707294729349
0.048005353438278275 -0.02626020896572576
0.05338784940224234 -0.027374661725132754
0.059039367825822475 -0.028462480392426243
0.06495650444564427 -0.029525325149948278
0.07113569499986394 -0.030564408006792113
0.07757321737514639 -0.03158046562408569
0.08426519384872727 -0.03257376336241306
0.09120759342420814 -0.033544127959582046
0.09839623425967753 -0.03449100466876057
0.10582678618669683 -0.03541353341961723
0.11349477331863145 -0.03631063767650284
0.12139557674675777 -0.03718111920101699
0.12952443732252045 -0.03802375189751272
0.1378764585242665 -0.03883736831759293
0.14644660940672616 -0.03962093318545493
0.15522972763146647 -0.040373599418575164
0.16422052257649067 -0.04109474347710758
0.17341357852311146 -0.04178397838627372
0.18280335791817703 -0.04244114433741544
0.19238420470968637 -0.043066278283078345
0.20215034775378343 -0.043659565303297926
0.2120959042910774 -0.04422127565008477
0.2222148834901989 -0.04475169220825081
0.23250119005645137 -0.04525103359788251
0.2429486279033891 -0.04571937826566086
0.2535509038851079 -0.04615659467246217
0.26430163158700104 -0.0465622821110877
0.27519433517269654 -0.046935725830258165
0.28622245328485874 -0.04727586906695387
0.29737934299750524 -0.047581303379715716
0.30865828381745486 -0.04785027741893482
0.320052481732506 -0.04808072305589413
0.33155507330389 -0.04827029670475408
0.3431591298005543 -0.0484164327843082
0.35485766137276875 -0.04851640563680509
0.36664362126255073 -0.04856739588738974
0.3785099100483679 -0.04856655720556022
0.3904493799215649 -0.048511079712282294
0.4024548389919357 -0.04839824683364782
0.41451905561984914 -0.04822548318490939
0.42663476277231926 -0.04799039201193609
0.43879466240039156 -0.047690781743916985
0.4509914298352198 -0.04732468223919358
0.46321771820016633 -0.046890352253624215
0.475466162836291 -0.04638628045257384
0.4877293857385438 -0.045811182860278056
0.4999999999999999 -0.04516399994754248
0.512270614261456 -0.04444389657441542
0.5245338371637088 -0.04365026772488044
0.5367822817998334 -0.0427827524148247
0.54900857016478 -0.041841257363195154
0.5612053375996082 -0.04082599104876472
0.5733652372276805 -0.039737507705261674
0.5854809443801506 -0.03857675971896062
0.5975451610080642 -0.037345155871552696
0.6095506200784349 -0.03604462200032888
0.6214900899516319 -0.03467766000109244
0.6333563787374491 -0.033247400735275365
0.645142338627231 -0.03175764636020495
0.6568408701994456 -0.03021289789598374
0.6684449266961098 -0.02861836446485941
0.6799475182674938 -0.026979951555417894
0.691341716182545 -0.02530422681774576
0.7026206570024947 -0.02359836321091245
0.713777546715141 -0.021870060710522866
0.7248056648273034 -0.020127449143440102
0.7356983684129987 -0.01837897594966844
0.746449096114892 -0.01663328368446204
0.7570513720966108 -0.014899082786533412
0.7674988099435485 -0.013185025489462703
0.7777851165098009 -0.011499586705817516
0.7879040957089227 -0.009850957257334593
0.7978496522462164 -0.008246953979085671
0.8076157952903136 -0.006694950038714098
0.8171966420818224 -0.005201827357559004
0.8265864214768883 -0.0037739513944326487
0.8357794774235092 -0.0024171668663487303
0.8447702723685334 -0.0011368113532970311
0.8535533905932737 6.225771376916055e-05
0.8621235414757333 0.001175628339355022
0.8704755626774794 0.0021992979517656674
0.8786044232532422 0.003129642831444925
0.8865052266813687 0.003963399525340121
0.894173213813303 0.004697664088470872
0.9016037657403225 0.005329913801023505
0.9087924065757916 0.005858054387745333
0.9157348061512727 0.006280493807238727
0.9224267826248536 0.006596241499738958
0.928864305000136 0.006805029720720158
0.9350434955543556 0.0069074513931680435
0.9409606321741775 0.006905106934486111
0.9466121505977576 0.006800750897741285
0.9519946465617215 0.006598428136793491
0.9571048778517655 0.006303588660076375
0.9619397662556433 0.0059231704442527615
0.9664963994173694 0.005465640263809916
0.9707720325915102 0.004940984041439057
0.9747640902965183 0.004360640280393448
0.9784701678661044 0.003737372708019807
0.98188803289772 0.0030850812087270833
0.985015626597272 0.0024185532967847256
0.9878510650192642 0.0017531615981421912
0.9903926402016152 0.0011045158915988697
0.9926388211944706 0.0004880810219155347
0.9945882549823906 -8.122572615340486e-05
0.9962397672993549 -0.0005894425558222308
0.9975923633360985 -0.0010239602401493778
0.9986452283393451 -0.0013738921040144995
0.9993977281025862 -0.0016304013748071854
0.9998494093481021 -0.0017869718966460836
1.0 -0.0018396104623313056
