1.0 0.0018839002685831802
0.9998494093481021 0.001963205398402222
0.9993977281025862 0.00219971014568611
0.9986452283393451 0.0025892366768838753
0.9975923633360985 0.00312499971647146
0.9962397672993549 0.0037978644973889935
0.9945882549823906 0.004596690922772584
0.9926388211944706 0.005508748042293158
0.9903926402016152 0.006520179866452591
0.9878510650192642 0.007616501441385636
0.985015626597272 0.008783103081441222
0.98188803289772 0.010005740742857042
0.9784701678661044 0.011270991693170697
0.9747640902965183 0.012566656802470022
0.9707720325915102 0.013882093815931683
0.9664963994173694 0.015208469680238142
0.9619397662556433 0.016538924175061746
0.9571048778517655 0.017868641511555258
0.9519946465617215 0.019194830964504677
0.9466121505977576 0.02051662177429642
0.9409606321741775 0.02183488128194284
0.9350434955543556 0.02315196837097518
0.928864305000136 0.024471436651800654
0.9224267826248536 0.02579770335247301
0.9157348061512727 0.02713570054041781
0.9087924065757916 0.028490525107903137
0.9016037657403225 0.029867102971575576
0.894173213813303 0.03126988126478713
0.8865052266813687 0.03270256007393242
0.8786044232532422 0.03416787264161373
0.8704755626774794 0.03566742009632577
0.8621235414757333 0.03720156383728397
0.8535533905932737 0.038769375861352755
0.8447702723685334 0.040368644706107785
0.8357794774235092 0.0419959324132723
0.8265864214768883 0.04364667607483997
0.8171966420818224 0.04531532616273759
0.8076157952903136 0.04699551298222926
0.7978496522462164 0.04868023221946011
0.7879040957089227 0.050362040638131426
0.7777851165098009 0.05203325346157604
0.7674988099435485 0.053686135781547455
0.7570513720966108 0.05531308138232701
0.746449096114892 0.05690677357441242
0.7356983684129987 0.0584603239157399
0.7248056648273034 0.05996738598800275
0.713777546715141 0.06142224263089253
0.7026206570024947 0.06281986617168009
0.691341716182545 0.06415595218982013
0.6799475182674938 0.06542692820862007
0.6684449266961098 0.06662993940321946
0.6568408701994456 0.06776281396075655
0.645142338627231 0.06882401113598037
0.6333563787374491 0.06981255532867015
0.6214900899516319 0.0707279596836609
0.6095506200784349 0.07157014279390173
0.5975451610080642 0.0723393420821536
0.5854809443801506 0.07303602735371031
0.5733652372276805 0.07366081785266006
0.5612053375996082 0.07421440591608033
0.54900857016478 0.07469749000074344
0.5367822817998334 0.0751107194521972
0.5245338371637088 0.07545465289571308
0.512270614261456 0.07572973155634692
0.4999999999999999 0.07593626817131313
0.4877293857385438 0.07607445145947685
0.475466162836291 0.07614436538512373
0.46321771820016633 0.07614602172840058
0.4509914298352198 0.07607940379053402
0.43879466240039156 0.07594451845882311
0.42663476277231926 0.07574145337522603
0.41451905561984914 0.07547043563054004
0.4024548389919357 0.07513188827425138
0.3904493799215649 0.07472648100854651
0.3785099100483679 0.07425517173134642
0.36664362126255073 0.07371923610054906
0.35485766137276875 0.07312028298756494
0.3431591298005543 0.07246025453549641
0.33155507330389 0.07174141048562782
0.320052481732506 0.07096629742488228
0.30865828381745486 0.0701377045700596
0.29737934299750524 0.06925860857415983
0.28622245328485874 0.06833211055184596
0.27519433517269654 0.0673613690199282
0.26430163158700104 0.06634953269303331
0.2535509038851079 0.06529967704013315
0.2429486279033891 0.06421474819014104
0.23250119005645137 0.06309751719135832
0.2222148834901989 0.06195054681794917
0.2120959042910774 0.060776172133301234
0.20215034775378343 0.05957649493659524
0.19238420470968637 0.058353391116736805
0.18280335791817703 0.057108528902690914
0.17341357852311146 0.05584339511453465
0.16422052257649067 0.054559325859620186
0.15522972763146647 0.053257537742490514
0.14644660940672616 0.05193915560485506
0.1378764585242665 0.0506052330982955
0.12952443732252045 0.04925676300676593
0.12139557674675777 0.04789467514163343
0.11349477331863145 0.046519820768056865
0.10582678618669683 0.04513294380667345
0.09839623425967753 0.043734640392770356
0.09120759342420814 0.042325309662272895
0.08426519384872727 0.04090509976556509
0.07757321737514639 0.03947385398953477
0.07113569499986394 0.038031062413661554
0.06495650444564427 0.036575824677701346
0.059039367825822475 0.03510682916394889
0.05338784940224234 0.033622353194098675
0.048005353438278275 0.03212028773900491
0.042895122148234655 0.030598188699383636
0.038060233744356575 0.029053355124110725
0.03350360058263052 0.027482932899303963
0.029227967408489597 0.025884040589307565
0.025235909703481607 0.024253912369412663
0.021529832133895532 0.022590051485834296
0.018111967102280024 0.020890386524985795
0.014984373402728013 0.019153422064575227
0.012148934980735715 0.017378375078756007
0.009607359798384785 0.015565288810645528
0.007361178805529334 0.013715116703996595
0.005411745017609493 0.01182977036109883
0.0037602327006450165 0.009912127291000536
0.0024076366639015356 0.007965996325876903
0.0013547716606548965 0.005996040885609669
0.0006022718974137975 0.004007662618455671
0.00015059065189787502 0.0020068501909807188
0.0 0.0
0.00015059065189787502 -0.0015442531654438938
0.0006022718974137975 -0.003082920826838572
0.0013547716606548965 -0.0046100523817034856
0.0024076366639015356 -0.006120092277868555
0.0037602327006450165 -0.007608053534596522
0.005411745017609493 -0.009069663732789274
0.007361178805529334 -0.010501476670119227
0.009607359798384785 -0.011900944731921196
0.012148934980735715 -0.01326644913661141
0.014984373402728013 -0.014597287453740998
0.018111967102280024 -0.01589362003520944
0.021529832133895532 -0.01715637911820012
0.025235909703481607 -0.018387146233055873
0.029227967408489597 -0.019588005077127223
0.03350360058263052 -0.020761378114693786
0.038060233744356575 -0.021909855777778073
0.042895122148234655 -0.023036027246770705
0.048005353438278275 -0.024142321387610303
0.05338784940224234 -0.0252308655481151
0.059039367825822475 -0.026303368631765422
0.06495650444564427 -0.02736103325797803
0.07113569499986394 -0.028404499986745397
0.07757321737514639 -0.029433824646772515
0.08426519384872727 -0.03044848787836474
0.09120759342420814 -0.03144743420048279
0.09839623425967753 -0.03242913634044147
0.10582678618669683 -0.03339167931289979
0.11349477331863145 -0.034332857868443714
0.12139557674675777 -0.03525028049198195
0.12952443732252045 -0.03614147313047002
0.1378764585242665 -0.03700397625330185
0.14644660940672616 -0.03783542965574768
0.15522972763146647 -0.03863364054144989
0.16422052257649067 -0.03939663178092228
0.17341357852311146 -0.040122668742998524
0.18280335791817703 -0.04081026463259313
0.19238420470968637 -0.041458165738732594
0.20215034775378343 -0.04206531930644863
0.2120959042910774 -0.04263082781290772
0.2222148834901989 -0.04315389418861023
0.23250119005645137 -0.04363376293742913
0.2429486279033891 -0.04406966215812259
0.2535509038851079 -0.044460751163442516
0.26430163158700104 -0.044806077764008766
0.27519433517269654 -0.04510454838718857
0.28622245328485874 -0.04535491310819297
0.29737934299750524 -0.045555766465537925
0.30865828381745486 -0.04570556370610214
0.320052481732506 -0.04580265094619373
0.33155507330389 -0.0458453067276797
0.3431591298005543 -0.04583179166335297
0.35485766137276875 -0.04576040235705422
0.36664362126255073 -0.045629525584472606
0.3785099100483679 -0.04543768883978925
0.3904493799215649 -0.04518360377757114
0.4024548389919357 -0.044866199772304494
0.41451905561984914 -0.04448464572368359
0.42663476277231926 -0.04403835928268541
0.43879466240039156 -0.04352700377965684
0.4509914298352198 -0.042950474214855296
0.46321771820016633 -0.04230887463979817
0.475466162836291 -0.04160249003818787
0.4877293857385438 -0.04083175634563409
0.4999999999999999 -0.03999723248382237
0.512270614261456 -0.03909957820487947
0.5245338371637088 -0.03813954114672215
0.5367822817998334 -0.03711795581511914
0.54900857016478 -0.03603575628013785
0.5612053375996082 -0.03489400326961284
0.5733652372276805 -0.03369392514062386
0.5854809443801506 -0.03243697100072134
0.5975451610080642 -0.031124873125073973
0.6095506200784349 -0.02975971486074097
0.6214900899516319 -0.028343999501028873
0.6333563787374491 -0.026880715210954528
0.645142338627231 -0.02537339102761324
0.6568408701994456 -0.02382613926074981
0.6684449266961098 -0.02224368026714798
0.6799475182674938 -0.0206313465300999
0.691341716182545 -0.018995064181259756
0.7026206570024947 -0.01734131147613368
0.713777546715141 -0.01567705518161362
0.7248056648273034 -0.014009667251912628
0.7356983684129987 -0.012346825455026134
0.746449096114892 -0.010696402669314577
0.7570513720966108 -0.009066350316729246
0.7674988099435485 -0.007464581773507971
0.7777851165098009 -0.00589886156388566
0.7879040957089227 -0.004376705688977987
0.7978496522462164 -0.002905297592847464
0.8076157952903136 -0.0014914230713824585
0.8171966420818224 -0.0001414259640361694
0.8265864214768883 0.0011388151674802712
0.8357794774235092 0.0023438908613688577
0.8447702723685334 0.003468848192119199
0.8535533905932737 0.004509166371480525
0.8621235414757333 0.005460726199844498
0.8704755626774794 0.006319779791458601
0.8786044232532422 0.0070829272647817765
0.8865052266813687 0.007747106845614257
0.894173213813303 0.00830960406748304
0.9016037657403225 0.008768084498934157
0.9087924065757916 0.00912065274371223
0.9157348061512727 0.009365938442191591
0.9224267826248536 0.009503207772551153
0.928864305000136 0.009532496649395126
0.9350434955543556 0.0094547595980823
0.9409606321741775 0.009272026298512613
0.9466121505977576 0.008987556187378386
0.9519946465617215 0.008605980409333785
0.9571048778517655 0.008133419914360554
0.9619397662556433 0.007577568675523309
0.9664963994173694 0.006947731873318521
0.9707720325915102 0.006254810442418008
0.9747640902965183 0.005511225543575514
0.9784701678661044 0.004730779207443426
0.98188803289772 0.003928450462616836
0.985015626597272 0.003120129544384587
0.9878510650192642 0.0023222961021174
0.9903926402016152 0.0015516504930277995
0.9926388211944706 0.0008247100829080027
0.9945882549823906 0.00015738480004088055
0.9962397672993549 -0.00043545213809587937
0.9975923633360985 -0.0009403814947558425
0.9986452283393451 -0.0013458263699845452
0.9993977281025862 -0.0016423955056493534
0.9998494093481021 -0.0018231670027474265
1.0 -0.0018839002685831802
