1.0 0.0014701608420342948
0.9998494093481021 0.0015494396318287758
0.9993977281025862 0.0017858183007202393
0.9986452283393451 0.002174979256412254
0.9975923633360985 0.0027099089537532895
0.9962397672993549 0.0033811626337330674
0.9945882549823906 0.004177217591896698
0.9926388211944706 0.005084898705908022
0.9903926402016152 0.006089856797652983
0.9878510650192642 0.007177078251801768
0.985015626597272 0.008331403258697155
0.98188803289772 0.00953803013147145
0.9784701678661044 0.010782984338940638
0.9747640902965183 0.012053533110213503
0.9707720325915102 0.013338529563012706
0.9664963994173694 0.01462867409959465
0.9619397662556433 0.015916685083125857
0.9571048778517655 0.01719737531532256
0.9519946465617215 0.0184676353400095
0.9466121505977576 0.019726328863110154
0.9409606321741775 0.020974109395989104
0.9350434955543556 0.0222131704182778
0.928864305000136 0.023446943783242295
0.9224267826248536 0.02467976266678872
0.9157348061512727 0.02591650605498096
0.9087924065757916 0.027162241589715384
0.9016037657403225 0.028421882610197707
0.894173213813303 0.029699873541966616
0.8865052266813687 0.030999915530387723
0.8786044232532422 0.03232474154891366
0.8704755626774794 0.033675947302401754
0.8621235414757333 0.035053881261444896
0.8535533905932737 0.036457594264500646
0.8447702723685334 0.0378848464518836
0.8357794774235092 0.03933216696549424
0.8265864214768883 0.04079495994664941
0.8171966420818224 0.04226764894533696
0.8076157952903136 0.04374385093895842
0.7978496522462164 0.04521657073803724
0.7879040957089227 0.046678406594799146
0.7777851165098009 0.04812175827105179
0.7674988099435485 0.04953902959234123
0.7570513720966108 0.05092281853533806
0.746449096114892 0.052266089081923595
0.7356983684129987 0.05356232034717785
0.7248056648273034 0.05480562977827658
0.713777546715141 0.05599086846773722
0.7026206570024947 0.05711368778175347
0.691341716182545 0.05817057754106797
0.6799475182674938 0.05915887689007953
0.6684449266961098 0.060076759743580496
0.6568408701994456 0.06092319731278673
0.645142338627231 0.06169790069242068
0.6333563787374491 0.06240124685087054
0.6214900899516319 0.06303419161839732
0.6095506200784349 0.063598173424445
0.5975451610080642 0.0640950116011711
0.5854809443801506 0.0645268030489806
0.5733652372276805 0.06489582094980681
0.5612053375996082 0.06520441901102497
0.54900857016478 0.06545494442206662
0.5367822817998334 0.06564966230305391
0.5245338371637088 0.06579069391962167
0.512270614261456 0.06587997033570575
0.4999999999999999 0.06591920248893897
0.4877293857385438 0.06590986792218312
0.475466162836291 0.06585321361876283
0.46321771820016633 0.06575027360474214
0.4509914298352198 0.06560189924125608
0.43879466240039156 0.06540879947850452
0.42663476277231926 0.0651715878250353
0.41451905561984914 0.06489083244164183
0.4024548389919357 0.06456710563079346
0.3904493799215649 0.06420102908074009
0.3785099100483679 0.06379331154475697
0.36664362126255073 0.06334477618081276
0.35485766137276875 0.0628563755189652
0.3431591298005543 0.0623291929207884
0.33155507330389 0.06176443039105199
0.320052481732506 0.061163383630204064
0.30865828381745486 0.0605274062044736
0.29737934299750524 0.05985786558534717
0.28622245328485874 0.05915609450336163
0.27519433517269654 0.058423341514504165
0.26430163158700104 0.05766072484827388
0.2535509038851079 0.056869193471286224
0.2429486279033891 0.056049498857935295
0.23250119005645137 0.055202180232051076
0.2222148834901989 0.054327565075248024
0.2120959042910774 0.05342578555345227
0.20215034775378343 0.052496810273640164
0.19238420470968637 0.05154048953936496
0.18280335791817703 0.050556611121377604
0.17341357852311146 0.04954496259058726
0.16422052257649067 0.048505395556477246
0.15522972763146647 0.047437886779642245
0.14644660940672616 0.04634259112462119
0.1378764585242665 0.04521988170436099
0.12952443732252045 0.0440703733274574
0.12139557674675777 0.042894926452003025
0.11349477331863145 0.04169463020702396
0.10582678618669683 0.04047076457327445
0.09839623425967753 0.03922474341238008
0.09120759342420814 0.03795804158084488
0.08426519384872727 0.036672110746588375
0.07757321737514639 0.03536828963185646
0.07113569499986394 0.03404771514534099
0.06495650444564427 0.03271124116963214
0.059039367825822475 0.031359371598635645
0.05338784940224234 0.02999221356742001
0.048005353438278275 0.028609455712776892
0.042895122148234655 0.02721037480867578
0.038060233744356575 0.025793872328696437
0.03350360058263052 0.024358540513334012
0.029227967408489597 0.022902755495916145
0.025235909703481607 0.021424793106027913
0.021529832133895532 0.019922961260445363
0.018111967102280024 0.018395741492833555
0.014984373402728013 0.01684193126757937
0.012148934980735715 0.015260778343610665
0.009607359798384785 0.013652098639505282
0.007361178805529334 0.012016369801977912
0.005411745017609493 0.010354793957462414
0.0037602327006450165 0.008669324855723921
0.0024076366639015356 0.0069626566880155874
0.0013547716606548965 0.005238174148071266
0.0006022718974137975 0.0034998656540368776
0.00015059065189787502 0.0017522039092283375
0.0 0.0
0.00015059065189787502 -0.0017025628693918265
0.0006022718974137975 -0.003397449483750663
0.0013547716606548965 -0.00507680343084619
0.0024076366639015356 -0.0067332817931055194
0.0037602327006450165 -0.00836028259605511
0.005411745017609493 -0.009952138684299356
0.007361178805529334 -0.011504269636334333
0.009607359798384785 -0.013013285521428474
0.012148934980735715 -0.014477038794468062
0.014984373402728013 -0.01589462327570666
0.018111967102280024 -0.017266321821596774
0.021529832133895532 -0.018593506811350788
0.025235909703481607 -0.01987849981270566
0.029227967408489597 -0.02112439862903637
0.03350360058263052 -0.022334881273291942
0.038060233744356575 -0.023513997197810086
0.042895122148234655 -0.024665956302687243
0.048005353438278275 -0.02579492585435137
0.05338784940224234 -0.026904844510208876
0.059039367825822475 -0.027999261236197233
0.06495650444564427 -0.029081205119846385
0.07113569499986394 -0.030153090040180883
0.07757321737514639 -0.03121665598798143
0.08426519384872727 -0.03227294667007547
0.09120759342420814 -0.03332232100948565
0.09839623425967753 -0.034364494386968904
0.10582678618669683 -0.035398604056649394
0.11349477331863145 -0.03642329218165977
0.12139557674675777 -0.037436799418193376
0.12952443732252045 -0.0384370619399681
0.1378764585242665 -0.03942180522029744
0.14644660940672616 -0.040388628726935986
0.15522972763146647 -0.04133507686142595
0.16422052257649067 -0.04225869289579454
0.17341357852311146 -0.04315705421798476
0.18280335791817703 -0.044027788780534545
0.19238420470968637 -0.044868574143989294
0.20215034775378343 -0.045677121816034685
0.2120959042910774 -0.04645115062418575
0.2222148834901989 -0.047188353560442736
0.23250119005645137 -0.047886362862436714
0.2429486279033891 -0.04854271803662161
0.2535509038851079 -0.04915484110208144
0.26430163158700104 -0.049720022581576775
0.27519433517269654 -0.05023542075506848
0.28622245328485874 -0.050698075503104005
0.29737934299750524 -0.051104936797393
0.30865828381745486 -0.0514529066422945
0.320052481732506 -0.051738892129730304
0.33155507330389 -0.051959866327586604
0.3431591298005543 -0.05211293304862289
0.35485766137276875 -0.052195391193240584
0.36664362126255073 -0.05220479435098147
0.3785099100483679 -0.05213900168223322
0.3904493799215649 -0.05199621675740889
0.4024548389919357 -0.05177501195608036
0.41451905561984914 -0.05147433715318616
0.42663476277231926 -0.05109351265836672
0.43879466240039156 -0.05063220763358878
0.4509914298352198 -0.050090406397220434
0.46321771820016633 -0.04946836603816546
0.475466162836291 -0.04876656953160939
0.4877293857385438 -0.047985679005834635
0.4999999999999999 -0.0471264939169493
0.512270614261456 -0.04618991863001202
0.5245338371637088 -0.04517694329226084
0.5367822817998334 -0.04408864095440536
0.54900857016478 -0.0429261827103622
0.5612053375996082 -0.04169087126519088
0.5733652372276805 -0.040384191900238
0.5854809443801506 -0.0390078783860961
0.5975451610080642 -0.03756399010077483
0.6095506200784349 -0.03605499553837051
0.6214900899516319 -0.03448385662457965
0.6333563787374491 -0.03285410785181309
0.645142338627231 -0.03116992424602551
0.6568408701994456 -0.029436172589612033
0.6684449266961098 -0.0276584411309293
0.6799475182674938 -0.02584304416425786
0.691341716182545 -0.023996999292194347
0.7026206570024947 -0.022127976792776297
0.713777546715141 -0.02024422219880306
0.7248056648273034 -0.018354454842223467
0.7356983684129987 -0.016467746608024497
0.746449096114892 -0.014593386374196653
0.7570513720966108 -0.012740736497424396
0.7674988099435485 -0.010919088171039856
0.7777851165098009 -0.009137522492955179
0.7879040957089227 -0.007404783628114808
0.7978496522462164 -0.005729169555974955
0.8076157952903136 -0.004118444613277723
0.8171966420818224 -0.0025797764586851235
0.8265864214768883 -0.0011196983043759738
0.8357794774235092 0.00025590459753589635
0.8447702723685334 0.0015417870287754087
0.8535533905932737 0.0027333188726653274
0.8621235414757333 0.0038264489240606124
0.8704755626774794 0.004817664097145333
0.8786044232532422 0.005703951110110605
0.8865052266813687 0.006482767618746959
0.894173213813303 0.007152029122580931
0.9016037657403225 0.007710116802995677
0.9087924065757916 0.00815590983442317
0.9157348061512727 0.008488843731676363
0.9224267826248536 0.008708994080761865
0.928864305000136 0.008817182689218956
0.9350434955543556 0.008815100938649886
0.9409606321741775 0.008705443081750775
0.9466121505977576 0.008492040545467941
0.9519946465617215 0.00817998710934841
0.9571048778517655 0.007775744225207038
0.9619397662556433 0.007287215798174852
0.9664963994173694 0.006723782487906276
0.9707720325915102 0.006096286997915396
0.9747640902965183 0.005416963844042499
0.9784701678661044 0.004699309633470594
0.98188803289772 0.003957892812293874
0.985015626597272 0.003208104993766882
0.9878510650192642 0.002465859184162621
0.9903926402016152 0.0017472432940125301
0.9926388211944706 0.0010681400780858045
0.9945882549823906 0.0004438269208822956
0.9962397672993549 -0.00011142946653050728
0.9975923633360985 -0.0005847674563710904
0.9986452283393451 -0.000965097923438746
0.9993977281025862 -0.0012434292849462395
0.9998494093481021 -0.0014131362796807048
1.0 -0.0014701608420342948
