1.0 0.0014634410880654733
0.9998494093481021 0.0015523952010036983
0.9993977281025862 0.0018177522618919556
0.9986452283393451 0.002255051932316697
0.9975923633360985 0.0028570427208770644
0.9962397672993549 0.003613946702730606
0.9945882549823906 0.004513812828817546
0.9926388211944706 0.005542942619725339
0.9903926402016152 0.006686368899525797
0.9878510650192642 0.007928366083369208
0.985015626597272 0.009252969487252
0.98188803289772 0.010644481215499477
0.9784701678661044 0.012087941374395372
0.9747640902965183 0.013569545572044366
0.9707720325915102 0.01507699275388224
0.9664963994173694 0.016599751204516424
0.9619397662556433 0.018129234801259587
0.9571048778517655 0.019658886095036254
0.9519946465617215 0.021184167277649785
0.9466121505977576 0.022702464337308537
0.9409606321741775 0.02421291349594777
0.9350434955543556 0.025716162185112624
0.928864305000136 0.027214079217544054
0.9224267826248536 0.028709430363166148
0.9157348061512727 0.0302055362061623
0.9087924065757916 0.03170592896008507
0.9016037657403225 0.03321402391324189
0.894173213813303 0.03473281947027978
0.8865052266813687 0.036264637483348135
0.8786044232532422 0.03781091288491115
0.8704755626774794 0.03937203871292705
0.8621235414757333 0.040947269626999086
0.8535533905932737 0.042534684110927125
0.8447702723685334 0.04413120288431451
0.8357794774235092 0.045732658719750616
0.8265864214768883 0.04733391096891075
0.8171966420818224 0.048928996694631
0.8076157952903136 0.05051130940810235
0.7978496522462164 0.052073796011824304
0.7879040957089227 0.05360916261432737
0.7777851165098009 0.05511008035507272
0.7674988099435485 0.056569383185302025
0.7570513720966108 0.05798025061222843
0.746449096114892 0.05933636964669453
0.7356983684129987 0.06063207151850886
0.7248056648273034 0.061862440067322895
0.713777546715141 0.06302339001979518
0.7026206570024947 0.06411171457901214
0.691341716182545 0.06512510284685753
0.6799475182674938 0.0660621285547532
0.6684449266961098 0.06692221238503357
0.6568408701994456 0.0677055608253126
0.645142338627231 0.06841308501877885
0.6333563787374491 0.06904630346470056
0.6214900899516319 0.0696072326961213
0.6095506200784349 0.07009827022448378
0.5975451610080642 0.07052207409914282
0.5854809443801506 0.07088144338500812
0.5733652372276805 0.0711792037120456
0.5612053375996082 0.07141810179197065
0.54900857016478 0.07160071242568464
0.5367822817998334 0.07172936103714193
0.5245338371637088 0.0718060641668264
0.512270614261456 0.0718324896485271
0.4999999999999999 0.0718099373921543
0.4877293857385438 0.07173934082714824
0.475466162836291 0.07162128815849121
0.46321771820016633 0.07145606169092962
0.4509914298352198 0.07124369263282342
0.43879466240039156 0.07098402804783205
0.42663476277231926 0.07067680602834021
0.41451905561984914 0.07032173476232335
0.4024548389919357 0.0699185709897966
0.3904493799215649 0.06946719341845045
0.3785099100483679 0.06896766699785231
0.36664362126255073 0.0684202945281018
0.35485766137276875 0.06782565287496903
0.3431591298005543 0.06718461203550459
0.33155507330389 0.06649833638752219
0.320052481732506 0.06576826859379628
0.30865828381745486 0.06499609774141026
0.29737934299750524 0.06418371430142777
0.28622245328485874 0.06333315532158582
0.27519433517269654 0.062446543852968134
0.26430163158700104 0.06152602691400572
0.2535509038851079 0.060573716284704704
0.2429486279033891 0.05959163609620449
0.23250119005645137 0.058581680554782786
0.2222148834901989 0.05754558425747922
0.2120959042910774 0.05648490648151493
0.20215034775378343 0.055401029641111196
0.19238420470968637 0.054295170893667165
0.18280335791817703 0.05316840473747696
0.17341357852311146 0.0520216934674475
0.16422052257649067 0.05085592162588076
0.15522972763146647 0.049671930167906636
0.14644660940672616 0.04847054599897221
0.1378764585242665 0.047252602851906786
0.12952443732252045 0.046018950141953986
0.12139557674675777 0.04477044742963472
0.11349477331863145 0.043507943366715034
0.10582678618669683 0.04223223941097
0.09839623425967753 0.040944040065693244
0.09120759342420814 0.03964389281609207
0.08426519384872727 0.038332122182554156
0.07757321737514639 0.03700876328427801
0.07113569499986394 0.0356735009165056
0.06495650444564427 0.03432562032504358
0.059039367825822475 0.03296397557693643
0.05338784940224234 0.03158698067335218
0.048005353438278275 0.03019262736178862
0.042895122148234655 0.028778532044750723
0.038060233744356575 0.027342012345822547
0.03350360058263052 0.025880191899886846
0.029227967408489597 0.02439012991616959
0.025235909703481607 0.022868970161332207
0.021529832133895532 0.02131410236211726
0.018111967102280024 0.01972332775687717
0.014984373402728013 0.018095019734050286
0.012148934980735715 0.01642827025449505
0.009607359798384785 0.014723013098894119
0.007361178805529334 0.012980115907405203
0.005411745017609493 0.011201434442944743
0.0037602327006450165 0.009389824431124292
0.0024076366639015356 0.00754910859569671
0.0013547716606548965 0.005683998980031352
0.0006022718974137975 0.0037999771682818246
0.00015059065189787502 0.0019031374345748844
0.0 0.0
0.00015059065189787502 -0.0017680645583390627
0.0006022718974137975 -0.003528943185896649
0.0013547716606548965 -0.005275234959542642
0.0024076366639015356 -0.006999980564616412
0.0037602327006450165 -0.008696858281972152
0.005411745017609493 -0.010360351506449254
0.007361178805529334 -0.011985880669124555
0.009607359798384785 -0.01356989428486145
0.012148934980735715 -0.015109915951422234
0.014984373402728013 -0.016604546367497683
0.018111967102280024 -0.018053421688391587
0.021529832133895532 -0.01945713167444556
0.025235909703481607 -0.02081710299137409
0.029227967408489597 -0.022135454591298877
0.03350360058263052 -0.02341483325711437
0.038060233744356575 -0.024658238075115878
0.042895122148234655 -0.025868842784322242
0.048005353438278275 -0.027049824638155605
0.05338784940224234 -0.028204207636806297
0.059039367825822475 -0.029334726805237896
0.06495650444564427 -0.030443718683723885
0.07113569499986394 -0.03153304146388423
0.07757321737514639 -0.03260402635336358
0.08426519384872727 -0.03365745990067622
0.09120759342420814 -0.034693595269489175
0.09839623425967753 -0.03571218892007765
0.10582678618669683 -0.03671255792029804
0.11349477331863145 -0.037693652233673006
0.12139557674675777 -0.03865413585800719
0.12952443732252045 -0.03959247062771853
0.1378764585242665 -0.04050699683333388
0.14644660940672616 -0.04139600551354937
0.15522972763146647 -0.042257798277797076
0.16422052257649067 -0.04309073174149852
0.17341357852311146 -0.04389324501097993
0.18280335791817703 -0.04466387004328674
0.19238420470968637 -0.04540122603140294
0.20215034775378343 -0.04610400013826015
0.2120959042910774 -0.04677091784695575
0.2222148834901989 -0.04740070685120747
0.23250119005645137 -0.0479920587421701
0.2429486279033891 -0.048543592741942886
0.2535509038851079 -0.04905382540116206
0.26430163158700104 -0.049521149551822075
0.27519433517269654 -0.04994382494102881
0.28622245328485874 -0.0503199819371143
0.29737934299750524 -0.0506476385778562
0.30865828381745486 -0.050924730108013676
0.320052481732506 -0.051149149115525046
0.33155507330389 -0.05131879350084053
0.3431591298005543 -0.05143161886758878
0.35485766137276875 -0.051485691553286035
0.36664362126255073 -0.05147923845349435
0.3785099100483679 -0.051410690036374766
0.3904493799215649 -0.05127871347857516
0.4024548389919357 -0.05108223363772958
0.41451905561984914 -0.05082044055256412
0.42663476277231926 -0.050492783255129216
0.43879466240039156 -0.050098950808107785
0.4509914298352198 -0.049638842557239556
0.46321771820016633 -0.04911253053133429
0.475466162836291 -0.048520217655819674
0.4877293857385438 -0.0478621959105045
0.4999999999999999 -0.0471388087174818
0.512270614261456 -0.04635042167233372
0.5245338371637088 -0.04549740523636256
0.5367822817998334 -0.044580132218613795
0.54900857016478 -0.04359899184517535
0.5612053375996082 -0.04255442100952866
0.5733652372276805 -0.04144695200543903
0.5854809443801506 -0.0402772747549995
0.5975451610080642 -0.039046310352652325
0.6095506200784349 -0.03775529173992768
0.6214900899516319 -0.03640584658242322
0.6333563787374491 -0.03500007700011013
0.645142338627231 -0.03354063074246905
0.6568408701994456 -0.03203075871430177
0.6684449266961098 -0.030474354432958782
0.6799475182674938 -0.028875971993770896
0.691341716182545 -0.027240820374505863
0.7026206570024947 -0.025574733338739823
0.713777546715141 -0.023884115704875843
0.7248056648273034 -0.02217586822718641
0.7356983684129987 -0.020457294682267865
0.746449096114892 -0.018735995870299393
0.7570513720966108 -0.017019756041255024
0.7674988099435485 -0.015316427677982459
0.7777851165098009 -0.013633820572577003
0.7879040957089227 -0.01197960071031988
0.7978496522462164 -0.010361203647455398
0.8076157952903136 -0.008785765885667086
0.8171966420818224 -0.007260076284551823
0.8265864214768883 -0.005790547913092845
0.8357794774235092 -0.004383209037366637
0.8447702723685334 -0.0030437102979188864
0.8535533905932737 -0.0017773436697451311
0.8621235414757333 -0.0005890676351473543
0.8704755626774794 0.0005164677674933994
0.8786044232532422 0.0015349026544693575
0.8865052266813687 0.002462162188979649
0.894173213813303 0.0032944703421961714
0.9016037657403225 0.0040283869814639025
0.9087924065757916 0.0046608710823441216
0.9157348061512727 0.005189370861223451
0.9224267826248536 0.005611939407988251
0.928864305000136 0.005927372104830781
0.9350434955543556 0.006135359899777834
0.9409606321741775 0.006236650515703889
0.9466121505977576 0.006233208062560084
0.9519946465617215 0.006128360409212159
0.9571048778517655 0.005926923161455109
0.9619397662556433 0.0056352892499211635
0.9664963994173694 0.0052614739815678565
0.9707720325915102 0.004815106934611527
0.9747640902965183 0.004307364219874202
0.9784701678661044 0.0037508372920937783
0.98188803289772 0.003159337538280149
0.985015626597272 0.002547639134501265
0.9878510650192642 0.0019311659669851336
0.9903926402016152 0.0013256315698120522
0.9926388211944706 0.0007466438549539379
0.9945882549823906 0.00020928873099667852
0.9962397672993549 -0.0002722916201235372
0.9975923633360985 -0.0006853091238842479
0.9986452283393451 -0.0010187120783191725
0.9993977281025862 -0.0012635232907634245
0.9998494093481021 -0.0014131196570477667
1.0 -0.0014634410880654733
