1.0 0.0015165124601929437
0.9998494093481021 0.0015929999180244602
0.9993977281025862 0.0018209890295866925
0.9986452283393451 0.002196115738141383
0.9975923633360985 0.002711289800808054
0.9962397672993549 0.0033569606767442414
0.9945882549823906 0.004121472471625104
0.9926388211944706 0.0049914917304042595
0.9903926402016152 0.005952488726784363
0.9878510650192642 0.006989250750053624
0.985015626597272 0.00808640483558573
0.98188803289772 0.009228927460261119
0.9784701678661044 0.010402619901330675
0.9747640902965183 0.011594530149670356
0.9707720325915102 0.012793305334957171
0.9664963994173694 0.013989462375635833
0.9619397662556433 0.015175568792754534
0.9571048778517655 0.01634633008702476
0.9519946465617215 0.01749858453145863
0.9466121505977576 0.018631210445899597
0.9409606321741775 0.01974495478570065
0.9350434955543556 0.020842195019682746
0.928864305000136 0.021926648660067317
0.9224267826248536 0.02300304635551994
0.9157348061512727 0.024076785135014094
0.9087924065757916 0.02515357821243293
0.9016037657403225 0.026239116793650465
0.894173213813303 0.02733875767320567
0.8865052266813687 0.02845724820186096
0.8786044232532422 0.02959849760582792
0.8704755626774794 0.030765400810160753
0.8621235414757333 0.031959718029379795
0.8535533905932737 0.0331820105940313
0.8447702723685334 0.03443163091992279
0.8357794774235092 0.03570676230875361
0.8265864214768883 0.037004502476092806
0.8171966420818224 0.03832098338398569
0.8076157952903136 0.03965151912745186
0.7978496522462164 0.04099077327333696
0.7879040957089227 0.04233293713710208
0.7777851165098009 0.04367191094852173
0.7674988099435485 0.04500148062720022
0.7570513720966108 0.04631548388224003
0.746449096114892 0.047607960485213936
0.7356983684129987 0.048873282764491384
0.7248056648273034 0.05010626356396738
0.713777546715141 0.0513022400450325
0.7026206570024947 0.05245713274635813
0.691341716182545 0.05356748022571724
0.6799475182674938 0.05463045037939509
0.6684449266961098 0.055643830167244834
0.6568408701994456 0.056605995973420996
0.645142338627231 0.057515867218080004
0.6333563787374491 0.05837284611986364
0.6214900899516319 0.059176746707890644
0.6095506200784349 0.05992771630713353
0.5975451610080642 0.06062615277948187
0.5854809443801506 0.061272620796099034
0.5733652372276805 0.061867770341442724
0.5612053375996082 0.062412260498366706
0.54900857016478 0.06290669132811348
0.5367822817998334 0.0633515463304946
0.5245338371637088 0.0637471475431605
0.512270614261456 0.06409362481529499
0.4999999999999999 0.06439090017867337
0.4877293857385438 0.06463868755494973
0.475466162836291 0.06483650730850908
0.46321771820016633 0.0649837144137584
0.4509914298352198 0.06507953829534666
0.43879466240039156 0.0651231317642934
0.42663476277231926 0.0651136259575104
0.41451905561984914 0.06505018783438048
0.4024548389919357 0.06493207662614679
0.3904493799215649 0.06475869569506434
0.3785099100483679 0.06452963654973613
0.36664362126255073 0.06424471227393792
0.35485766137276875 0.0639039783348231
0.3431591298005543 0.0635077396027458
0.33155507330389 0.06305654338481424
0.320052481732506 0.06255115928248048
0.30865828381745486 0.06199254765822222
0.29737934299750524 0.061381819364562336
0.28622245328485874 0.06072019008148687
0.27519433517269654 0.060008933066850005
0.26430163158700104 0.0592493343046777
0.2535509038851079 0.0584426539136952
0.2429486279033891 0.05759009725021858
0.23250119005645137 0.05669279842640344
0.2222148834901989 0.05575181801011776
0.2120959042910774 0.054768155540224954
0.20215034775378343 0.053742776261026505
0.19238420470968637 0.0526766502431239
0.18280335791817703 0.051570800910437566
0.17341357852311146 0.050426359027161236
0.16422052257649067 0.04924461749658785
0.15522972763146647 0.04802708195177653
0.14644660940672616 0.04677551211929572
0.1378764585242665 0.045491949328498746
0.12952443732252045 0.04417872630784605
0.12139557674675777 0.04283845651554055
0.11349477331863145 0.04147400162610088
0.10582678618669683 0.040088417346582375
0.09839623425967753 0.03868487935833394
0.09120759342420814 0.03726659275552352
0.08426519384872727 0.03583668976237125
0.07757321737514639 0.03439812164712489
0.07113569499986394 0.03295355151853053
0.06495650444564427 0.03150525501977222
0.059039367825822475 0.030055035784921712
0.05338784940224234 0.02860416188653683
0.048005353438278275 0.027153328407640846
0.042895122148234655 0.025702649778120264
0.038060233744356575 0.024251683716002347
0.03350360058263052 0.022799486623890624
0.029227967408489597 0.021344698242433978
0.025235909703481607 0.019885651395988514
0.021529832133895532 0.0184205009181808
0.018111967102280024 0.016947364442299818
0.014984373402728013 0.015464466787416375
0.012148934980735715 0.01397027924083371
0.009607359798384785 0.012463645171003021
0.007361178805529334 0.010943884104184558
0.005411745017609493 0.009410867625721159
0.0037602327006450165 0.007865062148705127
0.0024076366639015356 0.0063075356227896276
0.0013547716606548965 0.004739927502505458
0.0006022718974137975 0.003164383610086452
0.00015059065189787502 0.001583459758800263
0.0 0.0
0.00015059065189787502 -0.001411668363023546
0.0006022718974137975 -0.00282050565049916
0.0013547716606548965 -0.00422337940277151
0.0024076366639015356 -0.005617459582251888
0.0037602327006450165 -0.007000348970028333
0.005411745017609493 -0.008370189752844974
0.007361178805529334 -0.009725740500867589
0.009607359798384785 -0.01106641940482912
0.012148934980735715 -0.012392311533697084
0.014984373402728013 -0.01370413987993183
0.018111967102280024 -0.015003201961587933
0.021529832133895532 -0.016291275632753833
0.025235909703481607 -0.01757049940782454
0.029227967408489597 -0.01884323393696155
0.03350360058263052 -0.02011191220584788
0.038060233744356575 -0.021378886522828284
0.042895122148234655 -0.022646280378150536
0.048005353438278275 -0.02391585281895654
0.05338784940224234 -0.025188882113207134
0.059039367825822475 -0.026466074234512096
0.06495650444564427 -0.02774750016803024
0.07113569499986394 -0.029032564311734843
0.07757321737514639 -0.03032000443420649
0.08426519384872727 -0.031607921860086485
0.09120759342420814 -0.032893838894490955
0.09839623425967753 -0.03417477906526605
0.10582678618669683 -0.03544736463839375
0.11349477331863145 -0.03670792510793503
0.12139557674675777 -0.03795261001427278
0.12952443732252045 -0.03917749951363109
0.1378764585242665 -0.0403787065920868
0.14644660940672616 -0.04155246564776391
0.15522972763146647 -0.042695203292858315
0.16422052257649067 -0.0438035885722263
0.17341357852311146 -0.04487456126497898
0.18280335791817703 -0.04590533843137971
0.19238420470968637 -0.04689340079140363
0.20215034775378343 -0.04783646178256208
0.2120959042910774 -0.04873242316478722
0.2222148834901989 -0.04957932175884171
0.23250119005645137 -0.050375272282859866
0.2429486279033891 -0.051118411274022446
0.2535509038851079 -0.05180684675817931
0.26430163158700104 -0.05243861769207423
0.27519433517269654 -0.05301166630417397
0.28622245328485874 -0.05352382537135095
0.29737934299750524 -0.05397282127208437
0.30865828381745486 -0.05435629244070494
0.320052481732506 -0.05467182169961495
0.33155507330389 -0.054916979949124325
0.3431591298005543 -0.055089377917295804
0.35485766137276875 -0.05518672216788504
0.36664362126255073 -0.055206871365544176
0.3785099100483679 -0.055147888913733074
0.3904493799215649 -0.055008088498850104
0.4024548389919357 -0.05478606975839607
0.41451905561984914 -0.05448074218643467
0.42663476277231926 -0.054091336425621965
0.43879466240039156 -0.05361740319067633
0.4509914298352198 -0.05305880113788227
0.46321771820016633 -0.052415675955347144
0.475466162836291 -0.05168843372340076
0.4877293857385438 -0.05087771212139189
0.4999999999999999 -0.049984353291987374
0.512270614261456 -0.049009382094318085
0.5245338371637088 -0.04795399308378954
0.5367822817998334 -0.0468195488736322
0.54900857016478 -0.0456075916080399
0.5612053375996082 -0.04431986817484015
0.5733652372276805 -0.04295836858740477
0.5854809443801506 -0.041525375760164476
0.5975451610080642 -0.0400235237813636
0.6095506200784349 -0.038455860838110374
0.6214900899516319 -0.036825912249236765
0.6333563787374491 -0.03513773867133725
0.645142338627231 -0.03339598450172662
0.6568408701994456 -0.0316059118234618
0.6684449266961098 -0.02977341591031779
0.6799475182674938 -0.027905019296011024
0.691341716182545 -0.026007842650440535
0.7026206570024947 -0.024089552114631117
0.713777546715141 -0.022158284229098255
0.7248056648273034 -0.020222551043071916
0.7356983684129987 -0.018291129309107947
0.746449096114892 -0.01637293875049236
0.7570513720966108 -0.014476915152800833
0.7674988099435485 -0.012611884411707443
0.7777851165098009 -0.010786443627865303
0.7879040957089227 -0.009008854866679615
0.7978496522462164 -0.0072869563169471584
0.8076157952903136 -0.0056280943385830845
0.8171966420818224 -0.004039078364338173
0.8265864214768883 -0.0025261589145740603
0.8357794774235092 -0.001095027215252723
0.8447702723685334 0.0002491667966460498
0.8535533905932737 0.001501782812797921
0.8621235414757333 0.002658650780797436
0.8704755626774794 0.0037160305642497064
0.8786044232532422 0.004670577700567691
0.8865052266813687 0.005519322112711753
0.894173213813303 0.006259665883844062
0.9016037657403225 0.006889404944405429
0.9087924065757916 0.0074067778121300176
0.9157348061512727 0.007810542462979157
0.9224267826248536 0.008100080118894572
0.928864305000136 0.008275522361391747
0.9350434955543556 0.008337895674910147
0.9409606321741775 0.00828927544902973
0.9466121505977576 0.008132939774264355
0.9519946465617215 0.00787351218381248
0.9571048778517655 0.007517081927452214
0.9619397662556433 0.007071290482606393
0.9664963994173694 0.006545373839685745
0.9707720325915102 0.005950151628644788
0.9747640902965183 0.005297956321721874
0.9784701678661044 0.00460249845252033
0.98188803289772 0.003878666896478241
0.985015626597272 0.0031422665961575768
0.9878510650192642 0.002409699501187248
0.9903926402016152 0.0016975977333527977
0.9926388211944706 0.0010224208917986087
0.9945882549823906 0.00040003180613954023
0.9962397672993549 -0.00015473322311512295
0.9975923633360985 -0.0006284827013082718
0.9986452283393451 -0.0010096596289260085
0.9993977281025862 -0.00128888626063438
0.9998494093481021 -0.0014592491983031392
1.0 -0.0015165124601929437
