1.0 0.0016341262648173751
0.9998494093481021 0.0017081772502249351
0.9993977281025862 0.0019289059406273833
0.9986452283393451 0.002292093972536943
0.9975923633360985 0.0027908896360555897
0.9962397672993549 0.003416067425727508
0.9945882549823906 0.004156374301380045
0.9926388211944706 0.004998946630588007
0.9903926402016152 0.005929778680430274
0.9878510650192642 0.006934221410953967
0.985015626597272 0.00799748929396516
0.98188803289772 0.009105152975135138
0.9784701678661044 0.01024359678930923
0.9747640902965183 0.011400422342951121
0.9707720325915102 0.012564782454730736
0.9664963994173694 0.013727633511712644
0.9619397662556433 0.014881898537847693
0.9571048778517655 0.016022537747331863
0.9519946465617215 0.017146527826263976
0.9466121505977576 0.018252755418883368
0.9409606321741775 0.019341834078231018
0.9350434955543556 0.02041585709711812
0.928864305000136 0.021478101027636726
0.9224267826248536 0.022532696237996655
0.9157348061512727 0.023584281507140165
0.9087924065757916 0.024637659433973415
0.9016037657403225 0.02569746840010209
0.894173213813303 0.026767885074856425
0.8865052266813687 0.027852369124298663
0.8786044232532422 0.02895345904013309
0.8704755626774794 0.030072625010721787
0.8621235414757333 0.031210181687173804
0.8535533905932737 0.032365260716558944
0.8447702723685334 0.03353584016804201
0.8357794774235092 0.03471882558767423
0.8265864214768883 0.03591017547533447
0.8171966420818224 0.03710506254170418
0.8076157952903136 0.03829806119968045
0.7978496522462164 0.03948335136708084
0.7879040957089227 0.040654928771517745
0.7777851165098009 0.04180681249644954
0.7674988099435485 0.04293324141508986
0.7570513720966108 0.04402885234101864
0.746449096114892 0.04508883409190267
0.7356983684129987 0.046109053128693504
0.7248056648273034 0.04708614791718969
0.713777546715141 0.048017590593279626
0.7026206570024947 0.04890171584263141
0.691341716182545 0.04973771809015871
0.6799475182674938 0.05052561910917901
0.6684449266961098 0.051266208993217016
0.6568408701994456 0.051960964084621905
0.645142338627231 0.05261194593177144
0.6333563787374491 0.05322168566429868
0.6214900899516319 0.053793058349643055
0.6095506200784349 0.05432915194036526
0.5975451610080642 0.054833135354114076
0.5854809443801506 0.05530813005773339
0.5733652372276805 0.0557570892610591
0.5612053375996082 0.0561826884687349
0.54900857016478 0.05658723069222376
0.5367822817998334 0.05697256909121231
0.5245338371637088 0.057340049197550515
0.512270614261456 0.05769047218301186
0.4999999999999999 0.05802407987690121
0.4877293857385438 0.05834056143946798
0.475466162836291 0.058639080777356016
0.46321771820016633 0.05891832297921218
0.4509914298352198 0.059176557289199905
0.43879466240039156 0.05941171346241762
0.42663476277231926 0.05962146779811001
0.41451905561984914 0.0598033347601187
0.4024548389919357 0.05995475989908174
0.3904493799215649 0.0600732098080897
0.3785099100483679 0.06015625508166426
0.36664362126255073 0.06020164270229676
0.35485766137276875 0.06020735493017868
0.3431591298005543 0.060171652586859886
0.33155507330389 0.060093101556377704
0.320052481732506 0.05997058232181368
0.30865828381745486 0.05980328334861428
0.29737934299750524 0.05959068005345988
0.28622245328485874 0.05933250189654369
0.27519433517269654 0.059028690750604275
0.26430163158700104 0.058679354088356096
0.2535509038851079 0.05828471666286624
0.2429486279033891 0.05784507422275676
0.23250119005645137 0.0573607524151297
0.2222148834901989 0.05683207341242703
0.2120959042910774 0.056259332001428776
0.20215034775378343 0.05564278195437008
0.19238420470968637 0.05498263253529205
0.18280335791817703 0.054279054056006776
0.17341357852311146 0.05353219056162574
0.16422052257649067 0.05274217706510208
0.15522972763146647 0.051909158321089235
0.14644660940672616 0.05103330597204764
0.1378764585242665 0.05011483103364999
0.12952443732252045 0.04915398910901968
0.12139557674675777 0.04815107640577974
0.11349477331863145 0.04710641552794786
0.10582678618669683 0.046020331059233456
0.09839623425967753 0.044893116063956184
0.09120759342420814 0.043724991717016076
0.08426519384872727 0.04251606324396233
0.07757321737514639 0.04126627612052911
0.07113569499986394 0.03997537697460985
0.06495650444564427 0.038642883797439576
0.059039367825822475 0.03726806987282737
0.05338784940224234 0.035849965268113744
0.048005353438278275 0.03438737882031001
0.042895122148234655 0.032878942344757196
0.038060233744356575 0.03132317736495612
0.03350360058263052 0.02971858310380636
0.029227967408489597 0.028063742894462652
0.025235909703481607 0.026357444675366524
0.021529832133895532 0.02459880993863091
0.018111967102280024 0.022787424503589036
0.014984373402728013 0.020923463870110466
0.012148934980735715 0.019007805727412286
0.009607359798384785 0.017042122483037846
0.007361178805529334 0.015028947431444315
0.005411745017609493 0.012971709368248138
0.0037602327006450165 0.010874732010326701
0.0024076366639015356 0.008743196413040652
0.0013547716606548965 0.006583066572659373
0.0006022718974137975 0.004400980440370266
0.00015059065189787502 0.0022041105250184107
0.0 0.0
0.00015059065189787502 -0.0014173990253313993
0.0006022718974137975 -0.002830714144215843
0.0013547716606548965 -0.004235546837507217
0.0024076366639015356 -0.005627844717502896
0.0037602327006450165 -0.007004052071241437
0.005411745017609493 -0.008361234624114738
0.007361178805529334 -0.009697172215731846
0.009607359798384785 -0.011010414864116526
0.012148934980735715 -0.012300299718814814
0.014984373402728013 -0.01356692854988068
0.018111967102280024 -0.014811107563035617
0.021529832133895532 -0.01603425334762685
0.025235909703481607 -0.017238270537870796
0.029227967408489597 -0.018425408199198866
0.03350360058263052 -0.019598102961549388
0.038060233744356575 -0.020758817457327335
0.042895122148234655 -0.0219098826595051
0.048005353438278275 -0.02305335226106969
0.05338784940224234 -0.02419087632623334
0.059039367825822475 -0.025323600138948594
0.06495650444564427 -0.026452092560543213
0.07113569499986394 -0.027576306388274508
0.07757321737514639 -0.02869557129366436
0.08426519384872727 -0.029808618030656427
0.09120759342420814 -0.03091363085238407
0.09839623425967753 -0.03200832356450547
0.10582678618669683 -0.03309003345867988
0.11349477331863145 -0.034155826575896324
0.12139557674675777 -0.035202607384473415
0.12952443732252045 -0.0362272260324161
0.1378764585242665 -0.037226576831367195
0.14644660940672616 -0.03819768250619851
0.15522972763146647 -0.039137759933796146
0.16422052257649067 -0.04004426451177205
0.17341357852311146 -0.04091491184495016
0.18280335791817703 -0.04174767701064232
0.19238420470968637 -0.04254077315975385
0.20215034775378343 -0.04329261253386581
0.2120959042910774 -0.044001754046422877
0.2222148834901989 -0.04466684232557179
0.23250119005645137 -0.04528654350623023
0.2429486279033891 -0.045859483073812435
0.2535509038851079 -0.046384190711483794
0.26430163158700104 -0.04685905642122785
0.27519433517269654 -0.04728230123258033
0.28622245328485874 -0.04765196465549431
0.29737934299750524 -0.047965909761704416
0.30865828381745486 -0.04822184548467757
0.320052481732506 -0.04841736450409667
0.33155507330389 -0.04854999401253077
0.3431591298005543 -0.04861725582271684
0.35485766137276875 -0.04861673171942194
0.36664362126255073 -0.048546129724658695
0.3785099100483679 -0.04840334704009217
0.3904493799215649 -0.04818652584274915
0.4024548389919357 -0.04789409880361063
0.41451905561984914 -0.04752482211708506
0.42663476277231926 -0.047077794900376814
0.43879466240039156 -0.046552464962224815
0.4509914298352198 -0.04594862206244408
0.46321771820016633 -0.04526638080084585
0.475466162836291 -0.04450615610800995
0.4877293857385438 -0.043668634896258385
0.4999999999999999 -0.04275474772065887
0.512270614261456 -0.04176564427251353
0.5245338371637088 -0.04070267618091805
0.5367822817998334 -0.03956738995503313
0.54900857016478 -0.03836153200665614
0.5612053375996082 -0.0370870666148782
0.5733652372276805 -0.03574620651223938
0.5854809443801506 -0.03434145457413991
0.5975451610080642 -0.03287565397230008
0.6095506200784349 -0.031352043196703726
0.6214900899516319 -0.029774311636101215
0.6333563787374491 -0.028146650995735607
0.645142338627231 -0.026473797762284996
0.6568408701994456 -0.02476106221536805
0.6684449266961098 -0.023014340121508315
0.6799475182674938 -0.021240104193489148
0.691341716182545 -0.01944537359506516
0.7026206570024947 -0.017637661137610106
0.713777546715141 -0.01582489925648775
0.7248056648273034 -0.014015347267709082
0.7356983684129987 -0.012217483685940483
0.746449096114892 -0.010439888436011693
0.7570513720966108 -0.008691120528403812
0.7674988099435485 -0.006979597131674228
0.7777851165098009 -0.005313479923580864
0.7879040957089227 -0.003700574128711629
0.7978496522462164 -0.0021482447748399397
0.8076157952903136 -0.0006633534737569853
0.8171966420818224 0.0007477824673431609
0.8265864214768883 0.0020794084708041487
0.8357794774235092 0.003326330247000318
0.8447702723685334 0.004483893747218953
0.8535533905932737 0.005547952244588333
0.8621235414757333 0.006514826443527028
0.8704755626774794 0.0073812642808682065
0.8786044232532422 0.008144407366710538
0.8865052266813687 0.008801770776929518
0.894173213813303 0.009351242143349403
0.9016037657403225 0.009791104719280382
0.9087924065757916 0.010120087390586618
0.9157348061512727 0.01033744255146742
0.9224267826248536 0.010443050492893381
0.928864305000136 0.010437546603493827
0.9350434955543556 0.010322465412329182
0.9409606321741775 0.010100393466654412
0.9466121505977576 0.00977512138310776
0.9519946465617215 0.009351784266847466
0.9571048778517655 0.008836979161633297
0.9619397662556433 0.008238848341439405
0.9664963994173694 0.007567118107361454
0.9707720325915102 0.006833084295650475
0.9747640902965183 0.006049537873561425
0.9784701678661044 0.005230626698378205
0.98188803289772 0.00439165260476331
0.985015626597272 0.0035488063016026095
0.9878510650192642 0.0027188459181257925
0.9903926402016152 0.001918728248696333
0.9926388211944706 0.0011652046182162768
0.9945882549823906 0.000474395652515948
0.9962397672993549 -0.00013863905695215965
0.9975923633360985 -0.0006603194696794668
0.9986452283393451 -0.0010789347742727177
0.9993977281025862 -0.0013849879763082986
0.9998494093481021 -0.0015714807486553691
1.0 -0.0016341262648173751
