1.0 0.0019514278030414525
0.9998494093481021 0.0020295018802628855
0.9993977281025862 0.002262308760359984
0.9986452283393451 0.0026456567315612865
0.9975923633360985 0.00317273820532992
0.9962397672993549 0.003834388837795394
0.9945882549823906 0.0046194332224072454
0.9926388211944706 0.005515101152496931
0.9903926402016152 0.006507495348307654
0.9878510650192642 0.007582089422739359
0.985015626597272 0.008724233821248142
0.98188803289772 0.00991964755118531
0.9784701678661044 0.01115487468964076
0.9747640902965183 0.012417686842534874
0.9707720325915102 0.013697415783850048
0.9664963994173694 0.014985204250762118
0.9619397662556433 0.016274167093442038
0.9571048778517655 0.01755945944319979
0.9519946465617215 0.01883825302954196
0.9466121505977576 0.020109626013944455
0.9409606321741775 0.021374375505311002
0.9350434955543556 0.02263476510126113
0.928864305000136 0.023894222224070623
0.9224267826248536 0.025157001601177783
0.9157348061512727 0.026427831938983456
0.9087924065757916 0.02771156266665308
0.9016037657403225 0.029012826642105666
0.894173213813303 0.030335733014623383
0.8865052266813687 0.03168360215963981
0.8786044232532422 0.03305875189656289
0.8704755626774794 0.034462341237902254
0.8621235414757333 0.03589427486753827
0.8535533905932737 0.03735316856968805
0.8447702723685334 0.03883637307318104
0.8357794774235092 0.04034005135919786
0.8265864214768883 0.04185930249669712
0.8171966420818224 0.04338832357840701
0.8076157952903136 0.04492060035898371
0.7978496522462164 0.04644911674219204
0.7879040957089227 0.047966573294581226
0.7777851165098009 0.04946560542520183
0.7674988099435485 0.05093899269360605
0.7570513720966108 0.052379851810368
0.746449096114892 0.05378180719006851
0.7356983684129987 0.05513913432223336
0.7248056648273034 0.05644687266382642
0.713777546715141 0.057700906160833156
0.7026206570024947 0.058898010822480806
0.691341716182545 0.060035869960168055
0.6799475182674938 0.06111305873868381
0.6684449266961098 0.06212900055701819
0.6568408701994456 0.06308389847789468
0.645142338627231 0.06397864546490667
0.6333563787374491 0.06481471757473486
0.6214900899516319 0.06559405450250226
0.6095506200784349 0.06631893200391117
0.5975451610080642 0.06699183072949079
0.5854809443801506 0.06761530591219518
0.5733652372276805 0.0681918621546986
0.5612053375996082 0.06872383726939886
0.54900857016478 0.06921329873332124
0.5367822817998334 0.06966195583305052
0.5245338371637088 0.07007108999488589
0.512270614261456 0.07044150512996628
0.4999999999999999 0.07077349908599224
0.4877293857385438 0.07106685650568216
0.475466162836291 0.07132086257326495
0.46321771820016633 0.07153433631632589
0.4509914298352198 0.0717056813581592
0.43879466240039156 0.0718329513250537
0.42663476277231926 0.07191392654315937
0.41451905561984914 0.07194619824704089
0.4024548389919357 0.0719272562965652
0.3904493799215649 0.07185457638079518
0.3785099100483679 0.07172570288550704
0.36664362126255073 0.07153832400957662
0.35485766137276875 0.07129033631512353
0.3431591298005543 0.07097989665329059
0.33155507330389 0.07060546027572898
0.320052481732506 0.07016580486537365
0.30865828381745486 0.06966004113691295
0.29737934299750524 0.0690876115037048
0.28622245328485874 0.06844827902295969
0.27519433517269654 0.06774210936172502
0.26430163158700104 0.06696944883158414
0.2535509038851079 0.0661309015948201
0.2429486279033891 0.06522730894216212
0.23250119005645137 0.06425973309478453
0.2222148834901989 0.06322944732289319
0.2120959042910774 0.06213793334948926
0.20215034775378343 0.060986886084523885
0.19238420470968637 0.05977822478530198
0.18280335791817703 0.058514108841758644
0.17341357852311146 0.05719695561674826
0.16422052257649067 0.05582945720088636
0.15522972763146647 0.05441459262469011
0.14644660940672616 0.05295563204573383
0.1378764585242665 0.05145612971158944
0.12952443732252045 0.04991990308314147
0.12139557674675777 0.04835099635619979
0.11349477331863145 0.04675362768853798
0.10582678618669683 0.04513212065187057
0.09839623425967753 0.04349082169699071
0.09120759342420814 0.04183400665042716
0.08426519384872727 0.040165780356562014
0.07757321737514639 0.03848997445032208
0.07113569499986394 0.036810048815566675
0.06495650444564427 0.035129002495726994
0.059039367825822475 0.03344929964290087
0.05338784940224234 0.03177281551378425
0.048005353438278275 0.030100806568600397
0.042895122148234655 0.028433907453617263
0.038060233744356575 0.02677215612502841
0.03350360058263052 0.025115046698258408
0.029227967408489597 0.023461607892291538
0.025235909703481607 0.021810503299792696
0.021529832133895532 0.020160148264992468
0.018111967102280024 0.01850883699672913
0.014984373402728013 0.016854872770003686
0.012148934980735715 0.015196693737851954
0.009607359798384785 0.013532987018983252
0.007361178805529334 0.011862784346089445
0.005411745017609493 0.010185533622949472
0.0037602327006450165 0.00850114218243533
0.0024076366639015356 0.006809989272313814
0.0013547716606548965 0.005112907210312607
0.0006022718974137975 0.0034111326197210187
0.00015059065189787502 0.0017062310522227425
0.0 0.0
0.00015059065189787502 -0.0014038462343298921
0.0006022718974137975 -0.0028045577143224957
0.0013547716606548965 -0.004198567405805409
0.0024076366639015356 -0.00558261136246553
0.0037602327006450165 -0.006953860467894739
0.005411745017609493 -0.008310029451308355
0.007361178805529334 -0.009649457603976029
0.009607359798384785 -0.010971157188171375
0.012148934980735715 -0.012274827307571375
0.014984373402728013 -0.013560832894327801
0.018111967102280024 -0.014830150354437752
0.021529832133895532 -0.016084283191154142
0.025235909703481607 -0.017325152494686174
0.029227967408489597 -0.018554968457172916
0.03350360058263052 -0.019776089974991105
0.038060233744356575 -0.020990879888412223
0.042895122148234655 -0.02220156345904818
0.048005353438278275 -0.023410097302270054
0.05338784940224234 -0.024618055204488273
0.059039367825822475 -0.025826536117276557
0.06495650444564427 -0.027036098205558006
0.07113569499986394 -0.028246721224848947
0.07757321737514639 -0.029457797812305668
0.08426519384872727 -0.03066815260130152
0.09120759342420814 -0.03187608651018486
0.09839623425967753 -0.0330794422046926
0.10582678618669683 -0.03427568566783773
0.11349477331863145 -0.03546199808956586
0.12139557674675777 -0.03663537194726952
0.12952443732252045 -0.03779270519909744
0.1378764585242665 -0.038930887941790955
0.14644660940672616 -0.04004687665667224
0.15522972763146647 -0.04113775222349003
0.16422052257649067 -0.0422007591470868
0.17341357852311146 -0.043233324829217226
0.18280335791817703 -0.04423305913397501
0.19238420470968637 -0.04519773584669711
0.20215034775378343 -0.04612525882539426
0.2120959042910774 -0.04701361661483225
0.2222148834901989 -0.0478608299769845
0.23250119005645137 -0.04866489714854702
0.2429486279033891 -0.04942374165004037
0.2535509038851079 -0.05013516714864673
0.26430163158700104 -0.05079682324803395
0.27519433517269654 -0.051406185193186876
0.28622245328485874 -0.051960549403756676
0.29737934299750524 -0.05245704556486068
0.30865828381745486 -0.052892664795400154
0.320052481732506 -0.053264302267210836
0.33155507330389 -0.05356881164470796
0.3431591298005543 -0.053803067924116064
0.35485766137276875 -0.053964034727981204
0.36664362126255073 -0.054048831888954436
0.3785099100483679 -0.05405479924932096
0.3904493799215649 -0.05397955299912445
0.4024548389919357 -0.05382103154364148
0.41451905561984914 -0.053577528778300076
0.42663476277231926 -0.053247713687799576
0.43879466240039156 -0.052830636296931514
0.4509914298352198 -0.05232572109872418
0.46321771820016633 -0.051732750087008735
0.475466162836291 -0.051051838348072365
0.4877293857385438 -0.05028340575492266
0.4999999999999999 -0.04942814861030244
0.512270614261456 -0.04848701507437292
0.5245338371637088 -0.047461187886410315
0.5367822817998334 -0.04635207726707265
0.54900857016478 -0.04516132601140352
0.5612053375996082 -0.043890827715037224
0.5733652372276805 -0.04254275789478855
0.5854809443801506 -0.04111961655766213
0.5975451610080642 -0.03962427963077642
0.6095506200784349 -0.03806005567733821
0.6214900899516319 -0.036430743569818215
0.6333563787374491 -0.03474068633462489
0.645142338627231 -0.03299481626626498
0.6568408701994456 -0.031198686652606528
0.6684449266961098 -0.029358486049862326
0.6799475182674938 -0.027481031963625877
0.691341716182545 -0.025573741973692263
0.7026206570024947 -0.023644581707621824
0.713777546715141 -0.021701990527465635
0.7248056648273034 -0.01975478724281607
0.7356983684129987 -0.01781205949621025
0.746449096114892 -0.015883041584109227
0.7570513720966108 -0.013976986291037248
0.7674988099435485 -0.012103036758152665
0.7777851165098009 -0.010270104437395951
0.7879040957089227 -0.008486758783818035
0.7978496522462164 -0.006761133527572495
0.8076157952903136 -0.0051008531894253676
0.8171966420818224 -0.0035129820334776777
0.8265864214768883 -0.002003995985594459
0.8357794774235092 -0.0005797763007018447
0.8447702723685334 0.0007543779386543809
0.8535533905932737 0.001993722940159313
0.8621235414757333 0.0031340346243539444
0.8704755626774794 0.004171570888996647
0.8786044232532422 0.005103038629592257
0.8865052266813687 0.005925572287821387
0.894173213813303 0.006636730022127854
0.9016037657403225 0.0072345124045273155
0.9087924065757916 0.007717406903289609
0.9157348061512727 0.008084459404806572
0.9224267826248536 0.008335371780682362
0.928864305000136 0.008470622160490826
0.9350434955543556 0.00849160228214704
0.9409606321741775 0.008400764218791282
0.9466121505977576 0.008201767074377891
0.9519946465617215 0.007899613033078791
0.9571048778517655 0.007500761546513471
0.9619397662556433 0.007013210519361383
0.9664963994173694 0.0064465341393187365
0.9707720325915102 0.005811868479155674
0.9747640902965183 0.005121838120110604
0.9784701678661044 0.004390419708423527
0.98188803289772 0.003632741424962692
0.985015626597272 0.0028648206567761813
0.9878510650192642 0.0021032455242497358
0.9903926402016152 0.001364809144720154
0.9926388211944706 0.0006661084120145498
0.9945882549823906 2.3121465144831585e-05
0.9962397672993549 -0.0005492202424542316
0.9975923633360985 -0.0010374483947723713
0.9986452283393451 -0.001429945784813956
0.9993977281025862 -0.001717289550766638
0.9998494093481021 -0.0018925350121839894
1.0 -0.0019514278030414525
