1.0 0.0016068063264427506
0.9998494093481021 0.0016830168529210895
0.9993977281025862 0.0019101725227683884
0.9986452283393451 0.0022839020145668447
0.9975923633360985 0.002797105210319616
0.9962397672993549 0.003440222333616692
0.9945882549823906 0.0042015932458749836
0.9926388211944706 0.005067890494653522
0.9903926402016152 0.0060246065096510185
0.9878510650192642 0.00705657314288522
0.985015626597272 0.008148490650196879
0.98188803289772 0.009285443251073477
0.9784701678661044 0.010453379559846189
0.9747640902965183 0.011639538370542341
0.9707720325915102 0.012832803362803165
0.9664963994173694 0.01402397409478819
0.9619397662556433 0.015205944944543711
0.9571048778517655 0.016373788216909487
0.9519946465617215 0.017524742205081052
0.9466121505977576 0.01865810934823999
0.9409606321741775 0.019775073543643815
0.9350434955543556 0.020878448969723098
0.928864305000136 0.021972375313887318
0.9224267826248536 0.023061975980346393
0.9157348061512727 0.024152996635744103
0.9087924065757916 0.025251441341237867
0.9016037657403225 0.026363222574405463
0.894173213813303 0.027493839760953404
0.8865052266813687 0.028648098647001977
0.8786044232532422 0.029829881104913285
0.8704755626774794 0.031041971950614623
0.8621235414757333 0.03228594623302974
0.8535533905932737 0.03356211740450246
0.8447702723685334 0.034869543946807725
0.8357794774235092 0.036206089538523833
0.8265864214768883 0.03756852980485359
0.8171966420818224 0.03895269715633642
0.8076157952903136 0.040353654230386046
0.7978496522462164 0.04176588599863162
0.7879040957089227 0.04318350066347172
0.7777851165098009 0.044600429984043004
0.7674988099435485 0.04601062057086799
0.7570513720966108 0.04740820888320227
0.746449096114892 0.04878767406101934
0.7356983684129987 0.05014396423257671
0.7248056648273034 0.05147259347244473
0.713777546715141 0.05276970806805675
0.7026206570024947 0.05403212212318052
0.691341716182545 0.0552573237375953
0.6799475182674938 0.05644345402294604
0.6684449266961098 0.05758926202960982
0.6568408701994456 0.05869403926613571
0.645142338627231 0.05975753789984974
0.6333563787374491 0.06077987695083227
0.6214900899516319 0.06176144085270828
0.6095506200784349 0.06270277467549999
0.5975451610080642 0.06360448011065852
0.5854809443801506 0.06446711602656546
0.5733652372276805 0.06529110703126856
0.5612053375996082 0.06607666304146567
0.54900857016478 0.06682371236316219
0.5367822817998334 0.06753185024827131
0.5245338371637088 0.0682003043102238
0.512270614261456 0.06882791756863442
0.4999999999999999 0.06941314925861333
0.4877293857385438 0.06995409289799377
0.475466162836291 0.07044851047300095
0.46321771820016633 0.0708938810009667
0.4509914298352198 0.0712874611820544
0.43879466240039156 0.0716263553869361
0.42663476277231926 0.07190759187036619
0.41451905561984914 0.07212820187588061
0.4024548389919357 0.0722852982241263
0.3904493799215649 0.07237615006945781
0.3785099100483679 0.07239825077042261
0.36664362126255073 0.07234937624329968
0.35485766137276875 0.07222763173663509
0.3431591298005543 0.07203148565058623
0.33155507330389 0.071759789789946
0.320052481732506 0.07141178623835798
0.30865828381745486 0.07098710182294349
0.29737934299750524 0.0704857318513477
0.28622245328485874 0.06990801539742758
0.27519433517269654 0.0692546048439808
0.26430163158700104 0.06852643262739076
0.2535509038851079 0.06772467814904636
0.2429486279033891 0.0668507376161292
0.23250119005645137 0.06590619916032069
0.2222148834901989 0.06489282498374281
0.2120959042910774 0.06381254153840377
0.20215034775378343 0.06266743791220449
0.19238420470968637 0.06145977173346624
0.18280335791817703 0.060191981083470236
0.17341357852311146 0.0588667001884665
0.16422052257649067 0.05748677610907947
0.15522972763146647 0.056055283305486314
0.14644660940672616 0.054575532865979035
0.1378764585242665 0.053051073361431826
0.12952443732252045 0.0514856807259036
0.12139557674675777 0.04988333524100838
0.11349477331863145 0.04824818457652416
0.10582678618669683 0.046584492853177756
0.09839623425967753 0.04489657677419341
0.09120759342420814 0.043188730940937135
0.08426519384872727 0.04146514544383837
0.07757321737514639 0.03972981962584524
0.07113569499986394 0.0379864764850863
0.06495650444564427 0.036238482464587864
0.059039367825822475 0.03448877733779593
0.05338784940224234 0.032739818529733046
0.048005353438278275 0.03099354352912943
0.042895122148234655 0.0292513530844092
0.038060233744356575 0.027514116694780277
0.03350360058263052 0.02578220058305821
0.029227967408489597 0.024055516957672832
0.025235909703481607 0.022333592032069003
0.021529832133895532 0.020615649064277666
0.018111967102280024 0.018900701694218584
0.014984373402728013 0.0171876521639145
0.012148934980735715 0.015475388659582806
0.009607359798384785 0.013762876044456305
0.007361178805529334 0.01204923466117767
0.005411745017609493 0.010333802650179566
0.0037602327006450165 0.008616178307750176
0.0024076366639015356 0.006896240324476454
0.0013547716606548965 0.00517414521396262
0.0006022718974137975 0.003450302764253171
0.00015059065189787502 0.001725331816853386
0.0 0.0
0.00015059065189787502 -0.0019299948044595929
0.0006022718974137975 -0.0038517100875274752
0.0013547716606548965 -0.005756615195278439
0.0024076366639015356 -0.007636635333050484
0.0037602327006450165 -0.009484355039745445
0.005411745017609493 -0.011293193559531371
0.007361178805529334 -0.013057545022229763
0.009607359798384785 -0.014772878130577769
0.012148934980735715 -0.01643579208984024
0.014984373402728013 -0.018044027689325694
0.018111967102280024 -0.019596434635905647
0.021529832133895532 -0.021092898326617458
0.025235909703481607 -0.022534231118089273
0.029227967408489597 -0.02392203470594591
0.03350360058263052 -0.025258541388068285
0.038060233744356575 -0.02654644269606568
0.042895122148234655 -0.027788714110953384
0.048005353438278275 -0.028988444331447396
0.05338784940224234 -0.030148676864007642
0.059039367825822475 -0.03127227060614155
0.06495650444564427 -0.03236178467411101
0.07113569499986394 -0.03341939107600244
0.07757321737514639 -0.03444681705547967
0.08426519384872727 -0.03544531713968843
0.09120759342420814 -0.03641567322410317
0.09839623425967753 -0.037358219516554686
0.10582678618669683 -0.03827288792683476
0.11349477331863145 -0.03915926859238172
0.12139557674675777 -0.04001667971681302
0.12952443732252045 -0.040844240783462535
0.1378764585242665 -0.041640943481794576
0.14644660940672616 -0.04240571531709131
0.15522972763146647 -0.043137471807589
0.16422052257649067 -0.04383515433470775
0.17341357852311146 -0.04449775201475149
0.18280335791817703 -0.045124307311074294
0.19238420470968637 -0.045713906410195175
0.20215034775378343 -0.046265656555268826
0.2120959042910774 -0.04677865348867695
0.2222148834901989 -0.0472519428416784
0.23250119005645137 -0.04768447968264045
0.2429486279033891 -0.048075090478634744
0.2535509038851079 -0.04842244144387848
0.26430163158700104 -0.04872501667120596
0.27519433517269654 -0.04898110861853466
0.28622245328485874 -0.04918882251704478
0.29737934299750524 -0.04934609515945888
0.30865828381745486 -0.04945072739974009
0.320052481732506 -0.04950042863446498
0.33155507330389 -0.04949287062017129
0.3431591298005543 -0.04942574727796691
0.35485766137276875 -0.04929683669836792
0.36664362126255073 -0.049104061417698484
0.3785099100483679 -0.048845543202373436
0.3904493799215649 -0.048519649036153675
0.4024548389919357 -0.04812502572329402
0.41451905561984914 -0.047660621443232076
0.42663476277231926 -0.04712569365035812
0.43879466240039156 -0.046519803825134744
0.4509914298352198 -0.04584280066525973
0.46321771820016633 -0.04509479427392565
0.475466162836291 -0.04427612468025189
0.4877293857385438 -0.04338732855155313
0.4999999999999999 -0.04242910818308821
0.512270614261456 -0.0414023067546283
0.5245338371637088 -0.04030789342443922
0.5367822817998334 -0.039146961113861255
0.54900857016478 -0.03792073886595466
0.5612053375996082 -0.036630619505647305
0.5733652372276805 -0.035278202067659886
0.5854809443801506 -0.03386534718298752
0.5975451610080642 -0.03239424241891094
0.6095506200784349 -0.030867473541910037
0.6214900899516319 -0.029288096897890803
0.6333563787374491 -0.027659707644108484
0.645142338627231 -0.025986498465293346
0.6568408701994456 -0.024273303681299527
0.6684449266961098 -0.022525624297071195
0.6799475182674938 -0.020749630523212537
0.691341716182545 -0.018952139547545824
0.7026206570024947 -0.017140567784205238
0.713777546715141 -0.015322858370597495
0.7248056648273034 -0.01350738621809005
0.7356983684129987 -0.011702844341513677
0.746449096114892 -0.009918116392928104
0.7570513720966108 -0.008162141216854584
0.7674988099435485 -0.0064437757571466445
0.7777851165098009 -0.00477166273465349
0.7879040957089227 -0.0031541091634761853
0.7978496522462164 -0.001598980996339499
0.8076157952903136 -0.00011361803138501612
0.8171966420818224 0.0012952282532171634
0.8265864214768883 0.0026214329469202
0.8357794774235092 0.003859512818924835
0.8447702723685334 0.005004620819649514
0.8535533905932737 0.0060525240826533825
0.8621235414757333 0.006999570847988924
0.8704755626774794 0.007842652657025355
0.8786044232532422 0.008579168635851384
0.8865052266813687 0.009206998637799413
0.894173213813303 0.00972449143782885
0.9016037657403225 0.010130473081181833
0.9087924065757916 0.010424278940792665
0.9157348061512727 0.010605811120938512
0.9224267826248536 0.010675620675817694
0.928864305000136 0.01063501183015127
0.9350434955543556 0.010486163146667216
0.9409606321741775 0.010232258538021259
0.9466121505977576 0.009877619317128505
0.9519946465617215 0.009427827252030138
0.9571048778517655 0.008889827945341992
0.9619397662556433 0.008272003866412506
0.9664963994173694 0.007584207059590279
0.9707720325915102 0.006837742924886179
0.9747640902965183 0.006045298465004881
0.9784701678661044 0.005220810921388274
0.98188803289772 0.004379275651521264
0.985015626597272 0.0035364952713558507
0.9878510650192642 0.0027087753216596417
0.9903926402016152 0.0019125748277262057
0.9926388211944706 0.00116412292290312
0.9945882549823906 0.0004790150263457298
0.9962397672993549 -0.00012819624256776223
0.9975923633360985 -0.0006443992795238313
0.9986452283393451 -0.0010582945677894483
0.9993977281025862 -0.0013607230343208785
0.9998494093481021 -0.001544937629289228
1.0 -0.0016068063264427506
