1.0 0.0014657656509004444
0.9998494093481021 0.0015468503937895828
0.9993977281025862 0.00178861022159501
0.9986452283393451 0.0021866183876789423
0.9975923633360985 0.0027336825632896314
0.9962397672993549 0.0034201142314770937
0.9945882549823906 0.00423408835805569
0.9926388211944706 0.0051620769479838674
0.9903926402016152 0.0061893368979875196
0.9878510650192642 0.007300430355635762
0.985015626597272 0.008479754691452552
0.98188803289772 0.009712059223195076
0.9784701678661044 0.010982926977035616
0.9747640902965183 0.01227920194612351
0.9707720325915102 0.013589345375983964
0.9664963994173694 0.014903708386600233
0.9619397662556433 0.016214712517491993
0.9571048778517655 0.017516934318963645
0.9519946465617215 0.01880709466795832
0.9466121505977576 0.020083957826225966
0.9409606321741775 0.021348149168139617
0.9350434955543556 0.022601903803837767
0.928864305000136 0.023848760869943985
0.9224267826248536 0.025093219961700608
0.9157348061512727 0.02634037699419277
0.9087924065757916 0.027595556714031782
0.9016037657403225 0.028863958191311156
0.894173213813303 0.030150328001253352
0.8865052266813687 0.031458673585668354
0.8786044232532422 0.032792026620068845
0.8704755626774794 0.03415226327044233
0.8621235414757333 0.03553998517461784
0.8535533905932737 0.03695446198998734
0.8447702723685334 0.038393633559046514
0.8357794774235092 0.03985416728032268
0.8265864214768883 0.04133156422957452
0.8171966420818224 0.04282030601771097
0.8076157952903136 0.044314033328170355
0.7978496522462164 0.04580574654681024
0.7879040957089227 0.04728801885300729
0.7777851165098009 0.048753212529771765
0.7674988099435485 0.05019369000388112
0.7570513720966108 0.051602012163877824
0.746449096114892 0.052971117738973617
0.7356983684129987 0.05429447887135146
0.7248056648273034 0.055566229400168324
0.713777546715141 0.056781263730098064
0.7026206570024947 0.05793530542579723
0.691341716182545 0.05902494581577511
0.6799475182674938 0.06004765387864356
0.6684449266961098 0.06100175950863014
0.6568408701994456 0.06188641291375398
0.645142338627231 0.06270152339591303
0.6333563787374491 0.06344768110971807
0.6214900899516319 0.06412606561143085
0.6095506200784349 0.06473834510632982
0.5975451610080642 0.065286570296092
0.5854809443801506 0.06577306662832919
0.5733652372276805 0.06620032856591443
0.5612053375996082 0.06657091922884753
0.54900857016478 0.06688737841878759
0.5367822817998334 0.06715214161810734
0.5245338371637088 0.06736747206465185
0.512270614261456 0.0675354074464243
0.4999999999999999 0.06765772214767138
0.4877293857385438 0.06773590532515464
0.475466162836291 0.06777115442239665
0.46321771820016633 0.06776438306738991
0.4509914298352198 0.06771624167692779
0.43879466240039156 0.0676271485420352
0.42663476277231926 0.06749732872762064
0.41451905561984914 0.06732685781631373
0.4024548389919357 0.06711570738666228
0.3904493799215649 0.06686378915616416
0.3785099100483679 0.06657099494599847
0.36664362126255073 0.0662372300304685
0.35485766137276875 0.06586243800075958
0.3431591298005543 0.06544661596771267
0.33155507330389 0.06498981970881061
0.320052481732506 0.06449215917869534
0.30865828381745486 0.0639537855932249
0.29737934299750524 0.0633748720060373
0.28622245328485874 0.06275558986870307
0.27519433517269654 0.06209608445328731
0.26430163158700104 0.06139645218365661
0.2535509038851079 0.06065672284834247
0.2429486279033891 0.059876849349788076
0.23250119005645137 0.05905670709744379
0.2222148834901989 0.05819610440871334
0.2120959042910774 0.0572948043919275
0.20215034775378343 0.056352557812423376
0.19238420470968637 0.05536914545860687
0.18280335791817703 0.054344427605644646
0.17341357852311146 0.05327839739447224
0.16422052257649067 0.05217123436989599
0.15522972763146647 0.051023354107515
0.14644660940672616 0.04983544984127981
0.1378764585242665 0.04860852229700606
0.12952443732252045 0.04734389453441678
0.12139557674675777 0.04604320947043854
0.11349477331863145 0.04470840884694621
0.10582678618669683 0.043341693645855335
0.09839623425967753 0.04194546725847724
0.09120759342420814 0.040522263991519585
0.08426519384872727 0.03907466664488943
0.07757321737514639 0.037605217838056364
0.07113569499986394 0.03611633041606564
0.06495650444564427 0.03461020257564988
0.059039367825822475 0.03308874328170667
0.05338784940224234 0.031553513086476845
0.048005353438278275 0.030005684637515795
0.042895122148234655 0.028446026012400004
0.038060233744356575 0.026874908618736253
0.03350360058263052 0.02529233983786255
0.029227967408489597 0.023698018973738747
0.025235909703481607 0.022091413505492565
0.021529832133895532 0.02047185124216348
0.018111967102280024 0.018838622841448868
0.014984373402728013 0.017191088364307976
0.012148934980735715 0.015528781154987806
0.009607359798384785 0.013851502394863238
0.007361178805529334 0.012159400181678413
0.005411745017609493 0.010453027905753602
0.0037602327006450165 0.008733377974580197
0.0024076366639015356 0.0070018884944788255
0.0013547716606548965 0.005260422250057053
0.0006022718974137975 0.00351121911346619
0.00015059065189787502 0.0017568247452848045
0.0 0.0
0.00015059065189787502 -0.0016192530807778319
0.0006022718974137975 -0.003234181603916855
0.0013547716606548965 -0.004840181535188967
0.0024076366639015356 -0.006432964898902125
0.0037602327006450165 -0.008008697940934971
0.005411745017609493 -0.009564116506526969
0.007361178805529334 -0.011096612986849474
0.009607359798384785 -0.012604290715568154
0.012148934980735715 -0.014085983436156514
0.014984373402728013 -0.015541239314489022
0.018111967102280024 -0.01697027083514073
0.021529832133895532 -0.0183738736898678
0.025235909703481607 -0.019753319345092387
0.029227967408489597 -0.021110227275843527
0.03350360058263052 -0.022446423807204494
0.038060233744356575 -0.023763795062257786
0.042895122148234655 -0.02506414165249156
0.048005353438278275 -0.0263490424619478
0.05338784940224234 -0.02761973419377048
0.059039367825822475 -0.028877012313732568
0.06495650444564427 -0.030121157706015943
0.07113569499986394 -0.03135189183380442
0.07757321737514639 -0.03256836156345364
0.08426519384872727 -0.03376915316328629
0.09120759342420814 -0.03495233342251793
0.09839623425967753 -0.036115514441674455
0.10582678618669683 -0.0372559375001533
0.11349477331863145 -0.038370570569650535
0.12139557674675777 -0.03945621355423378
0.12952443732252045 -0.040509605216802184
0.1378764585242665 -0.041527525992453324
0.14644660940672616 -0.04250689146447755
0.15522972763146647 -0.04344483214075634
0.16422052257649067 -0.044338756252897335
0.17341357852311146 -0.04518639353074838
0.18280335791817703 -0.045985819197040444
0.19238420470968637 -0.046735458695211736
0.20215034775378343 -0.047434074826333904
0.2120959042910774 -0.04808073995613492
0.2222148834901989 -0.04867479670194895
0.23250119005645137 -0.04921581098111781
0.2429486279033891 -0.04970352147607847
0.2535509038851079 -0.050137789447314125
0.26430163158700104 -0.050518552424530815
0.27519433517269654 -0.050845784668827776
0.28622245328485874 -0.051119466480178115
0.29737934299750524 -0.05133956349296127
0.30865828381745486 -0.051506016132191114
0.320052481732506 -0.051618738470558104
0.33155507330389 -0.05167762490354285
0.3431591298005543 -0.05168256240958805
0.35485766137276875 -0.05163344573383283
0.36664362126255073 -0.05153019265915217
0.3785099100483679 -0.051372756619524236
0.3904493799215649 -0.05116113425984114
0.4024548389919357 -0.05089536612495972
0.41451905561984914 -0.05057552942280224
0.42663476277231926 -0.050201722690702964
0.43879466240039156 -0.049774043129688215
0.4509914298352198 -0.04929255828159447
0.46321771820016633 -0.04875727453302872
0.475466162836291 -0.048168105568503865
0.4877293857385438 -0.04752484430450312
0.4999999999999999 -0.046827141974635604
0.512270614261456 -0.04607449788086557
0.5245338371637088 -0.045266262876039555
0.5367822817998334 -0.044401658919794904
0.54900857016478 -0.04347981609573835
0.5612053375996082 -0.04249982735340953
0.5733652372276805 -0.04146082001942949
0.5854809443801506 -0.04036204189323952
0.5975451610080642 -0.03920295859232515
0.6095506200784349 -0.03798335782532659
0.6214900899516319 -0.03670345552542502
0.6333563787374491 -0.03536399833246527
0.645142338627231 -0.03396635681236258
0.6568408701994456 -0.03251260406515412
0.6684449266961098 -0.031005574992112216
0.6799475182674938 -0.029448902435755875
0.691341716182545 -0.027847027618689738
0.7026206570024947 -0.02620518371179644
0.713777546715141 -0.0245293528676433
0.7248056648273034 -0.022826198559787424
0.7356983684129987 -0.021102976469163297
0.746449096114892 -0.01936742835589654
0.7570513720966108 -0.017627664261578486
0.7674988099435485 -0.01589203893458703
0.7777851165098009 -0.014169028514571766
0.7879040957089227 -0.012467113234501498
0.7978496522462164 -0.010794671212106165
0.8076157952903136 -0.009159887349119598
0.8171966420818224 -0.007570680005908342
0.8265864214768883 -0.006034646563631685
0.8357794774235092 -0.004559027336305888
0.8447702723685334 -0.0031506856714705843
0.8535533905932737 -0.0018161006030764093
0.8621235414757333 -0.0005613672096128048
0.8704755626774794 0.0006078010146348173
0.8786044232532422 0.001686073868502663
0.8865052266813687 0.0026685162338886802
0.894173213813303 0.003550615344949862
0.9016037657403225 0.004328327841032601
0.9087924065757916 0.004998149377366092
0.9157348061512727 0.005557207687860884
0.9224267826248536 0.006003377881026184
0.928864305000136 0.006335416540005778
0.9350434955543556 0.006553109040796907
0.9409606321741775 0.006657422551875489
0.9466121505977576 0.006650655579830423
0.9519946465617215 0.006536573808529999
0.9571048778517655 0.006320521447196883
0.9619397662556433 0.006009497425364087
0.9664963994173694 0.0056121865805805245
0.9707720325915102 0.005138937465980289
0.9747640902965183 0.004601680504373037
0.9784701678661044 0.004013782837395257
0.98188803289772 0.003389839230463476
0.985015626597272 0.0027454016360106094
0.9878510650192642 0.002096653308471268
0.9903926402016152 0.0014600365156251804
0.9926388211944706 0.000851845715774689
0.9945882549823906 0.0002878003965545628
0.9962397672993549 -0.00021738654833796463
0.9975923633360985 -0.0006504281064446787
0.9986452283393451 -0.0009998532078595531
0.9993977281025862 -0.0012563514326890018
0.9998494093481021 -0.0014130578285487235
1.0 -0.0014657656509004444
