1.0 0.0016582186218979033
0.9998494093481021 0.0017395267143465224
0.9993977281025862 0.001982018360682157
0.9986452283393451 0.0023814504464478416
0.9975923633360985 0.0029309311216690354
0.9962397672993549 0.0036211808920491796
0.9945882549823906 0.004440880792887738
0.9926388211944706 0.005377091397653571
0.9903926402016152 0.006415723278120523
0.9878510650192642 0.007542037406878742
0.985015626597272 0.0087411529745145
0.98188803289772 0.009998540218728775
0.9784701678661044 0.01130047710310316
0.9747640902965183 0.012634450949936545
0.9707720325915102 0.013989489280547279
0.9664963994173694 0.015356407958417596
0.9619397662556433 0.016727969043146707
0.9571048778517655 0.01809894530460526
0.9519946465617215 0.019466092870436175
0.9466121505977576 0.020828037749270265
0.9409606321741775 0.02218508577299841
0.9350434955543556 0.02353896865502412
0.928864305000136 0.02489254123215275
0.9224267826248536 0.026249446459770013
0.9157348061512727 0.027613765329693857
0.9087924065757916 0.028989668595708267
0.9016037657403225 0.030381086089417475
0.894173213813303 0.03179140759623466
0.8865052266813687 0.03322322687828198
0.8786044232532422 0.03467813764043886
0.8704755626774794 0.03615658721182627
0.8621235414757333 0.0376577906321513
0.8535533905932737 0.039179704855011904
0.8447702723685334 0.04071906005398222
0.8357794774235092 0.0422714426613966
0.8265864214768883 0.04383142287250749
0.8171966420818224 0.045392717963760605
0.8076157952903136 0.04694838192419001
0.7978496522462164 0.0484910115725269
0.7879040957089227 0.050012959490883614
0.7777851165098009 0.05150654468777708
0.7674988099435485 0.05296425283165159
0.7570513720966108 0.05437891908452235
0.746449096114892 0.0557438879246827
0.7356983684129987 0.05705314579170318
0.7248056648273034 0.05830142383852452
0.713777546715141 0.059484269468617144
0.7026206570024947 0.06059808661948614
0.691341716182545 0.061640145890847556
0.6799475182674938 0.06260856658474033
0.6684449266961098 0.06350227351670479
0.6568408701994456 0.06432093207341143
0.645142338627231 0.06506486544162778
0.6333563787374491 0.06573495822938834
0.6214900899516319 0.06633255085732777
0.6095506200784349 0.06685932913008374
0.5975451610080642 0.06731721331563686
0.5854809443801506 0.0677082508722505
0.5733652372276805 0.06803451667288059
0.5612053375996082 0.06829802418779324
0.54900857016478 0.06850065059912609
0.5367822817998334 0.0686440782389159
0.5245338371637088 0.06872975407062451
0.512270614261456 0.06875886818454738
0.4999999999999999 0.0687323514674659
0.4877293857385438 0.0686508917617061
0.475466162836291 0.06851496698092854
0.46321771820016633 0.06832489283832614
0.4509914298352198 0.06808088211061866
0.43879466240039156 0.06778311175302566
0.42663476277231926 0.06743179373919034
0.41451905561984914 0.06702724526322401
0.4024548389919357 0.06656995393686017
0.3904493799215649 0.06606063385887538
0.3785099100483679 0.06550026892707493
0.36664362126255073 0.06489014048919421
0.35485766137276875 0.0642318373549178
0.3431591298005543 0.06352724726773469
0.33155507330389 0.06277853009971919
0.320052481732506 0.06198807421178238
0.30865828381745486 0.06115843853840825
0.29737934299750524 0.060292283931497326
0.28622245328485874 0.059392298060761226
0.27519433517269654 0.05846111865785681
0.26430163158700104 0.05750126006453338
0.2535509038851079 0.056515047878723225
0.2429486279033891 0.055504565987424356
0.23250119005645137 0.05447161945662801
0.2222148834901989 0.053417715665341675
0.2120959042910774 0.05234406479294076
0.20215034775378343 0.05125159938334146
0.19238420470968637 0.05014101131344037
0.18280335791817703 0.0490128031885858
0.17341357852311146 0.04786735007284953
0.16422052257649067 0.04670496662410643
0.15522972763146647 0.04552597421325428
0.14644660940672616 0.044330762509757725
0.1378764585242665 0.04311984033083071
0.12952443732252045 0.04189387126781922
0.12139557674675777 0.04065369067952445
0.11349477331863145 0.0394003020092507
0.10582678618669683 0.03813485194763862
0.09839623425967753 0.03685858561680905
0.09120759342420814 0.03557278457319902
0.08426519384872727 0.03427869189573937
0.07757321737514639 0.032977429829427675
0.07113569499986394 0.03166991629485556
0.06495650444564427 0.030356786978628883
0.059039367825822475 0.029038329644407456
0.05338784940224234 0.02771443673972606
0.048005353438278275 0.026384581345308192
0.042895122148234655 0.02504782008092541
0.038060233744356575 0.023702824835339507
0.03350360058263052 0.022347943242660373
0.029227967408489597 0.020981285815764233
0.025235909703481607 0.019600835709327465
0.021529832133895532 0.01820457535860425
0.018111967102280024 0.016790622851423423
0.014984373402728013 0.015357369944958626
0.012148934980735715 0.01390361321158249
0.009607359798384785 0.012428669930637308
0.007361178805529334 0.010932471038013342
0.005411745017609493 0.009415624666758899
0.0037602327006450165 0.007879445486269182
0.0024076366639015356 0.006325947069357938
0.0013547716606548965 0.0047577967548901945
0.0006022718974137975 0.0031782347815212256
0.00015059065189787502 0.001590961692139339
0.0 0.0
0.00015059065189787502 -0.001387467869218947
0.0006022718974137975 -0.002771390472040674
0.0013547716606548965 -0.004147915577158359
0.0024076366639015356 -0.005513566085747695
0.0037602327006450165 -0.006865403085262376
0.005411745017609493 -0.00820116083167
0.007361178805529334 -0.009519346747518607
0.009607359798384785 -0.010819301433888059
0.012148934980735715 -0.012101215864953786
0.014984373402728013 -0.013366105239152748
0.018111967102280024 -0.014615741268392112
0.021529832133895532 -0.015852546864946034
0.025235909703481607 -0.01707945911201064
0.029227967408489597 -0.018299767971808743
0.03350360058263052 -0.019516939310442617
0.038060233744356575 -0.020734431444370535
0.042895122148234655 -0.021955514512717284
0.048005353438278275 -0.023183101557494895
0.05338784940224234 -0.024419599285963923
0.059039367825822475 -0.0256667851598786
0.06495650444564427 -0.026925715793308623
0.07113569499986394 -0.028196669750472896
0.07757321737514639 -0.029479125835387757
0.08426519384872727 -0.030771775977999488
0.09120759342420814 -0.03207256996516306
0.09839623425967753 -0.03337878764685464
0.10582678618669683 -0.034687132958549326
0.11349477331863145 -0.03599384320731444
0.12139557674675777 -0.037294806612978376
0.12952443732252045 -0.0385856810893159
0.1378764585242665 -0.03986200767739268
0.14644660940672616 -0.041119312860729125
0.15522972763146647 -0.04235319513267983
0.16422052257649067 -0.04355939256430271
0.17341357852311146 -0.04473382963693244
0.18280335791817703 -0.045872643152339625
0.19238420470968637 -0.04697218851020871
0.20215034775378343 -0.04802902895084032
0.2120959042910774 -0.049039911417592945
0.2222148834901989 -0.05000173343498597
0.23250119005645137 -0.05091150578410156
0.2429486279033891 -0.05176631577195619
0.2535509038851079 -0.052563295546884166
0.26430163158700104 -0.0532995992435755
0.27519433517269654 -0.05397239180709252
0.28622245328485874 -0.05457885122043542
0.29737934299750524 -0.05511618463266916
0.30865828381745486 -0.05558165764773217
0.320052481732506 -0.05597263488052673
0.33155507330389 -0.056286628902132936
0.3431591298005543 -0.056521353952120566
0.35485766137276875 -0.056674780346784796
0.36664362126255073 -0.05674518538955004
0.3785099100483679 -0.05673119680146079
0.3904493799215649 -0.05663182521871022
0.4024548389919357 -0.056446483110334914
0.41451905561984914 -0.05617498849192444
0.42663476277231926 -0.055817552973838655
0.43879466240039156 -0.055374754897856704
0.4509914298352198 -0.05484749949299544
0.46321771820016633 -0.05423696903035295
0.475466162836291 -0.05354456679791724
0.4877293857385438 -0.052771859283598205
0.4999999999999999 -0.0519205212019789
0.512270614261456 -0.050992287904055786
0.5245338371637088 -0.049988919270938986
0.5367822817998334 -0.04891217843844705
0.54900857016478 -0.047763827679352285
0.5612053375996082 -0.04654564255328659
0.5733652372276805 -0.04525944410576167
0.5854809443801506 -0.04390714755145223
0.5975451610080642 -0.0424908246095631
0.6095506200784349 -0.04101277556323696
0.6214900899516319 -0.039475606272158174
0.6333563787374491 -0.037882304842437375
0.645142338627231 -0.036236312493436174
0.6568408701994456 -0.03454158337514437
0.6684449266961098 -0.032802628672957516
0.6799475182674938 -0.031024541253522844
0.691341716182545 -0.029212998295531777
0.7026206570024947 -0.027374240732135173
0.713777546715141 -0.025515029811045323
0.7248056648273034 -0.023642582549765187
0.7356983684129987 -0.02176448922083209
0.746449096114892 -0.019888617145840982
0.7570513720966108 -0.018023005921138754
0.7674988099435485 -0.016175759676231558
0.7777851165098009 -0.014354942036979916
0.7879040957089227 -0.012568479117026752
0.7978496522462164 -0.010824075110235025
0.8076157952903136 -0.009129143951461735
0.8171966420818224 -0.0074907591270612145
0.8265864214768883 -0.00591562214681991
0.8357794774235092 -0.0044100485485478735
0.8447702723685334 -0.0029799687168629184
0.8535533905932737 -0.0016309393807626689
0.8621235414757333 -0.000368160524037781
0.8704755626774794 0.0008035083043608808
0.8786044232532422 0.001879538582851667
0.8865052266813687 0.0028557364047970993
0.894173213813303 0.003728264431923062
0.9016037657403225 0.004493686377940327
0.9087924065757916 0.005149036555751185
0.9157348061512727 0.005691915058773535
0.9224267826248536 0.006120606971764025
0.928864305000136 0.006434221758500868
0.9350434955543556 0.0066328468033999
0.9409606321741775 0.00671770714379777
0.9466121505977576 0.006691321863043569
0.9519946465617215 0.006557646547395719
0.9571048778517655 0.006322190740828424
0.9619397662556433 0.005992099525849178
0.9664963994173694 0.005576189240532799
0.9707720325915102 0.005084928895139653
0.9747640902965183 0.004530361016367557
0.9784701678661044 0.003925958323959191
0.98188803289772 0.0032864156985848905
0.985015626597272 0.0026273801696547277
0.9878510650192642 0.0019651249567110094
0.9903926402016152 0.0013161767503739553
0.9926388211944706 0.0006969082340973151
0.9945882549823906 0.00012311015670219316
0.9962397672993549 -0.00039044107640943547
0.9975923633360985 -0.0008304034280931785
0.9986452283393451 -0.001185259936513136
0.9993977281025862 -0.001445663952837884
0.9998494093481021 -0.0016047243650419917
1.0 -0.0016582186218979033
