1.0 0.0015295092814193978
0.9998494093481021 0.0016140311126987199
0.9993977281025862 0.0018661306184212267
0.9986452283393451 0.0022814654166809388
0.9975923633360985 0.0028529808792008404
0.9962397672993549 0.0035711751804351085
0.9945882549823906 0.004424452923018974
0.9926388211944706 0.005399550995457277
0.9903926402016152 0.006482017147480709
0.9878510650192642 0.007656719603090658
0.985015626597272 0.008908364970801377
0.98188803289772 0.010222001792970241
0.9784701678661044 0.011583488276155622
0.9747640902965183 0.01297990497630289
0.9707720325915102 0.01439989633576632
0.9664963994173694 0.015833928797920706
0.9619397662556433 0.01727445753996597
0.9571048778517655 0.018715998425868335
0.9519946465617215 0.020155106343767826
0.9466121505977576 0.021590265418525136
0.9409606321741775 0.023021700465029632
0.9350434955543556 0.02445112228928962
0.928864305000136 0.025881421912465185
0.9224267826248536 0.02731633039675513
0.9157348061512727 0.028760061652006622
0.9087924065757916 0.030216955410146448
0.9016037657403225 0.03169113653129781
0.894173213813303 0.03318620505313677
0.8865052266813687 0.03470496904985775
0.8786044232532422 0.036249229589180317
0.8704755626774794 0.037819624038316464
0.8621235414757333 0.03941553084808951
0.8535533905932737 0.0410350359054954
0.8447702723685334 0.04267495773857219
0.8357794774235092 0.04433092640819654
0.8265864214768883 0.045997508923827306
0.8171966420818224 0.0476683725354335
0.8076157952903136 0.049336476309085026
0.7978496522462164 0.05099428098372794
0.7879040957089227 0.05263396719736314
0.7777851165098009 0.054247652704183115
0.7674988099435485 0.055827600104385984
0.7570513720966108 0.05736640778852881
0.746449096114892 0.05885717816709881
0.7356983684129987 0.0602936587240646
0.7248056648273034 0.06167035291827987
0.713777546715141 0.0629825993879327
0.7026206570024947 0.06422661923414406
0.691341716182545 0.06539953232928242
0.6799475182674938 0.06649934458810718
0.6684449266961098 0.06752490894433247
0.6568408701994456 0.06847586339260643
0.645142338627231 0.06935254989646708
0.6333563787374491 0.07015591824292884
0.6214900899516319 0.07088741906329207
0.6095506200784349 0.07154889025705796
0.5975451610080642 0.07214244096895597
0.5854809443801506 0.07267033709208064
0.5733652372276805 0.07313489201295689
0.5612053375996082 0.07353836598317191
0.54900857016478 0.07388287710031616
0.5367822817998334 0.0741703264103275
0.5245338371637088 0.07440233910636934
0.512270614261456 0.07458022320092098
0.4999999999999999 0.07470494639671006
0.4877293857385438 0.07477713119268041
0.475466162836291 0.07479706755348971
0.46321771820016633 0.07476474177096985
0.4509914298352198 0.07467987948426517
0.43879466240039156 0.07454200023579471
0.42663476277231926 0.0743504804573037
0.41451905561984914 0.07410462143657784
0.4024548389919357 0.07380371863834867
0.3904493799215649 0.0734471287620916
0.3785099100483679 0.07303433112398956
0.36664362126255073 0.07256498034727628
0.35485766137276875 0.0720389479183116
0.3431591298005543 0.07145635088584985
0.33155507330389 0.07081756680694314
0.320052481732506 0.07012323492408819
0.30865828381745486 0.06937424443747868
0.29737934299750524 0.06857171155400443
0.28622245328485874 0.06771694769327105
0.27519433517269654 0.06681142175909442
0.26430163158700104 0.06585671970188986
0.2535509038851079 0.06485450467651009
0.2429486279033891 0.06380648093151249
0.23250119005645137 0.06271436415788373
0.2222148834901989 0.06157986040449218
0.2120959042910774 0.06040465487745158
0.20215034775378343 0.05919041103879193
0.19238420470968637 0.05793877947420569
0.18280335791817703 0.05665141508335252
0.17341357852311146 0.0553300003323279
0.16422052257649067 0.053976271663730556
0.15522972763146647 0.052592045741424176
0.14644660940672616 0.051179242054903415
0.1378764585242665 0.049739898542991774
0.12952443732252045 0.048276177317629655
0.12139557674675777 0.046790358252700344
0.11349477331863145 0.04528481910596374
0.10582678618669683 0.0437620019015901
0.09839623425967753 0.042224366439707874
0.09120759342420814 0.04067433293228196
0.08426519384872727 0.03911421680356647
0.07757321737514639 0.03754615955454075
0.07113569499986394 0.03597206020100614
0.06495650444564427 0.034393512097759496
0.059039367825822475 0.032811749921047476
0.05338784940224234 0.03122761118740919
0.048005353438278275 0.02964151595406024
0.042895122148234655 0.028053467314713552
0.038060233744356575 0.026463074038922417
0.03350360058263052 0.02486959528547068
0.029227967408489597 0.023272005847255788
0.025235909703481607 0.02166907895942239
0.021529832133895532 0.020059482426434933
0.018111967102280024 0.018441882791403647
0.014984373402728013 0.016815051561251765
0.012148934980735715 0.015177967172042318
0.009607359798384785 0.013529906462106597
0.007361178805529334 0.011870519920228698
0.005411745017609493 0.010199885866610636
0.0037602327006450165 0.008518539952458421
0.0024076366639015356 0.006827477852266338
0.0013547716606548965 0.005128130674551114
0.0006022718974137975 0.0034223143227413272
0.00015059065189787502 0.00171215568410175
0.0 0.0
0.00015059065189787502 -0.001895177052703946
0.0006022718974137975 -0.003781589889857929
0.0013547716606548965 -0.005650263630867522
0.0024076366639015356 -0.0074927128895957125
0.0037602327006450165 -0.00930116028369111
0.005411745017609493 -0.011068724811366585
0.007361178805529334 -0.01278957249200628
0.009607359798384785 -0.014459023580701107
0.012148934980735715 -0.016073612848709104
0.014984373402728013 -0.017631101750337875
0.018111967102280024 -0.019130443643112994
0.021529832133895532 -0.020571705463967062
0.025235909703481607 -0.021955951269041037
0.029227967408489597 -0.02328509471287465
0.03350360058263052 -0.024561728789449937
0.038060233744356575 -0.025788941923530748
0.042895122148234655 -0.026970129755518085
0.048005353438278275 -0.028108811706263708
0.05338784940224234 -0.029208460669271682
0.059039367825822475 -0.03027235301324747
0.06495650444564427 -0.031303444568375166
0.07113569499986394 -0.032304276513693726
0.07757321737514639 -0.03327691319120256
0.08426519384872727 -0.03422291196062614
0.09120759342420814 -0.035143323390802
0.09839623425967753 -0.03603871846411814
0.10582678618669683 -0.0369092381387604
0.11349477331863145 -0.037754659638746045
0.12139557674675777 -0.03857447326855945
0.12952443732252045 -0.039367963395910845
0.1378764585242665 -0.04013428750394831
0.14644660940672616 -0.04087254784860361
0.15522972763146647 -0.041581851210129764
0.16422052257649067 -0.04226135342410268
0.17341357852311146 -0.04291028672673875
0.18280335791817703 -0.04352796935575132
0.19238420470968637 -0.04411379821399043
0.20215034775378343 -0.04466722663751138
0.2120959042910774 -0.045187730333071566
0.2222148834901989 -0.04567476529983403
0.23250119005645137 -0.04612772198447643
0.2429486279033891 -0.04654588001934378
0.2535509038851079 -0.046928367665028926
0.26430163158700104 -0.04727412955018958
0.27519433517269654 -0.04758190552153262
0.28622245328485874 -0.04785022245155016
0.29737934299750524 -0.04807739977851142
0.30865828381745486 -0.048261568456294944
0.320052481732506 -0.048400701954879895
0.33155507330389 -0.048492657053725276
0.3431591298005543 -0.04853522147636123
0.35485766137276875 -0.04852616497554436
0.36664362126255073 -0.04846329032475933
0.3785099100483679 -0.048344480812256084
0.3904493799215649 -0.048167741254334845
0.4024548389919357 -0.04793123021003497
0.41451905561984914 -0.047633281935811976
0.42663476277231926 -0.04727241759752829
0.43879466240039156 -0.04684734627977731
0.4509914298352198 -0.046356957316942435
0.46321771820016633 -0.04580030633641116
0.475466162836291 -0.045176598080149094
0.4877293857385438 -0.04448516949816846
0.4999999999999999 -0.04372547674620204
0.512270614261456 -0.04289708955141094
0.5245338371637088 -0.04199969593858149
0.5367822817998334 -0.04103311956253717
0.54900857016478 -0.03999735091946566
0.5612053375996082 -0.038892592577918446
0.5733652372276805 -0.037719317360488856
0.5854809443801506 -0.036478337208774615
0.5975451610080642 -0.03517087936804746
0.6095506200784349 -0.033798665620029214
0.6214900899516319 -0.032363989646987036
0.6333563787374491 -0.030869787285672152
0.645142338627231 -0.02931969446151528
0.6568408701994456 -0.027718087993278392
0.6684449266961098 -0.026070105211150135
0.6799475182674938 -0.024381639396339565
0.691341716182545 -0.02265930936324039
0.7026206570024947 -0.020910402982239333
0.713777546715141 -0.019142795984070177
0.7248056648273034 -0.01736484888952344
0.7356983684129987 -0.0155852862652394
0.746449096114892 -0.013813063618395266
0.7570513720966108 -0.012057228025844167
0.7674988099435485 -0.010326778982940196
0.7777851165098009 -0.008630535915954701
0.7879040957089227 -0.006977018320937941
0.7978496522462164 -0.005374343593064128
0.8076157952903136 -0.003830146345898529
0.8171966420818224 -0.0023515214689234726
0.8265864214768883 -0.0009449914358912329
0.8357794774235092 0.0003835034258103578
0.8447702723685334 0.0016285947370972271
0.8535533905932737 0.002785460528826918
0.8621235414757333 0.0038497902034043564
0.8704755626774794 0.004817746683593352
0.8786044232532422 0.005685932801690429
0.8865052266813687 0.0064513688214788804
0.894173213813303 0.007111487287005453
0.9016037657403225 0.007664150181739795
0.9087924065757916 0.008107691720591094
0.9157348061512727 0.008440988080109816
0.9224267826248536 0.008663553121318897
0.928864305000136 0.008775656817913063
0.9350434955543556 0.008778460824721314
0.9409606321741775 0.00867416356403714
0.9466121505977576 0.008466145519165904
0.9519946465617215 0.00815910423568554
0.9571048778517655 0.007759167944710027
0.9619397662556433 0.007273976807539118
0.9664963994173694 0.006712721566109995
0.9707720325915102 0.006086130854277465
0.9747640902965183 0.00540640052346036
0.9784701678661044 0.004687060964070147
0.98188803289772 0.003942781427046857
0.985015626597272 0.003189113605106246
0.9878510650192642 0.0024421800393005385
0.9903926402016152 0.0017183160833375102
0.9926388211944706 0.001033676999094069
0.9945882549823906 0.00040382409982214263
0.9962397672993549 -0.00015669444409922742
0.9975923633360985 -0.0006347515805721594
0.9986452283393451 -0.0010190214618828594
0.9993977281025862 -0.0013003157078818643
0.9998494093481021 -0.0014718614756133285
1.0 -0.0015295092814193978
