1.0 0.0017714333880839625
0.9998494093481021 0.0018572117150053664
0.9993977281025862 0.0021130699217167814
0.9986452283393451 0.002534632664113385
0.9975923633360985 0.003114788396530383
0.9962397672993549 0.003843951569259653
0.9945882549823906 0.004710412496776946
0.9926388211944706 0.005700758780358322
0.9903926402016152 0.006800349052595652
0.9878510650192642 0.0079938176913762
0.985015626597272 0.009265588124450531
0.98188803289772 0.010600372448132427
0.9784701678661044 0.011983636287192779
0.9747640902965183 0.013402010039592517
0.9707720325915102 0.014843630737328452
0.9664963994173694 0.01629840252688666
0.9619397662556433 0.01775816801068268
0.9571048778517655 0.01921678715665407
0.9519946465617215 0.02067012493470677
0.9466121505977576 0.022115953043633556
0.9409606321741775 0.023553774841079383
0.9350434955543556 0.024984585706998987
0.928864305000136 0.026410583425787622
0.9224267826248536 0.027834844680542817
0.9157348061512727 0.029260984382721653
0.9087924065757916 0.03069281433026352
0.9016037657403225 0.03213401666216623
0.894173213813303 0.03358784586273164
0.8865052266813687 0.035056870800827776
0.8786044232532422 0.036542765626421635
0.8704755626774794 0.03804615545657651
0.8621235414757333 0.0395665198340061
0.8535533905932737 0.041102154090605914
0.8447702723685334 0.04265018613461722
0.8357794774235092 0.044206643915870814
0.8265864214768883 0.04576656699124813
0.8171966420818224 0.047324154261915496
0.8076157952903136 0.048872939102540924
0.7978496522462164 0.05040598273807782
0.7879040957089227 0.0519160768073898
0.7777851165098009 0.053395946526181355
0.7674988099435485 0.05483844665143312
0.7570513720966108 0.056236743475389324
0.746449096114892 0.0575844772574602
0.7356983684129987 0.05887590076005318
0.7248056648273034 0.06010599082119606
0.713777546715141 0.06127053111698151
0.7026206570024947 0.06236616539843281
0.691341716182545 0.06339042150272782
0.6799475182674938 0.06434170732341961
0.6684449266961098 0.06521928067509167
0.6568408701994456 0.06602319560981117
0.645142338627231 0.06675422824586175
0.6333563787374491 0.06741378556546343
0.6214900899516319 0.0680038009383711
0.6095506200784349 0.06852662033998053
0.5975451610080642 0.06898488335883338
0.5854809443801506 0.06938140312717438
0.5733652372276805 0.0697190492530573
0.5612053375996082 0.07000063767410092
0.54900857016478 0.0702288310812908
0.5367822817998334 0.07040605316797491
0.5245338371637088 0.07053441944067929
0.512270614261456 0.07061568668777075
0.4999999999999999 0.07065122245133663
0.4877293857385438 0.07064199500884089
0.475466162836291 0.07058858347601285
0.46321771820016633 0.07049120673184305
0.4509914298352198 0.07034976898817083
0.43879466240039156 0.0701639190316483
0.42663476277231926 0.06993311950643587
0.41451905561984914 0.06965672212931606
0.4024548389919357 0.0693340444741875
0.3904493799215649 0.06896444395711278
0.3785099100483679 0.06854738490787016
0.36664362126255073 0.06808249512342475
0.35485766137276875 0.06756960903867376
0.3431591298005543 0.06700879557829623
0.33155507330389 0.0664003698129687
0.320052481732506 0.06574488866387289
0.30865828381745486 0.0650431320041232
0.29737934299750524 0.06429607151530396
0.28622245328485874 0.06350483049656874
0.27519433517269654 0.06267063842747675
0.26430163158700104 0.06179478440405447
0.2535509038851079 0.06087857357044639
0.2429486279033891 0.059923290348843174
0.23250119005645137 0.058930171645424224
0.2222148834901989 0.05790039232102377
0.2120959042910774 0.05683506412498383
0.20215034775378343 0.05573524807959827
0.19238420470968637 0.05460197906305905
0.18280335791817703 0.05343630016849232
0.17341357852311146 0.05223930341098743
0.16422052257649067 0.051012172599369
0.15522972763146647 0.049756223754147046
0.14644660940672616 0.0484729383844804
0.1378764585242665 0.04716398525510851
0.12952443732252045 0.04583122696978566
0.12139557674675777 0.04447670873196662
0.11349477331863145 0.04310262794994661
0.10582678618669683 0.04171128484254244
0.09839623425967753 0.04030501576555644
0.09120759342420814 0.038886112501736805
0.08426519384872727 0.03745673211954285
0.07757321737514639 0.03601880309815312
0.07113569499986394 0.03457393414338793
0.06495650444564427 0.03312333241087609
0.059039367825822475 0.031667737667903824
0.05338784940224234 0.03020737825666048
0.048005353438278275 0.028741953596951017
0.042895122148234655 0.027270646447966434
0.038060233744356575 0.025792166329062737
0.03350360058263052 0.024304823496040535
0.029227967408489597 0.022806630816281207
0.025235909703481607 0.021295428924961717
0.021529832133895532 0.019769028314645175
0.018111967102280024 0.018225360638521676
0.014984373402728013 0.01666263059833262
0.012148934980735715 0.015079459416684957
0.009607359798384785 0.01347501109955151
0.007361178805529334 0.011849093478665425
0.005411745017609493 0.010202227345896292
0.0037602327006450165 0.00853567877552075
0.0024076366639015356 0.0068514518657777366
0.0013547716606548965 0.005152241482839496
0.0006022718974137975 0.003441348006515822
0.00015059065189787502 0.0017225583997358105
0.0 0.0
0.00015059065189787502 -0.001584872506915744
0.0006022718974137975 -0.0031660838158945946
0.0013547716606548965 -0.0047395913826242695
0.0024076366639015356 -0.006301649455790707
0.0037602327006450165 -0.007848938357711489
0.005411745017609493 -0.00937867180108938
0.007361178805529334 -0.010888676796586791
0.009607359798384785 -0.012377442176612874
0.012148934980735715 -0.013844133436863696
0.014984373402728013 -0.015288573384707323
0.018111967102280024 -0.016711189882619385
0.021529832133895532 -0.018112933685697493
0.025235909703481607 -0.01949517090069814
0.029227967408489597 -0.020859555857114565
0.03350360058263052 -0.022207891111484322
0.038060233744356575 -0.023541981857007396
0.042895122148234655 -0.02486349215654876
0.048005353438278275 -0.026173810156617797
0.05338784940224234 -0.02747392879478732
0.059039367825822475 -0.028764347526950687
0.06495650444564427 -0.03004499933659926
0.07113569499986394 -0.0313152058238571
0.07757321737514639 -0.032573661595585376
0.08426519384872727 -0.03381844758265212
0.09120759342420814 -0.03504707138893061
0.09839623425967753 -0.036256531414959325
0.10582678618669683 -0.037443400372309324
0.11349477331863145 -0.03860392297164952
0.12139557674675777 -0.039734122068274536
0.12952443732252045 -0.04082990740219641
0.1378764585242665 -0.04188718127251674
0.14644660940672616 -0.04290193601294561
0.15522972763146647 -0.04387033894276627
0.16422052257649067 -0.04478880149465633
0.17341357852311146 -0.04565403039475067
0.18280335791817703 -0.04646306001104462
0.19238420470968637 -0.04721326621156659
0.20215034775378343 -0.04790236320494501
0.2120959042910774 -0.04852838580278639
0.2222148834901989 -0.04908966028836644
0.23250119005645137 -0.04958476755874262
0.2429486279033891 -0.05001250240576488
0.2535509038851079 -0.05037183271392794
0.26430163158700104 -0.050661861997835636
0.27519433517269654 -0.050881798115798925
0.28622245328485874 -0.05103093023082076
0.29737934299750524 -0.05110861520960645
0.30865828381745486 -0.051114273724904985
0.320052481732506 -0.051047395428895755
0.33155507330389 -0.050907551764551744
0.3431591298005543 -0.05069441433862613
0.35485766137276875 -0.050407776342070484
0.36664362126255073 -0.050047574303036975
0.3785099100483679 -0.04961390750737706
0.3904493799215649 -0.049107052715474206
0.4024548389919357 -0.048527472317052685
0.41451905561984914 -0.04787581475477904
0.42663476277231926 -0.047152906856387525
0.43879466240039156 -0.04635973857712352
0.4509914298352198 -0.04549744149786529
0.46321771820016633 -0.04456726317804616
0.475466162836291 -0.043570540060850226
0.4877293857385438 -0.04250867201629842
0.4999999999999999 -0.04138310174609175
0.512270614261456 -0.04019530214121508
0.5245338371637088 -0.038946774278542866
0.5367822817998334 -0.03763905808625308
0.54900857016478 -0.03627375683996821
0.5612053375996082 -0.034852575629942616
0.5733652372276805 -0.03337737283572724
0.5854809443801506 -0.03185022253874267
0.5975451610080642 -0.03027348477832368
0.6095506200784349 -0.028649879693287503
0.6214900899516319 -0.026982560960172073
0.6333563787374491 -0.025275183597687368
0.645142338627231 -0.02353196119223133
0.6568408701994456 -0.021757707926668736
0.6684449266961098 -0.019957861454812195
0.6799475182674938 -0.018138483623649008
0.691341716182545 -0.016306237248052944
0.7026206570024947 -0.014468338512823035
0.713777546715141 -0.012632486024133392
0.7248056648273034 -0.010806768958024647
0.7356983684129987 -0.008999558056797294
0.746449096114892 -0.007219384309867701
0.7570513720966108 -0.005474810940912721
0.7674988099435485 -0.003774304743737589
0.7777851165098009 -0.002126112824850493
0.7879040957089227 -0.0005381504082974096
0.7978496522462164 0.0009820954457081424
0.8076157952903136 0.002427642516934479
0.8171966420818224 0.003792068248447341
0.8265864214768883 0.00506954210195968
0.8357794774235092 0.006254836539403296
0.8447702723685334 0.007343319389811536
0.8535533905932737 0.008330931858466572
0.8621235414757333 0.009214157650733155
0.8704755626774794 0.009989989516186615
0.8786044232532422 0.010655899892669289
0.8865052266813687 0.011209822197034841
0.894173213813303 0.011650148655302504
0.9016037657403225 0.011975749411160997
0.9087924065757916 0.012186016055161052
0.9157348061512727 0.01228093076738298
0.9224267826248536 0.012261160081771819
0.928864305000136 0.0121281699997533
0.9350434955543556 0.011884356955811089
0.9409606321741775 0.011533187123003837
0.9466121505977576 0.011079334889327832
0.9519946465617215 0.010528810166659163
0.9571048778517655 0.009889063616778366
0.9619397662556433 0.009169058963857236
0.9664963994173694 0.00837930234042362
0.9707720325915102 0.00753182007213548
0.9747640902965183 0.006640078390308101
0.9784701678661044 0.005718841173623173
0.98188803289772 0.004783964829192028
0.985015626597272 0.0038521326667169146
0.9878510650192642 0.002940534416899708
0.9903926402016152 0.002066499706705969
0.9926388211944706 0.001247097142488412
0.9945882549823906 0.0004987129944065045
0.9962397672993549 -0.00016337482581283715
0.9975923633360985 -0.0007254108603457379
0.9986452283393451 -0.001175547527868026
0.9993977281025862 -0.0015041858678877882
0.9998494093481021 -0.0017042571712636582
1.0 -0.0017714333880839625
