1.0 0.0016380533479905962
0.9998494093481021 0.0017205938009304902
0.9993977281025862 0.001966714334773157
0.9986452283393451 0.0023719686344484403
0.9975923633360985 0.002929130775167254
0.9962397672993549 0.0036284631619636536
0.9945882549823906 0.004458074205851018
0.9926388211944706 0.0054043493952545835
0.9903926402016152 0.006452436249489173
0.9878510650192642 0.007586761472021794
0.985015626597272 0.00879155755400209
0.98188803289772 0.010051376150020185
0.9784701678661044 0.011351566731999444
0.9747640902965183 0.012678701236799267
0.9707720325915102 0.014020928517420442
0.9664963994173694 0.015368246200712657
0.9619397662556433 0.016712681827183242
0.9571048778517655 0.018048379662423283
0.9519946465617215 0.019371594081244566
0.9466121505977576 0.02068059470040033
0.9409606321741775 0.021975492261675892
0.9350434955543556 0.023257997465809116
0.928864305000136 0.024531127393469205
0.9224267826248536 0.025798875735284853
0.9157348061512727 0.02706586375294731
0.9087924065757916 0.028336988722790838
0.9016037657403225 0.029617085634241036
0.894173213813303 0.030910616231237233
0.8865052266813687 0.03222139723062733
0.8786044232532422 0.03355237688537412
0.8704755626774794 0.034905466151444124
0.8621235414757333 0.036281427735419425
0.8535533905932737 0.0376798234055961
0.8447702723685334 0.03909901728474483
0.8357794774235092 0.04053623052458788
0.8265864214768883 0.04198764087700994
0.8171966420818224 0.04344851927901245
0.8076157952903136 0.0449133946785638
0.7978496522462164 0.04637623793711217
0.7879040957089227 0.04783065571500421
0.7777851165098009 0.049270085720184785
0.7674988099435485 0.050687985504718036
0.7570513720966108 0.05207800804552573
0.746449096114892 0.053434158560607535
0.7356983684129987 0.054750928308832575
0.7248056648273034 0.05602340242751527
0.713777546715141 0.057247340116784146
0.7026206570024947 0.058419226636728036
0.691341716182545 0.05953629761080751
0.6799475182674938 0.06059653700956451
0.6684449266961098 0.061598650917135164
0.6568408701994456 0.06254201976410134
0.645142338627231 0.06342663215503094
0.6333563787374491 0.0642530037422752
0.6214900899516319 0.06502208481416329
0.6095506200784349 0.06573516038849882
0.5975451610080642 0.06639374664020607
0.5854809443801506 0.06699948744941804
0.5733652372276805 0.0675540547330226
0.5612053375996082 0.06805905601490526
0.54900857016478 0.0685159523922031
0.5367822817998334 0.0689259896614917
0.5245338371637088 0.06929014487733065
0.512270614261456 0.06960909002831636
0.4999999999999999 0.0698831738418842
0.4877293857385438 0.07011242198574066
0.475466162836291 0.07029655514656719
0.46321771820016633 0.07043502366888667
0.4509914298352198 0.07052705666833872
0.43879466240039156 0.07057172283748396
0.42663476277231926 0.07056799958274293
0.41451905561984914 0.07051484670938286
0.4024548389919357 0.07041128064220947
0.3904493799215649 0.07025644515740309
0.3785099100483679 0.07004967481739009
0.36664362126255073 0.06979054774244434
0.35485766137276875 0.06947892500061946
0.3431591298005543 0.0691149747168306
0.33155507330389 0.0686991799436924
0.320052481732506 0.06823233034131965
0.30865828381745486 0.06771549871387209
0.29737934299750524 0.06715000437801666
0.28622245328485874 0.06653736612640894
0.27519433517269654 0.06587924813958443
0.26430163158700104 0.06517740254703142
0.2535509038851079 0.06443361241437234
0.2429486279033891 0.06364963872995223
0.23250119005645137 0.06282717449332696
0.2222148834901989 0.06196780830368846
0.2120959042910774 0.061072998960703354
0.20215034775378343 0.060144061591656355
0.19238420470968637 0.059182164785966974
0.18280335791817703 0.05818833723471277
0.17341357852311146 0.057163481520769006
0.16422052257649067 0.05610839205846544
0.15522972763146647 0.05502377379986983
0.14644660940672616 0.0539102582481131
0.1378764585242665 0.052768413563393846
0.12952443732252045 0.051598746105818126
0.12139557674675777 0.050401691596724675
0.11349477331863145 0.04917759513838465
0.10582678618669683 0.04792668053252529
0.09839623425967753 0.046649010587778365
0.09120759342420814 0.04534444130359971
0.08426519384872727 0.0440125738616662
0.07757321737514639 0.0426527091508274
0.07113569499986394 0.041263810018904494
0.06495650444564427 0.03984447652614313
0.059039367825822475 0.038392939139921665
0.05338784940224234 0.0369070740576097
0.048005353438278275 0.03538444370489519
0.042895122148234655 0.03382236399138942
0.038060233744356575 0.03221799820171134
0.03350360058263052 0.030568475567767827
0.029227967408489597 0.02887103072994104
0.025235909703481607 0.027123158580383843
0.021529832133895532 0.02532277751615399
0.018111967102280024 0.0234683930264377
0.014984373402728013 0.02155925288858305
0.012148934980735715 0.019595485115912553
0.009607359798384785 0.017578210216791332
0.007361178805529334 0.015509620283313909
0.005411745017609493 0.013393018886594209
0.0037602327006450165 0.011232817636679285
0.0024076366639015356 0.009034487461256723
0.0013547716606548965 0.006804465038048612
0.0006022718974137975 0.0045500172358845245
0.00015059065189787502 0.002279068728703137
0.0 0.0
0.00015059065189787502 -0.0015212430628891807
0.0006022718974137975 -0.003038527847977649
0.0013547716606548965 -0.004547594399181386
0.0024076366639015356 -0.006044556619779309
0.0037602327006450165 -0.0075260654212516665
0.005411745017609493 -0.008989444607701413
0.007361178805529334 -0.010432792736729157
0.009607359798384785 -0.011855046020889241
0.012148934980735715 -0.01325599940881213
0.014984373402728013 -0.014636285193835837
0.018111967102280024 -0.01599731071580902
0.021529832133895532 -0.01734115882440664
0.025235909703481607 -0.018670456643455027
0.029227967408489597 -0.019988219713675454
0.03350360058263052 -0.0212976797146895
0.038060233744356575 -0.022602104619980794
0.042895122148234655 -0.023904620292811398
0.048005353438278275 -0.025208042188378445
0.05338784940224234 -0.026514725018294865
0.059039367825822475 -0.027826437015111782
0.06495650444564427 -0.029144263887337096
0.07113569499986394 -0.030468545777290326
0.07757321737514639 -0.03179884863477059
0.08426519384872727 -0.033133969513225454
0.09120759342420814 -0.03447197349389545
0.09839623425967753 -0.03581025835015194
0.10582678618669683 -0.03714564176655682
0.11349477331863145 -0.03847446499229928
0.12139557674675777 -0.039792706279743253
0.12952443732252045 -0.041096097352674416
0.1378764585242665 -0.04238023645552405
0.14644660940672616 -0.04364069221884681
0.15522972763146647 -0.04487309357938052
0.16422052257649067 -0.04607320223836134
0.17341357852311146 -0.04723696553949324
0.18280335791817703 -0.04836054910113831
0.19238420470968637 -0.04944034994841722
0.20215034775378343 -0.050472992168344166
0.2120959042910774 -0.05145530817499895
0.2222148834901989 -0.0523843094590072
0.23250119005645137 -0.05325715116384928
0.2429486279033891 -0.054071094961432455
0.2535509038851079 -0.054823474495475796
0.26430163158700104 -0.05551166715121444
0.27519433517269654 -0.05613307514207403
0.28622245328485874 -0.05668511794360236
0.29737934299750524 -0.05716523702948993
0.30865828381745486 -0.057570912757817214
0.320052481732506 -0.05789969220201564
0.33155507330389 -0.05814922579910837
0.3431591298005543 -0.05831730996515798
0.35485766137276875 -0.05840193235615845
0.36664362126255073 -0.058401316264094894
0.3785099100483679 -0.058313960743148596
0.3904493799215649 -0.05813867344839188
0.4024548389919357 -0.05787459380586126
0.41451905561984914 -0.057521204966885515
0.42663476277231926 -0.05707833396431106
0.43879466240039156 -0.05654614050711723
0.4509914298352198 -0.055925095841803434
0.46321771820016633 -0.05521595399445432
0.475466162836291 -0.05441971841468826
0.4877293857385438 -0.05353760751286123
0.4999999999999999 -0.052571022773451284
0.512270614261456 -0.051521523019723604
0.5245338371637088 -0.05039080799928555
0.5367822817998334 -0.04918071378137063
0.54900857016478 -0.047893221550203015
0.5612053375996082 -0.046530480308297324
0.5733652372276805 -0.04509484284648631
0.5854809443801506 -0.04358891317954988
0.5975451610080642 -0.04201560257535853
0.6095506200784349 -0.040378190404916574
0.6214900899516319 -0.03868038538355547
0.6333563787374491 -0.036926382416579674
0.645142338627231 -0.03512091024207751
0.6568408701994456 -0.03326926539176264
0.6684449266961098 -0.031377328654743096
0.6799475182674938 -0.029451561191230543
0.691341716182545 -0.02749897864278569
0.7026206570024947 -0.025527102943112976
0.713777546715141 -0.023543892955281084
0.7248056648273034 -0.021557656446786307
0.7356983684129987 -0.01957694716198089
0.746449096114892 -0.01761045176791599
0.7570513720966108 -0.01566687215431433
0.7674988099435485 -0.01375480890098828
0.7777851165098009 -0.011882651651290602
0.7879040957089227 -0.010058481641090472
0.7978496522462164 -0.008289990751869274
0.8076157952903136 -0.006584420235309484
0.8171966420818224 -0.004948520772901479
0.8265864214768883 -0.0033885338868543777
0.8357794774235092 -0.0019101930225366491
0.8447702723685334 -0.0005187410000631018
0.8535533905932737 0.0007810408947115509
0.8621235414757333 0.00198479802893429
0.8704755626774794 0.003088568316271076
0.8786044232532422 0.004088755691516956
0.8865052266813687 0.004982117698335743
0.894173213813303 0.005765772925476391
0.9016037657403225 0.006437232736665109
0.9087924065757916 0.006994460019856118
0.9157348061512727 0.007435955628855539
0.9224267826248536 0.007760870927552112
0.928864305000136 0.007969142516782383
0.9350434955543556 0.008061642979778903
0.9409606321741775 0.008040339478947668
0.9466121505977576 0.007908450420237323
0.9519946465617215 0.007670589298771088
0.9571048778517655 0.0073328843503677925
0.9619397662556433 0.0069030628229125365
0.9664963994173694 0.006390489573997733
0.9707720325915102 0.005806151278676537
0.9747640902965183 0.0051625797322954435
0.9784701678661044 0.004473710456429126
0.98188803289772 0.003754675923790629
0.985015626597272 0.0030215360456711804
0.9878510650192642 0.002290951929566969
0.9903926402016152 0.0015798121240940158
0.9926388211944706 0.0009048234357218563
0.9945882549823906 0.00028208075504864674
0.9962397672993549 -0.0002733679771540153
0.9975923633360985 -0.00074794461354593
0.9986452283393451 -0.0011299343239433508
0.9993977281025862 -0.0014098334544473412
0.9998494093481021 -0.0015806369993214987
1.0 -0.0016380533479905962
