1.0 0.0016482187599360402
0.9998494093481021 0.0017296144480057468
0.9993977281025862 0.001972323654781672
0.9986452283393451 0.0023719691378006947
0.9975923633360985 0.0029214406411614915
0.9962397672993549 0.003611163592050757
0.9945882549823906 0.0044294577093720745
0.9926388211944706 0.005362969061346084
0.9903926402016152 0.006397155910163653
0.9878510650192642 0.00751680649179639
0.985015626597272 0.008706565798082263
0.98188803289772 0.009951448494327114
0.9784701678661044 0.011237316293598395
0.9747640902965183 0.012551300332559648
0.9707720325915102 0.01388215221232349
0.9664963994173694 0.015220511195238604
0.9619397662556433 0.01655907936503355
0.9571048778517655 0.017892701123500235
0.9519946465617215 0.019218347966405237
0.9466121505977576 0.02053501381758859
0.9409606321741775 0.021843530088172455
0.9350434955543556 0.023146312885731813
0.928864305000136 0.0244470572869866
0.9224267826248536 0.02575039521649003
0.9157348061512727 0.02706153420399905
0.9087924065757916 0.028385894137134077
0.9016037657403225 0.029728758143930015
0.894173213813303 0.031094952034114436
0.8865052266813687 0.0324885644340124
0.8786044232532422 0.03391271702695839
0.8704755626774794 0.035369391330719896
0.8621235414757333 0.03685931537922347
0.8535533905932737 0.0383819106927187
0.8447702723685334 0.039935297165710315
0.8357794774235092 0.04151635109781321
0.8265864214768883 0.043120809631266736
0.8171966420818224 0.04474341339924737
0.8076157952903136 0.04637807825683789
0.7978496522462164 0.04801808655513723
0.7879040957089227 0.04965628849381589
0.7777851165098009 0.05128530459055166
0.7674988099435485 0.05289772116224155
0.7570513720966108 0.054486271837331846
0.746449096114892 0.05604399942183398
0.7356983684129987 0.05756439383674748
0.7248056648273034 0.059041503252322304
0.713777546715141 0.06047001689702871
0.7026206570024947 0.06184531926256066
0.691341716182545 0.06316351652230855
0.6799475182674938 0.06442143690627532
0.6684449266961098 0.06561660752094033
0.6568408701994456 0.06674721067018098
0.645142338627231 0.06781202313372581
0.6333563787374491 0.06881034210894284
0.6214900899516319 0.06974190163868707
0.6095506200784349 0.07060678335087178
0.5975451610080642 0.07140532524056901
0.5854809443801506 0.07213803204546931
0.5733652372276805 0.0728054905092293
0.5612053375996082 0.07340829249990026
0.54900857016478 0.07394696855516542
0.5367822817998334 0.07442193396462794
0.5245338371637088 0.07483344897507058
0.512270614261456 0.07518159412354437
0.4999999999999999 0.07546626107593928
0.4877293857385438 0.07568715869150291
0.475466162836291 0.07584383336870666
0.46321771820016633 0.07593570208255401
0.4509914298352198 0.07596209592981676
0.43879466240039156 0.07592231149103117
0.42663476277231926 0.07581566693038133
0.41451905561984914 0.07564155951763805
0.4024548389919357 0.07539952119460938
0.3904493799215649 0.07508926893749127
0.3785099100483679 0.07471074698997804
0.36664362126255073 0.07426415855082096
0.35485766137276875 0.07374998517083085
0.3431591298005543 0.07316899291205334
0.33155507330389 0.07252222519839865
0.320052481732506 0.0718109831860285
0.30865828381745486 0.07103679534183217
0.29737934299750524 0.07020137867719578
0.28622245328485874 0.06930659468381226
0.27519433517269654 0.06835440340903365
0.26430163158700104 0.06734681925375834
0.2535509038851079 0.06628587195612254
0.2429486279033891 0.06517357583826414
0.23250119005645137 0.06401190976004337
0.2222148834901989 0.06280280938119716
0.2120959042910774 0.06154817233778508
0.20215034775378343 0.06024987585975129
0.19238420470968637 0.058909805273050175
0.18280335791817703 0.05752989082476805
0.17341357852311146 0.05611214942320653
0.16422052257649067 0.05465872726846255
0.15522972763146647 0.05317193901958636
0.14644660940672616 0.05165429913951482
0.1378764585242665 0.05010854139322315
0.12952443732252045 0.04853762313753466
0.12139557674675777 0.04694471199728583
0.11349477331863145 0.04533315371322146
0.10582678618669683 0.04370642129348933
0.09839623425967753 0.04206804700973206
0.09120759342420814 0.040421540149218484
0.08426519384872727 0.03877029466403951
0.07757321737514639 0.037117491851596324
0.07113569499986394 0.035466003875852796
0.06495650444564427 0.0338183042348967
0.059039367825822475 0.03217639116150246
0.05338784940224234 0.030541729402675986
0.048005353438278275 0.02891521488478264
0.042895122148234655 0.027297165485251202
0.038060233744356575 0.025687339578675132
0.03350360058263052 0.02408498230425379
0.029227967408489597 0.022488897727302816
0.025235909703481607 0.020897543361034075
0.021529832133895532 0.019309141995114413
0.018111967102280024 0.01772180455340664
0.014984373402728013 0.016133656865193195
0.012148934980735715 0.014542962847407411
0.009607359798384785 0.01294823669514686
0.007361178805529334 0.011348337266106663
0.005411745017609493 0.009742538889922917
0.0037602327006450165 0.008130574272148427
0.0024076366639015356 0.006512646903220798
0.0013547716606548965 0.004889412312033983
0.0006022718974137975 0.0032619294942260644
0.00015059065189787502 0.001631585764361023
0.0 0.0
0.00015059065189787502 -0.001392721936439968
0.0006022718974137975 -0.0027803151755854583
0.0013547716606548965 -0.004157381323826536
0.0024076366639015356 -0.00551896432632051
0.0037602327006450165 -0.006860743926638326
0.005411745017609493 -0.008179197404162045
0.007361178805529334 -0.009471721756342451
0.009607359798384785 -0.01073671063527317
0.012148934980735715 -0.011973582781823998
0.014984373402728013 -0.013182761285241335
0.018111967102280024 -0.014365605583400845
0.021529832133895532 -0.015524300561739158
0.025235909703481607 -0.01666170927026782
0.029227967408489597 -0.01778119753913762
0.03350360058263052 -0.018886440040236173
0.038060233744356575 -0.019981218052031964
0.042895122148234655 -0.02106921930800078
0.048005353438278275 -0.022153849851412413
0.05338784940224234 -0.023238066821305352
0.059039367825822475 -0.024324239627817035
0.06495650444564427 -0.025414045137839528
0.07113569499986394 -0.02650840040244433
0.07757321737514639 -0.027607434246278602
0.08426519384872727 -0.028710496840916505
0.09120759342420814 -0.029816204329400988
0.09839623425967753 -0.030922513776079887
0.10582678618669683 -0.03202682228306898
0.11349477331863145 -0.03312608311585157
0.12139557674675777 -0.03421693116003426
0.12952443732252045 -0.03529581000217078
0.1378764585242665 -0.036359093371499195
0.14644660940672616 -0.03740319454861457
0.15522972763146647 -0.03842465856808034
0.16422052257649067 -0.03942023352109528
0.17341357852311146 -0.04038691889428564
0.18280335791817703 -0.04132199054794663
0.19238420470968637 -0.0422230035294944
0.20215034775378343 -0.043087775332193455
0.2120959042910774 -0.0439143533575766
0.2222148834901989 -0.04470097115556327
0.23250119005645137 -0.04544599845729101
0.2429486279033891 -0.046147890067553814
0.2535509038851079 -0.046805138359510466
0.26430163158700104 -0.047416233453083205
0.27519433517269654 -0.047979634222070675
0.28622245328485874 -0.04849375214324557
0.29737934299750524 -0.04895694876538903
0.30865828381745486 -0.04936754633435244
0.320052481732506 -0.049723849957120224
0.33155507330389 -0.05002417871021046
0.3431591298005543 -0.05026690236768613
0.35485766137276875 -0.050450479993976165
0.36664362126255073 -0.050573496545796945
0.3785099100483679 -0.05063469385974849
0.3904493799215649 -0.05063299294641926
0.4024548389919357 -0.05056750532331364
0.41451905561984914 -0.05043753213269885
0.42663476277231926 -0.050242550926290895
0.43879466240039156 -0.04998219116685864
0.4509914298352198 -0.04965620060475292
0.46321771820016633 -0.049264405646438254
0.475466162836291 -0.04880666956413976
0.4877293857385438 -0.04828285283880675
0.4999999999999999 -0.04769278004172008
0.512270614261456 -0.04703621742631897
0.5245338371637088 -0.04631286482982597
0.5367822817998334 -0.045522364607857434
0.54900857016478 -0.044664329201322156
0.5612053375996082 -0.04373838763965903
0.5733652372276805 -0.042744249907962696
0.5854809443801506 -0.04168178674560337
0.5975451610080642 -0.040551121199158095
0.6095506200784349 -0.03935272721514032
0.6214900899516319 -0.0380875298074944
0.6333563787374491 -0.03675700093158753
0.645142338627231 -0.03536324517751327
0.6568408701994456 -0.03390906977144043
0.6684449266961098 -0.032398034127320174
0.6799475182674938 -0.030834475278356522
0.691341716182545 -0.029223506869764437
0.7026206570024947 -0.02757099092305596
0.713777546715141 -0.02588348318489405
0.7248056648273034 -0.02416815444079393
0.7356983684129987 -0.022432691596407706
0.746449096114892 -0.020685183505714775
0.7570513720966108 -0.01893399737040153
0.7674988099435485 -0.017187651983992108
0.7777851165098009 -0.015454694110428916
0.7879040957089227 -0.013743583862122662
0.7978496522462164 -0.012062594100292565
0.8076157952903136 -0.010419727674008353
0.8171966420818224 -0.00882265482403852
0.8265864214768883 -0.0072786714057165355
0.8357794774235092 -0.005794676849351876
0.8447702723685334 -0.0043771691026232625
0.8535533905932737 -0.0030322523114966787
0.8621235414757333 -0.001765651809575921
0.8704755626774794 -0.0005827301978485216
0.8786044232532422 0.0005115020199126497
0.8865052266813687 0.0015123875842755592
0.894173213813303 0.0024156410304479094
0.9016037657403225 0.003217389051997005
0.9087924065757916 0.00391423544812622
0.9157348061512727 0.004503351449821757
0.9224267826248536 0.0049825900321193006
0.928864305000136 0.005350620559152772
0.9350434955543556 0.0056070779267456934
0.9409606321741775 0.005752718416227854
0.9466121505977576 0.005789572896022704
0.9519946465617215 0.0057210869289053105
0.9571048778517655 0.005552236860052084
0.9619397662556433 0.005289611137239677
0.9664963994173694 0.004941446973693874
0.9707720325915102 0.00451761398814008
0.9747640902965183 0.004029538585626557
0.9784701678661044 0.00349006547741973
0.98188803289772 0.002913255745241577
0.985015626597272 0.0023141240740515616
0.9878510650192642 0.001708321030533473
0.9903926402016152 0.001111769366300481
0.9926388211944706 0.0005402660942970588
0.9945882549823906 9.064357527896862e-06
0.9962397672993549 -0.00046754926023964563
0.9975923633360985 -0.0008766654491455217
0.9986452283393451 -0.0012071343116321453
0.9993977281025862 -0.0014499030891192545
0.9998494093481021 -0.0015982952169227033
1.0 -0.0016482187599360402
