1.0 0.0015004002204054797
0.9998494093481021 0.0015789538379205469
0.9993977281025862 0.001813178619985943
0.9986452283393451 0.0021988206919474193
0.9975923633360985 0.002728968846669639
0.9962397672993549 0.0033943136690589336
0.9945882549823906 0.004183493281841684
0.9926388211944706 0.005083509762630773
0.9903926402016152 0.006080197195686267
0.9878510650192642 0.007158720219771883
0.985015626597272 0.008304080912731798
0.98188803289772 0.009501611949423991
0.9784701678661044 0.010737435155737536
0.9747640902965183 0.011998866771338011
0.9707720325915102 0.013274753787855465
0.9664963994173694 0.014555729463696394
0.9619397662556433 0.015834380315411758
0.9571048778517655 0.01710532131351903
0.9519946465617215 0.018365180428055558
0.9466121505977576 0.0196124978453944
0.9409606321741775 0.020847548904812167
0.9350434955543556 0.02207210290629636
0.928864305000136 0.02328913228780962
0.9224267826248536 0.024502488176478123
0.9157348061512727 0.02571655895053439
0.9087924065757916 0.02693592822407977
0.9016037657403225 0.02816504764813734
0.894173213813303 0.029407938212544553
0.8865052266813687 0.03066793146921237
0.8786044232532422 0.03194745943516668
0.8704755626774794 0.03324789904161651
0.8621235414757333 0.03456947404144416
0.8535533905932737 0.035911214430589485
0.8447702723685334 0.03727097081899027
0.8357794774235092 0.03864547891882818
0.8265864214768883 0.04003046748648846
0.8171966420818224 0.04142080171198395
0.8076157952903136 0.04281065321507874
0.7978496522462164 0.044193687469828484
0.7879040957089227 0.04556325960087026
0.7777851165098009 0.04691261001629306
0.7674988099435485 0.0482350521888248
0.7570513720966108 0.04952414598635492
0.746449096114892 0.050773851199244
0.7356983684129987 0.05197865723395395
0.7248056648273034 0.05313368626724273
0.713777546715141 0.05423476842157581
0.7026206570024947 0.055278488683772276
0.691341716182545 0.05626220631337925
0.6799475182674938 0.0571840483572442
0.6684449266961098 0.0580428795970878
0.6568408701994456 0.05883825181229614
0.645142338627231 0.059570335652145416
0.6333563787374491 0.060239838695320964
0.6214900899516319 0.060847913445557414
0.6095506200784349 0.06139605908430687
0.5975451610080642 0.06188602078477131
0.5854809443801506 0.06231969029225955
0.5733652372276805 0.06269901129520468
0.5612053375996082 0.06302589284752713
0.54900857016478 0.06330213375286958
0.5367822817998334 0.063529360381494
0.5245338371637088 0.06370897986093275
0.512270614261456 0.06384214996629609
0.4999999999999999 0.06392976634654153
0.4877293857385438 0.06397246697780182
0.475466162836291 0.0639706529608101
0.46321771820016633 0.06392452401060356
0.4509914298352198 0.06383412626272675
0.43879466240039156 0.06369940938394973
0.42663476277231926 0.06352028946992838
0.41451905561984914 0.0632967138765681
0.4024548389919357 0.06302872399819538
0.3904493799215649 0.06271651209547471
0.3785099100483679 0.06236046859738606
0.36664362126255073 0.06196121684722248
0.35485766137276875 0.06151963300907536
0.3431591298005543 0.061036849759626505
0.33155507330389 0.060514243407418455
0.320052481732506 0.05995340514455061
0.30865828381745486 0.05935609817375529
0.29737934299750524 0.05872420339515244
0.28622245328485874 0.05805965711341539
0.27519433517269654 0.057364384778335
0.26430163158700104 0.05664023505446426
0.2535509038851079 0.05588891850124647
0.2429486279033891 0.05511195482716297
0.23250119005645137 0.05431063207554885
0.2222148834901989 0.053485980243244045
0.2120959042910774 0.05263876078346458
0.20215034775378343 0.05176947227471243
0.19238420470968637 0.050878371332942096
0.18280335791817703 0.04996550669446421
0.17341357852311146 0.04903076339058458
0.16422052257649067 0.04807391315186904
0.15522972763146647 0.04709466668562188
0.14644660940672616 0.046092723310044346
0.1378764585242665 0.04506781362376895
0.12952443732252045 0.04401973143471103
0.12139557674675777 0.042948352035193774
0.11349477331863145 0.041853635033571125
0.10582678618669683 0.040735611256950854
0.09839623425967753 0.03959435462969399
0.09120759342420814 0.03842994130321142
0.08426519384872727 0.037242399557424796
0.07757321737514639 0.03603165501248917
0.07113569499986394 0.034797476394275675
0.06495650444564427 0.033539427422789876
0.059039367825822475 0.0322568302995731
0.05338784940224234 0.030948745748641652
0.048005353438278275 0.029613973637632376
0.042895122148234655 0.02825107692427535
0.038060233744356575 0.026858430118511738
0.03350360058263052 0.025434291725403683
0.029227967408489597 0.02397689835683216
0.025235909703481607 0.022484576496490716
0.021529832133895532 0.020955866396798882
0.018111967102280024 0.01938965139130755
0.014984373402728013 0.01778528511609468
0.012148934980735715 0.016142708816445802
0.009607359798384785 0.014462551107076657
0.007361178805529334 0.012746203256792597
0.005411745017609493 0.010995864247840888
0.0037602327006450165 0.009214551448671901
0.0024076366639015356 0.007406074639408711
0.0013547716606548965 0.0055749732220667465
0.0006022718974137975 0.0037264185976786184
0.00015059065189787502 0.0018660857595858137
0.0 0.0
0.00015059065189787502 -0.0014942828843755695
0.0006022718974137975 -0.0029834243673915236
0.0013547716606548965 -0.004462046412159224
0.0024076366639015356 -0.005925190785023026
0.0037602327006450165 -0.0073685022471634935
0.005411745017609493 -0.008788381206293935
0.007361178805529334 -0.01018209833497521
0.009607359798384785 -0.011547865759520576
0.012148934980735715 -0.01288486180352902
0.014984373402728013 -0.014193208793696059
0.018111967102280024 -0.015473905956107458
0.021529832133895532 -0.016728721803482036
0.025235909703481607 -0.01796005250265079
0.029227967408489597 -0.019170754400014645
0.03350360058263052 -0.020363960078974674
0.038060233744356575 -0.02154288796598284
0.042895122148234655 -0.022710655563336263
0.048005353438278275 -0.023870105874667653
0.05338784940224234 -0.02502365554500428
0.059039367825822475 -0.026173171734224537
0.06495650444564427 -0.02731988287996919
0.07113569499986394 -0.02846432640262077
0.07757321737514639 -0.02960633419207978
0.08426519384872727 -0.030745054528856897
0.09120759342420814 -0.03187900706103793
0.09839623425967753 -0.03300616570197307
0.10582678618669683 -0.03412406292942302
0.11349477331863145 -0.03522990802825465
0.12139557674675777 -0.0363207113690105
0.12952443732252045 -0.037393406865544036
0.1378764585242665 -0.03844496528648994
0.14644660940672616 -0.03947249205796069
0.15522972763146647 -0.040473304512949566
0.16422052257649067 -0.04144498512043104
0.17341357852311146 -0.042385408954217996
0.18280335791817703 -0.04329274542201888
0.19238420470968637 -0.04416543595393506
0.20215034775378343 -0.045002150840769056
0.2120959042910774 -0.04580172962548616
0.2222148834901989 -0.046563110316699546
0.23250119005645137 -0.04728525316712964
0.2429486279033891 -0.04796706482627503
0.2535509038851079 -0.04860732834672055
0.26430163158700104 -0.04920464383592631
0.27519433517269654 -0.04975738356168252
0.28622245328485874 -0.05026366411997219
0.29737934299750524 -0.0507213369517005
0.30865828381745486 -0.051127997148467406
0.320052481732506 -0.051481009214999505
0.33155507330389 -0.05177754734674978
0.3431591298005543 -0.052014646911083706
0.35485766137276875 -0.05218926324564369
0.36664362126255073 -0.0522983336411785
0.3785099100483679 -0.05233883846654728
0.3904493799215649 -0.052307857803692286
0.4024548389919357 -0.05220262064934278
0.41451905561984914 -0.05202054464681086
0.42663476277231926 -0.05175926535844191
0.43879466240039156 -0.05141665519008426
0.4509914298352198 -0.050990833142854186
0.46321771820016633 -0.0504801675072654
0.475466162836291 -0.049883274352968375
0.4877293857385438 -0.04919901514194508
0.4999999999999999 -0.04842649696225359
0.512270614261456 -0.04756507872496252
0.5245338371637088 -0.046614386195334354
0.5367822817998334 -0.045574337971859565
0.54900857016478 -0.04444518353724811
0.5612053375996082 -0.043227553356649864
0.5733652372276805 -0.041922519776620704
0.5854809443801506 -0.04053166627762205
0.5975451610080642 -0.03905716154780051
0.6095506200784349 -0.03750183396483785
0.6214900899516319 -0.035869241471350836
0.6333563787374491 -0.03416373156453977
0.645142338627231 -0.03239048622624348
0.6568408701994456 -0.03055554710281246
0.6684449266961098 -0.028665817085513027
0.6799475182674938 -0.026729035595280157
0.691341716182545 -0.024753726270469494
0.7026206570024947 -0.02274911730335616
0.713777546715141 -0.02072503626752786
0.7248056648273034 -0.018691782814546483
0.7356983684129987 -0.01665998398586507
0.746449096114892 -0.014640437985316971
0.7570513720966108 -0.012643953004799308
0.7674988099435485 -0.010681188029595591
0.7777851165098009 -0.008762502435781992
0.7879040957089227 -0.006897820626239774
0.7978496522462164 -0.005096516961187484
0.8076157952903136 -0.003367324881357518
0.8171966420818224 -0.0017182724816117685
0.8265864214768883 -0.00015664497655339788
0.8357794774235092 0.0013110273704902713
0.8447702723685334 0.002678959078612807
0.8535533905932737 0.0039420818556459535
0.8621235414757333 0.005096005665007557
0.8704755626774794 0.006136975387951054
0.8786044232532422 0.0070618303708966865
0.8865052266813687 0.007867973965116716
0.894173213813303 0.00855335943908002
0.9016037657403225 0.00911649740160767
0.9087924065757916 0.009556488181857815
0.9157348061512727 0.009873080567841457
0.9224267826248536 0.01006675603353399
0.928864305000136 0.010138835230247332
0.9350434955543556 0.010091601236090802
0.9409606321741775 0.00992843200440533
0.9466121505977576 0.009653932775206764
0.9519946465617215 0.009274058041252963
0.9571048778517655 0.008796212093044216
0.9619397662556433 0.008229317270722649
0.9664963994173694 0.007583839851318145
0.9707720325915102 0.006871764980276932
0.9747640902965183 0.006106514157120522
0.9784701678661044 0.0053028014067231875
0.98188803289772 0.004476427275420979
0.985015626597272 0.00364401302289693
0.9878510650192642 0.0028226806562934035
0.9903926402016152 0.0020296875845373873
0.9926388211944706 0.0012820274743747663
0.9945882549823906 0.0005960111959321995
0.9962397672993549 -1.315658909382695e-05
0.9975923633360985 -0.0005317887288337237
0.9986452283393451 -0.0009480982085419559
0.9993977281025862 -0.0012525362853062214
0.9998494093481021 -0.0014380718724832495
1.0 -0.0015004002204054797
