1.0 0.0014192154880433923
0.9998494093481021 0.001496810089125941
0.9993977281025862 0.0017280906780542833
0.9986452283393451 0.002108604878769289
0.9975923633360985 0.0026311202941238445
0.9962397672993549 0.0032858976797888054
0.9945882549823906 0.004061055541223271
0.9926388211944706 0.004943009431894092
0.9903926402016152 0.0059169659865846245
0.9878510650192642 0.006967449505928555
0.985015626597272 0.008078837817988604
0.98188803289772 0.009235884216952721
0.9784701678661044 0.010424203490248468
0.9747640902965183 0.01163070230411919
0.9707720325915102 0.012843937379095196
0.9664963994173694 0.014054388760332886
0.9619397662556433 0.015254639849612174
0.9571048778517655 0.016439460472588735
0.9519946465617215 0.017605793858748935
0.9466121505977576 0.0187526527743023
0.9409606321741775 0.01988093395518819
0.9350434955543556 0.02099316325843557
0.928864305000136 0.02209318644899287
0.9224267826248536 0.023185822179010676
0.9157348061512727 0.02427649446263805
0.9087924065757916 0.0253708618180905
0.9016037657403225 0.02647445930371811
0.894173213813303 0.027592368020266177
0.8865052266813687 0.028728924423444983
0.8786044232532422 0.02988747914678663
0.8704755626774794 0.031070212142574015
0.8621235414757333 0.032278007976137835
0.8535533905932737 0.033510392213434895
0.8447702723685334 0.034765527162082754
0.8357794774235092 0.03604026287488209
0.8265864214768883 0.037330237385313284
0.8171966420818224 0.038630018667557185
0.8076157952903136 0.039933279818617495
0.7978496522462164 0.04123299843725301
0.7879040957089227 0.04252167108879757
0.7777851165098009 0.04379153404220495
0.7674988099435485 0.045034782078194426
0.7570513720966108 0.046243778020849134
0.746449096114892 0.047411246664414375
0.7356983684129987 0.04853044788209139
0.7248056648273034 0.04959532485293815
0.713777546715141 0.05060062447692573
0.7026206570024947 0.05154198813014641
0.691341716182545 0.05241601191846051
0.6799475182674938 0.05322027650638208
0.6684449266961098 0.053953347425796105
0.6568408701994456 0.05461474750938522
0.645142338627231 0.05520490375250897
0.6333563787374491 0.05572507149056761
0.6214900899516319 0.05617723928953906
0.6095506200784349 0.05656401838361285
0.5975451610080642 0.056888520848249774
0.5854809443801506 0.05715423095674822
0.5733652372276805 0.057364874316475856
0.5612053375996082 0.0575242893982303
0.54900857016478 0.057636305940305395
0.5367822817998334 0.057704634413116754
0.5245338371637088 0.05773277026289214
0.512270614261456 0.057723916015708795
0.4999999999999999 0.05768092352933716
0.4877293857385438 0.057606257755709836
0.475466162836291 0.05750198235948445
0.46321771820016633 0.05736976647711791
0.4509914298352198 0.057210910853391944
0.43879466240039156 0.05702639062030018
0.42663476277231926 0.056816911148666695
0.41451905561984914 0.05658297276317102
0.4024548389919357 0.056324939714422866
0.3904493799215649 0.05604310868122841
0.3785099100483679 0.055737772248550574
0.36664362126255073 0.055409273268326446
0.35485766137276875 0.055058046736904384
0.3431591298005543 0.05468464677000373
0.33155507330389 0.05428975736171743
0.320052481732506 0.053874186802411295
0.30865828381745486 0.05343884681717103
0.29737934299750524 0.05298471858511659
0.28622245328485874 0.052512808728114355
0.27519433517269654 0.05202409904364236
0.26430163158700104 0.05151949414600761
0.2535509038851079 0.05099977123958726
0.2429486279033891 0.05046553596895985
0.23250119005645137 0.04991718769178223
0.2222148834901989 0.04935489664489833
0.2120959042910774 0.04877859438943105
0.20215034775378343 0.04818797771206767
0.19238420470968637 0.047582524925342616
0.18280335791817703 0.046961522352363685
0.17341357852311146 0.04632409780098769
0.16422052257649067 0.045669257117694005
0.15522972763146647 0.04499591953249435
0.14644660940672616 0.0443029475085359
0.1378764585242665 0.043589167209627876
0.12952443732252045 0.04285337648011501
0.12139557674675777 0.042094338347065406
0.11349477331863145 0.0413107594282517
0.10582678618669683 0.04050125416027648
0.09839623425967753 0.03966429733150327
0.09120759342420814 0.038798168887478765
0.08426519384872727 0.03790089624621931
0.07757321737514639 0.036970200301448264
0.07113569499986394 0.03600345180767078
0.06495650444564427 0.03499764486373901
0.059039367825822475 0.03394939370722597
0.05338784940224234 0.032854958004432104
0.048005353438278275 0.03171030031331578
0.042895122148234655 0.03051117748969308
0.038060233744356575 0.029253265614328106
0.03350360058263052 0.02793231567957681
0.029227967408489597 0.026544334945342
0.025235909703481607 0.025085786717595124
0.021529832133895532 0.023553799475643105
0.018111967102280024 0.021946374917027663
0.014984373402728013 0.02026258371475252
0.012148934980735715 0.018502737667952854
0.009607359798384785 0.0166685275095091
0.007361178805529334 0.014763116902101081
0.005411745017609493 0.012791185051374637
0.0037602327006450165 0.010758912791555704
0.0024076366639015356 0.008673909818002656
0.0013547716606548965 0.006545083787095351
0.0006022718974137975 0.0043824550927943585
0.00015059065189787502 0.002196924071540808
0.0 0.0
0.00015059065189787502 -0.001733081666441211
0.0006022718974137975 -0.0034595937902432623
0.0013547716606548965 -0.005172753355403693
0.0024076366639015356 -0.00686619596800705
0.0037602327006450165 -0.008534161858669637
0.005411745017609493 -0.010171655105605037
0.007361178805529334 -0.01177456931386641
0.009607359798384785 -0.013339774683432604
0.012148934980735715 -0.014865163335915848
0.014984373402728013 -0.016349651840012178
0.018111967102280024 -0.017793141966117934
0.021529832133895532 -0.01919644269757578
0.025235909703481607 -0.02056115832313379
0.029227967408489597 -0.021889548938449403
0.03350360058263052 -0.02318437081786225
0.038060233744356575 -0.02444870482743058
0.042895122148234655 -0.025685781307641046
0.048005353438278275 -0.026898809656924507
0.05338784940224234 -0.02809082021892513
0.059039367825822475 -0.02926452506549129
0.06495650444564427 -0.030422202942753593
0.07113569499986394 -0.031565612095183486
0.07757321737514639 -0.03269593299908494
0.08426519384872727 -0.033813741324568006
0.09120759342420814 -0.03491900980452978
0.09839623425967753 -0.036011136214096934
0.10582678618669683 -0.03708899343508877
0.11349477331863145 -0.03815099666052682
0.12139557674675777 -0.03919518222617451
0.12952443732252045 -0.04021929235844344
0.1378764585242665 -0.04122086029580308
0.14644660940672616 -0.04219729074613804
0.15522972763146647 -0.04314593143671683
0.16422052257649067 -0.04406413253095192
0.17341357852311146 -0.044949291848961584
0.18280335791817703 -0.045798885052161856
0.19238420470968637 -0.046610481149624974
0.20215034775378343 -0.047381744774234624
0.2120959042910774 -0.04811042758823665
0.2222148834901989 -0.048794351853734035
0.23250119005645137 -0.04943138960532575
0.2429486279033891 -0.050019440971306055
0.2535509038851079 -0.05055641500987887
0.26430163158700104 -0.051040215981789004
0.27519433517269654 -0.0514687373134944
0.28622245328485874 -0.051839864673823344
0.29737934299750524 -0.052151488661395656
0.30865828381745486 -0.05240152665530105
0.320052481732506 -0.052587952493417585
0.33155507330389 -0.05270883188200149
0.3431591298005543 -0.05276236086720425
0.35485766137276875 -0.05274690435968865
0.36664362126255073 -0.0526610316251823
0.3785099100483679 -0.05250354584413747
0.3904493799215649 -0.05227350528940617
0.4024548389919357 -0.05197023433884529
0.41451905561984914 -0.05159332337931966
0.42663476277231926 -0.05114261760500974
0.43879466240039156 -0.050618195692323946
0.4509914298352198 -0.05002034026825401
0.46321771820016633 -0.049349502902773214
0.475466162836291 -0.048606266980509905
0.4877293857385438 -0.04779131218688629
0.4999999999999999 -0.04690538444082189
0.512270614261456 -0.04594927490198112
0.5245338371637088 -0.044923811179565856
0.5367822817998334 -0.043829863098354155
0.54900857016478 -0.04266836438354816
0.5612053375996082 -0.04144035047447014
0.5733652372276805 -0.04014701144734373
0.5854809443801506 -0.038789757806647805
0.5975451610080642 -0.03737029578227268
0.6095506200784349 -0.0358907078310365
0.6214900899516319 -0.034353533360557416
0.6333563787374491 -0.032761844329257855
0.645142338627231 -0.031119310365762994
0.6568408701994456 -0.029430248407342634
0.6684449266961098 -0.027699652567758137
0.6799475182674938 -0.025933200971749743
0.691341716182545 -0.024137237574675518
0.7026206570024947 -0.02231872843987623
0.713777546715141 -0.02048519347695247
0.7248056648273034 -0.018644616146865967
0.7356983684129987 -0.016805335009116025
0.746449096114892 -0.014975922123119247
0.7570513720966108 -0.013165054134799214
0.7674988099435485 -0.011381382314763903
0.7777851165098009 -0.009633407825994597
0.7879040957089227 -0.007929368075149353
0.7978496522462164 -0.006277139161305774
0.8076157952903136 -0.004684158228155966
0.8171966420818224 -0.0031573680267646233
0.8265864214768883 -0.0017031843054216875
0.8357794774235092 -0.00032748487707721257
0.8447702723685334 0.0009643825013202502
0.8535533905932737 0.0021675778434002823
0.8621235414757333 0.0032777378936828215
0.8704755626774794 0.0042909428355905575
0.8786044232532422 0.005203687625702318
0.8865052266813687 0.00601286468822944
0.894173213813303 0.00671576402485805
0.9016037657403225 0.007310095605339243
0.9087924065757916 0.007794037263040082
0.9157348061512727 0.008166309319997048
0.9224267826248536 0.00842627492900602
0.928864305000136 0.008574062788260978
0.9350434955543556 0.008610706611696651
0.9409606321741775 0.008538293682748561
0.9466121505977576 0.0083601131302376
0.9519946465617215 0.008080793374278233
0.9571048778517655 0.007706417602337985
0.9619397662556433 0.00724460622111237
0.9664963994173694 0.006704556018824565
0.9707720325915102 0.006097027251697959
0.9747640902965183 0.005434271980697962
0.9784701678661044 0.004729899631811743
0.98188803289772 0.003998678800355269
0.985015626597272 0.003256277603387761
0.9878510650192642 0.0025189482210942284
0.9903926402016152 0.0018031644661613364
0.9926388211944706 0.0011252240908463762
0.9945882549823906 0.0005008299102956415
0.9962397672993549 -5.533446120024638e-05
0.9975923633360985 -0.0005300175109603758
0.9986452283393451 -0.0009117844987370817
0.9993977281025862 -0.0011913577747873602
0.9998494093481021 -0.0013618982027098102
1.0 -0.0014192154880433923
