1.0 0.0015246386265972077
0.9998494093481021 0.0015945242391205612
0.9993977281025862 0.0018027797558513572
0.9986452283393451 0.0021452551920138913
0.9975923633360985 0.002615211305172939
0.9962397672993549 0.0032035769828069466
0.9945882549823906 0.0038992926366641103
0.9926388211944706 0.004689723731654093
0.9903926402016152 0.005561125508793278
0.9878510650192642 0.006499137875069637
0.985015626597272 0.007489288423825434
0.98188803289772 0.008517481652121845
0.9784701678661044 0.009570453629092276
0.9747640902965183 0.010636173554634039
0.9707720325915102 0.0117041766908517
0.9664963994173694 0.01276581686557566
0.9619397662556433 0.01381443092216989
0.9571048778517655 0.014845411888310366
0.9519946465617215 0.01585619201976189
0.9466121505977576 0.01684614101440984
0.9409606321741775 0.017816388380666986
0.9350434955543556 0.018769582010441533
0.928864305000136 0.019709597320214493
0.9224267826248536 0.02064121280265799
0.9157348061512727 0.021569768444508378
0.9087924065757916 0.02250082323280926
0.9016037657403225 0.02343982695591519
0.894173213813303 0.024391819812100164
0.8865052266813687 0.025361171102499334
0.8786044232532422 0.026351365662613778
0.8704755626774794 0.02736484384407747
0.8621235414757333 0.028402897961701947
0.8535533905932737 0.02946562532539088
0.8447702723685334 0.03055193541881259
0.8357794774235092 0.03165960657749258
0.8265864214768883 0.032785385738844576
0.8171966420818224 0.03392512353387979
0.8076157952903136 0.03507393618107292
0.7978496522462164 0.03622638531345094
0.7879040957089227 0.03737666698103022
0.7777851165098009 0.03851880156265583
0.7674988099435485 0.03964681712052984
0.7570513720966108 0.040754919756386454
0.746449096114892 0.041837645698497246
0.7356983684129987 0.04288999108630761
0.7248056648273034 0.0439075166565921
0.713777546715141 0.04488642571617358
0.7026206570024947 0.045823614870354225
0.691341716182545 0.04671669793673314
0.6799475182674938 0.04756400429808147
0.6684449266961098 0.04836455363392959
0.6568408701994456 0.049118009525592546
0.645142338627231 0.049824614865907495
0.6333563787374491 0.05048511233736382
0.6214900899516319 0.05110065346394625
0.6095506200784349 0.05167269990291583
0.5975451610080642 0.05220292072811462
0.5854809443801506 0.052693089466027646
0.5733652372276805 0.05314498457471254
0.5612053375996082 0.05356029689523645
0.54900857016478 0.05394054734542364
0.5367822817998334 0.054287017757587236
0.5245338371637088 0.05460069728033236
0.512270614261456 0.05488224617055137
0.4999999999999999 0.05513197810470568
0.4877293857385438 0.055349861357171744
0.475466162836291 0.05553553835632104
0.46321771820016633 0.05568836227353099
0.4509914298352198 0.05580744847099486
0.43879466240039156 0.055891737879801166
0.42663476277231926 0.055940068749815615
0.41451905561984914 0.05595125275370459
0.4024548389919357 0.055924151177913835
0.3904493799215649 0.05585774692131735
0.3785099100483679 0.05575120826095899
0.36664362126255073 0.05560394083060796
0.35485766137276875 0.05541562497090976
0.3431591298005543 0.05518623651168658
0.33155507330389 0.05491605008394187
0.320052481732506 0.054605625165627475
0.30865828381745486 0.054255776167593306
0.29737934299750524 0.05386752888799404
0.28622245328485874 0.053442066531384474
0.27519433517269654 0.052980669138087064
0.26430163158700104 0.052484650649427096
0.2535509038851079 0.051955297912788086
0.2429486279033891 0.051393815696366515
0.23250119005645137 0.05080128124940605
0.2222148834901989 0.050178611144955185
0.2120959042910774 0.049526542135260886
0.20215034775378343 0.0488456266085879
0.19238420470968637 0.048136242046572256
0.18280335791817703 0.04739861273515231
0.17341357852311146 0.0466328409706567
0.16422052257649067 0.04583894420869919
0.15522972763146647 0.045016894095300346
0.14644660940672616 0.04416665314486414
0.1378764585242665 0.04328820501121727
0.12952443732252045 0.04238157483152392
0.12139557674675777 0.04144683697640042
0.11349477331863145 0.04048410865472294
0.10582678618669683 0.03949352911779973
0.09839623425967753 0.03847522558724845
0.09120759342420814 0.03742926838668925
0.08426519384872727 0.036355618979925404
0.07757321737514639 0.03525407560471007
0.07113569499986394 0.034124221853001645
0.06495650444564427 0.03296538381892897
0.059039367825822475 0.03177660127498656
0.05338784940224234 0.030556617736898856
0.048005353438278275 0.02930389326249251
0.042895122148234655 0.02801664245605154
0.038060233744356575 0.026692898501898855
0.03350360058263052 0.025330602237444787
0.029227967408489597 0.02392771342065129
0.025235909703481607 0.022482339581019823
0.021529832133895532 0.020992876295953686
0.018111967102280024 0.019458151523281533
0.014984373402728013 0.0178775658432033
0.012148934980735715 0.016251220188543688
0.009607359798384785 0.014580022907286341
0.007361178805529334 0.012865768805639808
0.005411745017609493 0.011111184125832224
0.0037602327006450165 0.009319933147600403
0.0024076366639015356 0.0074965841623438854
0.0013547716606548965 0.005646534826542873
0.0006022718974137975 0.0037758992132605027
0.00015059065189787502 0.001891361098634413
0.0 0.0
0.00015059065189787502 -0.0014305916935565353
0.0006022718974137975 -0.002855566840925675
0.0013547716606548965 -0.004269075008219379
0.0024076366639015356 -0.005665705761532621
0.0037602327006450165 -0.007040682183065133
0.005411745017609493 -0.008390024069456565
0.007361178805529334 -0.009710673318281333
0.009607359798384785 -0.011000576048113797
0.012148934980735715 -0.012258718312276436
0.014984373402728013 -0.013485114721455157
0.018111967102280024 -0.014680751743755252
0.021529832133895532 -0.015847489761885727
0.025235909703481607 -0.016987930005363257
0.029227967408489597 -0.018105254128118635
0.03350360058263052 -0.019203045380344234
0.038060233744356575 -0.020285100969149813
0.042895122148234655 -0.02135524528973536
0.048005353438278275 -0.022417153245499023
0.05338784940224234 -0.02347419190296059
0.059039367825822475 -0.024529287316804673
0.06495650444564427 -0.02558482160808753
0.07113569499986394 -0.026642563399838483
0.07757321737514639 -0.027703632635339637
0.08426519384872727 -0.028768498754902602
0.09120759342420814 -0.02983700931160219
0.09839623425967753 -0.030908444477063198
0.10582678618669683 -0.031981591617338954
0.11349477331863145 -0.03305483327344029
0.12139557674675777 -0.03412624149961261
0.12952443732252045 -0.03519367160274591
0.1378764585242665 -0.0362548488655113
0.14644660940672616 -0.03730744277267115
0.15522972763146647 -0.038349124518719406
0.16422052257649067 -0.039377605060752954
0.17341357852311146 -0.040390652586024374
0.18280335791817703 -0.04138608987668896
0.19238420470968637 -0.042361773565045883
0.20215034775378343 -0.04331555858105982
0.2120959042910774 -0.04424525211639416
0.2222148834901989 -0.045148562103449065
0.23250119005645137 -0.04602304549720724
0.2429486279033891 -0.04686606154270467
0.2535509038851079 -0.04767473472983082
0.26430163158700104 -0.048445931323913664
0.27519433517269654 -0.04917625228146551
0.28622245328485874 -0.04986204409922772
0.29737934299750524 -0.05049942779621311
0.30865828381745486 -0.05108434489222947
0.320052481732506 -0.05161261801926109
0.33155507330389 -0.05208002277161857
0.3431591298005543 -0.05248236663908398
0.35485766137276875 -0.05281557042615002
0.36664362126255073 -0.05307574746783883
0.3785099100483679 -0.05325927621082135
0.3904493799215649 -0.05336286231439534
0.4024548389919357 -0.053383587292322024
0.41451905561984914 -0.05331894179631053
0.42663476277231926 -0.0531668428525025
0.43879466240039156 -0.052925635611738756
0.4509914298352198 -0.052594081368104784
0.46321771820016633 -0.05217133464784128
0.475466162836291 -0.05165691299247045
0.4877293857385438 -0.05105066359274783
0.4999999999999999 -0.050352731131755896
0.512270614261456 -0.04956353104836075
0.5245338371637088 -0.048683731944303664
0.5367822817998334 -0.047714250062644153
0.54900857016478 -0.04665625771844907
0.5612053375996082 -0.04551120634006137
0.5733652372276805 -0.04428086347044244
0.5854809443801506 -0.042967361780007485
0.5975451610080642 -0.04157325695278505
0.6095506200784349 -0.040101590317944545
0.6214900899516319 -0.038555951387033334
0.6333563787374491 -0.036940535083001935
0.645142338627231 -0.03526018844620243
0.6568408701994456 -0.0335204419845196
0.6684449266961098 -0.03172752158159719
0.6799475182674938 -0.02988833794398049
0.691341716182545 -0.028010451886111308
0.7026206570024947 -0.026102015233115602
0.713777546715141 -0.024171688663194264
0.7248056648273034 -0.022228539305471265
0.7356983684129987 -0.020281922247563738
0.746449096114892 -0.018341351190704677
0.7570513720966108 -0.016416364235498856
0.7674988099435485 -0.014516391126907507
0.7777851165098009 -0.012650628198277888
0.7879040957089227 -0.010827926726545844
0.7978496522462164 -0.0090566994705396
0.8076157952903136 -0.007344848867928845
0.8171966420818224 -0.005699718796912926
0.8265864214768883 -0.00412807007101033
0.8357794774235092 -0.002636078049122432
0.8447702723685334 -0.0012293490352751867
0.8535533905932737 8.704936142295543e-05
0.8621235414757333 0.001308549920735556
0.8704755626774794 0.0024310463417704974
0.8786044232532422 0.0034508596734027673
0.8865052266813687 0.00436471746094488
0.894173213813303 0.005169751644781495
0.9016037657403225 0.005863519963465775
0.9087924065757916 0.0064440538940668994
0.9157348061512727 0.006909934104567277
0.9224267826248536 0.007260392121557195
0.928864305000136 0.007495434575248291
0.9350434955543556 0.0076159841270813265
0.9409606321741775 0.007624029167673412
0.9466121505977576 0.007522772739798957
0.9519946465617215 0.00731677001868702
0.9571048778517655 0.007012043168536881
0.9619397662556433 0.00661616255334309
0.9664963994173694 0.006138284135543885
0.9707720325915102 0.005589134428841907
0.9747640902965183 0.004980936520496872
0.9784701678661044 0.004327273342390202
0.98188803289772 0.0036428874135835004
0.985015626597272 0.0029434195372644353
0.9878510650192642 0.002245092231454824
0.9903926402016152 0.0015643468180348852
0.9926388211944706 0.0009174459048919682
0.9945882549823906 0.0003200553028246268
0.9962397672993549 -0.00021317892082117285
0.9975923633360985 -0.0006690416445995305
0.9986452283393451 -0.001036131461542092
0.9993977281025862 -0.0013051990850361326
0.9998494093481021 -0.0014694270419526965
1.0 -0.0015246386265972077
