1.0 0.0018175194089918888
0.9998494093481021 0.0018944024863590686
0.9993977281025862 0.0021235595729705917
0.9986452283393451 0.0025005703897707917
0.9975923633360985 0.0030182523989494637
0.9962397672993549 0.0036669287401123367
0.9945882549823906 0.0044347859140269445
0.9926388211944706 0.00530830488469354
0.9903926402016152 0.006272746101663455
0.9878510650192642 0.007312666778160717
0.985015626597272 0.00841244769537435
0.98188803289772 0.009556806876009773
0.9784701678661044 0.010731278654309529
0.9747640902965183 0.011922638878274213
0.9707720325915102 0.013119260071440252
0.9664963994173694 0.014311384170168246
0.9619397662556433 0.01549130471887094
0.9571048778517655 0.016653454911496147
0.9519946465617215 0.017794402369444375
0.9466121505977576 0.01891275580974384
0.9409606321741775 0.020008992571042678
0.9350434955543556 0.02108521915094784
0.928864305000136 0.022144879331381345
0.9224267826248536 0.023192426042519632
0.9157348061512727 0.024232973805519382
0.9087924065757916 0.025271948415389607
0.9016037657403225 0.02631474954096216
0.894173213813303 0.02736644023261125
0.8865052266813687 0.02843147507604035
0.8786044232532422 0.029513476070109602
0.8704755626774794 0.030615062407621265
0.8621235414757333 0.031737737370015034
0.8535533905932737 0.032881832670131735
0.8447702723685334 0.03404650793320026
0.8357794774235092 0.03522980071109941
0.8265864214768883 0.03642872056458253
0.8171966420818224 0.03763937937562003
0.8076157952903136 0.03885714918756298
0.7978496522462164 0.04007683850392833
0.7879040957089227 0.041292878069857174
0.7777851165098009 0.042499507654805216
0.7674988099435485 0.04369095617660319
0.7570513720966108 0.044861608572896575
0.746449096114892 0.04600615405116934
0.7356983684129987 0.047119711651845274
0.7248056648273034 0.04819793036762088
0.713777546715141 0.049237062315601716
0.7026206570024947 0.050234008610555686
0.691341716182545 0.05118633860609032
0.6799475182674938 0.052092284038388524
0.6684449266961098 0.052950710319232985
0.6568408701994456 0.05376106778605744
0.645142338627231 0.05452332613790231
0.6333563787374491 0.05523789558202369
0.6214900899516319 0.05590553840147148
0.6095506200784349 0.05652727474212942
0.5975451610080642 0.05710428641767315
0.5854809443801506 0.057637822447336125
0.5733652372276805 0.05812910987461701
0.5612053375996082 0.05857927316215176
0.54900857016478 0.05898926511434763
0.5367822817998334 0.059359811841065445
0.5245338371637088 0.05969137374161637
0.512270614261456 0.0599841238627455
0.4999999999999999 0.06023794427821052
0.4877293857385438 0.06045244037020629
0.475466162836291 0.0606269720917394
0.46321771820016633 0.06076070048923721
0.4509914298352198 0.06085264700722297
0.43879466240039156 0.0609017624262024
0.42663476277231926 0.06090700174550967
0.41451905561984914 0.06086740095574649
0.4024548389919357 0.060782151484318245
0.3904493799215649 0.06065066816537647
0.3785099100483679 0.060472646891506096
0.36664362126255073 0.0602481086424303
0.35485766137276875 0.059977427333073284
0.3431591298005543 0.059661339840807466
0.33155507330389 0.059300937606749544
0.320052481732506 0.058897640294667125
0.30865828381745486 0.05845315306265289
0.29737934299750524 0.05796940998456032
0.28622245328485874 0.057448506981126975
0.27519433517269654 0.0568926282244942
0.26430163158700104 0.05630397031807872
0.2535509038851079 0.05568466859805481
0.2429486279033891 0.055036729645481494
0.23250119005645137 0.05436197355398918
0.2222148834901989 0.05366198870342331
0.2120959042910774 0.052938100801276214
0.20215034775378343 0.05219135684362603
0.19238420470968637 0.05142252349926685
0.18280335791817703 0.05063209832336627
0.17341357852311146 0.04982033124723504
0.16422052257649067 0.04898725304705349
0.15522972763146647 0.0481327070302038
0.14644660940672616 0.04725638003650148
0.1378764585242665 0.046357829052107585
0.12952443732252045 0.045436500268736434
0.12139557674675777 0.04449173825568462
0.11349477331863145 0.04352278398795818
0.10582678618669683 0.042528761709973766
0.09839623425967753 0.04150865591493837
0.09120759342420814 0.04046128098034646
0.08426519384872727 0.03938524711446304
0.07757321737514639 0.03827892713876194
0.07113569499986394 0.03714042917364699
0.06495650444564427 0.03596758044788642
0.059039367825822475 0.0347579271818399
0.05338784940224234 0.03350875479743662
0.048005353438278275 0.0322171316128193
0.042895122148234655 0.030879977746571072
0.038060233744356575 0.02949415927316403
0.03350360058263052 0.028056605847528254
0.029227967408489597 0.02656444817705836
0.025235909703481607 0.02501516999473899
0.021529832133895532 0.02340676770506124
0.018111967102280024 0.021737909750273614
0.014984373402728013 0.020008087072521077
0.012148934980735715 0.0182177458935266
0.009607359798384785 0.016368394429943884
0.007361178805529334 0.014462676104856374
0.005411745017609493 0.0125044032623496
0.0037602327006450165 0.010498547265681429
0.0024076366639015356 0.008451183052875908
0.0013547716606548965 0.00636938860545127
0.0006022718974137975 0.004261102210342262
0.00015059065189787502 0.0021349427105232877
0.0 0.0
0.00015059065189787502 -0.0014564205889308934
0.0006022718974137975 -0.0029105060712392187
0.0013547716606548965 -0.004359502010179091
0.0024076366639015356 -0.005800903535906905
0.0037602327006450165 -0.007232563403917832
0.005411745017609493 -0.008652780830785417
0.007361178805529334 -0.010060366377681202
0.009607359798384785 -0.01145467946624804
0.012148934980735715 -0.012835636607243947
0.014984373402728013 -0.01420369001485708
0.018111967102280024 -0.01555977787838527
0.021529832133895532 -0.0169052490777624
0.025235909703481607 -0.01824176647513518
0.029227967408489597 -0.019571194016501977
0.03350360058263052 -0.020895473674983272
0.038060233744356575 -0.02221649871828146
0.042895122148234655 -0.023535989865381326
0.048005353438278275 -0.024855380611225497
0.05338784940224234 -0.026175717364169383
0.059039367825822475 -0.027497579100830966
0.06495650444564427 -0.028821020055441165
0.07113569499986394 -0.030145537598889438
0.07757321737514639 -0.03147006600880142
0.08426519384872727 -0.03279299537315964
0.09120759342420814 -0.0341122134924252
0.09839623425967753 -0.03542516742912176
0.10582678618669683 -0.036728940368897504
0.11349477331863145 -0.03802033875772922
0.12139557674675777 -0.03929598430254345
0.12952443732252045 -0.04055240538318517
0.1378764585242665 -0.04178612271735284
0.14644660940672616 -0.04299372472120512
0.15522972763146647 -0.04417192887236707
0.16422052257649067 -0.045317626448692715
0.17341357852311146 -0.04642790921314951
0.18280335791817703 -0.04750007786315041
0.19238420470968637 -0.04853163328012389
0.20215034775378343 -0.04952025272386198
0.2120959042910774 -0.05046375404630271
0.2222148834901989 -0.051360051693762204
0.23250119005645137 -0.05220710868453011
0.2429486279033891 -0.053002888868514786
0.2535509038851079 -0.05374531359585958
0.26430163158700104 -0.054432226461013894
0.27519433517269654 -0.05506136908530835
0.28622245328485874 -0.05563037000847822
0.29737934299750524 -0.05613674774401723
0.30865828381745486 -0.05657792798869366
0.320052481732506 -0.056951273939619414
0.33155507330389 -0.057254127736796785
0.3431591298005543 -0.05748386028108767
0.35485766137276875 -0.057637926130551735
0.36664362126255073 -0.05771391988933316
0.3785099100483679 -0.057709630491079716
0.3904493799215649 -0.05762309004136558
0.4024548389919357 -0.05745261439875654
0.41451905561984914 -0.05719683340139041
0.42663476277231926 -0.056854709528907255
0.43879466240039156 -0.05642554476019551
0.4509914298352198 -0.05590897637081951
0.46321771820016633 -0.05530496333387379
0.475466162836291 -0.05461376577225029
0.4877293857385438 -0.05383592049634735
0.4999999999999999 -0.05297221600078512
0.512270614261456 -0.05202367035646338
0.5245338371637088 -0.050991515210558294
0.5367822817998334 -0.04987718860865105
0.54900857016478 -0.048682338613014735
0.5612053375996082 -0.04740883876105852
0.5733652372276805 -0.04605881535545982
0.5854809443801506 -0.04463468548083699
0.5975451610080642 -0.04313920358441171
0.6095506200784349 -0.04157551352260218
0.6214900899516319 -0.039947202237540905
0.6333563787374491 -0.03825835074998173
0.645142338627231 -0.03651357798309347
0.6568408701994456 -0.03471807308881494
0.6684449266961098 -0.032877612434500596
0.6799475182674938 -0.03099855819776008
0.691341716182545 -0.029087836563590336
0.7026206570024947 -0.027152894751547633
0.713777546715141 -0.025201637437221345
0.7248056648273034 -0.023242344476790182
0.7356983684129987 -0.021283573097443914
0.746449096114892 -0.01933404878491833
0.7570513720966108 -0.017402549897780843
0.7674988099435485 -0.015497791498935546
0.7777851165098009 -0.013628313973092422
0.7879040957089227 -0.011802381676179505
0.7978496522462164 -0.010027896149134938
0.8076157952903136 -0.008312327363436301
0.8171966420818224 -0.0066626651155117685
0.8265864214768883 -0.00508539114153151
0.8357794774235092 -0.0035864708904452623
0.8447702723685334 -0.002171362289552864
0.8535533905932737 -0.0008450373840735719
0.8621235414757333 0.000387988455124556
0.8704755626774794 0.0015236258827200685
0.8786044232532422 0.0025581859927053087
0.8865052266813687 0.003488366179890327
0.894173213813303 0.004311253203304151
0.9016037657403225 0.0050243480800332314
0.9087924065757916 0.005625615871212926
0.9157348061512727 0.006113561500501701
0.9224267826248536 0.006487330584610101
0.928864305000136 0.00674683199237142
0.9350434955543556 0.006892876633836699
0.9409606321741775 0.006927324968164914
0.9466121505977576 0.00685323405647618
0.9519946465617215 0.006674993804735926
0.9571048778517655 0.006398441447844721
0.9619397662556433 0.006030943391605235
0.9664963994173694 0.005581434286936298
0.9707720325915102 0.005060404650612499
0.9747640902965183 0.004479830415383741
0.9784701678661044 0.003853040394560396
0.98188803289772 0.0031945206503259053
0.985015626597272 0.0025196580000395987
0.9878510650192642 0.0018444281993676478
0.9903926402016152 0.0011850375146597808
0.9926388211944706 0.0005575292512546911
0.9945882549823906 -2.2630835043512465e-05
0.9962397672993549 -0.0005409745986979361
0.9975923633360985 -0.0009844404335378593
0.9986452283393451 -0.0013417543381742092
0.9993977281025862 -0.0016037671142243336
0.9998494093481021 -0.001763733255498669
1.0 -0.0018175194089918888
