1.0 0.001699795615111234
0.9998494093481021 0.0017859441195927645
0.9993977281025862 0.002042900040408244
0.9986452283393451 0.0024662503208110554
0.9975923633360985 0.003048822999897222
0.9962397672993549 0.0037809529382437446
0.9945882549823906 0.004650836370152729
0.9926388211944706 0.005644957924377025
0.9903926402016152 0.006748570588783639
0.9878510650192642 0.00794620693743401
0.985015626597272 0.009222198890244011
0.98188803289772 0.010561183372446492
0.9784701678661044 0.011948572456451832
0.9747640902965183 0.013370968814325156
0.9707720325915102 0.014816510442159573
0.9664963994173694 0.01627513245009602
0.9619397662556433 0.01773873802236438
0.9571048778517655 0.019201275199707706
0.9519946465617215 0.020658720676123583
0.9466121505977576 0.022108976096559024
0.9409606321741775 0.02355168617831324
0.9350434955543556 0.024987991176856315
0.928864305000136 0.02642022864019926
0.9224267826248536 0.027851600957593866
0.9157348061512727 0.02928582587286038
0.9087924065757916 0.030726786915998255
0.9016037657403225 0.032178199672535227
0.894173213813303 0.033643308063131934
0.8865052266813687 0.03512462248370161
0.8786044232532422 0.03662370891863729
0.8704755626774794 0.03814103515810266
0.8621235414757333 0.039675877196857015
0.8535533905932737 0.04122628592922236
0.8447702723685334 0.042789111526590644
0.8357794774235092 0.04436008050876023
0.8265864214768883 0.04593391858644638
0.8171966420818224 0.04750451091467308
0.8076157952903136 0.049065090477522805
0.7978496522462164 0.050608444914978123
0.7879040957089227 0.05212713216630836
0.7777851165098009 0.05361369578384234
0.7674988099435485 0.05506087159266604
0.7570513720966108 0.05646177845356828
0.746449096114892 0.057810087143702796
0.7356983684129987 0.0591001627206604
0.7248056648273034 0.06032717710783763
0.713777546715141 0.061487189970801256
0.7026206570024947 0.06257719719824492
0.691341716182545 0.06359514742405223
0.6799475182674938 0.06453992800961587
0.6684449266961098 0.06541132274056292
0.6568408701994456 0.06620994418137398
0.645142338627231 0.06693714418325117
0.6333563787374491 0.06759490646625588
0.6214900899516319 0.06818572550760174
0.6095506200784349 0.06871247617326481
0.5975451610080642 0.06917827863521579
0.5854809443801506 0.06958636312265314
0.5733652372276805 0.06993993895959988
0.5612053375996082 0.07024207213718565
0.54900857016478 0.07049557534989256
0.5367822817998334 0.07070291398527997
0.5245338371637088 0.07086613099425632
0.512270614261456 0.07098679288790255
0.4999999999999999 0.07106595831915788
0.4877293857385438 0.07110416983435851
0.475466162836291 0.0711014684509395
0.46321771820016633 0.07105742977229534
0.4509914298352198 0.07097121943423766
0.43879466240039156 0.07084166483902088
0.42663476277231926 0.070667339422384
0.41451905561984914 0.07044665516298317
0.4024548389919357 0.0701779587211363
0.3904493799215649 0.06985962651311567
0.3785099100483679 0.06949015420229454
0.36664362126255073 0.06906823651696439
0.35485766137276875 0.06859283396695993
0.3431591298005543 0.06806322389078621
0.33155507330389 0.06747903426993981
0.320052481732506 0.06684025983362314
0.30865828381745486 0.06614726107318879
0.29737934299750524 0.0654007478166397
0.28622245328485874 0.06460174990720732
0.27519433517269654 0.0637515782224726
0.26430163158700104 0.06285177971107342
0.2535509038851079 0.061904090279833145
0.2429486279033891 0.06091038922297213
0.23250119005645137 0.059872658457142076
0.2222148834901989 0.058792949143790005
0.2120959042910774 0.05767335739665447
0.20215034775378343 0.056516009756718284
0.19238420470968637 0.05532305805129623
0.18280335791817703 0.054096682225573844
0.17341357852311146 0.05283909883043522
0.16422052257649067 0.05155257214874524
0.15522972763146647 0.05023942450813795
0.14644660940672616 0.04890204220692216
0.1378764585242665 0.047542873692197334
0.12952443732252045 0.046164417170683585
0.12139557674675777 0.044769195671410994
0.11349477331863145 0.04335971865850387
0.10582678618669683 0.04193843053360365
0.09839623425967753 0.04050764767670908
0.09120759342420814 0.03906948694781974
0.08426519384872727 0.037625789704666714
0.07757321737514639 0.036178046285438616
0.07113569499986394 0.03472732647552642
0.06495650444564427 0.03327422166096146
0.059039367825822475 0.03181880413222449
0.05338784940224234 0.03036060833472817
0.048005353438278275 0.028898637792680478
0.042895122148234655 0.02743140001838303
0.038060233744356575 0.025956970044219374
0.03350360058263052 0.024473081386939717
0.029227967408489597 0.022977241395815525
0.025235909703481607 0.021466866176995985
0.021529832133895532 0.01993942875264653
0.018111967102280024 0.01839261292019872
0.014984373402728013 0.016824464519073136
0.012148934980735715 0.01523353155682349
0.009607359798384785 0.013618984928143906
0.007361178805529334 0.011980712276852426
0.005411745017609493 0.010319378864399691
0.0037602327006450165 0.0086364510455236
0.0024076366639015356 0.006934180009068162
0.0013547716606548965 0.005215545692874763
0.0006022718974137975 0.0034841630841660792
0.00015059065189787502 0.0017441553236539969
0.0 0.0
0.00015059065189787502 -0.0015213907331367153
0.0006022718974137975 -0.0030366096138637858
0.0013547716606548965 -0.004539207242881549
0.0024076366639015356 -0.006023191666293826
0.0037602327006450165 -0.007483228735410563
0.005411745017609493 -0.008914809998743441
0.007361178805529334 -0.01031438011495756
0.009607359798384785 -0.011679417972400076
0.012148934980735715 -0.013008468196124723
0.014984373402728013 -0.014301122372717252
0.018111967102280024 -0.015557951974456731
0.021529832133895532 -0.016780397466462982
0.025235909703481607 -0.01797062029284476
0.029227967408489597 -0.01913132623856014
0.03350360058263052 -0.020265569956637346
0.038060233744356575 -0.02137655117085697
0.042895122148234655 -0.022467413182099952
0.048005353438278275 -0.023541053828678077
0.05338784940224234 -0.024599958018743366
0.059039367825822475 -0.025646059440213424
0.06495650444564427 -0.026680637161632416
0.07113569499986394 -0.027704250687631892
0.07757321737514639 -0.028716714759476195
0.08426519384872727 -0.0297171129330599
0.09120759342420814 -0.03070384685768399
0.09839623425967753 -0.03167471634028167
0.10582678618669683 -0.032627023812803815
0.11349477331863145 -0.0335576958006187
0.12139557674675777 -0.03446341346239171
0.12952443732252045 -0.0353407442501234
0.1378764585242665 -0.03618626720270926
0.14644660940672616 -0.03699668528814341
0.15522972763146647 -0.03776891947259959
0.16422052257649067 -0.03850018072260176
0.17341357852311146 -0.03918801782890417
0.18280335791817703 -0.039830340660734175
0.19238420470968637 -0.040425420101411
0.20215034775378343 -0.04097186737484225
0.2120959042910774 -0.04146859665678768
0.2222148834901989 -0.04191477570646396
0.23250119005645137 -0.042309769710153496
0.2429486279033891 -0.042653083584122314
0.2535509038851079 -0.0429443076528293
0.26430163158700104 -0.043183070940401226
0.27519433517269654 -0.04336900535230327
0.28622245328485874 -0.04350172286212508
0.29737934299750524 -0.04358080654979412
0.30865828381745486 -0.04360581506204384
0.320052481732506 -0.04357629888151746
0.33155507330389 -0.043491825786590686
0.3431591298005543 -0.04335201213389685
0.35485766137276875 -0.04315655615345998
0.36664362126255073 -0.042905269342226375
0.3785099100483679 -0.042598102279734706
0.3904493799215649 -0.04223516174784623
0.4024548389919357 -0.04181671686886125
0.41451905561984914 -0.041343193016247455
0.42663476277231926 -0.04081515341711133
0.43879466240039156 -0.04023326956325882
0.4509914298352198 -0.03959828268306589
0.46321771820016633 -0.038910959508300494
0.475466162836291 -0.038172046318102226
0.4877293857385438 -0.0373822256928325
0.4999999999999999 -0.036542080521195355
0.512270614261456 -0.035652069557396554
0.5245338371637088 -0.03471251822989804
0.5367822817998334 -0.03372362749420893
0.54900857016478 -0.0326855023575239
0.5612053375996082 -0.03159820036107872
0.5733652372276805 -0.030461798879503628
0.5854809443801506 -0.029276478685889257
0.5975451610080642 -0.02804261993834164
0.6095506200784349 -0.026760905663770335
0.6214900899516319 -0.025432427029638636
0.6333563787374491 -0.024058784267259013
0.645142338627231 -0.022642177079816687
0.6568408701994456 -0.021185478746371562
0.6684449266961098 -0.019692288902925386
0.6799475182674938 -0.018166961098814265
0.691341716182545 -0.01661460262167661
0.7026206570024947 -0.015041045666882137
0.713777546715141 -0.013452790592719286
0.7248056648273034 -0.011856923638338093
0.7356983684129987 -0.010261012975018758
0.746449096114892 -0.00867298820833354
0.7570513720966108 -0.0071010093600712785
0.7674988099435485 -0.005553331867153583
0.7777851165098009 -0.004038174199878054
0.7879040957089227 -0.0025635943136292126
0.7978496522462164 -0.0011373803282193797
0.8076157952903136 0.00023304037053101852
0.8171966420818224 0.0015406709115573707
0.8265864214768883 0.002778992602406942
0.8357794774235092 0.003941991251221008
0.8447702723685334 0.005024164647195142
0.8535533905932737 0.006020515249379486
0.8621235414757333 0.0069265333896393715
0.8704755626774794 0.007738177157608747
0.8786044232532422 0.00845185552786496
0.8865052266813687 0.009064421167199105
0.894173213813303 0.009573178712050436
0.9016037657403225 0.009975913158330733
0.9087924065757916 0.01027094141880072
0.9157348061512727 0.010457188170018963
0.9224267826248536 0.010534284951809659
0.928864305000136 0.010502689237139554
0.9350434955543556 0.01036381801028615
0.9409606321741775 0.010120188428721078
0.9466121505977576 0.009775556543227829
0.9519946465617215 0.009335043937306498
0.9571048778517655 0.008805241619973621
0.9619397662556433 0.008194280630783316
0.9664963994173694 0.007511859618349664
0.9707720325915102 0.006769221118117504
0.9747640902965183 0.005979070323939947
0.9784701678661044 0.0051554327241103365
0.98188803289772 0.004313449924417481
0.985015626597272 0.0034691161500707505
0.9878510650192642 0.002638961128560637
0.9903926402016152 0.0018396881227686105
0.9926388211944706 0.001087778627516622
0.9945882549823906 0.00039907749737104676
0.9962397672993549 -0.00021162610222224252
0.9975923633360985 -0.0007310056419815426
0.9986452283393451 -0.0011475757138677896
0.9993977281025862 -0.0014520264390228384
0.9998494093481021 -0.0016374997299087259
1.0 -0.001699795615111234
