1.0 0.0014759477805380886
0.9998494093481021 0.0015618893746654873
0.9993977281025862 0.0018182446793061349
0.9986452283393451 0.0022406601419261325
0.9975923633360985 0.0028220602031888004
0.9962397672993549 0.003552908966593734
0.9945882549823906 0.004421559274339522
0.9926388211944706 0.005414673027763822
0.9903926402016152 0.006517693472362588
0.9878510650192642 0.007715348052199179
0.985015626597272 0.00899215942413133
0.98188803289772 0.010332942343849153
0.9784701678661044 0.011723265364662753
0.9747640902965183 0.013149858536905559
0.9707720325915102 0.014600951416859511
0.9664963994173694 0.01606652950057417
0.9619397662556433 0.0175385014684335
0.9571048778517655 0.019010774120482386
0.9519946465617215 0.020479236355700564
0.9466121505977576 0.021941657765968025
0.9409606321741775 0.023397511166191674
0.9350434955543556 0.02484773148950358
0.928864305000136 0.026294425807874465
0.9224267826248536 0.027740550710653896
0.9157348061512727 0.0291895738552825
0.9087924065757916 0.03064513621580969
0.9016037657403225 0.03211073046335327
0.894173213813303 0.03358940912643523
0.8865052266813687 0.03508353383829793
0.8786044232532422 0.03659457424454306
0.8704755626774794 0.0381229621899634
0.8621235414757333 0.03966800380008245
0.8535533905932737 0.041227849181769964
0.8447702723685334 0.04279951682997331
0.8357794774235092 0.04437896755919819
0.8265864214768883 0.0459612209628385
0.8171966420818224 0.04754050609126568
0.8076157952903136 0.04911043724784247
0.7978496522462164 0.0506642055167252
0.7879040957089227 0.052194776816516596
0.7777851165098009 0.053695087857200924
0.7674988099435485 0.05515823228702207
0.7570513720966108 0.056577630465602845
0.746449096114892 0.0579471776025322
0.7356983684129987 0.05926136637406801
0.7248056648273034 0.06051538150076794
0.713777546715141 0.0617051650746149
0.7026206570024947 0.06282745261894983
0.691341716182545 0.06387978091677748
0.6799475182674938 0.064860469535556
0.6684449266961098 0.06576857870454754
0.6568408701994456 0.0666038467689249
0.645142338627231 0.06736661086423397
0.6333563787374491 0.06805771473983083
0.6214900899516319 0.06867840782508741
0.6095506200784349 0.06923023968990576
0.5975451610080642 0.06971495401013493
0.5854809443801506 0.07013438601328771
0.5733652372276805 0.0704903671509768
0.5612053375996082 0.07078464041943133
0.54900857016478 0.07101878932506743
0.5367822817998334 0.07119418296648618
0.5245338371637088 0.07131193907928568
0.512270614261456 0.07137290617343607
0.4999999999999999 0.07137766510000333
0.4877293857385438 0.07132654953853391
0.475466162836291 0.07121968403074173
0.46321771820016633 0.07105703734003187
0.4509914298352198 0.07083848813503572
0.43879466240039156 0.07056389932639939
0.42663476277231926 0.07023319687617222
0.41451905561984914 0.06984644858989461
0.4024548389919357 0.0694039383255243
0.3904493799215649 0.0689062312307832
0.3785099100483679 0.06835422605606065
0.36664362126255073 0.06774919127115465
0.35485766137276875 0.06709278261058615
0.3431591298005543 0.06638704073680197
0.33155507330389 0.06563436888152019
0.320052481732506 0.06483749153006593
0.30865828381745486 0.0639993963729258
0.29737934299750524 0.0631232627834164
0.28622245328485874 0.06221238091612278
0.27519433517269654 0.06127006609456238
0.26430163158700104 0.06029957342170906
0.2535509038851079 0.05930401747759082
0.2429486279033891 0.058286301561665324
0.23250119005645137 0.05724906021627938
0.2222148834901989 0.056194617777392014
0.2120959042910774 0.05512496450743833
0.20215034775378343 0.05404175055734351
0.19238420470968637 0.05294629667611808
0.18280335791817703 0.051839619337377255
0.17341357852311146 0.05072246687959659
0.16422052257649067 0.049595362447393855
0.15522972763146647 0.04845864904345654
0.14644660940672616 0.04731253190038885
0.1378764585242665 0.046157113676544285
0.12952443732252045 0.044992418657774834
0.12139557674675777 0.043818403165974434
0.11349477331863145 0.04263495066563744
0.10582678618669683 0.04144185152844329
0.09839623425967753 0.04023876895321512
0.09120759342420814 0.03902519402543084
0.08426519384872727 0.03780039421731465
0.07757321737514639 0.0365633606655139
0.07113569499986394 0.035312760224786084
0.06495650444564427 0.03404689851411628
0.059039367825822475 0.032763699908109165
0.05338784940224234 0.03146070967777888
0.048005353438278275 0.030135122283329204
0.042895122148234655 0.02878383823413972
0.038060233744356575 0.02740355005570695
0.03350360058263052 0.025990855862032182
0.029227967408489597 0.02454239696359318
0.025235909703481607 0.023055013991088894
0.021529832133895532 0.021525914325659097
0.018111967102280024 0.019952842325579787
0.014984373402728013 0.018334243032660614
0.012148934980735715 0.016669409802642268
0.009607359798384785 0.014958606669610738
0.007361178805529334 0.01320315722108448
0.005411745017609493 0.011405493283214482
0.0037602327006450165 0.009569158710943732
0.0024076366639015356 0.007698765928903157
0.0013547716606548965 0.005799905432103446
0.0006022718974137975 0.0038790110713872953
0.00015059065189787502 0.0019431864515658517
0.0 0.0
0.00015059065189787502 -0.0014357312430685956
0.0006022718974137975 -0.002869122049295951
0.0013547716606548965 -0.004297516302245512
0.0024076366639015356 -0.005718508750763947
0.0037602327006450165 -0.007130053223068283
0.005411745017609493 -0.008530551101893935
0.007361178805529334 -0.009918915220687087
0.009607359798384785 -0.011294605701788604
0.012148934980735715 -0.012657635805147784
0.014984373402728013 -0.014008547501469293
0.018111967102280024 -0.015348358132730175
0.021529832133895532 -0.0166784810818843
0.025235909703481607 -0.01800062475426062
0.029227967408489597 -0.01931667529859569
0.03350360058263052 -0.020628569304179365
0.038060233744356575 -0.021938163159611265
0.042895122148234655 -0.02324710582693039
0.048005353438278275 -0.024556721473685223
0.05338784940224234 -0.025867907738417052
0.059039367825822475 -0.027181054426298742
0.06495650444564427 -0.028495986203426617
0.07113569499986394 -0.029811931456611183
0.07757321737514639 -0.031127517995811923
0.08426519384872727 -0.03244079478797283
0.09120759342420814 -0.0337492775118271
0.09839623425967753 -0.03505001449432329
0.10582678618669683 -0.036339668600042056
0.11349477331863145 -0.037614609948842734
0.12139557674675777 -0.038871013968560096
0.12952443732252045 -0.040104959262540776
0.1378764585242665 -0.04131252007838488
0.14644660940672616 -0.042489848775955866
0.15522972763146647 -0.043633244562438445
0.16422052257649067 -0.04473920582748303
0.17341357852311146 -0.04580446459862888
0.18280335791817703 -0.04682600286632935
0.19238420470968637 -0.04780105171809182
0.20215034775378343 -0.04872707529585812
0.2120959042910774 -0.04960174248242534
0.2222148834901989 -0.050422889877684764
0.23250119005645137 -0.05118848000697479
0.2429486279033891 -0.051896558794428206
0.2535509038851079 -0.05254521613655105
0.26430163158700104 -0.05313255294792724
0.27519433517269654 -0.05365665736246129
0.28622245328485874 -0.05411559191556983
0.29737934299750524 -0.05450739257190766
0.30865828381745486 -0.05483007947256272
0.320052481732506 -0.05508167832931438
0.33155507330389 -0.055260250561526746
0.3431591298005543 -0.0553639296144629
0.35485766137276875 -0.05539096046374302
0.36664362126255073 -0.05533973912999587
0.3785099100483679 -0.05520884911208999
0.3904493799215649 -0.05499709198839128
0.4024548389919357 -0.05470351000562334
0.41451905561984914 -0.054327399229021286
0.42663476277231926 -0.05386831270626016
0.43879466240039156 -0.05332605403182957
0.4509914298352198 -0.05270066261389048
0.46321771820016633 -0.051992392768456054
0.475466162836291 -0.05120168942820347
0.4877293857385438 -0.05032916369864974
0.4999999999999999 -0.049375571681547735
0.512270614261456 -0.048341799891721174
0.5245338371637088 -0.04722886021748897
0.5367822817998334 -0.04603789673602067
0.54900857016478 -0.04477020583345172
0.5612053375996082 -0.043427270053262794
0.5733652372276805 -0.0420108049771827
0.5854809443801506 -0.04052281731166668
0.5975451610080642 -0.0389656712941293
0.6095506200784349 -0.0373421596281178
0.6214900899516319 -0.03565557447828986
0.6333563787374491 -0.03390977366285454
0.645142338627231 -0.032109237112554416
0.6568408701994456 -0.030259108938457017
0.6684449266961098 -0.02836522105870879
0.6799475182674938 -0.026434095245527915
0.691341716182545 -0.024472921613795526
0.7026206570024947 -0.02248951290781718
0.713777546715141 -0.020492235364524918
0.7248056648273034 -0.018489918342068253
0.7356983684129987 -0.01649174620273067
0.746449096114892 -0.014507137033712916
0.7570513720966108 -0.012545613595668798
0.7674988099435485 -0.010616672342255995
0.7777851165098009 -0.008729656412953073
0.7879040957089227 -0.006893638151546214
0.7978496522462164 -0.0051173159583918285
0.8076157952903136 -0.0034089291889052666
0.8171966420818224 -0.0017761934333774564
0.8265864214768883 -0.00022625694629872448
0.8357794774235092 0.0012343226542770906
0.8447702723685334 0.002599583906814048
0.8535533905932737 0.003864153187751084
0.8621235414757333 0.005023227678086657
0.8704755626774794 0.006072555551963994
0.8786044232532422 0.007008419692876201
0.8865052266813687 0.007827631120258315
0.894173213813303 0.008527537680305288
0.9016037657403225 0.009106052440316256
0.9087924065757916 0.009561704680981224
0.9157348061512727 0.009893714493374011
0.9224267826248536 0.010102089872086937
0.928864305000136 0.010187742988803138
0.9350434955543556 0.010152620179870009
0.9409606321741775 0.009999838238256559
0.9466121505977576 0.009733818008754063
0.9519946465617215 0.009360405172728353
0.9571048778517655 0.008886967576729568
0.9619397662556433 0.008322458576145941
0.9664963994173694 0.007677436660401972
0.9707720325915102 0.006964033087553565
0.9747640902965183 0.006195861328629664
0.9784701678661044 0.005387864710534712
0.98188803289772 0.004556101620082252
0.985015626597272 0.0037174708318387043
0.9878510650192642 0.0028893827708261002
0.9903926402016152 0.0020893856311057246
0.9926388211944706 0.0013347580588842056
0.9945882549823906 0.0006420824041427778
0.9962397672993549 2.681420267748591e-05
0.9975923633360985 -0.0004971355404043971
0.9986452283393451 -0.0009177886042303465
0.9993977281025862 -0.0012254424333920696
0.9998494093481021 -0.0014129533079490525
1.0 -0.0014759477805380886
