1.0 0.001468888502959584
0.9998494093481021 0.0015515116659046769
0.9993977281025862 0.0017979072830808138
0.9986452283393451 0.0022037093097925517
0.9975923633360985 0.0027618236361391406
0.9962397672993549 0.0034626930609432094
0.9945882549823906 0.004294650796627323
0.9926388211944706 0.005244346154535563
0.9903926402016152 0.006297222899168562
0.9878510650192642 0.007438028609821097
0.985015626597272 0.00865133234798929
0.98188803289772 0.009922028034645789
0.9784701678661044 0.011235802165042927
0.9747640902965183 0.012579546740928725
0.9707720325915102 0.0139417014370136
0.9664963994173694 0.01531251285117803
0.9619397662556433 0.016684202994264624
0.9571048778517655 0.018051043714205222
0.9519946465617215 0.019409338275035774
0.9466121505977576 0.020757315588244042
0.9409606321741775 0.022094946409338994
0.9350434955543556 0.023423693988601935
0.928864305000136 0.024746214067333676
0.9224267826248536 0.02606602065452679
0.9157348061512727 0.02738713467067964
0.9087924065757916 0.028713732323454033
0.9016037657403225 0.030049809049321686
0.894173213813303 0.03139887312211911
0.8865052266813687 0.03276368073124361
0.8786044232532422 0.03414602162840343
0.8704755626774794 0.03554656150233259
0.8621235414757333 0.03696474423544882
0.8535533905932737 0.03839875428442066
0.8447702723685334 0.03984553674834744
0.8357794774235092 0.041300870358173834
0.8265864214768883 0.042759486723076
0.8171966420818224 0.044215227755255576
0.8076157952903136 0.04566123228281717
0.7978496522462164 0.047090142440020966
0.7879040957089227 0.0484943204580606
0.7777851165098009 0.04986606691001904
0.7674988099435485 0.051197832219008234
0.7570513720966108 0.052482414239383615
0.746449096114892 0.05371313588672996
0.7356983684129987 0.05488399804683697
0.7248056648273034 0.05598980426974083
0.713777546715141 0.057026254996748946
0.7026206570024947 0.057990010234490574
0.691341716182545 0.0588787206526437
0.6799475182674938 0.05969102802604855
0.6684449266961098 0.0604265367630388
0.6568408701994456 0.06108575896335899
0.645142338627231 0.06167003603886011
0.6333563787374491 0.062181440417483434
0.6214900899516319 0.06262266124358597
0.6095506200784349 0.06299687828958347
0.5975451610080642 0.0633076285045574
0.5854809443801506 0.06355866973926118
0.5733652372276805 0.06375384619404359
0.5612053375996082 0.06389696002423313
0.54900857016478 0.06399165329397472
0.5367822817998334 0.06404130408442787
0.5245338371637088 0.06404894003104183
0.512270614261456 0.06401717189062525
0.4999999999999999 0.06394814893524728
0.4877293857385438 0.06384353706062194
0.475466162836291 0.06370451951636756
0.46321771820016633 0.06353181915893649
0.4509914298352198 0.06332574014704284
0.43879466240039156 0.06308622610022001
0.42663476277231926 0.06281293098003778
0.41451905561984914 0.06250529838257174
0.4024548389919357 0.062162644593295555
0.3904493799215649 0.06178424068217284
0.3785099100483679 0.061369389121674556
0.36664362126255073 0.06091749088956953
0.35485766137276875 0.06042809974806489
0.3431591298005543 0.0599009613288421
0.33155507330389 0.059336035740711536
0.320052481732506 0.058733503580912866
0.30865828381745486 0.05809375639221436
0.29737934299750524 0.057417373683108584
0.28622245328485874 0.056705089538473724
0.27519433517269654 0.05595775252387326
0.26430163158700104 0.05517628297457239
0.2535509038851079 0.054361631827006596
0.2429486279033891 0.05351474488602323
0.23250119005645137 0.052636535841047306
0.2222148834901989 0.05172787048847006
0.2120959042910774 0.05078956354859753
0.20215034775378343 0.04982238826434611
0.19238420470968637 0.048827097729126405
0.18280335791817703 0.047804455712377694
0.17341357852311146 0.04675527373060132
0.16422052257649067 0.045680450337672186
0.15522972763146647 0.04458100815223827
0.14644660940672616 0.04345812405104126
0.1378764585242665 0.042313148256631294
0.12952443732252045 0.04114760872804856
0.12139557674675777 0.03996319828529717
0.11349477331863145 0.03876174319635951
0.10582678618669683 0.03754515343863389
0.09839623425967753 0.03631535640674615
0.09120759342420814 0.03507421735727975
0.08426519384872727 0.033823451238273336
0.07757321737514639 0.032564531635154194
0.07113569499986394 0.03129860327928545
0.06495650444564427 0.030026404838789704
0.059039367825822475 0.02874820850229779
0.05338784940224234 0.02746378216757456
0.048005353438278275 0.026172378887279888
0.042895122148234655 0.024872756666939506
0.038060233744356575 0.023563229850209783
0.03350360058263052 0.02224175128353891
0.029227967408489597 0.020906022363263988
0.025235909703481607 0.019553626077584353
0.021529832133895532 0.018182176405660985
0.018111967102280024 0.016789476055399034
0.014984373402728013 0.01537367361699352
0.012148934980735715 0.013933410857307564
0.009607359798384785 0.012467951120367894
0.007361178805529334 0.010977280631448216
0.005411745017609493 0.009462175885415364
0.0037602327006450165 0.00792423215475059
0.0024076366639015356 0.006365850365921366
0.0013547716606548965 0.004790182025402885
0.0006022718974137975 0.0032010343726940243
0.00015059065189787502 0.0016027403350284198
0.0 0.0
0.00015059065189787502 -0.001491949680978068
0.0006022718974137975 -0.0029768449734997047
0.0013547716606548965 -0.004447432209793871
0.0024076366639015356 -0.0058969328554059
0.0037602327006450165 -0.007319253381991304
0.005411745017609493 -0.008709163441825384
0.007361178805529334 -0.010062434494513635
0.009607359798384785 -0.011375933157234822
0.012148934980735715 -0.01264766595649519
0.014984373402728013 -0.013876774711416628
0.018111967102280024 -0.015063484328229381
0.021529832133895532 -0.01620900718672887
0.025235909703481607 -0.01731541041632081
0.029227967408489597 -0.018385454074955787
0.03350360058263052 -0.019422409467386378
0.038060233744356575 -0.020429867509359986
0.042895122148234655 -0.02141154713541085
0.048005353438278275 -0.022371113269076967
0.05338784940224234 -0.02331201286919738
0.059039367825822475 -0.02423733610912428
0.06495650444564427 -0.02514970793786583
0.07113569499986394 -0.02605121323329787
0.07757321737514639 -0.026943356619019063
0.08426519384872727 -0.027827055912535988
0.09120759342420814 -0.02870266623206921
0.09839623425967753 -0.029570030127592118
0.10582678618669683 -0.03042854781331749
0.11349477331863145 -0.031277260732009
0.12139557674675777 -0.032114941314362336
0.12952443732252045 -0.03294018191542698
0.1378764585242665 -0.033751476489076844
0.14644660940672616 -0.03454728954593252
0.15522972763146647 -0.03532610824976049
0.16422052257649067 -0.03608647504270394
0.17341357852311146 -0.036826999838809577
0.18280335791817703 -0.03754635247155662
0.19238420470968637 -0.03824323761099487
0.20215034775378343 -0.03891635567690149
0.2120959042910774 -0.039564354280758295
0.2222148834901989 -0.04018577536892296
0.23250119005645137 -0.04077900347642581
0.2429486279033891 -0.04134222032840049
0.2535509038851079 -0.04187337046596438
0.26430163158700104 -0.042370141673888626
0.27519433517269654 -0.042829962820116634
0.28622245328485874 -0.04325002037129946
0.29737934299750524 -0.04362729342450117
0.30865828381745486 -0.043958605697695004
0.320052481732506 -0.04424069165201095
0.33155507330389 -0.044470272867985224
0.3431591298005543 -0.04464414004079507
0.35485766137276875 -0.044759235548419
0.36664362126255073 -0.04481273150939162
0.3785099100483679 -0.04480209858383819
0.3904493799215649 -0.04472516145640226
0.4024548389919357 -0.044580137921249534
0.41451905561984914 -0.04436565969511172
0.42663476277231926 -0.04408077442594312
0.43879466240039156 -0.04372492974418342
0.4509914298352198 -0.04329794152016056
0.46321771820016633 -0.04279994964864364
0.475466162836291 -0.04223136559510137
0.4877293857385438 -0.04159281654035957
0.4999999999999999 -0.04088509120579397
0.512270614261456 -0.040109092310146956
0.5245338371637088 -0.03926580010867218
0.5367822817998334 -0.03835625062931539
0.54900857016478 -0.03738153110702896
0.5612053375996082 -0.03634279380437299
0.5733652372276805 -0.03524128798739409
0.5854809443801506 -0.034078408401818396
0.5975451610080642 -0.03285575726844916
0.6095506200784349 -0.03157521568478906
0.6214900899516319 -0.03023901946579644
0.6333563787374491 -0.02884983394473226
0.645142338627231 -0.027410822125881844
0.6568408701994456 -0.025925700848231228
0.6684449266961098 -0.02439878026846137
0.6799475182674938 -0.022834982960959538
0.691341716182545 -0.021239840195199203
0.7026206570024947 -0.01961946439970276
0.713777546715141 -0.0179804983553182
0.7248056648273034 -0.016330043169720747
0.7356983684129987 -0.014675568461071011
0.746449096114892 -0.013024809320742401
0.7570513720966108 -0.01138565544725877
0.7674988099435485 -0.009766038281905021
0.7777851165098009 -0.008173821993195078
0.7879040957089227 -0.006616703744449825
0.7978496522462164 -0.005102127858902959
0.8076157952903136 -0.003637217322589844
0.8171966420818224 -0.002228724616145072
0.8265864214768883 -0.0008830022436694194
0.8357794774235092 0.0003940083536031296
0.8447702723685334 0.0015967724252629934
0.8535533905932737 0.002720146432866285
0.8621235414757333 0.003759356938868254
0.8704755626774794 0.004709980063583237
0.8786044232532422 0.005567927968151752
0.8865052266813687 0.006329448571356984
0.894173213813303 0.00699114394421881
0.9016037657403225 0.007550011578286933
0.9087924065757916 0.008003511055803783
0.9157348061512727 0.00834965665820047
0.9224267826248536 0.008587134255513346
0.928864305000136 0.008715438563811214
0.9350434955543556 0.008735024691173291
0.9409606321741775 0.008647465966206445
0.9466121505977576 0.008455608498194834
0.9519946465617215 0.008163711877532643
0.9571048778517655 0.007777564984529906
0.9619397662556433 0.007304566095121961
0.9664963994173694 0.006753757375345455
0.9707720325915102 0.006135805422803624
0.9747640902965183 0.0054629216811478976
0.9784701678661044 0.004748719222254238
0.98188803289772 0.004008005425808839
0.985015626597272 0.0032565133265428734
0.9878510650192642 0.002510577667183235
0.9903926402016152 0.0017867648052843157
0.9926388211944706 0.0011014683935839102
0.9945882549823906 0.00047048502058387605
0.9962397672993549 -9.141437984421918e-05
0.9975923633360985 -0.0005709006703973573
0.9986452283393451 -0.0009564734708620844
0.9993977281025862 -0.0012388029881967386
0.9998494093481021 -0.0014110123618645966
1.0 -0.001468888502959584
