1.0 0.0017885440846813283
0.9998494093481021 0.0018730142321684356
0.9993977281025862 0.0021249394503777505
0.9986452283393451 0.0025399205718983275
0.9975923633360985 0.0031108113761638446
0.9962397672993549 0.0038279881224488966
0.9945882549823906 0.004679709270061753
0.9926388211944706 0.005652548859594725
0.9903926402016152 0.006731883808339293
0.9878510650192642 0.007902413159763515
0.985015626597272 0.009148686222819032
0.98188803289772 0.010455616581916625
0.9784701678661044 0.011808960129893157
0.9747640902965183 0.013195737490909352
0.9707720325915102 0.014604584319987278
0.9664963994173694 0.016026016807157234
0.9619397662556433 0.01745260405904815
0.9571048778517655 0.018879043640322807
0.9519946465617215 0.020302141185867994
0.9466121505977576 0.021720699403538542
0.9409606321741775 0.023135325758500466
0.9350434955543556 0.024548171477847543
0.928864305000136 0.025962617093645415
0.9224267826248536 0.027382921457179438
0.9157348061512727 0.028813851961517475
0.9087924065757916 0.030260313609526083
0.9016037657403225 0.03172699361472067
0.894173213813303 0.03321803652019235
0.8865052266813687 0.03473676249869652
0.8786044232532422 0.036285438712551056
0.8704755626774794 0.03786511053776997
0.8621235414757333 0.03947549626934553
0.8535533905932737 0.0411149457937895
0.8447702723685334 0.04278046079524687
0.8357794774235092 0.04446777148349663
0.8265864214768883 0.046171462697594964
0.8171966420818224 0.04788514061677124
0.8076157952903136 0.04960163023560382
0.7978496522462164 0.05131319323581371
0.7879040957089227 0.053011755884728784
0.7777851165098009 0.054689137057896214
0.7674988099435485 0.05633726734825576
0.7570513720966108 0.05794839140154613
0.746449096114892 0.059515247015492115
0.7356983684129987 0.0610312160669696
0.7248056648273034 0.062490443900235886
0.713777546715141 0.0638879253437817
0.7026206570024947 0.06521955695980002
0.691341716182545 0.06648215642001055
0.6799475182674938 0.0676734510114094
0.6684449266961098 0.06879203818696861
0.6568408701994456 0.06983732178399005
0.645142338627231 0.07080942804192383
0.6333563787374491 0.07170910587499742
0.6214900899516319 0.07253761601078527
0.6095506200784349 0.07329661361380665
0.5975451610080642 0.07398802889308373
0.5854809443801506 0.07461394996217391
0.5733652372276805 0.07517651189453348
0.5612053375996082 0.07567779550818603
0.54900857016478 0.07611973893102376
0.5367822817998334 0.07650406444958849
0.5245338371637088 0.0768322225376191
0.512270614261456 0.0771053543050734
0.4999999999999999 0.07732427291548163
0.4877293857385438 0.07748946380487022
0.475466162836291 0.0776011028188924
0.46321771820016633 0.07765909069027688
0.4509914298352198 0.07766310163380599
0.43879466240039156 0.07761264327047152
0.42663476277231926 0.07750712463613087
0.41451905561984914 0.07734592871072479
0.4024548389919357 0.07712848574512188
0.3904493799215649 0.07685434368013495
0.3785099100483679 0.0765232321532814
0.36664362126255073 0.07613511696983814
0.35485766137276875 0.07569024246059369
0.3431591298005543 0.07518915983295807
0.33155507330389 0.07463274040790956
0.320052481732506 0.07402217347738721
0.30865828381745486 0.07335894936427892
0.29737934299750524 0.07264482906697582
0.28622245328485874 0.07188180257098851
0.27519433517269654 0.07107203846522175
0.26430163158700104 0.07021782787313739
0.2535509038851079 0.0693215258744002
0.2429486279033891 0.06838549354038581
0.23250119005645137 0.06741204344262866
0.2222148834901989 0.06640339103821893
0.2120959042910774 0.06536161372632432
0.20215034775378343 0.06428861865370912
0.19238420470968637 0.06318611958153159
0.18280335791817703 0.06205562237263063
0.17341357852311146 0.06089841797967202
0.16422052257649067 0.0597155812666505
0.15522972763146647 0.05850797362639921
0.14644660940672616 0.057276247198392916
0.1378764585242665 0.056020848560938155
0.12952443732252045 0.05474202006796744
0.12139557674675777 0.053439797502267065
0.11349477331863145 0.05211400338532622
0.10582678618669683 0.05076423606498714
0.09839623425967753 0.04938985553002686
0.09120759342420814 0.04798996770333355
0.08426519384872727 0.04656340966892383
0.07757321737514639 0.045108738823802036
0.07113569499986394 0.04362422925499758
0.06495650444564427 0.042107878681776435
0.059039367825822475 0.0405574290490568
0.05338784940224234 0.038970403308498366
0.048005353438278275 0.037344160099619016
0.042895122148234655 0.035675966987996126
0.038060233744356575 0.03396309169444828
0.03350360058263052 0.03220290943735109
0.029227967408489597 0.03039302319986833
0.025235909703481607 0.028531392519248373
0.021529832133895532 0.0266164653684769
0.018111967102280024 0.024647306944395608
0.014984373402728013 0.022623718758389352
0.012148934980735715 0.02054634139265195
0.009607359798384785 0.018416734658899814
0.007361178805529334 0.01623742967225214
0.005411745017609493 0.014011948498524104
0.0037602327006450165 0.011744788490228131
0.0024076366639015356 0.009441370114629904
0.0013547716606548965 0.007107948898374821
0.0006022718974137975 0.0047514939586534724
0.00015059065189787502 0.002379537348018376
0.0 0.0
0.00015059065189787502 -0.0013341040028964856
0.0006022718974137975 -0.0026619548731562676
0.0013547716606548965 -0.003977000691362817
0.0024076366639015356 -0.005273157723021481
0.0037602327006450165 -0.006545015541970442
0.005411745017609493 -0.007788009016060135
0.007361178805529334 -0.0089985490263621
0.009607359798384785 -0.010174106067077568
0.012148934980735715 -0.011313243453932352
0.014984373402728013 -0.012415599602378083
0.018111967102280024 -0.013481821563603131
0.021529832133895532 -0.014513454568211277
0.025235909703481607 -0.015512794577852292
0.029227967408489597 -0.016482712657736764
0.03350360058263052 -0.017426461259215882
0.038060233744356575 -0.01834747317633116
0.042895122148234655 -0.01924916398538363
0.048005353438278275 -0.02013474820242076
0.05338784940224234 -0.02100707824756224
0.059039367825822475 -0.021868513668482
0.06495650444564427 -0.022720826057534504
0.07113569499986394 -0.02356514282833853
0.07757321737514639 -0.024401930641030193
0.08426519384872727 -0.025231016927202383
0.09120759342420814 -0.0260516458063283
0.09839623425967753 -0.026862562831325095
0.10582678618669683 -0.02766212155586326
0.11349477331863145 -0.028448403955891412
0.12139557674675777 -0.02921934630606837
0.12952443732252045 -0.029972862217376564
0.1378764585242665 -0.03070695515991512
0.14644660940672616 -0.03141981386768265
0.15522972763146647 -0.03210988546559597
0.16422052257649067 -0.032775922867289094
0.17341357852311146 -0.0334170048457129
0.18280335791817703 -0.034032529051748486
0.19238420470968637 -0.034622180026090715
0.20215034775378343 -0.03518587580429162
0.2120959042910774 -0.03572369795959734
0.2222148834901989 -0.03623581079220126
0.23250119005645137 -0.03672237581365088
0.2429486279033891 -0.03718346767824547
0.2535509038851079 -0.03761899729627854
0.26430163158700104 -0.038028647072070806
0.27519433517269654 -0.038411822112478025
0.28622245328485874 -0.038767619937580766
0.29737934299750524 -0.039094819795690856
0.30865828381745486 -0.039391891245936055
0.320052481732506 -0.03965702032743035
0.33155507330389 -0.03988815047870015
0.3431591298005543 -0.04008303448283033
0.35485766137276875 -0.040239293149598954
0.36664362126255073 -0.040354476237582405
0.3785099100483679 -0.040426121271872235
0.3904493799215649 -0.040451806404911535
0.4024548389919357 -0.04042919425247072
0.41451905561984914 -0.04035606464626178
0.42663476277231926 -0.040230335395526014
0.43879466240039156 -0.04005007134885252
0.4509914298352198 -0.039813483198474296
0.46321771820016633 -0.03951891848067458
0.475466162836291 -0.03916484801710141
0.4877293857385438 -0.038749851549108795
0.4999999999999999 -0.03827260649872922
0.512270614261456 -0.03773188362832178
0.5245338371637088 -0.03712655287517813
0.5367822817998334 -0.03645560184178099
0.54900857016478 -0.03571816838447197
0.5612053375996082 -0.034913587539496825
0.5733652372276805 -0.03404145174580062
0.5854809443801506 -0.033101682065637315
0.5975451610080642 -0.03209460696414048
0.6095506200784349 -0.031021044277466575
0.6214900899516319 -0.02988238135221021
0.6333563787374491 -0.02868064803321325
0.645142338627231 -0.027418577245448522
0.6568408701994456 -0.02609964836446408
0.6684449266961098 -0.024728109377471153
0.6799475182674938 -0.02330897495558516
0.691341716182545 -0.02184799891547912
0.7026206570024947 -0.02035162105541095
0.713777546715141 -0.018826889903090782
0.7248056648273034 -0.017281364402333826
0.7356983684129987 -0.015722998884983443
0.746449096114892 -0.014160016726846735
0.7570513720966108 -0.012600778790625326
0.7674988099435485 -0.011053653057028764
0.7777851165098009 -0.009526891706691642
0.7879040957089227 -0.008028521339525682
0.7978496522462164 -0.006566251034924674
0.8076157952903136 -0.005147401625487099
0.8171966420818224 -0.0037788579644007694
0.8265864214768883 -0.002467044218884982
0.8357794774235092 -0.0012179204396463319
0.8447702723685334 -3.699696568923005e-05
0.8535533905932737 0.0010706382509078304
0.8621235414757333 0.0021002854615385412
0.8704755626774794 0.0030475988634015364
0.8786044232532422 0.003908559284668224
0.8865052266813687 0.004679460535015396
0.894173213813303 0.005356915320655721
0.9016037657403225 0.005937885304851316
0.9087924065757916 0.006419738150818149
0.9157348061512727 0.0068003323139417884
0.9224267826248536 0.007078128079871706
0.928864305000136 0.007252321017989858
0.9350434955543556 0.0073229917888560266
0.9409606321741775 0.0072912642620732
0.9466121505977576 0.007159462309942353
0.9519946465617215 0.006931254565041297
0.9571048778517655 0.00661177596123713
0.9619397662556433 0.006207715077627368
0.9664963994173694 0.005727357193991697
0.9707720325915102 0.00518057452315536
0.9747640902965183 0.0045787572471961396
0.9784701678661044 0.0039346816488400735
0.98188803289772 0.0032623146613093967
0.985015626597272 0.002576557397874961
0.9878510650192642 0.0018929334880987928
0.9903926402016152 0.0012272311564294652
0.9926388211944706 0.0005951107500814521
0.9945882549823906 1.1691691938974305e-05
0.9962397672993549 -0.000508865539115019
0.9975923633360985 -0.0009537659192201808
0.9986452283393451 -0.0013119583346483353
0.9993977281025862 -0.0015744702004131623
0.9998494093481021 -0.0017346840343511623
1.0 -0.0017885440846813283
