1.0 0.0017204423897421628
0.9998494093481021 0.0018019552382453504
0.9993977281025862 0.002044995752435895
0.9986452283393451 0.002445126567515668
0.9975923633360985 0.002995138539565504
0.9962397672993549 0.003685321363297833
0.9945882549823906 0.004503824767427114
0.9926388211944706 0.005437093726540026
0.9903926402016152 0.006470357908371503
0.9878510650192642 0.007588153368805443
0.985015626597272 0.008774853414394577
0.98188803289772 0.010015185612108523
0.9784701678661044 0.011294713113110692
0.9747640902965183 0.012600260685406062
0.9707720325915102 0.013920268978119177
0.9664963994173694 0.015245064381423252
0.9619397662556433 0.016567036180586463
0.9571048778517655 0.017880717289998963
0.9519946465617215 0.01918276944750836
0.9466121505977576 0.020471878113614558
0.9409606321741775 0.021748566238694037
0.9350434955543556 0.02301493935243504
0.928864305000136 0.024274376953562944
0.9224267826248536 0.02553118684372979
0.9157348061512727 0.026790239817634117
0.9087924065757916 0.028056602003617415
0.9016037657403225 0.029335181204405758
0.894173213813303 0.030630401917069443
0.8865052266813687 0.03194592144850926
0.8786044232532422 0.033284396844916346
0.8704755626774794 0.034647309390207576
0.8621235414757333 0.036034850370636085
0.8535533905932737 0.03744586881330312
0.8447702723685334 0.03887787913048614
0.8357794774235092 0.04032712416033146
0.8265864214768883 0.04178868707881122
0.8171966420818224 0.04325664412695886
0.8076157952903136 0.04472424907771721
0.7978496522462164 0.04618413985386681
0.7879040957089227 0.04762855767084624
0.7777851165098009 0.049049569462102476
0.7674988099435485 0.05043928508001989
0.7570513720966108 0.051790061772921094
0.746449096114892 0.053094689635139525
0.7356983684129987 0.05434655303221854
0.7248056648273034 0.055539764343583736
0.713777546715141 0.05666926767812164
0.7026206570024947 0.057730911454608534
0.691341716182545 0.0587214898634238
0.6799475182674938 0.059638754216460366
0.6684449266961098 0.060481396038518806
0.6568408701994456 0.06124900445517542
0.645142338627231 0.061942000995240575
0.6333563787374491 0.0625615553602735
0.6214900899516319 0.063109486029897
0.6095506200784349 0.06358814977922644
0.5975451610080642 0.06400032429004152
0.5854809443801506 0.06434908804322906
0.5733652372276805 0.06463770158589181
0.5612053375996082 0.06486949406925722
0.54900857016478 0.06504775864917647
0.5367822817998334 0.06517565992679752
0.5245338371637088 0.06525615608352776
0.512270614261456 0.06529193773768234
0.4999999999999999 0.06528538483330097
0.4877293857385438 0.06523854208555466
0.475466162836291 0.06515311268111174
0.46321771820016633 0.06503046910223369
0.4509914298352198 0.06487167915220204
0.43879466240039156 0.06467754455187204
0.42663476277231926 0.06444864889736127
0.41451905561984914 0.06418541135790184
0.4024548389919357 0.06388814228395748
0.3904493799215649 0.0635570969111703
0.3785099100483679 0.06319252359421111
0.36664362126255073 0.06279470347928483
0.35485766137276875 0.06236397920177731
0.3431591298005543 0.06190077103754478
0.33155507330389 0.06140557989009336
0.320052481732506 0.06087897749819913
0.30865828381745486 0.06032158522975394
0.29737934299750524 0.05973404371666602
0.28622245328485874 0.059116976315228324
0.27519433517269654 0.05847094988839313
0.26430163158700104 0.05779643665679899
0.2535509038851079 0.05709378082817874
0.2429486279033891 0.05636317338471896
0.23250119005645137 0.05560463780191339
0.2222148834901989 0.05481802862897023
0.2120959042910774 0.05400304383796191
0.20215034775378343 0.05315925072052507
0.19238420470968637 0.0522861239616374
0.18280335791817703 0.051383093439021206
0.17341357852311146 0.05044959837116544
0.16422052257649067 0.04948514374506423
0.15522972763146647 0.04848935455956411
0.14644660940672616 0.04746202336417092
0.1378764585242665 0.046403146874189886
0.12952443732252045 0.04531294809231366
0.12139557674675777 0.04419188132837045
0.11349477331863145 0.043040618721849236
0.10582678618669683 0.041860018253590925
0.09839623425967753 0.0406510746853677
0.09120759342420814 0.03941485628171326
0.08426519384872727 0.03815243143889182
0.07757321737514639 0.0368647903698199
0.07113569499986394 0.035552767684329266
0.06495650444564427 0.0342169719963106
0.059039367825822475 0.032857728545064295
0.05338784940224234 0.031475040230443174
0.048005353438278275 0.030068571455113356
0.042895122148234655 0.028637657798746823
0.038060233744356575 0.027181342902458237
0.03350360058263052 0.025698442124181528
0.029227967408489597 0.024187630659257855
0.025235909703481607 0.02264755203457399
0.021529832133895532 0.021076941306297836
0.018111967102280024 0.019474756036438248
0.014984373402728013 0.0178403072881265
0.012148934980735715 0.016173382532626533
0.009607359798384785 0.014474352539123518
0.007361178805529334 0.012744255022174706
0.005411745017609493 0.010984849015929991
0.0037602327006450165 0.00919863555906882
0.0024076366639015356 0.0073888422101664195
0.0013547716606548965 0.005559371046817895
0.0006022718974137975 0.0037147119952065434
0.00015059065189787502 0.0018598254461909302
0.0 0.0
0.00015059065189787502 -0.0015582934794699855
0.0006022718974137975 -0.0031123047230828403
0.0013547716606548965 -0.00465742234181423
0.0024076366639015356 -0.006189403558726994
0.0037602327006450165 -0.007704534897707606
0.005411745017609493 -0.009199765814875945
0.007361178805529334 -0.010672808612950942
0.009607359798384785 -0.012122199823077
0.012148934980735715 -0.013547320333925658
0.014984373402728013 -0.014948373773205835
0.018111967102280024 -0.016326324874152684
0.021529832133895532 -0.017682801662057334
0.025235909703481607 -0.019019967154766792
0.029227967408489597 -0.02034036778308925
0.03350360058263052 -0.021646766820391995
0.038060233744356575 -0.022941971709785406
0.042895122148234655 -0.024228664265797017
0.048005353438278275 -0.025509242309556247
0.05338784940224234 -0.02678568040637261
0.059039367825822475 -0.028059416073869622
0.06495650444564427 -0.02933126620264574
0.07113569499986394 -0.030601376582848682
0.07757321737514639 -0.03186920547358348
0.08426519384872727 -0.033133540206504164
0.09120759342420814 -0.03439254399597003
0.09839623425967753 -0.03564382854133359
0.10582678618669683 -0.0368845467413304
0.11349477331863145 -0.0381114989634799
0.12139557674675777 -0.03932124586466737
0.12952443732252045 -0.04051022075673455
0.1378764585242665 -0.04167483493898638
0.14644660940672616 -0.042811570237383606
0.15522972763146647 -0.04391705413363523
0.16422052257649067 -0.04498811425322272
0.17341357852311146 -0.04602181051305677
0.18280335791817703 -0.047015444803639776
0.19238420470968637 -0.04796654959393755
0.20215034775378343 -0.04887285820302192
0.2120959042910774 -0.04973226059722049
0.2222148834901989 -0.05054274937944434
0.23250119005645137 -0.05130236109512406
0.2429486279033891 -0.05200911806793982
0.2535509038851079 -0.0526609757047786
0.26430163158700104 -0.05325577960403491
0.27519433517269654 -0.05379123591729559
0.28622245328485874 -0.05426489732226229
0.29737934299750524 -0.054674165747820906
0.30865828381745486 -0.05501631174052198
0.320052481732506 -0.05528850916580264
0.33155507330389 -0.055487882881501575
0.3431591298005543 -0.05561156617823133
0.35485766137276875 -0.055656764206831605
0.36664362126255073 -0.0556208193427755
0.3785099100483679 -0.055501274483563894
0.3904493799215649 -0.055295930626895515
0.4024548389919357 -0.05500289570135368
0.41451905561984914 -0.05462062246426712
0.42663476277231926 -0.05414793427418481
0.43879466240039156 -0.053584038608249465
0.4509914298352198 -0.052928529243017004
0.46321771820016633 -0.05218137896774653
0.475466162836291 -0.051342925476225
0.4877293857385438 -0.05041385362436306
0.4999999999999999 -0.04939517750152838
0.512270614261456 -0.04828822572062836
0.5245338371637088 -0.04709463298524139
0.5367822817998334 -0.04581634036498012
0.54900857016478 -0.044455605848030835
0.5612053375996082 -0.043015025706557776
0.5733652372276805 -0.04149756608482484
0.5854809443801506 -0.03990660308861295
0.5975451610080642 -0.0382459686073346
0.6095506200784349 -0.036519998222470214
0.6214900899516319 -0.03473357692228447
0.6333563787374491 -0.03289217801154176
0.645142338627231 -0.031001890613431046
0.6568408701994456 -0.029069431522160655
0.6684449266961098 -0.027102137865896825
0.6799475182674938 -0.025107938042571804
0.691341716182545 -0.023095299633833385
0.7026206570024947 -0.021073154403748535
0.713777546715141 -0.019050801953297204
0.7248056648273034 -0.017037795025979918
0.7356983684129987 -0.01504381074025868
0.746449096114892 -0.013078513064246407
0.7570513720966108 -0.011151412564238843
0.7674988099435485 -0.009271729788908245
0.7777851165098009 -0.007448268558196453
0.7879040957089227 -0.005689304901899667
0.7978496522462164 -0.004002496459641024
0.8076157952903136 -0.0023948158630431714
0.8171966420818224 -0.0008725100510847203
0.8265864214768883 0.0005589142782073961
0.8357794774235092 0.001894680685427562
0.8447702723685334 0.0031307118270600593
0.8535533905932737 0.004263582017425901
0.8621235414757333 0.0052904596688435526
0.8704755626774794 0.006209046605823091
0.8786044232532422 0.007017521609777486
0.8865052266813687 0.007714495384589712
0.894173213813303 0.008298983429554608
0.9016037657403225 0.008770402090051045
0.9087924065757916 0.009128591388803583
0.9157348061512727 0.009373866215557369
0.9224267826248536 0.009507095191799172
0.928864305000136 0.009529804171670304
0.9350434955543556 0.009444299044042828
0.9409606321741775 0.009253800419562811
0.9466121505977576 0.008962581067968696
0.9519946465617215 0.008576095744994076
0.9571048778517655 0.008101092417722309
0.9619397662556433 0.007545693931265801
0.9664963994173694 0.0069194398874282866
0.9707720325915102 0.0062332799143815345
0.9747640902965183 0.005499511539285893
0.9784701678661044 0.004731658436693656
0.98188803289772 0.0039442877824968975
0.985015626597272 0.0031527686360139206
0.9878510650192642 0.002372976522548311
0.9903926402016152 0.0016209525081299456
0.9926388211944706 0.0009125278628767644
0.9945882549823906 0.00026292772950644206
0.9962397672993549 -0.00031363109616892805
0.9975923633360985 -0.0008043322165620092
0.9986452283393451 -0.0011981253207365636
0.9993977281025862 -0.0014860500116275655
0.9998494093481021 -0.001661503781133931
1.0 -0.0017204423897421628
