1.0 0.001562727709365023
0.9998494093481021 0.00163572940545356
0.9993977281025862 0.0018533212181607657
0.9986452283393451 0.0022113180438457576
0.9975923633360985 0.002702924544342555
0.9962397672993549 0.003318996020563944
0.9945882549823906 0.004048386361303844
0.9926388211944706 0.004878366889782993
0.9903926402016152 0.005795096803755315
0.9878510650192642 0.006784123779678715
0.985015626597272 0.007830892285925298
0.98188803289772 0.008921237260562813
0.9784701678661044 0.01004184202884231
0.9747640902965183 0.011180641576519592
0.9707720325915102 0.012327155415436648
0.9664963994173694 0.013472738090326054
0.9619397662556433 0.014610739660414079
0.9571048778517655 0.015736573006432813
0.9519946465617215 0.016847689318411536
0.9466121505977576 0.017943467376616878
0.9409606321741775 0.019025026034330785
0.9350434955543556 0.020094972467840384
0.928864305000136 0.021157101140149216
0.9224267826248536 0.02221605994358252
0.9157348061512727 0.02327700060758173
0.9087924065757916 0.02434523019783083
0.9016037657403225 0.02542587945545574
0.894173213813303 0.026523601935834033
0.8865052266813687 0.02764231554387172
0.8786044232532422 0.028784995287581817
0.8704755626774794 0.02995352305744562
0.8621235414757333 0.031148597159334854
0.8535533905932737 0.03236970134830293
0.8447702723685334 0.03361513037556
0.8357794774235092 0.0348820666920687
0.8265864214768883 0.03616670103946748
0.8171966420818224 0.03746438825915086
0.8076157952903136 0.0387698287863608
0.7978496522462164 0.040077265959315385
0.7879040957089227 0.041380689426914245
0.7777851165098009 0.04267403552279695
0.7674988099435485 0.04395137641222864
0.7570513720966108 0.04520709102525003
0.746449096114892 0.04643601217512001
0.7356983684129987 0.04763354573831204
0.7248056648273034 0.04879575926187166
0.713777546715141 0.049919438798005464
0.7026206570024947 0.05100211409050138
0.691341716182545 0.052042053414097046
0.6799475182674938 0.0530382303719735
0.6684449266961098 0.05399026577708052
0.6568408701994456 0.05489834837977649
0.645142338627231 0.055763138665034656
0.6333563787374491 0.05658566023995571
0.6214900899516319 0.05736718348132332
0.6095506200784349 0.05810910612792431
0.5975451610080642 0.05881283539573884
0.5854809443801506 0.059479675975325504
0.5733652372276805 0.06011072794617006
0.5612053375996082 0.06070679821650996
0.54900857016478 0.0612683285723166
0.5367822817998334 0.061795342799700934
0.5245338371637088 0.062287414637815695
0.512270614261456 0.06274365753582317
0.4999999999999999 0.06316273634526856
0.4877293857385438 0.06354290020274615
0.475466162836291 0.06388203497851366
0.46321771820016633 0.06417773282220722
0.4509914298352198 0.06442737556883298
0.43879466240039156 0.06462822812030701
0.42663476277231926 0.06477753743210368
0.41451905561984914 0.06487263244828044
0.4024548389919357 0.06491102027004834
0.3904493799215649 0.0648904740302984
0.3785099100483679 0.06480910838197891
0.36664362126255073 0.06466543917898548
0.35485766137276875 0.06445842480492274
0.3431591298005543 0.06418748764277707
0.33155507330389 0.06385251531874801
0.320052481732506 0.06345384252757874
0.30865828381745486 0.06299221538022903
0.29737934299750524 0.062468741232429154
0.28622245328485874 0.06188482778403974
0.27519433517269654 0.06124211582385534
0.26430163158700104 0.06054241028719985
0.2535509038851079 0.05978761426812541
0.2429486279033891 0.058979670279802617
0.23250119005645137 0.05812051240438712
0.2222148834901989 0.05721203205841471
0.2120959042910774 0.0562560589830941
0.20215034775378343 0.0552543578286882
0.19238420470968637 0.05420863942769522
0.18280335791817703 0.053120584636897505
0.17341357852311146 0.05199187756575827
0.16422052257649067 0.05082424418146627
0.15522972763146647 0.04961949175710003
0.14644660940672616 0.048379544455960356
0.1378764585242665 0.0471064705440708
0.12952443732252045 0.04580249728874404
0.12139557674675777 0.044470010500762096
0.11349477331863145 0.04311153685187045
0.10582678618669683 0.041729708466400006
0.09839623425967753 0.040327210747549226
0.09120759342420814 0.03890671584694656
0.08426519384872727 0.037470805510272515
0.07757321737514639 0.03602188812776797
0.07113569499986394 0.034562115596230576
0.06495650444564427 0.03309330598953397
0.059039367825822475 0.03161687799543606
0.05338784940224234 0.03013380259563363
0.048005353438278275 0.02864457656394025
0.042895122148234655 0.027149221085754207
0.038060233744356575 0.025647307240594382
0.03350360058263052 0.024138008341451824
0.029227967408489597 0.02262017730915027
0.025235909703481607 0.021092445503704104
0.021529832133895532 0.019553337863409844
0.018111967102280024 0.01800139793133479
0.014984373402728013 0.01643531547435952
0.012148934980735715 0.014854048992269234
0.009607359798384785 0.013256935512309255
0.007361178805529334 0.011643780672048468
0.005411745017609493 0.01001492317869489
0.0037602327006450165 0.008371269230722189
0.0024076366639015356 0.0067142943027868485
0.0013547716606548965 0.0050460117092251235
0.0006022718974137975 0.00336890944163753
0.00015059065189787502 0.0016858587830843566
0.0 0.0
0.00015059065189787502 -0.0013542164093882847
0.0006022718974137975 -0.002705752341112571
0.0013547716606548965 -0.0040516001327586225
0.0024076366639015356 -0.005389031412467409
0.0037602327006450165 -0.0067157174583947835
0.005411745017609493 -0.008029827486788764
0.007361178805529334 -0.009330099502504005
0.009607359798384785 -0.010615879899875459
0.012148934980735715 -0.011887129764858142
0.014984373402728013 -0.013144397697688354
0.018111967102280024 -0.014388760839767733
0.021529832133895532 -0.015621737540578046
0.025235909703481607 -0.016845176639086794
0.029227967408489597 -0.018061129571588768
0.03350360058263052 -0.01927171238509851
0.038060233744356575 -0.020478965185770623
0.042895122148234655 -0.021684716564157366
0.048005353438278275 -0.022890460118580293
0.05338784940224234 -0.024097249375496073
0.059039367825822475 -0.025305616236216754
0.06495650444564427 -0.026515516637608424
0.07113569499986394 -0.027726305490748223
0.07757321737514639 -0.028936741255981856
0.08426519384872727 -0.030145018828856854
0.09120759342420814 -0.031348827849522344
0.09839623425967753 -0.032545432199757925
0.10582678618669683 -0.03373176539350948
0.11349477331863145 -0.03490453585608953
0.12139557674675777 -0.03606033575887467
0.12952443732252045 -0.03719574714076079
0.1378764585242665 -0.03830743949042555
0.14644660940672616 -0.03939225374670978
0.15522972763146647 -0.04044726873955677
0.16422052257649067 -0.04146984736568361
0.17341357852311146 -0.042457661184677115
0.18280335791817703 -0.04340869353991628
0.19238420470968637 -0.044321222662376085
0.20215034775378343 -0.04519378741806496
0.2120959042910774 -0.04602513933760217
0.2222148834901989 -0.046814185261866176
0.23250119005645137 -0.047559925313505495
0.2429486279033891 -0.048261390945528296
0.2535509038851079 -0.04891758753327896
0.26430163158700104 -0.049527445395112515
0.27519433517269654 -0.05008978229996815
0.28622245328485874 -0.050603279512832174
0.29737934299750524 -0.051066472319071785
0.30865828381745486 -0.051477754838870696
0.320052481732506 -0.05183539787647071
0.33155507330389 -0.052137577622628856
0.3431591298005543 -0.05238241230832552
0.35485766137276875 -0.05256800344304789
0.36664362126255073 -0.05269247809229777
0.3785099100483679 -0.05275402876522104
0.3904493799215649 -0.05275094788127595
0.4024548389919357 -0.0526816544304454
0.41451905561984914 -0.05254471128189363
0.42663476277231926 -0.0523388325636797
0.43879466240039156 -0.052062881553852206
0.4509914298352198 -0.05171586050943785
0.46321771820016633 -0.05129689473475917
0.475466162836291 -0.050805213882091756
0.4877293857385438 -0.050240133926885255
0.4999999999999999 -0.04960104342517628
0.512270614261456 -0.04888739752184332
0.5245338371637088 -0.04809872273710477
0.5367822817998334 -0.04723463484017032
0.54900857016478 -0.046294871169723584
0.5612053375996082 -0.04527933764589682
0.5733652372276805 -0.044188169516628205
0.5854809443801506 -0.04302180368037801
0.5975451610080642 -0.04178105931711305
0.6095506200784349 -0.0404672226261048
0.6214900899516319 -0.03908213078785321
0.6333563787374491 -0.03762824989757907
0.645142338627231 -0.03610874159763725
0.6568408701994456 -0.03452751348016693
0.6684449266961098 -0.0328892490278225
0.6799475182674938 -0.031199413872432115
0.691341716182545 -0.029464236418202592
0.7026206570024947 -0.027690662317029054
0.713777546715141 -0.02588628380328989
0.7248056648273034 -0.024059246390639184
0.7356983684129987 -0.02221813679898912
0.746449096114892 -0.020371857117597873
0.7570513720966108 -0.01852949103476323
0.7674988099435485 -0.016700168410658033
0.7777851165098009 -0.014892934496808754
0.7879040957089227 -0.013116629701543672
0.7978496522462164 -0.011379784983461011
0.8076157952903136 -0.00969053677231493
0.8171966420818224 -0.008056563843637768
0.8265864214768883 -0.00648504690759036
0.8357794774235092 -0.004982649928292568
0.8447702723685334 -0.0035555204906495977
0.8535533905932737 -0.0022093050017659363
0.8621235414757333 -0.0009491732699133729
0.8704755626774794 0.00022015385386006474
0.8786044232532422 0.0012943804811152183
0.8865052266813687 0.0022696219322503896
0.894173213813303 0.0031424071775480473
0.9016037657403225 0.003909702285280843
0.9087924065757916 0.004568958103229825
0.9157348061512727 0.005118183460394905
0.9224267826248536 0.005556043000624388
0.928864305000136 0.005881976488344887
0.9350434955543556 0.006096334209682834
0.9409606321741775 0.006200521083775082
0.9466121505977576 0.006197140445217617
0.9519946465617215 0.006090127288355291
0.9571048778517655 0.005884860180174804
0.9619397662556433 0.00558824111990987
0.9664963994173694 0.005208733379889608
0.9707720325915102 0.004756348791180853
0.9747640902965183 0.004242577984009835
0.9784701678661044 0.0036802596612156395
0.98188803289772 0.0030833879420019282
0.985015626597272 0.0024668600037192536
0.9878510650192642 0.0018461694929991345
0.9903926402016152 0.0012370542875037352
0.9926388211944706 0.0006551099819130106
0.9945882549823906 0.0001153827767483601
0.9962397672993549 -0.00036804287882908834
0.9975923633360985 -0.0007824456101239598
0.9986452283393451 -0.0011168410102839225
0.9993977281025862 -0.001362312430255743
0.9998494093481021 -0.001512284526995291
1.0 -0.001562727709365023
