1.0 0.0015531816621350233
0.9998494093481021 0.0016274084914907284
0.9993977281025862 0.0018486677856881478
0.9986452283393451 0.0022127515301778155
0.9975923633360985 0.0027128289697715864
0.9962397672993549 0.0033397114769757636
0.9945882549823906 0.0040822057884313465
0.9926388211944706 0.004927539147410892
0.9903926402016152 0.005861836709685733
0.9878510650192642 0.006870629408564756
0.985015626597272 0.007939369431979463
0.98188803289772 0.00905393057624677
0.9784701678661044 0.010201071979125897
0.9747640902965183 0.011368846008903777
0.9707720325915102 0.01254693425122613
0.9664963994173694 0.01372689940057287
0.9619397662556433 0.01490234520484641
0.9571048778517655 0.01606898118649943
0.9519946465617215 0.01722459342454578
0.9466121505977576 0.018368926991304966
0.9409606321741775 0.01950348948201373
0.9350434955543556 0.02063128827566131
0.928864305000136 0.021756516586694075
0.9224267826248536 0.022884204924427116
0.9157348061512727 0.02401985523721066
0.9087924065757916 0.025169074800141137
0.9016037657403225 0.026337225874328414
0.894173213813303 0.027529105429095008
0.8865052266813687 0.02874866691449379
0.8786044232532422 0.029998793360222955
0.8704755626774794 0.03128112812889101
0.8621235414757333 0.03259596663672488
0.8535533905932737 0.03394220943267085
0.8447702723685334 0.03531737433760548
0.8357794774235092 0.03671766300315542
0.8265864214768883 0.03813807533797123
0.8171966420818224 0.03957256381907854
0.8076157952903136 0.04101421877560527
0.7978496522462164 0.04245547529022962
0.7879040957089227 0.04388833237281647
0.7777851165098009 0.045304575463422626
0.7674988099435485 0.046695994046783394
0.7570513720966108 0.04805458712896498
0.746449096114892 0.049372750459503914
0.7356983684129987 0.05064344060412178
0.7248056648273034 0.051860312218046024
0.713777546715141 0.05301782608419466
0.7026206570024947 0.05411132662368528
0.691341716182545 0.055137088631684865
0.6799475182674938 0.05609233392536671
0.6684449266961098 0.056975219408745274
0.6568408701994456 0.05778479876476112
0.645142338627231 0.05852096058553519
0.6333563787374491 0.05918434625542037
0.6214900899516319 0.05977625131466048
0.6095506200784349 0.06029851435654846
0.5975451610080642 0.06075339774541361
0.5854809443801506 0.061143464579008086
0.5733652372276805 0.061471456345307804
0.5612053375996082 0.061740175626595464
0.54900857016478 0.06195237796945847
0.5367822817998334 0.06211067665768013
0.5245338371637088 0.06221746359163113
0.512270614261456 0.06227484879695538
0.4999999999999999 0.06228462027181898
0.4877293857385438 0.06224822496188335
0.475466162836291 0.062166770662839405
0.46321771820016633 0.06204104763905612
0.4509914298352198 0.06187156776828969
0.43879466240039156 0.06165861813498822
0.42663476277231926 0.061402325256667
0.41451905561984914 0.06110272559227502
0.4024548389919357 0.06075983769192623
0.3904493799215649 0.06037373133346059
0.3785099100483679 0.059944589265385
0.36664362126255073 0.05947275773066749
0.35485766137276875 0.05895878275417004
0.3431591298005543 0.0584034301912633
0.33155507330389 0.0578076886923541
0.320052481732506 0.05717275596051819
0.30865828381745486 0.05650000988206259
0.29737934299750524 0.0557909672056729
0.28622245328485874 0.05504723335254664
0.27519433517269654 0.05427044758644914
0.26430163158700104 0.0534622281048741
0.2535509038851079 0.05262412159826012
0.2429486279033891 0.051757561456478945
0.23250119005645137 0.05086383810021964
0.2222148834901989 0.049944083925198134
0.2120959042910774 0.048999274138612034
0.20215034775378343 0.04803024342822685
0.19238420470968637 0.047037717036093586
0.18280335791817703 0.04602235351782896
0.17341357852311146 0.04498479535879906
0.16422052257649067 0.04392572278398359
0.15522972763146647 0.04284590561412151
0.14644660940672616 0.04174624793778795
0.1378764585242665 0.04062782070888038
0.12952443732252045 0.0394918781313019
0.12139557674675777 0.03833985481501591
0.11349477331863145 0.03717334210778344
0.10582678618669683 0.03599404362709916
0.09839623425967753 0.03480371172066453
0.09120759342420814 0.033604068244175576
0.08426519384872727 0.03239671453397271
0.07757321737514639 0.03118303664920918
0.07113569499986394 0.02996411276120754
0.06495650444564427 0.028740629899881746
0.059039367825822475 0.027512817083985487
0.05338784940224234 0.026280401155424907
0.048005353438278275 0.025042590437934244
0.042895122148234655 0.0237980897139804
0.038060233744356575 0.02254514806080632
0.03350360058263052 0.021281638933657317
0.029227967408489597 0.020005169676204963
0.025235909703481607 0.018713215527873837
0.021529832133895532 0.017403271335397753
0.018111967102280024 0.016073012698197685
0.014984373402728013 0.014720457297265663
0.012148934980735715 0.013344116756266466
0.009607359798384785 0.011943129604223347
0.007361178805529334 0.01051736675198838
0.005411745017609493 0.009067502317407767
0.0037602327006450165 0.007595044553789148
0.0024076366639015356 0.006102323934755619
0.0013547716606548965 0.00459243798005491
0.0006022718974137975 0.0030691550079025324
0.00015059065189787502 0.0015367814999397418
0.0 0.0
0.00015059065189787502 -0.0017054939546855652
0.0006022718974137975 -0.0034037445592764396
0.0013547716606548965 -0.005087282581591973
0.0024076366639015356 -0.006749111559715215
0.0037602327006450165 -0.008382916615674186
0.005411745017609493 -0.009983241666802556
0.007361178805529334 -0.011545627153267728
0.009607359798384785 -0.013066702476913663
0.012148934980735715 -0.014544229710110598
0.014984373402728013 -0.015977097649684253
0.018111967102280024 -0.01736526781850071
0.021529832133895532 -0.01870967641493843
0.025235909703481607 -0.020012098346362084
0.029227967408489597 -0.021274981241701765
0.03350360058263052 -0.022501258628615267
0.038060233744356575 -0.023694152219368204
0.042895122148234655 -0.024856973445375685
0.048005353438278275 -0.02599293401559455
0.05338784940224234 -0.02710497438368403
0.059039367825822475 -0.028195617658273987
0.06495650444564427 -0.029266854770713568
0.07113569499986394 -0.030320064736023833
0.07757321737514639 -0.03135597172884346
0.08426519384872727 -0.032374638575277476
0.09120759342420814 -0.03337549425907803
0.09839623425967753 -0.03435739127121642
0.10582678618669683 -0.035318687192890975
0.11349477331863145 -0.03625734386750043
0.12139557674675777 -0.037171036934067134
0.12952443732252045 -0.03805726838050212
0.1378764585242665 -0.03891347511760455
0.14644660940672616 -0.03973712733307547
0.15522972763146647 -0.04052581149336646
0.16422052257649067 -0.04127729423396786
0.17341357852311146 -0.04198956491573274
0.18280335791817703 -0.04266085621873291
0.19238420470968637 -0.043289643688588966
0.20215034775378343 -0.04387462654283304
0.2120959042910774 -0.04441469319974008
0.2222148834901989 -0.04490887584119086
0.23250119005645137 -0.04535629881948281
0.2429486279033891 -0.045756125846032836
0.2535509038851079 -0.04610751066421327
0.26430163158700104 -0.0464095553408304
0.27519433517269654 -0.046661279465023374
0.28622245328485874 -0.04686160249172968
0.29737934299750524 -0.0470093402941038
0.30865828381745486 -0.04710321578659748
0.320052481732506 -0.04714188233889605
0.33155507330389 -0.04712395770502996
0.3431591298005543 -0.047048065413682214
0.35485766137276875 -0.04691288005939849
0.36664362126255073 -0.046717172733270924
0.3785099100483679 -0.04645985294552557
0.3904493799215649 -0.04614000380726197
0.4024548389919357 -0.04575690791772683
0.41451905561984914 -0.045310062290526074
0.42663476277231926 -0.04479918167516262
0.43879466240039156 -0.04422419070714199
0.4509914298352198 -0.04358520636446129
0.46321771820016633 -0.04288251313675852
0.475466162836291 -0.0421165340504426
0.4877293857385438 -0.0412878011776201
0.4999999999999999 -0.04039692944620309
0.512270614261456 -0.03944459744291175
0.5245338371637088 -0.03843153846339216
0.5367822817998334 -0.03735854434150582
0.54900857016478 -0.03622648363215366
0.5612053375996082 -0.0350363345965472
0.5733652372276805 -0.0337892322273076
0.5854809443801506 -0.032486527342920506
0.5975451610080642 -0.03112985466829336
0.6095506200784349 -0.029721205886777236
0.6214900899516319 -0.028263002973917036
0.6333563787374491 -0.02675816676210021
0.645142338627231 -0.025210175674240668
0.6568408701994456 -0.02362310991495905
0.6684449266961098 -0.022001677104622783
0.6799475182674938 -0.020351216344734975
0.691341716182545 -0.018677678948931527
0.7026206570024947 -0.016987585479515514
0.713777546715141 -0.015287960198621567
0.7248056648273034 -0.013586245472306187
0.7356983684129987 -0.011890199951813266
0.746449096114892 -0.010207785403291977
0.7570513720966108 -0.008547047784245813
0.7674988099435485 -0.006915998511659971
0.7777851165098009 -0.005322501798384888
0.7879040957089227 -0.003774173445014372
0.7978496522462164 -0.0022782955882520014
0.8076157952903136 -0.000841750676808346
0.8171966420818224 0.0005290235483410334
0.8265864214768883 0.0018280579501380732
0.8357794774235092 0.0030498563540456193
0.8447702723685334 0.004189383584609085
0.8535533905932737 0.005242041827237933
0.8621235414757333 0.006203641083736201
0.8704755626774794 0.00707037020591512
0.8786044232532422 0.007838775231756455
0.8865052266813687 0.008505751473296828
0.894173213813303 0.00906855500909791
0.9016037657403225 0.009524837947036922
0.9087924065757916 0.009872710110320971
0.9157348061512727 0.010110827758014055
0.9224267826248536 0.010238507704283594
0.928864305000136 0.010255862890492323
0.9350434955543556 0.010163953244025945
0.9409606321741775 0.009964943680932788
0.9466121505977576 0.009662259520358969
0.9519946465617215 0.009260728502770611
0.9571048778517655 0.008766698138826697
0.9619397662556433 0.00818811732451098
0.9664963994173694 0.007534572063905015
0.9707720325915102 0.006817266724416427
0.9747640902965183 0.006048944448403803
0.9784701678661044 0.005243743058074204
0.98188803289772 0.004416985880628459
0.985015626597272 0.003584910224027618
0.9878510650192642 0.0027643395686606565
0.9903926402016152 0.001972308717559458
0.9926388211944706 0.0012256539825623285
0.9945882549823906 0.0005405828061140038
0.9962397672993549 -6.776111598424408e-05
0.9975923633360985 -0.0005857202460971957
0.9986452283393451 -0.0010015161202047984
0.9993977281025862 -0.0013055965266750892
0.9998494093481021 -0.0014909223260151773
1.0 -0.0015531816621350233
