1.0 0.0017081079797965774
0.9998494093481021 0.0017904105599954535
0.9993977281025862 0.002035830787034456
0.9986452283393451 0.0024399615136689885
0.9975923633360985 0.002995639572883103
0.9962397672993549 0.0036932100472816913
0.9945882549823906 0.004520879024890698
0.9926388211944706 0.005465138700747352
0.9903926402016152 0.006511245546438339
0.9878510650192642 0.0076437301213303985
0.985015626597272 0.008846916038342463
0.98188803289772 0.010105425661776864
0.9784701678661044 0.011404651280939067
0.9747640902965183 0.01273117268742956
0.9707720325915102 0.014073105148737431
0.9664963994173694 0.015420365534024401
0.9619397662556433 0.016764848594381834
0.9571048778517655 0.018100509893839288
0.9519946465617215 0.0194233563873613
0.9466121505977576 0.020731349914166503
0.9409606321741775 0.022024232706094198
0.9350434955543556 0.023303287220877673
0.928864305000136 0.024571045059973914
0.9224267826248536 0.025830961328583573
0.9157348061512727 0.027087071501055267
0.9087924065757916 0.028343647678155275
0.9016037657403225 0.02960487012154852
0.894173213813303 0.030874528225024258
0.8865052266813687 0.03215576276509734
0.8786044232532422 0.033450858523419225
0.8704755626774794 0.03476109336131639
0.8621235414757333 0.03608664672697304
0.8535533905932737 0.037426567555016076
0.8447702723685334 0.0387787987266824
0.8357794774235092 0.04014025282231962
0.8265864214768883 0.04150693191306072
0.8171966420818224 0.042874082668618876
0.8076157952903136 0.04423637713299821
0.7978496522462164 0.04558810913670771
0.7879040957089227 0.04692339644069179
0.7777851165098009 0.048236379287021874
0.7674988099435485 0.04952140698913841
0.7570513720966108 0.050773205442712646
0.746449096114892 0.05198701988407651
0.7356983684129987 0.05315872877448826
0.7248056648273034 0.054284926259278804
0.713777546715141 0.05536297216578198
0.7026206570024947 0.056391009901176764
0.691341716182545 0.057367953844622684
0.6799475182674938 0.05829344886673783
0.6684449266961098 0.05916780543780566
0.6568408701994456 0.05999191440138998
0.645142338627231 0.060767145900041265
0.6333563787374491 0.06149523715983039
0.6214900899516319 0.06217817389045404
0.6095506200784349 0.06281806995937793
0.5975451610080642 0.06341704977326189
0.5854809443801506 0.0639771374670619
0.5733652372276805 0.06450015657716214
0.5612053375996082 0.0649876433730876
0.54900857016478 0.06544077645376355
0.5367822817998334 0.06586032458852208
0.5245338371637088 0.06624661410972317
0.512270614261456 0.06659951645403935
0.4999999999999999 0.06691845571706595
0.4877293857385438 0.06720243534862957
0.475466162836291 0.06745008239585436
0.46321771820016633 0.06765970702355348
0.4509914298352198 0.06782937443574287
0.43879466240039156 0.06795698581840537
0.42663476277231926 0.06804036455182826
0.41451905561984914 0.06807734372755715
0.4024548389919357 0.06806585097122068
0.3904493799215649 0.06800398673098604
0.3785099100483679 0.06789009254475036
0.36664362126255073 0.06772280633820348
0.35485766137276875 0.06750110250912993
0.3431591298005543 0.06722431538728023
0.33155507330389 0.06689214557971421
0.320052481732506 0.06650464966626754
0.30865828381745486 0.06606221464113146
0.29737934299750524 0.06556551934554217
0.28622245328485874 0.06501548584716924
0.27519433517269654 0.0644132242449639
0.26430163158700104 0.06375997467594949
0.2535509038851079 0.06305705034898959
0.2429486279033891 0.06230578522288731
0.23250119005645137 0.06150748949306958
0.2222148834901989 0.060663415381196246
0.2120959042910774 0.059774734880225326
0.20215034775378343 0.05884253015225981
0.19238420470968637 0.057867796276070416
0.18280335791817703 0.0568514550685998
0.17341357852311146 0.05579437783267858
0.16422052257649067 0.054697414178445126
0.15522972763146647 0.05356142358432665
0.14644660940672616 0.052387306145179204
0.1378764585242665 0.05117602902156816
0.12952443732252045 0.04992864545540513
0.12139557674675777 0.04864630383181167
0.11349477331863145 0.04733024510315802
0.10582678618669683 0.045981787888829735
0.09839623425967753 0.04460230164969906
0.09120759342420814 0.043193169427217896
0.08426519384872727 0.04175574264865771
0.07757321737514639 0.040291291351213794
0.07113569499986394 0.038800953797387454
0.06495650444564427 0.03728568978677892
0.059039367825822475 0.03574624197981723
0.05338784940224234 0.03418310922496898
0.048005353438278275 0.03259653523527526
0.042895122148234655 0.030986515029711358
0.038060233744356575 0.02935282039905678
0.03350360058263052 0.027695044352200986
0.029227967408489597 0.02601266313753452
0.025235909703481607 0.02430511311229784
0.021529832133895532 0.022571878547071492
0.018111967102280024 0.02081258549207985
0.014984373402728013 0.01902709617160696
0.012148934980735715 0.017215598067694893
0.009607359798384785 0.015378681935353758
0.007361178805529334 0.013517403462876455
0.005411745017609493 0.01163332412914569
0.0037602327006450165 0.00972852796540874
0.0024076366639015356 0.007805612329247081
0.0013547716606548965 0.0058676523525972475
0.0006022718974137975 0.003918140331059841
0.00015059065189787502 0.0019609028710384064
0.0 0.0
0.00015059065189787502 -0.0018303008945391456
0.0006022718974137975 -0.0036534504624686163
0.0013547716606548965 -0.005462021389090189
0.0024076366639015356 -0.007249052746554592
0.0037602327006450165 -0.009008256788832455
0.005411745017609493 -0.010734195432167994
0.007361178805529334 -0.012422418804963763
0.009607359798384785 -0.014069560202193274
0.012148934980735715 -0.01567338400349714
0.014984373402728013 -0.01723278548684677
0.018111967102280024 -0.01874774385948921
0.021529832133895532 -0.020219232103629553
0.025235909703481607 -0.021649089272790977
0.029227967408489597 -0.02303986256802123
0.03350360058263052 -0.024394627784376323
0.038060233744356575 -0.025716797486865454
0.042895122148234655 -0.027009926520081946
0.048005353438278275 -0.02827752417667022
0.05338784940224234 -0.029522881576508512
0.059039367825822475 -0.030748921599014455
0.06495650444564427 -0.03195807714741079
0.07113569499986394 -0.033152201706999854
0.07757321737514639 -0.034332514202709496
0.08426519384872727 -0.03549957818287895
0.09120759342420814 -0.03665331347291259
0.09839623425967753 -0.03779303676143188
0.10582678618669683 -0.03891752619483792
0.11349477331863145 -0.040025104034952144
0.12139557674675777 -0.041113730825167484
0.12952443732252045 -0.04218110433289181
0.1378764585242665 -0.043224756782079404
0.14644660940672616 -0.044242144525096
0.15522972763146647 -0.045230725270362516
0.16422052257649067 -0.046188019204350485
0.17341357852311146 -0.047111651733016506
0.18280335791817703 -0.04799937702066287
0.19238420470968637 -0.04884908292461623
0.20215034775378343 -0.049658779218787946
0.2120959042910774 -0.050426572086558326
0.2222148834901989 -0.05115062867876082
0.23250119005645137 -0.05182913603179404
0.2429486279033891 -0.05246025880322755
0.2535509038851079 -0.05304210011085582
0.26430163158700104 -0.05357266928240446
0.27519433517269654 -0.05404985958425857
0.28622245328485874 -0.054471438062989264
0.29737934299750524 -0.05483504857962901
0.30865828381745486 -0.055138228026619586
0.320052481732506 -0.05537843467464035
0.33155507330389 -0.05555308667908401
0.3431591298005543 -0.05565960805067821
0.35485766137276875 -0.05569547891275231
0.36664362126255073 -0.05565828666071317
0.3785099100483679 -0.055545774717766255
0.3904493799215649 -0.05535588593314335
0.4024548389919357 -0.05508679826244456
0.41451905561984914 -0.05473695115310274
0.42663476277231926 -0.054305061965825165
0.43879466240039156 -0.053790132719948716
0.4509914298352198 -0.05319144837779655
0.46321771820016633 -0.05250856870320742
0.475466162836291 -0.051741316373127524
0.4877293857385438 -0.050889764432388525
0.4999999999999999 -0.04995422632193803
0.512270614261456 -0.04893525156191525
0.5245338371637088 -0.04783362973742893
0.5367822817998334 -0.04665040474338097
0.54900857016478 -0.045386900342559655
0.5612053375996082 -0.04404475704339489
0.5733652372276805 -0.04262597918813533
0.5854809443801506 -0.041132990044160114
0.5975451610080642 -0.03956869169734309
0.6095506200784349 -0.03793652573837492
0.6214900899516319 -0.03624053018097446
0.6333563787374491 -0.03448538780843408
0.645142338627231 -0.032676461244253316
0.6568408701994456 -0.03081981049189344
0.6684449266961098 -0.028922189470696254
0.6799475182674938 -0.02699101914761657
0.691341716182545 -0.02503433616289032
0.7026206570024947 -0.02306071728876308
0.713777546715141 -0.021079181547416923
0.7248056648273034 -0.019099073244062466
0.7356983684129987 -0.017129930441063427
0.746449096114892 -0.01518134441401348
0.7570513720966108 -0.013262816310689922
0.7674988099435485 -0.011383617519480681
0.7777851165098009 -0.00955266011164455
0.7879040957089227 -0.007778383146936775
0.7978496522462164 -0.006068659650182066
0.8076157952903136 -0.004430727732098255
0.8171966420818224 -0.00287114772234227
0.8265864214768883 -0.001395785409303204
0.8357794774235092 -9.8196578599552e-06
0.8447702723685334 0.0012822290710199499
0.8535533905932737 0.002476454321219164
0.8621235414757333 0.0035695096147867946
0.8704755626774794 0.004558551863951412
0.8786044232532422 0.005441189614292273
0.8865052266813687 0.006215443306578369
0.894173213813303 0.00687972400048157
0.9016037657403225 0.007432835747664436
0.9087924065757916 0.007874005098112041
0.9157348061512727 0.008202939167990461
0.9224267826248536 0.008419911412922115
0.928864305000136 0.008525871880504547
0.9350434955543556 0.008522576414505082
0.9409606321741775 0.008412727206309395
0.9466121505977576 0.008200115384192819
0.9519946465617215 0.007889755126800482
0.9571048778517655 0.007487998185675302
0.9619397662556433 0.007002617770089868
0.9664963994173694 0.0064428515133861984
0.9707720325915102 0.005819394688453203
0.9747640902965183 0.005144336912967344
0.9784701678661044 0.004431038184335002
0.98188803289772 0.003693943076360943
0.985015626597272 0.002948335153124985
0.9878510650192642 0.002210036930370914
0.9903926402016152 0.0014950638529289647
0.9926388211944706 0.0008192435736345679
0.9945882549823906 0.0001978141447763265
0.9962397672993549 -0.00035498357768963605
0.9975923633360985 -0.0008263030748657425
0.9986452283393451 -0.0012050624827796429
0.9993977281025862 -0.0014822724340124356
0.9998494093481021 -0.0016513072994302747
1.0 -0.0017081079797965774
