1.0 0.001652585421634638
0.9998494093481021 0.0017352480963214443
0.9993977281025862 0.0019818265935846826
0.9986452283393451 0.002388146000064962
0.9975923633360985 0.002947424485970193
0.9962397672993549 0.0036505291195635
0.9945882549823906 0.004486317034156373
0.9926388211944706 0.005442046054884789
0.9903926402016152 0.006503835824872507
0.9878510650192642 0.007657158388884042
0.985015626597272 0.008887336193766833
0.98188803289772 0.010180025584139222
0.9784701678661044 0.011521665081649896
0.9747640902965183 0.012899869949688175
0.9707720325915102 0.014303757621996843
0.9664963994173694 0.015724192328292946
0.9619397662556433 0.017153941465307423
0.9571048778517655 0.018587740701155875
0.9519946465617215 0.020022269223473214
0.9466121505977576 0.02145604071547139
0.9409606321741775 0.022889219359771475
0.9350434955543556 0.024323373252081153
0.928864305000136 0.02576117992285197
0.9224267826248536 0.027206100130838944
0.9157348061512727 0.028662036675218994
0.9087924065757916 0.030132994690552823
0.9016037657403225 0.03162275880644879
0.894173213813303 0.03313460077708649
0.8865052266813687 0.034671028852732426
0.8786044232532422 0.03623358743610375
0.8704755626774794 0.03782271261218003
0.8621235414757333 0.039437646132471096
0.8535533905932737 0.04107640753550062
0.8447702723685334 0.042735821437251534
0.8357794774235092 0.044411594745454246
0.8265864214768883 0.0460984367259515
0.8171966420818224 0.04779021353056991
0.8076157952903136 0.049480128002979636
0.7978496522462164 0.05116091529932823
0.7879040957089227 0.05282504505370401
0.7777851165098009 0.05446492142215447
0.7674988099435485 0.056073073274538816
0.7570513720966108 0.05764232798334558
0.746449096114892 0.059165963592707024
0.7356983684129987 0.060637835552895945
0.7248056648273034 0.062052475598108725
0.713777546715141 0.06340516166353642
0.7026206570024947 0.06469195893189324
0.691341716182545 0.06590973313599233
0.6799475182674938 0.06705613810440517
0.6684449266961098 0.06812958021728108
0.6568408701994456 0.06912916294579728
0.645142338627231 0.07005461499619156
0.6333563787374491 0.07090620578726077
0.6214900899516319 0.07168465207928576
0.6095506200784349 0.07239101956185796
0.5975451610080642 0.07302662311382879
0.5854809443801506 0.07359292928168959
0.5733652372276805 0.07409146428926047
0.5612053375996082 0.07452373059342511
0.54900857016478 0.07489113463661756
0.5367822817998334 0.07519492801460963
0.5245338371637088 0.07543616377676038
0.512270614261456 0.07561566900747879
0.4999999999999999 0.07573403420963777
0.4877293857385438 0.0757916193370131
0.475466162836291 0.07578857562458072
0.46321771820016633 0.07572488167060093
0.4509914298352198 0.07560039156639536
0.43879466240039156 0.07541489228573044
0.42663476277231926 0.07516816707379473
0.41451905561984914 0.07486006125162828
0.4024548389919357 0.07449054670560609
0.3904493799215649 0.07405978138442953
0.3785099100483679 0.07356816038767289
0.36664362126255073 0.07301635569635435
0.35485766137276875 0.07240534224880456
0.3431591298005543 0.07173640887150427
0.33155507330389 0.07101115348882918
0.320052481732506 0.07023146300169236
0.30865828381745486 0.06939947918007841
0.29737934299750524 0.06851755279320419
0.28622245328485874 0.06758818894077805
0.27519433517269654 0.06661398709418559
0.26430163158700104 0.06559757966398193
0.2535509038851079 0.06454157295222651
0.2429486279033891 0.06344849411596379
0.23250119005645137 0.062320747272642675
0.2222148834901989 0.06116058115060026
0.2120959042910774 0.05997006977745717
0.20215034775378343 0.058751106671196804
0.19238420470968637 0.05750541192851622
0.18280335791817703 0.05623455057382317
0.17341357852311146 0.05493995962046024
0.16422052257649067 0.05362298057697844
0.15522972763146647 0.052284893666405464
0.14644660940672616 0.050926949858531585
0.1378764585242665 0.04955039696561147
0.12952443732252045 0.048156496517920595
0.12139557674675777 0.04674652889013116
0.11349477331863145 0.045321785142110015
0.10582678618669683 0.04388354519809796
0.09839623425967753 0.04243304323066315
0.09120759342420814 0.040971422345550346
0.08426519384872727 0.039499681783608784
0.07757321737514639 0.038018620774548394
0.07113569499986394 0.036528783814768484
0.06495650444564427 0.03503041243701348
0.059039367825822475 0.03352340845597637
0.05338784940224234 0.03200731320131832
0.048005353438278275 0.03048130640677867
0.042895122148234655 0.028944227258171227
0.038060233744356575 0.027394618686585374
0.03350360058263052 0.025830794419297063
0.029227967408489597 0.02425092667743038
0.025235909703481607 0.02265315085089493
0.021529832133895532 0.021035682100869302
0.018111967102280024 0.019396937741862366
0.014984373402728013 0.0177356585256555
0.012148934980735715 0.016051021650826988
0.009607359798384785 0.014342738487867025
0.007361178805529334 0.012611130643075225
0.005411745017609493 0.010857179053972476
0.0037602327006450165 0.009082542253434193
0.0024076366639015356 0.007289541670772619
0.0013547716606548965 0.00548111374600439
0.0006022718974137975 0.003660730595292622
0.00015059065189787502 0.0018322928525844413
0.0 0.0
0.00015059065189787502 -0.001881331060982255
0.0006022718974137975 -0.003754139812001146
0.0013547716606548965 -0.005609669910369266
0.0024076366639015356 -0.0074396810247539386
0.0037602327006450165 -0.009236678398939178
0.005411745017609493 -0.010994109764984305
0.007361178805529334 -0.012706521387261027
0.009607359798384785 -0.01436966710727487
0.012148934980735715 -0.01598056663870453
0.014984373402728013 -0.01753751189934848
0.018111967102280024 -0.019040022720589238
0.021529832133895532 -0.020488755705154797
0.025235909703481607 -0.021885372178836647
0.029227967408489597 -0.0232323729864524
0.03350360058263052 -0.024532909224873462
0.038060233744356575 -0.025790578822826576
0.042895122148234655 -0.02700921913650009
0.048005353438278275 -0.028192705432884935
0.05338784940224234 -0.029344764312830042
0.059039367825822475 -0.03046880984642554
0.06495650444564427 -0.03156780854345122
0.07113569499986394 -0.03264417736975285
0.07757321737514639 -0.03369971696765646
0.08426519384872727 -0.03473558017096757
0.09120759342420814 -0.035752273945901476
0.09839623425967753 -0.036749691151203766
0.10582678618669683 -0.03772716708932791
0.11349477331863145 -0.0386835547887054
0.12139557674675777 -0.03961731236103171
0.12952443732252045 -0.04052659563427663
0.1378764585242665 -0.04140934955970585
0.14644660940672616 -0.04226339258967813
0.15522972763146647 -0.04308648925799786
0.16422052257649067 -0.04387640748213815
0.17341357852311146 -0.04463095854902491
0.18280335791817703 -0.04534801923873474
0.19238420470968637 -0.0460255369790894
0.20215034775378343 -0.04666152021158017
0.2120959042910774 -0.04725401720171626
0.2222148834901989 -0.047801087280003665
0.23250119005645137 -0.048300768911374095
0.2429486279033891 -0.04875104904423562
0.2535509038851079 -0.049149837894389134
0.26430163158700104 -0.04949495270745428
0.27519433517269654 -0.04978411317153573
0.28622245328485874 -0.05001495009245752
0.29737934299750524 -0.050185027781841404
0.30865828381745486 -0.05029187943423192
0.320052481732506 -0.0503330536732476
0.33155507330389 -0.05030616951103662
0.3431591298005543 -0.0502089762597586
0.35485766137276875 -0.05003941451006265
0.36664362126255073 -0.049795674179713485
0.3785099100483679 -0.04947624584217836
0.3904493799215649 -0.04907996205275607
0.4024548389919357 -0.04860602615877681
0.41451905561984914 -0.04805402705101706
0.42663476277231926 -0.047423939411046445
0.43879466240039156 -0.04671611014931684
0.4509914298352198 -0.045931232823419973
0.46321771820016633 -0.045070312790000046
0.475466162836291 -0.04413462660138277
0.4877293857385438 -0.04312567964797192
0.4999999999999999 -0.04204516622816069
0.512270614261456 -0.04089493607986807
0.5245338371637088 -0.039676970937066194
0.5367822817998334 -0.038393373910224037
0.54900857016478 -0.037046373483193916
0.5612053375996082 -0.035638342741290546
0.5733652372276805 -0.0341718331807234
0.5854809443801506 -0.0326496211907249
0.5975451610080642 -0.031074764140694877
0.6095506200784349 -0.02945066203408052
0.6214900899516319 -0.027781119985296945
0.6333563787374491 -0.026070406394825187
0.645142338627231 -0.024323301677519168
0.6568408701994456 -0.02254513275154467
0.6684449266961098 -0.020741789204990722
0.6799475182674938 -0.018919718082599492
0.691341716182545 -0.017085895511051004
0.7026206570024947 -0.015247774822995516
0.713777546715141 -0.013413212348728781
0.7248056648273034 -0.01159037351397232
0.7356983684129987 -0.009787623206660743
0.746449096114892 -0.00801340545664764
0.7570513720966108 -0.006276118226297296
0.7674988099435485 -0.004583989474647273
0.7777851165098009 -0.002944960596874713
0.7879040957089227 -0.0013665828471592803
0.7978496522462164 0.00014406854970912914
0.8076157952903136 0.001580459151132232
0.8171966420818224 0.002936637001105253
0.8265864214768883 0.004207251080766291
0.8357794774235092 0.005387548062549186
0.8447702723685334 0.006473350618354776
0.8535533905932737 0.0074610220303046705
0.8621235414757333 0.008347423040518664
0.8704755626774794 0.009129867656068021
0.8786044232532422 0.009806084923801315
0.8865052266813687 0.010374193464780567
0.894173213813303 0.010832694801804571
0.9016037657403225 0.011180490254336713
0.9087924065757916 0.011416924476966553
0.9157348061512727 0.01154185667655326
0.9224267826248536 0.011555758282654984
0.928864305000136 0.011459833508705738
0.9350434955543556 0.011256156981550181
0.9409606321741775 0.010947820589489432
0.9466121505977576 0.010539080050156994
0.9519946465617215 0.010035490556942247
0.9571048778517655 0.009444020326496183
0.9619397662556433 0.008773131005603401
0.9664963994173694 0.008032814729018522
0.9707720325915102 0.007234579133723157
0.9747640902965183 0.006391373769629694
0.9784701678661044 0.0055174540020016295
0.98188803289772 0.004628181541641856
0.985015626597272 0.003739764002498397
0.9878510650192642 0.0028689391917232888
0.9903926402016152 0.0020326129957392142
0.9926388211944706 0.0012474625524975737
0.9945882549823906 0.0005295187247312105
0.9962397672993549 -0.00010625643310150897
0.9975923633360985 -0.0006463806005560342
0.9986452283393451 -0.0010792338006664194
0.9993977281025862 -0.0013953967368718783
0.9998494093481021 -0.0015879304761476666
1.0 -0.001652585421634638
