1.0 0.0016071691396469091
0.9998494093481021 0.001687452794728602
0.9993977281025862 0.0019268363574140518
0.9986452283393451 0.002320973705793111
0.9975923633360985 0.002862805634283411
0.9962397672993549 0.003542827312157862
0.9945882549823906 0.004349445137901671
0.9926388211944706 0.00526940651213292
0.9903926402016152 0.006288282858087972
0.9878510650192642 0.007390984039216018
0.985015626597272 0.008562281258295433
0.98188803289772 0.009787315609061433
0.9784701678661044 0.011052070663033207
0.9747640902965183 0.012343789723234664
0.9707720325915102 0.013651321519997463
0.9664963994173694 0.01496538197371219
0.9619397662556433 0.016278723983436418
0.9571048778517655 0.01758621177705961
0.9519946465617215 0.018884800931411
0.9466121505977576 0.020173429501551328
0.9409606321741775 0.02145282957238257
0.9350434955543556 0.022725271781587994
0.928864305000136 0.023994257822958033
0.9224267826248536 0.025264177534769637
0.9157348061512727 0.026539947872584384
0.9087924065757916 0.027826650874716537
0.9016037657403225 0.02912918671477921
0.894173213813303 0.030451956203823856
0.8865052266813687 0.031798584792310874
0.8786044232532422 0.03317169739000859
0.8704755626774794 0.034572750342276234
0.8621235414757333 0.03600192384730567
0.8535533905932737 0.0374580751345014
0.8447702723685334 0.038938749994526414
0.8357794774235092 0.040440247876148014
0.8265864214768883 0.04195773383271309
0.8171966420818224 0.04348538916735227
0.8076157952903136 0.04501659171278648
0.7978496522462164 0.04654411627922448
0.7879040957089227 0.048060345874946016
0.7777851165098009 0.0495574847891045
0.7674988099435485 0.05102776544939922
0.7570513720966108 0.052463642043740405
0.746449096114892 0.053857965137454944
0.7356983684129987 0.05520413284211738
0.7248056648273034 0.05649621542345601
0.713777546715141 0.057729051511081965
0.7026206570024947 0.058898315243789495
0.691341716182545 0.060000554718165615
0.6799475182674938 0.06103320298745339
0.6684449266961098 0.06199456357744666
0.6568408701994456 0.06288377305261462
0.645142338627231 0.06370074359194222
0.6333563787374491 0.06444608883739186
0.6214900899516319 0.06512103647645988
0.6095506200784349 0.06572733113011632
0.5975451610080642 0.06626713115068243
0.5854809443801506 0.0667429028981675
0.5733652372276805 0.06715731596041866
0.5612053375996082 0.06751314260999156
0.54900857016478 0.06781316454399287
0.5367822817998334 0.06806008962661186
0.5245338371637088 0.06825648094357324
0.512270614261456 0.0684046999830953
0.4999999999999999 0.06850686518474067
0.4877293857385438 0.06856482645860454
0.475466162836291 0.06858015559316628
0.46321771820016633 0.06855415176885843
0.4509914298352198 0.06848786071019193
0.43879466240039156 0.06838210538041793
0.42663476277231926 0.06823752558876159
0.41451905561984914 0.06805462347880357
0.4024548389919357 0.06783381162972507
0.3904493799215649 0.06757546045329466
0.3785099100483679 0.06727994172057497
0.36664362126255073 0.06694766540179524
0.35485766137276875 0.06657910753462018
0.3431591298005543 0.06617482751983435
0.33155507330389 0.06573547403608285
0.320052481732506 0.06526177961337092
0.30865828381745486 0.06475454474852743
0.29737934299750524 0.06421461322256324
0.28622245328485874 0.06364284093021005
0.27519433517269654 0.06304006100378248
0.26430163158700104 0.06240704826671007
0.2535509038851079 0.061744486062210314
0.2429486279033891 0.06105293826352641
0.23250119005645137 0.06033282879747449
0.2222148834901989 0.05958443033562146
0.2120959042910774 0.058807862977633865
0.20215034775378343 0.05800310283375998
0.19238420470968637 0.057169999482138766
0.18280335791817703 0.056308300409746485
0.17341357852311146 0.05541767981922069
0.16422052257649067 0.054497768665137954
0.15522972763146647 0.05354818252601434
0.14644660940672616 0.05256854395683388
0.1378764585242665 0.051558496313193786
0.12952443732252045 0.05051770667963594
0.12139557674675777 0.04944585643434064
0.11349477331863145 0.04834261908036384
0.10582678618669683 0.04720762619135899
0.09839623425967753 0.04604042356500746
0.09120759342420814 0.04484042085096472
0.08426519384872727 0.043606838923215215
0.07757321737514639 0.042338660008548905
0.07113569499986394 0.04103458598801455
0.06495650444564427 0.03969301030301096
0.059039367825822475 0.038312008495208306
0.05338784940224234 0.03688935159269336
0.048005353438278275 0.035422545357423826
0.042895122148234655 0.033908896894703576
0.038060233744356575 0.03234560838351283
0.03350360058263052 0.030729895827295666
0.029227967408489597 0.029059128871724557
0.025235909703481607 0.02733098601748564
0.021529832133895532 0.02554361809665016
0.018111967102280024 0.023695811792077557
0.014984373402728013 0.021787144350606098
0.012148934980735715 0.01981812053435675
0.009607359798384785 0.01779028329880937
0.007361178805529334 0.015706290673722045
0.005411745017609493 0.013569952809268024
0.0037602327006450165 0.01138622505643565
0.0024076366639015356 0.009161155169636543
0.0013547716606548965 0.006901785119576828
0.0006022718974137975 0.004616010440413543
0.00015059065189787502 0.0023124023569252323
0.0 0.0
0.00015059065189787502 -0.0013401790142949248
0.0006022718974137975 -0.0026757695081538833
0.0013547716606548965 -0.0040019171007200215
0.0024076366639015356 -0.005314192747391482
0.0037602327006450165 -0.006608777846957949
0.005411745017609493 -0.007882617816732003
0.007361178805529334 -0.009133536377420396
0.009607359798384785 -0.01036030493971336
0.012148934980735715 -0.01156266392622795
0.014984373402728013 -0.012741295453903425
0.018111967102280024 -0.013897749393903964
0.021529832133895532 -0.015034327270564033
0.025235909703481607 -0.0161539306201561
0.029227967408489597 -0.01725988218496476
0.03350360058263052 -0.01835572957443212
0.038060233744356575 -0.01944504171995532
0.042895122148234655 -0.020531208554466187
0.048005353438278275 -0.021617253868948767
0.05338784940224234 -0.022705670276890133
0.059039367825822475 -0.023798283727197816
0.06495650444564427 -0.02489615314578416
0.07113569499986394 -0.025999508675234737
0.07757321737514639 -0.027107729752424217
0.08426519384872727 -0.028219362051186282
0.09120759342420814 -0.02933217025215332
0.09839623425967753 -0.030443221802970186
0.10582678618669683 -0.03154899539779007
0.11349477331863145 -0.03264550690830443
0.12139557674675777 -0.03372844498304838
0.12952443732252045 -0.03479330850929151
0.1378764585242665 -0.035835538582873194
0.14644660940672616 -0.036850638506790344
0.15522972763146647 -0.03783427656456486
0.16422052257649067 -0.0387823677947638
0.17341357852311146 -0.03969113262056455
0.18280335791817703 -0.040557131849168704
0.19238420470968637 -0.04137727913825617
0.20215034775378343 -0.04214883342791171
0.2120959042910774 -0.042869374969874606
0.2222148834901989 -0.043536769386291016
0.23250119005645137 -0.04414912461741423
0.2429486279033891 -0.044704745659365566
0.2535509038851079 -0.04520209166418943
0.26430163158700104 -0.04563973931599316
0.27519433517269654 -0.046016355472378735
0.28622245328485874 -0.04633068095054877
0.29737934299750524 -0.046581526134676934
0.30865828381745486 -0.04676777788219252
0.320052481732506 -0.04688841610584741
0.33155507330389 -0.04694253749081918
0.3431591298005543 -0.04692938314129603
0.35485766137276875 -0.04684836658834597
0.36664362126255073 -0.04669909855604296
0.3785099100483679 -0.04648140517604284
0.3904493799215649 -0.04619533693700891
0.4024548389919357 -0.045841166506080264
0.41451905561984914 -0.045419374596818225
0.42663476277231926 -0.04493062419894199
0.43879466240039156 -0.044375724638278435
0.4509914298352198 -0.04375558800746159
0.46321771820016633 -0.043071181410846135
0.475466162836291 -0.04232347912427541
0.4877293857385438 -0.04151341912259302
0.4999999999999999 -0.04064186843785877
0.512270614261456 -0.039709601466844234
0.5245338371637088 -0.038717294661449374
0.5367822817998334 -0.037665540049705445
0.54900857016478 -0.03655487881064285
0.5612053375996082 -0.035385854745123714
0.5733652372276805 -0.03415908604183119
0.5854809443801506 -0.03287535233488777
0.5975451610080642 -0.03153569278866024
0.6095506200784349 -0.030141509920247247
0.6214900899516319 -0.02869467316062199
0.6333563787374491 -0.02719761582076857
0.645142338627231 -0.0256534192038762
0.6568408701994456 -0.02406587809537807
0.6684449266961098 -0.022439542747130864
0.6799475182674938 -0.0207797337002455
0.691341716182545 -0.01909252728797232
0.7026206570024947 -0.017384711330369968
0.713777546715141 -0.015663712266985586
0.7248056648273034 -0.013937496656478796
0.7356983684129987 -0.012214451488219733
0.746449096114892 -0.010503248994741265
0.7570513720966108 -0.008812702536466242
0.7674988099435485 -0.007151620585425535
0.7777851165098009 -0.005528665824899986
0.7879040957089227 -0.003952225900528952
0.7978496522462164 -0.002430301431319514
0.8076157952903136 -0.000970415573369529
0.8171966420818224 0.0004204521897141784
0.8265864214768883 0.0017359071696292194
0.8357794774235092 0.00297015653419129
0.8447702723685334 0.004118005154743677
0.8535533905932737 0.0051748347205325925
0.8621235414757333 0.006136571919060671
0.8704755626774794 0.006999652384211751
0.8786044232532422 0.007760987523953127
0.8865052266813687 0.008417941211425473
0.894173213813303 0.00896832264752367
0.9016037657403225 0.00941040050709345
0.9087924065757916 0.009742941828354668
0.9157348061512727 0.009965277092898364
0.9224267826248536 0.010077390695896514
0.928864305000136 0.01008003366741334
0.9350434955543556 0.00997485323145436
0.9409606321741775 0.00976453173647445
0.9466121505977576 0.00945292580744484
0.9519946465617215 0.009045195384516593
0.9571048778517655 0.008547911728556366
0.9619397662556433 0.00796913355633708
0.9664963994173694 0.007318441244951971
0.9707720325915102 0.00660692050039771
0.9747640902965183 0.005847088960743563
0.9784701678661044 0.005052761801192228
0.98188803289772 0.004238855392928523
0.985015626597272 0.0034211312786940158
0.9878510650192642 0.002615885985999057
0.9903926402016152 0.0018395953166316377
0.9926388211944706 0.0011085245450493373
0.9945882549823906 0.00043831825950311
0.9962397672993549 -0.0001564147553376723
0.9975923633360985 -0.0006625052764315486
0.9986452283393451 -0.0010685996183722
0.9993977281025862 -0.0013654921365035715
0.9998494093481021 -0.001546400109797074
1.0 -0.0016071691396469091
