1.0 0.0014405738154402575
0.9998494093481021 0.0015208410657030667
0.9993977281025862 0.0017601594623014862
0.9986452283393451 0.002154135284743146
0.9975923633360985 0.0026956308670617367
0.9962397672993549 0.0033750334173415445
0.9945882549823906 0.0041806138818214445
0.9926388211944706 0.005098959467326874
0.9903926402016152 0.006115460249982361
0.9878510650192642 0.007214828114750245
0.985015626597272 0.008381625188462517
0.98188803289772 0.009600778986015846
0.9784701678661044 0.010858062659578421
0.9747640902965183 0.012140520937958667
0.9707720325915102 0.01343682542745744
0.9664963994173694 0.014737546731498206
0.9619397662556433 0.016035335116022616
0.9571048778517655 0.017325005963456156
0.9519946465617215 0.01860353077721078
0.9466121505977576 0.019869938787351472
0.9409606321741775 0.02112513805452119
0.9350434955543556 0.02237166819521383
0.928864305000136 0.023613399321099165
0.9224267826248536 0.024855193410635256
0.9157348061512727 0.026102545075953484
0.9087924065757916 0.027361218565703387
0.9016037657403225 0.028636896915800427
0.894173213813303 0.029934857526008364
0.8865052266813687 0.031259686234323375
0.8786044232532422 0.03261503933874979
0.8704755626774794 0.03400346014428743
0.8621235414757333 0.035426253659643435
0.8535533905932737 0.03688342019191142
0.8447702723685334 0.03837364592889035
0.8357794774235092 0.03989434627361473
0.8265864214768883 0.04144175579020644
0.8171966420818224 0.043011057188435516
0.8076157952903136 0.04459654083831314
0.7978496522462164 0.0461917858573731
0.7879040957089227 0.04778985381742696
0.7777851165098009 0.04938348651879791
0.7674988099435485 0.05096530000762111
0.7570513720966108 0.0525279679865399
0.746449096114892 0.05406438890957743
0.7356983684129987 0.05556783228020486
0.7248056648273034 0.057032060917890745
0.713777546715141 0.05845142716453938
0.7026206570024947 0.05982094212362539
0.691341716182545 0.061136318031093345
0.6799475182674938 0.062393984731222235
0.6684449266961098 0.06359108196726171
0.6568408701994456 0.06472542979933271
0.645142338627231 0.06579547994035168
0.6333563787374491 0.06680025116690602
0.6214900899516319 0.06773925222829844
0.6095506200784349 0.06861239585323482
0.5975451610080642 0.06941990754579513
0.5854809443801506 0.07016223287180288
0.5733652372276805 0.07083994686068919
0.5612053375996082 0.07145366898055698
0.54900857016478 0.07200398687828957
0.5367822817998334 0.07249139170614852
0.5245338371637088 0.07291622737876965
0.512270614261456 0.07327865552288562
0.4999999999999999 0.07357863720708535
0.4877293857385438 0.07381593178966034
0.475466162836291 0.0739901124270554
0.46321771820016633 0.07410059697961618
0.4509914298352198 0.0741466922773862
0.43879466240039156 0.07412764901239868
0.42663476277231926 0.07404272395118998
0.41451905561984914 0.07389124575455604
0.4024548389919357 0.07367268048594612
0.3904493799215649 0.07338669290948531
0.3785099100483679 0.0730331999337481
0.36664362126255073 0.07261241304254425
0.35485766137276875 0.07212486724693745
0.3431591298005543 0.07157143495517279
0.33155507330389 0.07095332413651272
0.320052481732506 0.07027206118743028
0.30865828381745486 0.06952945992354255
0.29737934299750524 0.06872757904559976
0.28622245328485874 0.0678686711939151
0.27519433517269654 0.06695512725304496
0.26430163158700104 0.06598941985161025
0.2535509038851079 0.06497404999342382
0.2429486279033891 0.06391150044917657
0.23250119005645137 0.06280419894891964
0.2222148834901989 0.06165449338262308
0.2120959042910774 0.06046464019733776
0.20215034775378343 0.059236806049311114
0.19238420470968637 0.057973081613257295
0.18280335791817703 0.05667550535916056
0.17341357852311146 0.05534609416783374
0.16422052257649067 0.05398687694945951
0.15522972763146647 0.05259992701865108
0.14644660940672616 0.05118738890856041
0.1378764585242665 0.04975149559371468
0.12952443732252045 0.04829457272792666
0.12139557674675777 0.04681902745374354
0.11349477331863145 0.04532732054183737
0.10582678618669683 0.0438219219891515
0.09839623425967753 0.04230525164405915
0.09120759342420814 0.04077960782675619
0.08426519384872727 0.039247088163961594
0.07757321737514639 0.03770950785620872
0.07113569499986394 0.036168321256097355
0.06495650444564427 0.0346245528914817
0.059039367825822475 0.03307874388098776
0.05338784940224234 0.03153091905414311
0.048005353438278275 0.029980579031175812
0.042895122148234655 0.028426720096409005
0.038060233744356575 0.026867883000806905
0.03350360058263052 0.02530222996320155
0.029227967408489597 0.023727647231219402
0.025235909703481607 0.022141868744043072
0.021529832133895532 0.020542614839597795
0.018111967102280024 0.018927738686493646
0.014984373402728013 0.017295372293584695
0.012148934980735715 0.01564406362699171
0.009607359798384785 0.013972896582212683
0.007361178805529334 0.012281586317303833
0.005411745017609493 0.010570543714680828
0.0037602327006450165 0.008840904431300943
0.0024076366639015356 0.007094520016672635
0.0013547716606548965 0.005333910798239242
0.0006022718974137975 0.003562182511825663
0.00015059065189787502 0.0017829108430094988
0.0 0.0
0.00015059065189787502 -0.001956766523178366
0.0006022718974137975 -0.0039054223019969127
0.0013547716606548965 -0.005837648718323953
0.0024076366639015356 -0.007745569869082161
0.0037602327006450165 -0.009621950667015345
0.005411745017609493 -0.011460368191535678
0.007361178805529334 -0.013255349487286442
0.009607359798384785 -0.015002470669909753
0.012148934980735715 -0.016698414098081992
0.014984373402728013 -0.018340982404951713
0.018111967102280024 -0.019929070240950992
0.021529832133895532 -0.02146259655356002
0.025235909703481607 -0.02294240201397631
0.029227967408489597 -0.024370117703659728
0.03350360058263052 -0.02574801232026319
0.038060233744356575 -0.027078825898536416
0.042895122148234655 -0.028365598337376653
0.048005353438278275 -0.029611500874664225
0.05338784940224234 -0.03081967807751437
0.059039367825822475 -0.031993106961472235
0.06495650444564427 -0.03313447858308343
0.07113569499986394 -0.03424610594787362
0.07757321737514639 -0.03532986043322256
0.08426519384872727 -0.03638713724180523
0.09120759342420814 -0.03741884877481907
0.09839623425967753 -0.03842544333757395
0.10582678618669683 -0.0394069453440197
0.11349477331863145 -0.040363012235980274
0.12139557674675777 -0.04129300272195048
0.12952443732252045 -0.042196050691799755
0.1378764585242665 -0.04307113927708419
0.14644660940672616 -0.043917169978849264
0.15522972763146647 -0.04473302253225184
0.16422052257649067 -0.045517602159209615
0.17341357852311146 -0.04626987200277986
0.18280335791817703 -0.0469888697583462
0.19238420470968637 -0.047673708732796985
0.20215034775378343 -0.048323564692699154
0.2120959042910774 -0.04893765083341655
0.2222148834901989 -0.04951518395366961
0.23250119005645137 -0.050055345411410455
0.2429486279033891 -0.050557240643650844
0.2535509038851079 -0.05101986095204304
0.26430163158700104 -0.05144205090489888
0.27519433517269654 -0.05182248412093867
0.28622245328485874 -0.052159649432205794
0.29737934299750524 -0.052451848536984765
0.30865828381745486 -0.05269720531910126
0.320052481732506 -0.0528936861005313
0.33155507330389 -0.053039129279358437
0.3431591298005543 -0.05313128214602527
0.35485766137276875 -0.05316784221600537
0.36664362126255073 -0.05314650019874221
0.3785099100483679 -0.05306498175469286
0.3904493799215649 -0.05292108546881933
0.4024548389919357 -0.05271271496508687
0.41451905561984914 -0.05243790376045872
0.42663476277231926 -0.05209483225242634
0.43879466240039156 -0.05168183708527113
0.4509914298352198 -0.05119741397599407
0.46321771820016633 -0.050640215830501496
0.475466162836291 -0.05000904857923513
0.4877293857385438 -0.04930286755476363
0.4999999999999999 -0.04852077738272235
0.512270614261456 -0.047662038241005136
0.5245338371637088 -0.04672608095961926
0.5367822817998334 -0.045712532805199727
0.54900857016478 -0.044621254959636765
0.5612053375996082 -0.043452391718600186
0.5733652372276805 -0.04220643037332657
0.5854809443801506 -0.04088426967673111
0.5975451610080642 -0.03948729381442424
0.6095506200784349 -0.03801744798110835
0.6214900899516319 -0.0364773110726332
0.6333563787374491 -0.03487016069875939
0.645142338627231 -0.033200025737554754
0.6568408701994456 -0.03147172200329106
0.6684449266961098 -0.0296908672757745
0.6799475182674938 -0.027863872906371042
0.691341716182545 -0.025997910418455675
0.7026206570024947 -0.024100852882596772
0.713777546715141 -0.022181192280330848
0.7248056648273034 -0.020247935477570603
0.7356983684129987 -0.01831048271070124
0.746449096114892 -0.016378493552008027
0.7570513720966108 -0.014461746085307956
0.7674988099435485 -0.012569995425133382
0.7777851165098009 -0.010712837714659246
0.7879040957089227 -0.00889958532695138
0.7978496522462164 -0.00713915818798821
0.8076157952903136 -0.005439994983722197
0.8171966420818224 -0.003809986578916794
0.8265864214768883 -0.002256432356388867
0.8357794774235092 -0.0007860184916593496
0.8447702723685334 0.0005951844710479547
0.8535533905932737 0.0018817088597865843
0.8621235414757333 0.003068667257716404
0.8704755626774794 0.004151726183836717
0.8786044232532422 0.005127082608516159
0.8865052266813687 0.005991449724787975
0.894173213813303 0.006742057770052975
0.9016037657403225 0.007376674577331467
0.9087924065757916 0.007893648986402192
0.9157348061512727 0.008291978351032037
0.9224267826248536 0.008571399254274933
0.928864305000136 0.008732498325271577
0.9350434955543556 0.008776837886018424
0.9409606321741775 0.00870708919587019
0.9466121505977576 0.008527164448649621
0.9519946465617215 0.008242337538942178
0.9571048778517655 0.007859343051607114
0.9619397662556433 0.0073864430098680356
0.9664963994173694 0.006833451672195613
0.9707720325915102 0.006211710084620528
0.9747640902965183 0.005534004119076454
0.9784701678661044 0.004814422265949474
0.98188803289772 0.004068152371158625
0.985015626597272 0.0033112196578148055
0.9878510650192642 0.0025601715738693574
0.9903926402016152 0.0018317180757646827
0.9926388211944706 0.001142338712193245
0.9945882549823906 0.0005078701437785634
0.9962397672993549 -5.6910619699160336e-05
0.9975923633360985 -0.0005386910730097765
0.9986452283393451 -0.0009259998638824152
0.9993977281025862 -0.0012095396642127637
0.9998494093481021 -0.0013824622218398062
1.0 -0.0014405738154402575
