1.0 0.001797458224036862
0.9998494093481021 0.0018731576389254213
0.9993977281025862 0.0020988336608437595
0.9986452283393451 0.002470275148940989
0.9975923633360985 0.0029806460153109383
0.9962397672993549 0.003620749943843803
0.9945882549823906 0.004379383480876201
0.9926388211944706 0.005243761089731371
0.9903926402016152 0.006199992583861829
0.9878510650192642 0.007233591187749655
0.985015626597272 0.008329989420654618
0.98188803289772 0.00947504009282919
0.9784701678661044 0.010655480920196133
0.9747640902965183 0.011859343513865478
0.9707720325915102 0.013076290642551908
0.9664963994173694 0.014297869510895667
0.9619397662556433 0.015517673123474872
0.9571048778517655 0.016731406371831334
0.9519946465617215 0.017936858043881152
0.9466121505977576 0.019133784274598088
0.9409606321741775 0.020323712819400607
0.9350434955543556 0.02150968075684047
0.928864305000136 0.02269592067771734
0.9224267826248536 0.02388751200544438
0.9157348061512727 0.02509001478110171
0.9087924065757916 0.026309103051235978
0.9016037657403225 0.027550213979936955
0.894173213813303 0.02881822707324737
0.8865052266813687 0.030117185590520967
0.8786044232532422 0.03145006948361257
0.8704755626774794 0.03281862622219349
0.8621235414757333 0.03422326280436118
0.8535533905932737 0.03566299927894519
0.8447702723685334 0.037135481364119385
0.8357794774235092 0.03863704735529346
0.8265864214768883 0.04016284256264493
0.8171966420818224 0.04170697306104154
0.8076157952903136 0.043262689595376366
0.7978496522462164 0.04482259205425522
0.7879040957089227 0.04637884496902122
0.7777851165098009 0.04792339495577517
0.7674988099435485 0.049448181822042594
0.7570513720966108 0.05094533612460493
0.746449096114892 0.05240735720555763
0.7356983684129987 0.05382726706789547
0.7248056648273034 0.05519873680586597
0.713777546715141 0.056516183616642825
0.7026206570024947 0.05777483764001211
0.691341716182545 0.058970778967752345
0.6799475182674938 0.06010094611418407
0.6684449266961098 0.061163118036166204
0.6568408701994456 0.06215587243653547
0.645142338627231 0.06307852358820619
0.6333563787374491 0.0639310432890519
0.6214900899516319 0.06471396881311907
0.6095506200784349 0.06542830187285964
0.5975451610080642 0.06607540265781435
0.5854809443801506 0.06665688297143092
0.5733652372276805 0.06717450234955004
0.5612053375996082 0.06763007080882774
0.54900857016478 0.0680253615371773
0.5367822817998334 0.06836203639842099
0.5245338371637088 0.06864158658025422
0.512270614261456 0.0688652900742729
0.4999999999999999 0.06903418695223444
0.4877293857385438 0.06914907261503926
0.475466162836291 0.06921050836947189
0.46321771820016633 0.06921884786924332
0.4509914298352198 0.06917427718362024
0.43879466240039156 0.06907686557412282
0.42663476277231926 0.06892662351225028
0.41451905561984914 0.06872356409971475
0.4024548389919357 0.06846776389016068
0.3904493799215649 0.0681594191794968
0.3785099100483679 0.06779889413836787
0.36664362126255073 0.0673867576966031
0.35485766137276875 0.0669238068307325
0.3431591298005543 0.06641107481091489
0.33155507330389 0.06584982397792585
0.320052481732506 0.06524152367854258
0.30865828381745486 0.06458781501667872
0.29737934299750524 0.06389046500462568
0.28622245328485874 0.06315131345465287
0.27519433517269654 0.06237221647660907
0.26430163158700104 0.06155499069734731
0.2535509038851079 0.060701362266852625
0.2429486279033891 0.059812924359526926
0.23250119005645137 0.058891106235661246
0.2222148834901989 0.05793715603849967
0.2120959042910774 0.05695213842736711
0.20215034775378343 0.05593694696417019
0.19238420470968637 0.054892329967165275
0.18280335791817703 0.053818927414713114
0.17341357852311146 0.05271731551291864
0.16422052257649067 0.05158805481530617
0.15522972763146647 0.05043173736478776
0.14644660940672616 0.049249028261526835
0.1378764585242665 0.04804069736274775
0.12952443732252045 0.0468076374822449
0.12139557674675777 0.04555086644054158
0.11349477331863145 0.044271511557596156
0.10582678618669683 0.042970776592922
0.09839623425967753 0.04164989262102178
0.09120759342420814 0.04031005577213862
0.08426519384872727 0.03895235605753579
0.07757321737514639 0.037577702530289796
0.07113569499986394 0.03618675071785987
0.06495650444564427 0.03477983853505076
0.059039367825822475 0.033356936707231895
0.05338784940224234 0.03191761909758756
0.048005353438278275 0.03046105726586681
0.042895122148234655 0.028986042149030132
0.038060233744356575 0.02749103403469402
0.03350360058263052 0.025974240107955755
0.029227967408489597 0.02443371691841343
0.025235909703481607 0.022867493271341337
0.021529832133895532 0.02127370742689209
0.018111967102280024 0.01965075121371362
0.014984373402728013 0.01799741282750657
0.012148934980735715 0.0163130097615021
0.009607359798384785 0.014597503541431934
0.007361178805529334 0.012851588711976121
0.005411745017609493 0.011076749806855971
0.0037602327006450165 0.009275281756910354
0.0024076366639015356 0.007450271244812063
0.0013547716606548965 0.005605538772471849
0.0006022718974137975 0.0037455435230410897
0.00015059065189787502 0.0018752553234579134
0.0 0.0
0.00015059065189787502 -0.0018924900370726502
0.0006022718974137975 -0.003775524292859732
0.0013547716606548965 -0.0056393638174999814
0.0024076366639015356 -0.007474775524861312
0.0037602327006450165 -0.009273258725192454
0.005411745017609493 -0.011027241305628285
0.007361178805529334 -0.012730237886739975
0.009607359798384785 -0.014376964200859856
0.012148934980735715 -0.015963404124030498
0.014984373402728013 -0.017486828126285252
0.018111967102280024 -0.01894576425557606
0.021529832133895532 -0.020339925010466105
0.025235909703481607 -0.02167009546506815
0.029227967408489597 -0.022937989680954302
0.03350360058263052 -0.02414608369015062
0.038060233744356575 -0.02529743410183375
0.042895122148234655 -0.026395491642747997
0.048005353438278275 -0.02744391868764242
0.05338784940224234 -0.028446419100874264
0.059039367825822475 -0.02940658755087299
0.06495650444564427 -0.030327783956062126
0.07113569499986394 -0.031213036972989102
0.07757321737514639 -0.03206497855560291
0.08426519384872727 -0.03288580971455228
0.09120759342420814 -0.033677295800507996
0.09839623425967753 -0.03444078803012797
0.10582678618669683 -0.035177266656254064
0.11349477331863145 -0.03588740022356434
0.12139557674675777 -0.036571614791149294
0.12952443732252045 -0.03723016686174693
0.1378764585242665 -0.03786321402408789
0.14644660940672616 -0.038470877954683846
0.15522972763146647 -0.03905329538035535
0.16422052257649067 -0.03961065379628681
0.17341357852311146 -0.04014321007683778
0.18280335791817703 -0.040651291511337805
0.19238420470968637 -0.04113528014798052
0.20215034775378343 -0.04159558254521384
0.2120959042910774 -0.04203258803329629
0.2222148834901989 -0.04244661931767185
0.23250119005645137 -0.04283787967010468
0.2429486279033891 -0.04320640103593821
0.2535509038851079 -0.04355199714309199
0.26430163158700104 -0.04387422516014989
0.27519433517269654 -0.044172358667195724
0.28622245328485874 -0.044445373740510136
0.29737934299750524 -0.044691948888963086
0.30865828381745486 -0.04491047849976484
0.320052481732506 -0.045099098437660336
0.33155507330389 -0.04525572157173536
0.3431591298005543 -0.04537808034287961
0.35485766137276875 -0.04546377308111817
0.36664362126255073 -0.04551031066392936
0.3785099100483679 -0.045515160280663845
0.3904493799215649 -0.04547578351813569
0.4024548389919357 -0.04538966667094896
0.41451905561984914 -0.04525434205118322
0.42663476277231926 -0.045067400055286776
0.43879466240039156 -0.04482649276173846
0.4509914298352198 -0.044529330798162105
0.46321771820016633 -0.04417367605081103
0.475466162836291 -0.04375733342117161
0.4877293857385438 -0.04327814520660683
0.4999999999999999 -0.04273399175592639
0.512270614261456 -0.04212280180989847
0.5245338371637088 -0.0414425753879077
0.5367822817998334 -0.04069142125561218
0.54900857016478 -0.03986760995671527
0.5612053375996082 -0.03896964218539854
0.5733652372276805 -0.037996330998804506
0.5854809443801506 -0.03694689511331744
0.5975451610080642 -0.03582105938777225
0.6095506200784349 -0.03461915765928427
0.6214900899516319 -0.03334223243951269
0.6333563787374491 -0.03199212565961921
0.645142338627231 -0.030571554707514756
0.6568408701994456 -0.02908416844233721
0.6684449266961098 -0.02753457868273743
0.6799475182674938 -0.025928363805283464
0.691341716182545 -0.02427204249075335
0.7026206570024947 -0.022573017232763254
0.713777546715141 -0.020839488873945815
0.7248056648273034 -0.019080345050721176
0.7356983684129987 -0.01730502689901882
0.746449096114892 -0.015523379597670226
0.7570513720966108 -0.013745493215515513
0.7674988099435485 -0.011981540815364834
0.7777851165098009 -0.010241620811681791
0.7879040957089227 -0.008535610167624478
0.7978496522462164 -0.0068730341704189455
0.8076157952903136 -0.005262957292020625
0.8171966420818224 -0.003713898102603554
0.8265864214768883 -0.0022337694587646756
0.8357794774235092 -0.0008298433545006088
0.8447702723685334 0.0004912619717978666
0.8535533905932737 0.0017235767089327884
0.8621235414757333 0.0028617612986998435
0.8704755626774794 0.003901081742352694
0.8786044232532422 0.004837385195386789
0.8865052266813687 0.005667082620569513
0.894173213813303 0.006387144697430832
0.9016037657403225 0.006995116101973675
0.9087924065757916 0.007489151730305822
0.9157348061512727 0.007868076534498227
0.9224267826248536 0.008131468486527214
0.928864305000136 0.008279761925948585
0.9350434955543556 0.008314366330599067
0.9409606321741775 0.008237793531452922
0.9466121505977576 0.008053784719715762
0.9519946465617215 0.007767427396043695
0.9571048778517655 0.007385251792003727
0.9619397662556433 0.006915296322497755
0.9664963994173694 0.006367132335748602
0.9707720325915102 0.00575183980336737
0.9747640902965183 0.005081927583212198
0.9784701678661044 0.0043711943981984275
0.98188803289772 0.0036345295755494163
0.985015626597272 0.002887655725706613
0.9878510650192642 0.002146818731776553
0.9903926402016152 0.0014284334840519077
0.9926388211944706 0.0007486965475924877
0.9945882549823906 0.00012317922582302278
0.9962397672993549 -0.00043358386422383006
0.9975923633360985 -0.0009084946692782731
0.9986452283393451 -0.0012902638760282613
0.9993977281025862 -0.0015697399404260492
0.9998494093481021 -0.0017401810351763188
1.0 -0.001797458224036862
