1.0 0.0018057961911448943
0.9998494093481021 0.001878644240700477
0.9993977281025862 0.0020957960408862514
0.9986452283393451 0.002453128903326382
0.9975923633360985 0.002943950314811837
0.9962397672993549 0.003559257076148521
0.9945882549823906 0.004288080947405543
0.9926388211944706 0.005117904731898343
0.9903926402016152 0.006035129615604087
0.9878510650192642 0.007025572451921688
0.985015626597272 0.008074970641989563
0.98188803289772 0.009169472345542844
0.9784701678661044 0.01029609094171492
0.9747640902965183 0.01144310485880494
0.9707720325915102 0.012600386968664171
0.9664963994173694 0.013759651512218562
0.9619397662556433 0.01491461077188462
0.9571048778517655 0.016061038198549357
0.9519946465617215 0.01719673919392856
0.9466121505977576 0.01832143501026731
0.9409606321741775 0.01943656904663834
0.9350434955543556 0.020545048015305437
0.928864305000136 0.021650932885233943
0.9224267826248536 0.022759096093088314
0.9157348061512727 0.02387486220601433
0.9087924065757916 0.025003649036795274
0.9016037657403225 0.026150625209580464
0.894173213813303 0.02732039845367709
0.8865052266813687 0.02851674659745675
0.8786044232532422 0.029742400501340145
0.8704755626774794 0.030998885178018954
0.8621235414757333 0.03228642227164782
0.8535533905932737 0.03360389406967992
0.8447702723685334 0.034948866448285376
0.8357794774235092 0.03631766572744255
0.8265864214768883 0.03770550242780429
0.8171966420818224 0.039106633438715434
0.8076157952903136 0.0405145531524859
0.7978496522462164 0.0419222036896982
0.7879040957089227 0.04332219440117159
0.7777851165098009 0.044707021328127705
0.7674988099435485 0.04606927815963593
0.7570513720966108 0.04740185136130155
0.746449096114892 0.048698093472774776
0.7356983684129987 0.04995196999718859
0.7248056648273034 0.05115817675319821
0.713777546715141 0.05231222596105552
0.7026206570024947 0.05341050063298982
0.691341716182545 0.05445027799499658
0.6799475182674938 0.05542972365685113
0.6684449266961098 0.056347859058415994
0.6568408701994456 0.057204505353343524
0.645142338627231 0.05800020735513776
0.6333563787374491 0.05873614148004217
0.6214900899516319 0.05941401179389125
0.6095506200784349 0.0600359383235091
0.5975451610080642 0.060604341743052736
0.5854809443801506 0.061121828404147885
0.5733652372276805 0.061591079454194037
0.5612053375996082 0.062014747484750526
0.54900857016478 0.06239536377388213
0.5367822817998334 0.06273525873419329
0.5245338371637088 0.06303649765432714
0.512270614261456 0.06330083323096648
0.4999999999999999 0.0635296757402239
0.4877293857385438 0.0637240810066295
0.475466162836291 0.0638847556156576
0.46321771820016633 0.06401207810861831
0.4509914298352198 0.06410613422831371
0.43879466240039156 0.06416676368463216
0.42663476277231926 0.064193615416359
0.41451905561984914 0.06418620797181103
0.4024548389919357 0.06414399144414562
0.3904493799215649 0.06406640739699242
0.3785099100483679 0.0639529434115202
0.36664362126255073 0.06380317927403
0.35485766137276875 0.06361682238733028
0.3431591298005543 0.06339373070018194
0.33155507330389 0.06313392226591302
0.320052481732506 0.06283757141338109
0.30865828381745486 0.06250499238407389
0.29737934299750524 0.06213661209929498
0.28622245328485874 0.06173293441417103
0.27519433517269654 0.06129449874025188
0.26430163158700104 0.060821836235998565
0.2535509038851079 0.06031542684886139
0.2429486279033891 0.059775660334984
0.23250119005645137 0.059202803991870875
0.2222148834901989 0.05859697924260036
0.2120959042910774 0.05795814845081219
0.20215034775378343 0.05728611248086555
0.19238420470968637 0.056580518614041335
0.18280335791817703 0.05584087756098871
0.17341357852311146 0.055066587543644595
0.16422052257649067 0.054256962821175085
0.15522972763146647 0.05341126365710511
0.14644660940672616 0.05252872460566201
0.1378764585242665 0.05160857815183966
0.12952443732252045 0.050650071167650204
0.12139557674675777 0.049652472320388275
0.11349477331863145 0.048615069440785266
0.10582678618669683 0.047537156865327515
0.09839623425967753 0.04641801383017146
0.09120759342420814 0.04525687602880473
0.08426519384872727 0.04405290336541932
0.07757321737514639 0.042805147659818105
0.07113569499986394 0.04151252451836736
0.06495650444564427 0.040173793727440045
0.059039367825822475 0.03878755232153464
0.05338784940224234 0.03735224392358659
0.048005353438278275 0.03586618707209962
0.042895122148234655 0.034327624086471206
0.038060233744356575 0.032734790649092335
0.03350360058263052 0.031086004789787174
0.029227967408489597 0.02937977244674002
0.025235909703481607 0.027614905355502362
0.021529832133895532 0.025790645789048525
0.018111967102280024 0.02390679173234457
0.014984373402728013 0.02196381550271319
0.012148934980735715 0.019962968677555207
0.009607359798384785 0.01790636649131135
0.007361178805529334 0.01579704561130085
0.005411745017609493 0.013638990363982488
0.0037602327006450165 0.01143712399694587
0.0024076366639015356 0.009197263340063516
0.0013547716606548965 0.006926037164596499
0.0006022718974137975 0.004630770512028784
0.00015059065189787502 0.002319339150921585
0.0 0.0
0.00015059065189787502 -0.0017498102768550416
0.0006022718974137975 -0.0034902564196813454
0.0013547716606548965 -0.005211718713028037
0.0024076366639015356 -0.006905141861107512
0.0037602327006450165 -0.008562286788462785
0.005411745017609493 -0.01017594753610457
0.007361178805529334 -0.011740124480036437
0.009607359798384785 -0.013250147338790366
0.012148934980735715 -0.014702743984981705
0.014984373402728013 -0.016096053788255717
0.018111967102280024 -0.017429586940630532
0.021529832133895532 -0.01870413379859368
0.025235909703481607 -0.019921630578008675
0.029227967408489597 -0.021084989635116142
0.03350360058263052 -0.022197903962498215
0.038060233744356575 -0.023264636356820703
0.042895122148234655 -0.024289803944144737
0.048005353438278275 -0.025278168383307993
0.05338784940224234 -0.026234441148137378
0.059039367825822475 -0.02716311188696994
0.06495650444564427 -0.028068306072090897
0.07113569499986394 -0.02895367610167732
0.07757321737514639 -0.02982232783476507
0.08426519384872727 -0.030676782361960815
0.09120759342420814 -0.031518970773074396
0.09839623425967753 -0.03235025789702047
0.10582678618669683 -0.033171489558983414
0.11349477331863145 -0.03398305689916562
0.12139557674675777 -0.034784970771027525
0.12952443732252045 -0.03557693919761137
0.1378764585242665 -0.03635844129340509
0.14644660940672616 -0.037128791907593654
0.15522972763146647 -0.037887192438009115
0.16422052257649067 -0.03863276470891231
0.17341357852311146 -0.0393645663916748
0.18280335791817703 -0.04008158806124327
0.19238420470968637 -0.04078273351047794
0.20215034775378343 -0.0414667862858312
0.2120959042910774 -0.04213236647412942
0.2222148834901989 -0.04277788249571655
0.23250119005645137 -0.04340148300367232
0.2429486279033891 -0.04400101393968864
0.2535509038851079 -0.04457398536983578
0.26430163158700104 -0.045117551959533146
0.27519433517269654 -0.04562850991105159
0.28622245328485874 -0.04610331196118848
0.29737934299750524 -0.04653810071553345
0.30865828381745486 -0.0469287592780512
0.320052481732506 -0.04727097691744834
0.33155507330389 -0.047560326482825835
0.3431591298005543 -0.047792349513129606
0.35485766137276875 -0.047962644530387545
0.36664362126255073 -0.04806695389442888
0.3785099100483679 -0.0481012448299282
0.3904493799215649 -0.04806178079286784
0.4024548389919357 -0.047945180176805005
0.41451905561984914 -0.047748460403377505
0.42663476277231926 -0.047469066614715914
0.43879466240039156 -0.047104885397009015
0.4509914298352198 -0.04665424512094274
0.46321771820016633 -0.046115905496902844
0.475466162836291 -0.04548903973227437
0.4877293857385438 -0.04477321318304439
0.4999999999999999 -0.04396836257152399
0.512270614261456 -0.0430747796799307
0.5245338371637088 -0.04209310293499383
0.5367822817998334 -0.041024319505993494
0.54900857016478 -0.03986977950488985
0.5612053375996082 -0.03863122267850379
0.5733652372276805 -0.037310816708676586
0.5854809443801506 -0.03591120498372451
0.5975451610080642 -0.03443556057027756
0.6095506200784349 -0.03288764218883372
0.6214900899516319 -0.031271847355647205
0.6333563787374491 -0.0295932575551423
0.645142338627231 -0.027857670384350178
0.6568408701994456 -0.02607161407067808
0.6684449266961098 -0.024242340585718513
0.6799475182674938 -0.02237779471312961
0.691341716182545 -0.020486557806294443
0.7026206570024947 -0.01857776650061122
0.713777546715141 -0.016661008221713614
0.7248056648273034 -0.014746196844325167
0.7356983684129987 -0.012843433197922832
0.746449096114892 -0.010962856185260614
0.7570513720966108 -0.00911449099481583
0.7674988099435485 -0.007308101187804836
0.7777851165098009 -0.005553051291480683
0.7879040957089227 -0.0038581859303700086
0.7978496522462164 -0.0022317305047940502
0.8076157952903136 -0.0006812170405810262
0.8171966420818224 0.00078656282854754
0.8265864214768883 0.0021655776159581796
0.8357794774235092 0.0034505502222431884
0.8447702723685334 0.004636930202508518
0.8535533905932737 0.00572084918538136
0.8621235414757333 0.006699065821717199
0.8704755626774794 0.007568907466435861
0.8786044232532422 0.008328216121619067
0.8865052266813687 0.008975305951814063
0.894173213813303 0.009508938917588755
0.9016037657403225 0.009928323791708374
0.9087924065757916 0.010233142090556282
0.9157348061512727 0.010423602370730138
0.9224267826248536 0.010500522033065875
0.928864305000136 0.010465433389024843
0.9350434955543556 0.010320708433224796
0.9409606321741775 0.010069694687381371
0.9466121505977576 0.009716852782115485
0.9519946465617215 0.009267885251927583
0.9571048778517655 0.008729845435284773
0.9619397662556433 0.008111215461429582
0.9664963994173694 0.0074219430934379235
0.9707720325915102 0.006673428665871094
0.9747640902965183 0.00587845544511138
0.9784701678661044 0.005051059351271999
0.98188803289772 0.004206336977839475
0.985015626597272 0.0033601940671595695
0.9878510650192642 0.0025290398667965172
0.9903926402016152 0.0017294359166207791
0.9926388211944706 0.0009777106159555274
0.9945882549823906 0.0002895532259032812
0.9962397672993549 -0.00032039736899324616
0.9975923633360985 -0.0008389528922322586
0.9986452283393451 -0.0012547485424985682
0.9993977281025862 -0.0015585728645862262
0.9998494093481021 -0.001743640527976105
1.0 -0.0018057961911448943
