1.0 0.0014853563036536614
0.9998494093481021 0.00156843907120452
0.9993977281025862 0.0018162839396390009
0.9986452283393451 0.0022247341974258226
0.9975923633360985 0.0027870381104584435
0.9962397672993549 0.0034941044168118624
0.9945882549823906 0.004334843122210217
0.9926388211944706 0.005296575765036533
0.9903926402016152 0.006365496250534055
0.9878510650192642 0.007527161259303422
0.985015626597272 0.008766988212047258
0.98188803289772 0.01007073885752412
0.9784701678661044 0.011424967719304867
0.9747640902965183 0.012817416805861263
0.9707720325915102 0.014237341021520982
0.9664963994173694 0.015675752432742086
0.9619397662556433 0.01712557573229447
0.9571048778517655 0.01858171167108699
0.9519946465617215 0.02004100965575423
0.9466121505977576 0.021502154910065383
0.9409606321741775 0.022965479361182078
0.9350434955543556 0.0244327085613738
0.928864305000136 0.0259066593566856
0.9224267826248536 0.027390904577912194
0.9157348061512727 0.028889421717715122
0.9087924065757916 0.03040624238217201
0.9016037657403225 0.03194511832330734
0.894173213813303 0.03350921816965929
0.8865052266813687 0.035100866705671724
0.8786044232532422 0.036721335861649475
0.8704755626774794 0.038370693630686764
0.8621235414757333 0.04004771409596277
0.8535533905932737 0.04174984879168266
0.8447702723685334 0.04347325687764556
0.8357794774235092 0.04521288920099373
0.8265864214768883 0.04696261934032635
0.8171966420818224 0.048715413236499985
0.8076157952903136 0.05046352803825486
0.7978496522462164 0.05219873032571797
0.7879040957089227 0.053912523889907
0.7777851165098009 0.05559637768817318
0.7674988099435485 0.057241945393963135
0.7570513720966108 0.05884126903394835
0.746449096114892 0.06038696047197567
0.7356983684129987 0.06187235587478992
0.7248056648273034 0.06329163970313566
0.713777546715141 0.06463993614831115
0.7026206570024947 0.06591336722619956
0.691341716182545 0.06710907791007739
0.6799475182674938 0.0682252297058894
0.6684449266961098 0.06926096493762332
0.6568408701994456 0.07021634471482163
0.645142338627231 0.07109226410574003
0.6333563787374491 0.07189034844958933
0.6214900899516319 0.07261283502294995
0.6095506200784349 0.07326244444155652
0.5975451610080642 0.07384224623956777
0.5854809443801506 0.07435552303109284
0.5733652372276805 0.07480563752643839
0.5612053375996082 0.07519590644851804
0.54900857016478 0.07552948507159504
0.5367822817998334 0.07580926568344394
0.5245338371637088 0.07603779275351062
0.512270614261456 0.07621719697804027
0.4999999999999999 0.07634914967834303
0.4877293857385438 0.07643483826703933
0.475466162836291 0.07647496269310536
0.46321771820016633 0.07646975196044123
0.4509914298352198 0.0764189990226876
0.43879466240039156 0.076322111628791
0.42663476277231926 0.07617817606989465
0.41451905561984914 0.07598603029676487
0.4024548389919357 0.07574434257089238
0.3904493799215649 0.07545169170573028
0.3785099100483679 0.07510664506005292
0.36664362126255073 0.07470783076269191
0.35485766137276875 0.07425400116225246
0.3431591298005543 0.07374408517803241
0.33155507330389 0.07317722803759323
0.320052481732506 0.0725528177701479
0.30865828381745486 0.07187049872391797
0.29737934299750524 0.07113017322769319
0.28622245328485874 0.07033199326143948
0.27519433517269654 0.06947634458366254
0.26430163158700104 0.0685638261407301
0.2535509038851079 0.06759522772628071
0.2429486279033891 0.06657150875513715
0.23250119005645137 0.06549378067239883
0.2222148834901989 0.06436329495996372
0.2120959042910774 0.06318143797234844
0.20215034775378343 0.06194973298864051
0.19238420470968637 0.06066984897558891
0.18280335791817703 0.059343614691614616
0.17341357852311146 0.05797303599626739
0.16422052257649067 0.05656031363193178
0.15522972763146647 0.0551078583706297
0.14644660940672616 0.05361830030877241
0.1378764585242665 0.052094489267107295
0.12952443732252045 0.05053948371034216
0.12139557674675777 0.048956526316918214
0.11349477331863145 0.04734900525861848
0.10582678618669683 0.0457204013280692
0.09839623425967753 0.044074222201436634
0.09120759342420814 0.04241392625684601
0.08426519384872727 0.04074283939716282
0.07757321737514639 0.03906406916424182
0.07113569499986394 0.03738042100717548
0.06495650444564427 0.03569432182316922
0.059039367825822475 0.03400775579199119
0.05338784940224234 0.03232221706419506
0.048005353438278275 0.03063868305676822
0.042895122148234655 0.028957611000853308
0.038060233744356575 0.02727895904166471
0.03350360058263052 0.025602231696902553
0.029227967408489597 0.02392654793656315
0.025235909703481607 0.02225072866029268
0.021529832133895532 0.02057339902352411
0.018111967102280024 0.01889309999706957
0.014984373402728013 0.01720840281726954
0.012148934980735715 0.015518019653896816
0.009607359798384785 0.013820903922861926
0.007361178805529334 0.012116334203063808
0.005411745017609493 0.010403976654143228
0.0037602327006450165 0.008683922118494749
0.0024076366639015356 0.006956695645762209
0.0013547716606548965 0.0052232379006244885
0.0006022718974137975 0.003484859691680458
0.00015059065189787502 0.0017431725724477373
0.0 0.0
0.00015059065189787502 -0.0014001701690381594
0.0006022718974137975 -0.0027966613754175584
0.0013547716606548965 -0.004185526464694218
0.0024076366639015356 -0.005563167622957929
0.0037602327006450165 -0.0069264885172328075
0.005411745017609493 -0.008273020627654054
0.007361178805529334 -0.009601017397911525
0.009607359798384785 -0.01090951157386
0.012148934980735715 -0.012198333082152676
0.014984373402728013 -0.01346808690745876
0.018111967102280024 -0.014720092538044967
0.021529832133895532 -0.015956288545744435
0.025235909703481607 -0.017179107635940306
0.029227967408489597 -0.018391328948945716
0.03350360058263052 -0.01959591543893985
0.038060233744356575 -0.020795844747839774
0.042895122148234655 -0.02199394210396228
0.048005353438278275 -0.023192723412498412
0.05338784940224234 -0.024394255898162926
0.059039367825822475 -0.025600042467153923
0.06495650444564427 -0.02681093445496467
0.07113569499986394 -0.02802707571462683
0.07757321737514639 -0.02924787918330412
0.08426519384872727 -0.030472035254415233
0.09120759342420814 -0.03169754958533435
0.09839623425967753 -0.03292180648533685
0.10582678618669683 -0.034141652837481024
0.11349477331863145 -0.03535349667383221
0.12139557674675777 -0.036553414084242127
0.12952443732252045 -0.03773725810731609
0.1378764585242665 -0.03890076361462316
0.14644660940672616 -0.04003964291724516
0.15522972763146647 -0.04114966783725215
0.16422052257649067 -0.04222673521800885
0.17341357852311146 -0.043266914206692306
0.18280335791817703 -0.04426647503444709
0.19238420470968637 -0.04522190034916087
0.20215034775378343 -0.046129881334668006
0.2120959042910774 -0.046987301802663174
0.2222148834901989 -0.04779121411158653
0.23250119005645137 -0.0485388111131912
0.2429486279033891 -0.04922739833869211
0.2535509038851079 -0.04985437032242567
0.26430163158700104 -0.050417194354740916
0.27519433517269654 -0.05091340411049281
0.28622245328485874 -0.05134060458432599
0.29737934299750524 -0.05169648865938267
0.30865828381745486 -0.05197886452794097
0.320052481732506 -0.05218569215579535
0.33155507330389 -0.05231512611506871
0.3431591298005543 -0.05236556146833101
0.35485766137276875 -0.05233567901903285
0.36664362126255073 -0.05222448617745094
0.3785099100483679 -0.052031349933138585
0.3904493799215649 -0.05175601895687679
0.4024548389919357 -0.05139863263819604
0.41451905561984914 -0.05095971584058227
0.42663476277231926 -0.050440159252565495
0.43879466240039156 -0.04984118634647699
0.4509914298352198 -0.04916430904152684
0.46321771820016633 -0.048411275120350455
0.475466162836291 -0.04758401119331639
0.4877293857385438 -0.04668456548193918
0.4999999999999999 -0.045715054859750894
0.512270614261456 -0.04467762042613902
0.5245338371637088 -0.043574395399977414
0.5367822817998334 -0.04240748833332268
0.54900857016478 -0.04117898361126148
0.5612053375996082 -0.03989095999143668
0.5733652372276805 -0.0385455266294778
0.5854809443801506 -0.03714487472672826
0.5975451610080642 -0.03569134171864584
0.6095506200784349 -0.0341874838857743
0.6214900899516319 -0.032636152492870635
0.6333563787374491 -0.03104056810724548
0.645142338627231 -0.02940438765457306
0.6568408701994456 -0.027731759054273514
0.6684449266961098 -0.02602735892540847
0.6799475182674938 -0.024296409829905254
0.691341716182545 -0.02254467476071852
0.7026206570024947 -0.020778428005881318
0.713777546715141 -0.019004403028079167
0.7248056648273034 -0.017229719487941945
0.7356983684129987 -0.015461792901262256
0.746449096114892 -0.013708231556014309
0.7570513720966108 -0.011976726138364835
0.7674988099435485 -0.010274937962145094
0.7777851165098009 -0.008610391723232988
0.7879040957089227 -0.006990378297669884
0.7978496522462164 -0.005421872289320472
0.8076157952903136 -0.003911467858657105
0.8171966420818224 -0.002465334905339811
0.8265864214768883 -0.0010891960328868468
0.8357794774235092 0.0002116769904648506
0.8447702723685334 0.0014324502202661918
0.8535533905932737 0.0025687023996715953
0.8621235414757333 0.003616393309319504
0.8704755626774794 0.004571832003685883
0.8786044232532422 0.005431651653433416
0.8865052266813687 0.006192797516680113
0.894173213813303 0.006852533838943101
0.9016037657403225 0.007408474257157106
0.9087924065757916 0.007858638618740057
0.9157348061512727 0.008201537116140668
0.9224267826248536 0.00843628040223631
0.928864305000136 0.008562712034401588
0.9350434955543556 0.008581557348759858
0.9409606321741775 0.008494580846718188
0.9466121505977576 0.0083047425307656
0.9519946465617215 0.008016342484925908
0.9571048778517655 0.007635142459290564
0.9619397662556433 0.007168453355194545
0.9664963994173694 0.006625178345290972
0.9707720325915102 0.0060158028854799
0.9747640902965183 0.0053523250244943785
0.9784701678661044 0.004648122092251982
0.98188803289772 0.003917752914390961
0.985015626597272 0.003176697994015748
0.9878510650192642 0.0024410434399694237
0.9903926402016152 0.0017271176132196441
0.9926388211944706 0.0010510923218119345
0.9945882549823906 0.00042856274773139563
0.9962397672993549 -0.0001258780111454891
0.9975923633360985 -0.0005990529663027819
0.9986452283393451 -0.0009795869142897318
0.9993977281025862 -0.0012582476058752368
0.9998494093481021 -0.0014282278446223773
1.0 -0.0014853563036536614
