1.0 0.0018501148954996542
0.9998494093481021 0.0019266296912256336
0.9993977281025862 0.0021547120694636037
0.9986452283393451 0.0025300309250390336
0.9975923633360985 0.003045548281581411
0.9962397672993549 0.0036917813332884085
0.9945882549823906 0.004457152261355679
0.9926388211944706 0.005328409854815418
0.9903926402016152 0.006291103864297466
0.9878510650192642 0.0073300908955121645
0.985015626597272 0.00843004960400489
0.98188803289772 0.009575983020500218
0.9784701678661044 0.010753686991800728
0.9747640902965183 0.01195016588149686
0.9707720325915102 0.013153979700298734
0.9664963994173694 0.01435551054621197
0.9619397662556433 0.015547140416119085
0.9571048778517655 0.016723336869332223
0.9519946465617215 0.017880647441783085
0.9466121505977576 0.01901760789669907
0.9409606321741775 0.02013457314544552
0.9350434955543556 0.02123348280497188
0.928864305000136 0.022317575741888376
0.9224267826248536 0.02339106950103344
0.9157348061512727 0.02445882119229267
0.9087924065757916 0.025525986227233524
0.9016037657403225 0.02659769031730875
0.894173213813303 0.0276787284690107
0.8865052266813687 0.028773302471811386
0.8786044232532422 0.0298848057279533
0.8704755626774794 0.031015661387049604
0.8621235414757333 0.03216721679218353
0.8535533905932737 0.03333969437806861
0.8447702723685334 0.03453219652847764
0.8357794774235092 0.035742759617348865
0.8265864214768883 0.03696845061366687
0.8171966420818224 0.03820549827971184
0.8076157952903136 0.039449450157865225
0.7978496522462164 0.04069534621384014
0.7879040957089227 0.041937900147291214
0.7777851165098009 0.043171679935020586
0.7674988099435485 0.044391280061734865
0.7570513720966108 0.04559147903301377
0.746449096114892 0.04676737706599744
0.7356983684129987 0.04791451022927941
0.7248056648273034 0.04902893867650963
0.713777546715141 0.05010730792208256
0.7026206570024947 0.05114688329027478
0.691341716182545 0.052145558695187395
0.6799475182674938 0.053101841757089964
0.6684449266961098 0.054014817924473754
0.6568408701994456 0.054884096755145696
0.645142338627231 0.05570974382753401
0.6333563787374491 0.05649220192401042
0.6214900899516319 0.05723220517274806
0.6095506200784349 0.05793068977429271
0.5975451610080642 0.05858870479191725
0.5854809443801506 0.05920732626532866
0.5733652372276805 0.05978757762535327
0.5612053375996082 0.060330359048699246
0.54900857016478 0.06083638799958953
0.5367822817998334 0.06130615276030359
0.5245338371637088 0.06173988025718526
0.512270614261456 0.06213751894647015
0.4999999999999999 0.062498736943331995
0.4877293857385438 0.06282293497096161
0.475466162836291 0.063109273093096
0.46321771820016633 0.0633567095975104
0.4509914298352198 0.06356404984832816
0.43879466240039156 0.06373000245302818
0.42663476277231926 0.06385323972748472
0.41451905561984914 0.06393245921852651
0.4024548389919357 0.06396644298221067
0.3904493799215649 0.0639541114329619
0.3785099100483679 0.06389456887908179
0.36664362126255073 0.06378713833689194
0.35485766137276875 0.06363138384904045
0.3431591298005543 0.06342711928982654
0.33155507330389 0.06317440347818812
0.320052481732506 0.06287352228501869
0.30865828381745486 0.06252495925823467
0.29737934299750524 0.06212935703781257
0.28622245328485874 0.061687472438422715
0.27519433517269654 0.06120012849157148
0.26430163158700104 0.0606681669264104
0.2535509038851079 0.060092404507877804
0.2429486279033891 0.059473596339476284
0.23250119005645137 0.05881240869131411
0.2222148834901989 0.05810940316595239
0.2120959042910774 0.05736503311557915
0.20215034775378343 0.05657965223794787
0.19238420470968637 0.05575353427830036
0.18280335791817703 0.05488690182685394
0.17341357852311146 0.053979961401131454
0.16422052257649067 0.0530329414064165
0.15522972763146647 0.05204612922961262
0.14644660940672616 0.05101990367760026
0.1378764585242665 0.0499547592352972
0.12952443732252045 0.048851319182304904
0.12139557674675777 0.047710335438128235
0.11349477331863145 0.04653267405053687
0.10582678618669683 0.04531928642729292
0.09839623425967753 0.0440711676521699
0.09120759342420814 0.04278930442834694
0.08426519384872727 0.04147461626155194
0.07757321737514639 0.040127894343769885
0.07113569499986394 0.03874974315112686
0.06495650444564427 0.03734052997114857
0.059039367825822475 0.03590034739341506
0.05338784940224234 0.034428993229284416
0.048005353438278275 0.03292597139476428
0.042895122148234655 0.03139051604715319
0.038060233744356575 0.029821639786672904
0.03350360058263052 0.02821820511459683
0.029227967408489597 0.026579016688317837
0.025235909703481607 0.024902930346183863
0.021529832133895532 0.023188973503279735
0.018111967102280024 0.021436470445761368
0.014984373402728013 0.01964516536004244
0.012148934980735715 0.01781533568394617
0.009607359798384785 0.015947888590644315
0.007361178805529334 0.014044434111725708
0.005411745017609493 0.012107329539631463
0.0037602327006450165 0.010139691257891974
0.0024076366639015356 0.008145371939431411
0.0013547716606548965 0.00612890301724407
0.0006022718974137975 0.004095404343311924
0.00015059065189787502 0.0020504648812141838
0.0 0.0
0.00015059065189787502 -0.0013628040125414308
0.0006022718974137975 -0.002721444505067931
0.0013547716606548965 -0.004071403444084318
0.0024076366639015356 -0.005408557998550624
0.0037602327006450165 -0.006729352535151931
0.005411745017609493 -0.00803094130735295
0.007361178805529334 -0.009311294669701637
0.009607359798384785 -0.010569263676650167
0.012148934980735715 -0.011804600223429612
0.014984373402728013 -0.013017932319466432
0.018111967102280024 -0.01421069650961102
0.021529832133895532 -0.015385031733893313
0.025235909703481607 -0.01654364091175488
0.029227967408489597 -0.017689628139113078
0.03350360058263052 -0.0188263205085366
0.038060233744356575 -0.01995708414673656
0.042895122148234655 -0.02108514408531368
0.048005353438278275 -0.02221341705051667
0.05338784940224234 -0.02334436521930409
0.059039367825822475 -0.024479877516154006
0.06495650444564427 -0.025621183216942803
0.07113569499986394 -0.026768800600603906
0.07757321737514639 -0.02792252127498545
0.08426519384872727 -0.029081428731908898
0.09120759342420814 -0.03024394778386835
0.09839623425967753 -0.031407919913622656
0.10582678618669683 -0.03257069832027359
0.11349477331863145 -0.03372925563756801
0.12139557674675777 -0.034880296968739614
0.12952443732252045 -0.03602037103238321
0.1378764585242665 -0.037145972819611406
0.14644660940672616 -0.038253632169144874
0.15522972763146647 -0.03933998399432023
0.16422052257649067 -0.04040181744548328
0.17341357852311146 -0.04143610295188587
0.18280335791817703 -0.04243999774341132
0.19238420470968637 -0.04341083199178041
0.20215034775378343 -0.04434607903150362
0.2120959042910774 -0.04524331413820232
0.2222148834901989 -0.046100166994151405
0.23250119005645137 -0.046914273222616376
0.2429486279033891 -0.04768323021687248
0.2535509038851079 -0.048404561948287274
0.26430163158700104 -0.049075696558705716
0.27519433517269654 -0.04969395939667407
0.28622245328485874 -0.050256582833509554
0.29737934299750524 -0.05076073279388815
0.30865828381745486 -0.05120355056067553
0.320052481732506 -0.05158220716620633
0.33155507330389 -0.051893966652942485
0.3431591298005543 -0.052136253749723624
0.35485766137276875 -0.05230672111831596
0.36664362126255073 -0.052403311306113025
0.3785099100483679 -0.05242430889502834
0.3904493799215649 -0.052368379037265565
0.4024548389919357 -0.05223458956416834
0.41451905561984914 -0.05202241507183813
0.42663476277231926 -0.05173172273764877
0.43879466240039156 -0.051362741006367486
0.4509914298352198 -0.05091601360169393
0.46321771820016633 -0.050392342471457525
0.475466162836291 -0.04979272417658511
0.4877293857385438 -0.049118284816853236
0.4999999999999999 -0.04837021880433359
0.512270614261456 -0.0475497366280648
0.5245338371637088 -0.04665802620791035
0.5367822817998334 -0.04569623154589549
0.54900857016478 -0.0446654512084488
0.5612053375996082 -0.043566757792625026
0.5733652372276805 -0.04240123803863203
0.5854809443801506 -0.04117005175368399
0.5975451610080642 -0.03987450631376305
0.6095506200784349 -0.03851614230981507
0.6214900899516319 -0.03709682498985387
0.6333563787374491 -0.03561883558585184
0.645142338627231 -0.03408495644754151
0.6568408701994456 -0.03249854415034158
0.6684449266961098 -0.03086358538875064
0.6799475182674938 -0.02918473146871227
0.691341716182545 -0.027467308505974137
0.7026206570024947 -0.025717301934408816
0.713777546715141 -0.023941315525356784
0.7248056648273034 -0.02214650670476491
0.7356983684129987 -0.02034050141715945
0.746449096114892 -0.018531293019656333
0.7570513720966108 -0.016727130605451092
0.7674988099435485 -0.014936402686183233
0.7777851165098009 -0.013167522264470363
0.7879040957089227 -0.01142881899000026
0.7978496522462164 -0.00972844333448645
0.8076157952903136 -0.00807428659274942
0.8171966420818224 -0.006473919097071176
0.8265864214768883 -0.004934547420402587
0.8357794774235092 -0.0034629896578118905
0.8447702723685334 -0.0020656662398624436
0.8535533905932737 -0.0007486022713340105
0.8621235414757333 0.0004825637802502857
0.8704755626774794 0.0016225710008373785
0.8786044232532422 0.0026665328204488695
0.8865052266813687 0.003609945755532358
0.894173213813303 0.004448715471577939
0.9016037657403225 0.005179204336017735
0.9087924065757916 0.005798303005418469
0.9157348061512727 0.006303526631793066
0.9224267826248536 0.006693134101620882
0.928864305000136 0.006966266478565589
0.9350434955543556 0.00712309865836437
0.9409606321741775 0.007164996314505052
0.9466121505977576 0.007094668659767222
0.9519946465617215 0.006916306496576204
0.9571048778517655 0.006635694576227256
0.9619397662556433 0.006260287496782662
0.9664963994173694 0.005799239265698628
0.9707720325915102 0.0052633782176515044
0.9747640902965183 0.004665121149952024
0.9784701678661044 0.004018323217032381
0.98188803289772 0.0033380631768968492
0.985015626597272 0.002640366844199166
0.9878510650192642 0.0019418748969686592
0.9903926402016152 0.001259464319909939
0.9926388211944706 0.0006098355635003377
0.9945882549823906 9.079786687850007e-06
0.9962397672993549 -0.0005277578108707154
0.9975923633360985 -0.0009871016817739058
0.9986452283393451 -0.0013572397103117204
0.9993977281025862 -0.0016286709331809306
0.9998494093481021 -0.00179439267026624
1.0 -0.0018501148954996542
