1.0 0.0018441043709688822
0.9998494093481021 0.0019242941281962574
0.9993977281025862 0.0021633931491518562
0.9986452283393451 0.0025570468338924615
0.9975923633360985 0.003098182066454966
0.9962397672993549 0.003777274996625592
0.9945882549823906 0.004582708335433014
0.9926388211944706 0.005501201678227192
0.9903926402016152 0.00651829517624467
0.9878510650192642 0.007618864700844989
0.985015626597272 0.008787645584104917
0.98188803289772 0.010009742112245437
0.9784701678661044 0.01127110116731392
0.9747640902965183 0.012558930669101983
0.9707720325915102 0.013862046619753822
0.9664963994173694 0.015171136408649788
0.9619397662556433 0.01647893037216214
0.9571048778517655 0.017780278179274345
0.9519946465617215 0.019072131182249236
0.9466121505977576 0.020353436193291136
0.9409606321741775 0.021624950008114003
0.9350434955543556 0.022888987214540968
0.928864305000136 0.024149116261332655
0.9224267826248536 0.025409820331548778
0.9157348061512727 0.026676140230496127
0.9087924065757916 0.02795331627717048
0.9016037657403225 0.029246445144717068
0.894173213813303 0.030560165836201508
0.8865052266813687 0.03189838664632274
0.8786044232532422 0.033264062209847386
0.8704755626774794 0.034659026747444414
0.8621235414757333 0.03608388656387273
0.8535533905932737 0.03753797189691462
0.8447702723685334 0.03901934550402002
0.8357794774235092 0.04052486302714965
0.8265864214768883 0.042050278283478675
0.8171966420818224 0.0435903852453568
0.8076157952903136 0.04513918761813129
0.7978496522462164 0.04669008658803273
0.7879040957089227 0.04823607745514201
0.7777851165098009 0.04976994642671122
0.7674988099435485 0.05128445974573915
0.7570513720966108 0.05277253848129141
0.746449096114892 0.05422741362047331
0.7356983684129987 0.05564275749060981
0.7248056648273034 0.05701278892605086
0.713777546715141 0.05833235091159972
0.7026206570024947 0.05959696063323507
0.691341716182545 0.06080283291174849
0.6799475182674938 0.061946878866651976
0.6684449266961098 0.06302668235038031
0.6568408701994456 0.06404045721166032
0.645142338627231 0.06498698880512203
0.6333563787374491 0.06586556337962239
0.6214900899516319 0.06667588906965814
0.6095506200784349 0.06741801220080824
0.5975451610080642 0.06809223251639124
0.5854809443801506 0.06869902074924622
0.5733652372276805 0.06923894170615764
0.5612053375996082 0.06971258570563219
0.54900857016478 0.07012051081287922
0.5367822817998334 0.0704631978488967
0.5245338371637088 0.07074101961518264
0.512270614261456 0.07095422517719274
0.4999999999999999 0.07110293939913309
0.4877293857385438 0.07118717723748125
0.475466162836291 0.07120687160513395
0.46321771820016633 0.07116191294299973
0.4509914298352198 0.07105219801677196
0.43879466240039156 0.07087768493170746
0.42663476277231926 0.07063845096533469
0.41451905561984914 0.07033474959130813
0.4024548389919357 0.0699670630342302
0.3904493799215649 0.06953614687207443
0.3785099100483679 0.06904306359393869
0.36664362126255073 0.06848920261576927
0.35485766137276875 0.06787628502976026
0.3431591298005543 0.0672063522741117
0.33155507330389 0.06648173890574718
0.320052481732506 0.06570503067682669
0.30865828381745486 0.06487901008824899
0.29737934299750524 0.0640065924508702
0.28622245328485874 0.06309075616337105
0.27519433517269654 0.062134471359703555
0.26430163158700104 0.06114063124826476
0.2535509038851079 0.06011199033700437
0.2429486279033891 0.05905111331196124
0.23250119005645137 0.0579603376315911
0.2222148834901989 0.056841751957432705
0.2120959042910774 0.05569719142413292
0.20215034775378343 0.05452824953499945
0.19238420470968637 0.053336305239763286
0.18280335791817703 0.05212256259994197
0.17341357852311146 0.05088809946238078
0.16422052257649067 0.049633920822191896
0.15522972763146647 0.04836101212573297
0.14644660940672616 0.047070387684875245
0.1378764585242665 0.045763129663081666
0.12952443732252045 0.0444404137421882
0.12139557674675777 0.04310351854942939
0.11349477331863145 0.04175381715496398
0.10582678618669683 0.04039275035718162
0.09839623425967753 0.039021782956696734
0.09120759342420814 0.03764234567143166
0.08426519384872727 0.036255766654659835
0.07757321737514639 0.034863197642378
0.07113569499986394 0.033465540487761604
0.06495650444564427 0.03206338017235513
0.059039367825822475 0.030656930276940636
0.05338784940224234 0.029245996341515458
0.048005353438278275 0.027829961567632382
0.042895122148234655 0.026407797973084488
0.038060233744356575 0.024978104482310425
0.03350360058263052 0.02353917163250905
0.029227967408489597 0.022089070717469163
0.025235909703481607 0.02062576340789365
0.021529832133895532 0.019147226305905835
0.018111967102280024 0.017651583628688516
0.014984373402728013 0.016137240368365325
0.012148934980735715 0.014603007911882623
0.009607359798384785 0.01304821426301722
0.007361178805529334 0.011472791690385571
0.005411745017609493 0.009877335795905886
0.0037602327006450165 0.008263131588658176
0.0024076366639015356 0.006632144060660671
0.0013547716606548965 0.004986972871482322
0.0006022718974137975 0.0033307729204978113
0.00015059065189787502 0.0016671446759484662
0.0 0.0
0.00015059065189787502 -0.001645997128594273
0.0006022718974137975 -0.003286796513496167
0.0013547716606548965 -0.004916846707005526
0.0024076366639015356 -0.006530990349738333
0.0037602327006450165 -0.008124637748404441
0.005411745017609493 -0.009693913494676139
0.007361178805529334 -0.011235769389886416
0.009607359798384785 -0.012748058705122701
0.012148934980735715 -0.014229568817923378
0.014984373402728013 -0.01568001141268883
0.018111967102280024 -0.017099971592749917
0.021529832133895532 -0.018490819308621342
0.025235909703481607 -0.019854588347190328
0.029227967408489597 -0.021193829651893373
0.03350360058263052 -0.022511446874881016
0.038060233744356575 -0.02381052274294618
0.042895122148234655 -0.025094145020361953
0.048005353438278275 -0.026365240572525487
0.05338784940224234 -0.027626425300931606
0.059039367825822475 -0.028879876584792893
0.06495650444564427 -0.03012723340218427
0.07113569499986394 -0.031369527606075205
0.07757321737514639 -0.032607148001951976
0.08426519384872727 -0.03383983702320771
0.09120759342420814 -0.03506671803606583
0.09839623425967753 -0.03628634972766841
0.10582678618669683 -0.03749680272553393
0.11349477331863145 -0.038695752631554906
0.12139557674675777 -0.039880583074245246
0.12952443732252045 -0.04104849220941046
0.1378764585242665 -0.0421965963265999
0.14644660940672616 -0.04332202481674877
0.15522972763146647 -0.044422001673226845
0.16422052257649067 -0.04549390986356516
0.17341357852311146 -0.04653533623840381
0.18280335791817703 -0.04754409604587523
0.19238420470968637 -0.048518237500225006
0.20215034775378343 -0.04945602812394743
0.2120959042910774 -0.05035592566425789
0.2222148834901989 -0.05121653721370933
0.23250119005645137 -0.05203657069661855
0.2429486279033891 -0.05281478309481305
0.2535509038851079 -0.0535499296778257
0.26430163158700104 -0.05424071809611342
0.27519433517269654 -0.05488577053344869
0.28622245328485874 -0.05548359625552495
0.29737934299750524 -0.05603257590766499
0.30865828381745486 -0.056530957884090086
0.320052481732506 -0.05697686609469013
0.33155507330389 -0.05736831756843849
0.3431591298005543 -0.05770324762155091
0.35485766137276875 -0.05797953983471548
0.36664362126255073 -0.05819505786062235
0.3785099100483679 -0.0583476761335307
0.3904493799215649 -0.058435306868352604
0.4024548389919357 -0.05845592128871562
0.41451905561984914 -0.058407563764257375
0.42663476277231926 -0.058288358404673495
0.43879466240039156 -0.058096508579184934
0.4509914298352198 -0.057830290727644645
0.46321771820016633 -0.05748804462694869
0.475466162836291 -0.057068162903964235
0.4877293857385438 -0.05656908298613457
0.4999999999999999 -0.05598928481217458
0.512270614261456 -0.055327297466735356
0.5245338371637088 -0.054581717455420516
0.5367822817998334 -0.05375124062324027
0.54900857016478 -0.05283470878470802
0.5612053375996082 -0.05183117103978748
0.5733652372276805 -0.0507399585733014
0.5854809443801506 -0.049560770561471006
0.5975451610080642 -0.048293767725898565
0.6095506200784349 -0.04693966916675303
0.6214900899516319 -0.0454998474474361
0.6333563787374491 -0.04397641655119
0.645142338627231 -0.042372307324234235
0.6568408701994456 -0.04069132537468087
0.6684449266961098 -0.03893818710088409
0.6799475182674938 -0.037118530540911895
0.691341716182545 -0.03523889900691862
0.7026206570024947 -0.03330669691492839
0.713777546715141 -0.03133011874774902
0.7248056648273034 -0.029318053593816586
0.7356983684129987 -0.027279969083690063
0.746449096114892 -0.0252257797006194
0.7570513720966108 -0.02316570528705562
0.7674988099435485 -0.0211101260395848
0.7777851165098009 -0.019069440339584805
0.7879040957089227 -0.01705393139317901
0.7978496522462164 -0.015073647868984312
0.8076157952903136 -0.01313830257249058
0.8171966420818224 -0.011257191755619553
0.8265864214768883 -0.009439136025798135
0.8357794774235092 -0.00769244210418287
0.8447702723685334 -0.0060248830101151205
0.8535533905932737 -0.004443692742130089
0.8621235414757333 -0.0029555703008538655
0.8704755626774794 -0.001566687055961576
0.8786044232532422 -0.0002826910746626984
0.8865052266813687 0.0008912978499355439
0.894173213813303 0.0019507080923489525
0.9016037657403225 0.002891555495389991
0.9087924065757916 0.0037105049880454834
0.9157348061512727 0.004404955507349124
0.9224267826248536 0.004973147058173159
0.928864305000136 0.005414286501627874
0.9350434955543556 0.005728686480518644
0.9409606321741775 0.005917909922963498
0.9466121505977576 0.005984910959092548
0.9519946465617215 0.005934161969531649
0.9571048778517655 0.005771755960412508
0.9619397662556433 0.005505473596228861
0.9664963994173694 0.005144805047723126
0.9707720325915102 0.004700918313271586
0.9747640902965183 0.004186567792019805
0.9784701678661044 0.0036159395276698773
0.98188803289772 0.003004432569947771
0.985015626597272 0.002368379154614241
0.9878510650192642 0.0017247097015630332
0.9903926402016152 0.001090571784834528
0.9926388211944706 0.0004829150520461686
0.9945882549823906 -8.194360794133823e-05
0.9962397672993549 -0.0005887586778920049
0.9975923633360985 -0.0010237815229111383
0.9986452283393451 -0.0013751558360268717
0.9993977281025862 -0.0016332668300754968
0.9998494093481021 -0.0017910295913237178
1.0 -0.0018441043709688822
