1.0 0.0014923274247538025
0.9998494093481021 0.0015672462213474608
0.9993977281025862 0.001790593608094122
0.9986452283393451 0.002158197388258732
0.9975923633360985 0.0026632840216062525
0.9962397672993549 0.0032967398880427556
0.9945882549823906 0.004047459703871685
0.9926388211944706 0.004902765836097843
0.9903926402016152 0.005848879113833919
0.9878510650192642 0.006871419593099727
0.985015626597272 0.00795591469139252
0.98188803289772 0.009088292208647607
0.9784701678661044 0.010255336965636812
0.9747640902965183 0.011445092032886963
0.9707720325915102 0.01264718865174054
0.9664963994173694 0.013853092777945821
0.9619397662556433 0.015056260487481866
0.9571048778517655 0.01625219903464001
0.9519946465617215 0.01743843489863692
0.9466121505977576 0.01861439446086481
0.9409606321741775 0.019781206805978772
0.9350434955543556 0.020941441355534458
0.928864305000136 0.022098795484589755
0.9224267826248536 0.02325774885000103
0.9157348061512727 0.02442320183616663
0.9087924065757916 0.025600115313074455
0.9016037657403225 0.026793167863952985
0.894173213813303 0.028006444878566336
0.8865052266813687 0.029243171559503112
0.8786044232532422 0.03050549911232884
0.8704755626774794 0.0317943503583664
0.8621235414757333 0.033109327894987904
0.8535533905932737 0.03444868489780209
0.8447702723685334 0.035809355859507695
0.8357794774235092 0.03718704211395607
0.8265864214768883 0.03857634499351398
0.8171966420818224 0.039970937972558455
0.8076157952903136 0.04136376818584406
0.7978496522462164 0.04274727727178436
0.7879040957089227 0.044113631543478415
0.7777851165098009 0.04545495197767168
0.7674988099435485 0.046763535359914524
0.7570513720966108 0.04803205904884212
0.746449096114892 0.049253763135811784
0.7356983684129987 0.05042260519248042
0.7248056648273034 0.051533384240025175
0.713777546715141 0.05258183197266009
0.7026206570024947 0.053564670571740775
0.691341716182545 0.05447963761684477
0.6799475182674938 0.05532547961317294
0.6684449266961098 0.05610191650005509
0.6568408701994456 0.05680958018376709
0.645142338627231 0.05744993065776941
0.6333563787374491 0.058025153648242
0.6214900899516319 0.05853804396768809
0.6095506200784349 0.058991878889013576
0.5975451610080642 0.05939028587889492
0.5854809443801506 0.05973710896079596
0.5733652372276805 0.06003627781917097
0.5612053375996082 0.060291683508401576
0.54900857016478 0.060507064292082025
0.5367822817998334 0.0606859047094293
0.5245338371637088 0.06083135044674393
0.512270614261456 0.06094614098772147
0.4999999999999999 0.06103256133730117
0.4877293857385438 0.061092413376593095
0.475466162836291 0.061127006635279285
0.46321771820016633 0.06113716749339476
0.4509914298352198 0.061123265082507656
0.43879466240039156 0.061085251486163436
0.42663476277231926 0.06102271328056541
0.41451905561984914 0.06093493104559526
0.4024548389919357 0.06082094324410125
0.3904493799215649 0.06067961083536542
0.3785099100483679 0.060509679166423705
0.36664362126255073 0.0603098340683948
0.35485766137276875 0.06007874965557119
0.3431591298005543 0.059815126049936315
0.33155507330389 0.059517716087464395
0.320052481732506 0.05918534094948915
0.30865828381745486 0.058816895540655056
0.29737934299750524 0.05841134524057879
0.28622245328485874 0.05796771632827301
0.27519433517269654 0.057485082863237
0.26430163158700104 0.056962553063684494
0.2535509038851079 0.05639925822538656
0.2429486279033891 0.055794346967346524
0.23250119005645137 0.05514698708619712
0.2222148834901989 0.05445637658269426
0.2120959042910774 0.05372176454178843
0.20215034775378343 0.05294248156796422
0.19238420470968637 0.05211797847549624
0.18280335791817703 0.05124787098925894
0.17341357852311146 0.05033198740461888
0.16422052257649067 0.049370415556011314
0.15522972763146647 0.04836354511088644
0.14644660940672616 0.04731210117826411
0.1378764585242665 0.04621716551645933
0.12952443732252045 0.04508018223565971
0.12139557674675777 0.04390294578634897
0.11349477331863145 0.04268757014936331
0.10582678618669683 0.04143643942319061
0.09839623425967753 0.040152141349734126
0.09120759342420814 0.03883738663338577
0.08426519384872727 0.037494918090666414
0.07757321737514639 0.03612741462561389
0.07113569499986394 0.03473739567938372
0.06495650444564427 0.033327132090537934
0.059039367825822475 0.031898569189208796
0.05338784940224234 0.03045326742573079
0.048005353438278275 0.028992364923856623
0.042895122148234655 0.02751656510040735
0.038060233744356575 0.026026150983056343
0.03350360058263052 0.02452102618277433
0.029227967408489597 0.023000780748590594
0.025235909703481607 0.021464778467852552
0.021529832133895532 0.019912260691624682
0.018111967102280024 0.018342460568827983
0.014984373402728013 0.01675472075298883
0.012148934980735715 0.015148607266394843
0.009607359798384785 0.013524012302962992
0.007361178805529334 0.011881239325706295
0.005411745017609493 0.010221064836771187
0.0037602327006450165 0.008544772605628885
0.0024076366639015356 0.0068541578447609535
0.0013547716606548965 0.005151500711213609
0.0006022718974137975 0.0034395104619488184
0.00015059065189787502 0.0017212434709283533
0.0 0.0
0.00015059065189787502 -0.0015846351288248293
0.0006022718974137975 -0.003165896852203111
0.0013547716606548965 -0.004740115361655305
0.0024076366639015356 -0.006303919216558166
0.0037602327006450165 -0.00785436505656263
0.005411745017609493 -0.00938904499487511
0.007361178805529334 -0.010906166193538116
0.009607359798384785 -0.012404598641052979
0.012148934980735715 -0.013883888881269842
0.014984373402728013 -0.015344239281813915
0.018111967102280024 -0.01678645427593853
0.021529832133895532 -0.01821185675936698
0.025235909703481607 -0.01962217937551792
0.029227967408489597 -0.02101943669269551
0.03350360058263052 -0.022405785196561803
0.038060233744356575 -0.02378337854266868
0.042895122148234655 -0.025154225612796854
0.048005353438278275 -0.026520058595989587
0.05338784940224234 -0.027882217595750394
0.059039367825822475 -0.029241557197059426
0.06495650444564427 -0.030598379078603438
0.07113569499986394 -0.0319523932103937
0.07757321737514639 -0.03330270852860107
0.08426519384872727 -0.0346478523263943
0.09120759342420814 -0.03598581603884464
0.09839623425967753 -0.03731412372130834
0.10582678618669683 -0.038629918401227856
0.11349477331863145 -0.03993006068293839
0.12139557674675777 -0.04121123354315701
0.12952443732252045 -0.04247004718794557
0.1378764585242665 -0.04370313814325047
0.14644660940672616 -0.04490725739116633
0.15522972763146647 -0.046079343292961816
0.16422052257649067 -0.04721657619082171
0.17341357852311146 -0.04831641287394908
0.18280335791817703 -0.049376600444729093
0.19238420470968637 -0.050395170439200804
0.20215034775378343 -0.051370415259450866
0.2120959042910774 -0.05230084998967829
0.2222148834901989 -0.053185163432819774
0.23250119005645137 -0.05402216267899549
0.2429486279033891 -0.054810715679355484
0.2535509038851079 -0.0555496961494349
0.26430163158700104 -0.05623793468633985
0.27519433517269654 -0.05687417929487057
0.28622245328485874 -0.057457067636242976
0.29737934299750524 -0.05798511230875466
0.30865828381745486 -0.058456699419065776
0.320052481732506 -0.05887009968397184
0.33155507330389 -0.059223490390051696
0.3431591298005543 -0.05951498579775817
0.35485766137276875 -0.05974267305909753
0.36664362126255073 -0.059904650458494725
0.3785099100483679 -0.05999906479957914
0.3904493799215649 -0.060024145040638834
0.4024548389919357 -0.059978229802410285
0.41451905561984914 -0.05985978708950118
0.42663476277231926 -0.059667425421911016
0.43879466240039156 -0.059399896496014556
0.4509914298352198 -0.05905609040969361
0.46321771820016633 -0.058635025318824655
0.475466162836291 -0.05813583407251281
0.4877293857385438 -0.057557750843737036
0.4999999999999999 -0.05690010098731735
0.512270614261456 -0.056162297294141544
0.5245338371637088 -0.055343845466202336
0.5367822817998334 -0.054444361029623474
0.54900857016478 -0.05346359907155418
0.5612053375996082 -0.05240149718876656
0.5733652372276805 -0.051258230942437026
0.5854809443801506 -0.0500342800056128
0.5975451610080642 -0.04873050215142602
0.6095506200784349 -0.047348211342697365
0.6214900899516319 -0.045889255519907086
0.6333563787374491 -0.04435608930295992
0.645142338627231 -0.042751836762079456
0.6568408701994456 -0.041080339691445006
0.6684449266961098 -0.039346187428446276
0.6799475182674938 -0.03755472516986405
0.691341716182545 -0.03571203888926307
0.7026206570024947 -0.03382491628327908
0.713777546715141 -0.031900784579485315
0.7248056648273034 -0.029947627427636844
0.7356983684129987 -0.027973884369904736
0.746449096114892 -0.025988337450063567
0.7570513720966108 -0.023999990294455077
0.7674988099435485 -0.022017945415355872
0.7777851165098009 -0.020051285510139762
0.7879040957089227 -0.018108964144557083
0.7978496522462164 -0.016199710431763374
0.8076157952903136 -0.014331951195393745
0.8171966420818224 -0.012513752706513042
0.8265864214768883 -0.010752782504483485
0.8357794774235092 -0.00905629016096065
0.8447702723685334 -0.007431104243756401
0.8535533905932737 -0.005883641303734907
0.8621235414757333 -0.0044199215563419615
0.8704755626774794 -0.0030455851573810326
0.8786044232532422 -0.001765902654829543
0.8865052266813687 -0.00058577338042256
0.894173213813303 0.0004902937612349082
0.9016037657403225 0.0014582214651343434
0.9087924065757916 0.0023144299048769475
0.9157348061512727 0.0030559281086185264
0.9224267826248536 0.003680429445379125
0.928864305000136 0.00418648757454697
0.9350434955543556 0.004573647017911901
0.9409606321741775 0.004842600540448659
0.9466121505977576 0.004995343919008685
0.9519946465617215 0.005035317565321478
0.9571048778517655 0.0049675239530670295
0.9619397662556433 0.004798609946111718
0.9664963994173694 0.004536903964663858
0.9707720325915102 0.004192399443856578
0.9747640902965183 0.0037766781777948425
0.9784701678661044 0.0033027698033393036
0.98188803289772 0.002784946727958251
0.985015626597272 0.0022384570825243356
0.9878510650192642 0.0016792016014724122
0.9903926402016152 0.0011233635093491471
0.9926388211944706 0.0005870033375636457
0.9945882549823906 8.563293567268038e-05
0.9962397672993549 -0.00036621536935662995
0.9975923633360985 -0.0007554075873163482
0.9986452283393451 -0.00107059788313327
0.9993977281025862 -0.0013025731978227283
0.9998494093481021 -0.0014445380710328473
1.0 -0.0014923274247538025
