1.0 0.001538907949815123
0.9998494093481021 0.0016216346446178574
0.9993977281025862 0.0018683110006859648
0.9986452283393451 0.0022744825245154046
0.9975923633360985 0.002832911402413274
0.9962397672993549 0.00353384694755139
0.9945882549823906 0.004365386580014041
0.9926388211944706 0.0053139108007352965
0.9903926402016152 0.006364572404380136
0.9878510650192642 0.007501817972466907
0.985015626597272 0.008709918597040463
0.98188803289772 0.009973486845493876
0.9784701678661044 0.011277958163670934
0.9747640902965183 0.012610017141228735
0.9707720325915102 0.013957952189639404
0.9664963994173694 0.01531192602291171
0.9619397662556433 0.016664153664159874
0.9571048778517655 0.01800898428738621
0.9519946465617215 0.019342887797320716
0.9466121505977576 0.020664351413330333
0.9409606321741775 0.021973695440517582
0.9350434955543556 0.023272820699644106
0.928864305000136 0.02456490260732825
0.9224267826248536 0.025854048557461623
0.9157348061512727 0.027144936013903748
0.9087924065757916 0.028442448594411737
0.9016037657403225 0.029751326465494707
0.894173213813303 0.031075845678279087
0.8865052266813687 0.03241953879081235
0.8786044232532422 0.033784966400392705
0.8704755626774794 0.035173546221173475
0.8621235414757333 0.03658544326017721
0.8535533905932737 0.038019521633410026
0.8447702723685334 0.03947335577023641
0.8357794774235092 0.040943296301283925
0.8265864214768883 0.04242458390599426
0.8171966420818224 0.043911502871119265
0.8076157952903136 0.04539756510855776
0.7978496522462164 0.046875714896126366
0.7879040957089227 0.04833854460647935
0.7777851165098009 0.04977851212290187
0.7674988099435485 0.05118815143465456
0.7570513720966108 0.05256026897712709
0.746449096114892 0.05388811954739773
0.7356983684129987 0.05516555699998853
0.7248056648273034 0.05638715633363483
0.713777546715141 0.057548305151501764
0.7026206570024947 0.058645263761438894
0.691341716182545 0.05967519434082776
0.6799475182674938 0.060636160597674404
0.6684449266961098 0.061527100203866925
0.6568408701994456 0.06234777295650777
0.645142338627231 0.06309868814522641
0.6333563787374491 0.06378101497850489
0.6214900899516319 0.06439648016342236
0.6095506200784349 0.06494725685361522
0.5975451610080642 0.06543584919032375
0.5854809443801506 0.06586497656880155
0.5733652372276805 0.06623746157158869
0.5612053375996082 0.06655612522321408
0.54900857016478 0.066823692838628
0.5367822817998334 0.06704271326147773
0.5245338371637088 0.06721549372210477
0.512270614261456 0.0673440518970545
0.4999999999999999 0.06743008603591463
0.4877293857385438 0.06747496325806365
0.475466162836291 0.06747972533882773
0.46321771820016633 0.06744511053508678
0.4509914298352198 0.06737158928250789
0.43879466240039156 0.06725941097044151
0.42663476277231926 0.06710865850546323
0.41451905561984914 0.06691930704593935
0.4024548389919357 0.06669128315586238
0.3904493799215649 0.06642452070422633
0.3785099100483679 0.06611901013124977
0.36664362126255073 0.06577483820527673
0.35485766137276875 0.0653922160797212
0.3431591298005543 0.06497149428925868
0.33155507330389 0.06451316424753208
0.320052481732506 0.06401784676455724
0.30865828381745486 0.06348626902511048
0.29737934299750524 0.06291923229337482
0.28622245328485874 0.06231757327215391
0.27519433517269654 0.061682122494558775
0.26430163158700104 0.06101366332361923
0.2535509038851079 0.06031289505967641
0.2429486279033891 0.059580403305476495
0.23250119005645137 0.05881664013433618
0.2222148834901989 0.05802191578755641
0.2120959042910774 0.05719640265143753
0.20215034775378343 0.056340151204058574
0.19238420470968637 0.0554531165589425
0.18280335791817703 0.05453519325161668
0.17341357852311146 0.05358625509749572
0.16422052257649067 0.05260619636743526
0.15522972763146647 0.051594970237065975
0.14644660940672616 0.05055262050339829
0.1378764585242665 0.04947930293878009
0.12952443732252045 0.04837529335369016
0.12139557674675777 0.04724098042574481
0.11349477331863145 0.04607684255854314
0.10582678618669683 0.04488340937661149
0.09839623425967753 0.04366120984357048
0.09120759342420814 0.0424107103043089
0.08426519384872727 0.041132246893428225
0.07757321737514639 0.03982595762490825
0.07113569499986394 0.03849172000117553
0.06495650444564427 0.03712910009544286
0.059039367825822475 0.03573731873893577
0.05338784940224234 0.03431523968500719
0.048005353438278275 0.03286138345773539
0.042895122148234655 0.03137396908669909
0.038060233744356575 0.029850984172670684
0.03350360058263052 0.028290281832895288
0.029227967408489597 0.02668970116546049
0.025235909703481607 0.025047206081553582
0.021529832133895532 0.023361035809990313
0.018111967102280024 0.021629859195256913
0.014984373402728013 0.019852924182102515
0.012148934980735715 0.01803019367169028
0.009607359798384785 0.01616245927805767
0.007361178805529334 0.01425142540413114
0.005411745017609493 0.012299757451789293
0.0037602327006450165 0.010311089803622048
0.0024076366639015356 0.008289991358134432
0.0013547716606548965 0.0062418887348993845
0.0006022718974137975 0.004172949646563652
0.00015059065189787502 0.00208993121057552
0.0 0.0
0.00015059065189787502 -0.0019330734579416388
0.0006022718974137975 -0.0038582302616794427
0.0013547716606548965 -0.00576730459933951
0.0024076366639015356 -0.007652550484124561
0.0037602327006450165 -0.009506829475781098
0.005411745017609493 -0.011323772889140124
0.007361178805529334 -0.013097912048157587
0.009607359798384785 -0.014824771762264388
0.012148934980735715 -0.01650092404802894
0.014984373402728013 -0.018124001090672512
0.018111967102280024 -0.019692668428127627
0.021529832133895532 -0.02120656123639155
0.025235909703481607 -0.02266618829649106
0.029227967408489597 -0.02407280964025649
0.03350360058263052 -0.025428294931423474
0.038060233744356575 -0.02673497028891151
0.042895122148234655 -0.027995461473242854
0.048005353438278275 -0.029212541133313886
0.05338784940224234 -0.03038898717283464
0.059039367825822475 -0.03152745829111701
0.06495650444564427 -0.0326303914494912
0.07113569499986394 -0.0336999244967003
0.07757321737514639 -0.03473784554939508
0.08426519384872727 -0.035745569067675946
0.09120759342420814 -0.03672413698982769
0.09839623425967753 -0.037674241887251284
0.10582678618669683 -0.03859626794981486
0.11349477331863145 -0.03949034477584541
0.12139557674675777 -0.04035640846132113
0.12952443732252045 -0.04119426437791841
0.1378764585242665 -0.042003646293936506
0.14644660940672616 -0.042784267097085056
0.15522972763146647 -0.04353585727398293
0.16422052257649067 -0.04425818842077663
0.17341357852311146 -0.04495108032238762
0.18280335791817703 -0.045614391456808616
0.19238420470968637 -0.046247994066076124
0.20215034775378343 -0.04685173610161745
0.2120959042910774 -0.04742539332279787
0.2222148834901989 -0.04796861554236511
0.23250119005645137 -0.0484808714281411
0.2429486279033891 -0.048961396364794706
0.2535509038851079 -0.04940914765306202
0.26430163158700104 -0.049822770798524436
0.27519433517269654 -0.05020057986032445
0.28622245328485874 -0.050540553851376784
0.29737934299750524 -0.05084035007792675
0.30865828381745486 -0.051097334157656264
0.320052481732506 -0.051308625344009234
0.33155507330389 -0.05147115478847137
0.3431591298005543 -0.05158173356161607
0.35485766137276875 -0.05163712668335218
0.36664362126255073 -0.0516341291208043
0.3785099100483679 -0.05156963971611633
0.3904493799215649 -0.051440729302183026
0.4024548389919357 -0.05124469982671778
0.41451905561984914 -0.05097913208965133
0.42663476277231926 -0.050641920645007006
0.43879466240039156 -0.05023129545374577
0.4509914298352198 -0.04974583091972009
0.46321771820016633 -0.04918444391713171
0.475466162836291 -0.048546383250068964
0.4877293857385438 -0.0478312136086434
0.4999999999999999 -0.04703879745307343
0.512270614261456 -0.046169278336922116
0.5245338371637088 -0.04522306896512174
0.5367822817998334 -0.044200846785201864
0.54900857016478 -0.043103559166566656
0.5612053375996082 -0.041932439287201535
0.5733652372276805 -0.04068903278969772
0.5854809443801506 -0.03937523416931185
0.5975451610080642 -0.037993330800966944
0.6095506200784349 -0.03654605158314062
0.6214900899516319 -0.03503661645023969
0.6333563787374491 -0.03346878254352163
0.645142338627231 -0.031846882677686074
0.6568408701994456 -0.03017585191760878
0.6684449266961098 -0.028461238584811283
0.6799475182674938 -0.026709196819022746
0.691341716182545 -0.02492645887623751
0.7026206570024947 -0.023120286580522918
0.713777546715141 -0.021298402676529826
0.7248056648273034 -0.019468904157670608
0.7356983684129987 -0.017640160872852986
0.746449096114892 -0.015820703748400708
0.7570513720966108 -0.014019107718506002
0.7674988099435485 -0.012243874872096794
0.7777851165098009 -0.010503323354170702
0.7879040957089227 -0.008805487190021045
0.7978496522462164 -0.007158031444692193
0.8076157952903136 -0.005568186029526163
0.8171966420818224 -0.004042700091574596
0.8265864214768883 -0.0025878173613634974
0.8357794774235092 -0.0012092711983727224
0.8447702723685334 8.77035202937295e-05
0.8535533905932737 0.0012983459543602892
0.8621235414757333 0.0024183377408701
0.8704755626774794 0.0034437705468561997
0.8786044232532422 0.004371119294430022
0.8865052266813687 0.005197227456265666
0.894173213813303 0.0059193101465507166
0.9016037657403225 0.006534979569789634
0.9087924065757916 0.0070422957933242766
0.9157348061512727 0.007439843867611625
0.9224267826248536 0.007726836147487541
0.928864305000136 0.007903236405166578
0.9350434955543556 0.00796990012141795
0.9409606321741775 0.007928723348063752
0.9466121505977576 0.007782790898459413
0.9519946465617215 0.0075365134718228515
0.9571048778517655 0.007195742755103836
0.9619397662556433 0.006767853641900771
0.9664963994173694 0.006261783491938273
0.9707720325915102 0.005688019814627195
0.9747640902965183 0.005058529841088067
0.9784701678661044 0.004386628054826262
0.98188803289772 0.003686780750176172
0.985015626597272 0.002974349919223601
0.9878510650192642 0.0022652820522844523
0.9903926402016152 0.0015757505855393096
0.9926388211944706 0.0009217635561251619
0.9945882549823906 0.0003187503580185016
0.9962397672993549 -0.00021885681555224262
0.9975923633360985 -0.0006780303183556584
0.9986452283393451 -0.0010475265465506372
0.9993977281025862 -0.0013182216778643164
0.9998494093481021 -0.0014833893080518018
1.0 -0.001538907949815123
