1.0 0.001975547503676742
0.9998494093481021 0.002052366548071682
0.9993977281025862 0.0022814095641824008
0.9986452283393451 0.0026584880415968133
0.9975923633360985 0.0031767980877869155
0.9962397672993549 0.0038271772083614828
0.9945882549823906 0.0045984469538404675
0.9926388211944706 0.005477825652653106
0.9903926402016152 0.0064513923939111
0.9878510650192642 0.0075045813401539265
0.985015626597272 0.008622684435387173
0.98188803289772 0.009791340662788462
0.9784701678661044 0.01099699117342032
0.9747640902965183 0.012227281767326681
0.9707720325915102 0.013471397223845721
0.9664963994173694 0.014720315667546455
0.9619397662556433 0.015966975306485415
0.9571048778517655 0.0172063502581773
0.9519946465617215 0.01843543654860351
0.9466121505977576 0.01965315350252777
0.9409606321741775 0.020860169433060037
0.9350434955543556 0.02205866361149819
0.928864305000136 0.02325203882345826
0.9224267826248536 0.02444460031019456
0.9157348061512727 0.025641217521130213
0.9087924065757916 0.02684698488104767
0.9016037657403225 0.02806689676546818
0.894173213813303 0.02930555018287854
0.8865052266813687 0.030566886416762615
0.8786044232532422 0.03185398023988312
0.8704755626774794 0.033168882445185816
0.8621235414757333 0.034512518509933074
0.8535533905932737 0.03588464338059429
0.8447702723685334 0.03728384977584294
0.8357794774235092 0.03870762516872997
0.8265864214768883 0.04015245081169475
0.8171966420818224 0.0416139348618993
0.8076157952903136 0.043086970868972334
0.7978496522462164 0.044565912591255794
0.7879040957089227 0.04604475627157686
0.7777851165098009 0.04751732206908056
0.7674988099435485 0.0489774272337059
0.7570513720966108 0.050419044739424455
0.746449096114892 0.05183644237378831
0.7356983684129987 0.05322429863057475
0.7248056648273034 0.05457779309375725
0.713777546715141 0.055892670271351315
0.7026206570024947 0.0571652769881805
0.691341716182545 0.05839257444413004
0.6799475182674938 0.05957212687092949
0.6684449266961098 0.060702069371320194
0.6568408701994456 0.061781058005937
0.645142338627231 0.06280820551951505
0.6333563787374491 0.06378300628783796
0.6214900899516319 0.06470525414026707
0.6095506200784349 0.06557495668852725
0.5975451610080642 0.06639224968614509
0.5854809443801506 0.06715731476550517
0.5733652372276805 0.06787030365711157
0.5612053375996082 0.06853127169032801
0.54900857016478 0.06914012300577119
0.5367822817998334 0.06969656947478729
0.5245338371637088 0.0702001048202977
0.512270614261456 0.0706499948682223
0.4999999999999999 0.07104528423719525
0.4877293857385438 0.07138481911022859
0.475466162836291 0.07166728504609718
0.46321771820016633 0.07189125810787023
0.4509914298352198 0.07205526694399725
0.43879466240039156 0.07215786288992972
0.42663476277231926 0.07219769470250122
0.41451905561984914 0.07217358423001732
0.4024548389919357 0.07208459918749893
0.3904493799215649 0.07193011926945703
0.3785099100483679 0.07170989210133576
0.36664362126255073 0.07142407600156964
0.35485766137276875 0.07107326718115721
0.3431591298005543 0.07065850981494845
0.33155507330389 0.07018128833409719
0.320052481732506 0.0696435022579297
0.30865828381745486 0.06904742484485456
0.29737934299750524 0.06839564773260204
0.28622245328485874 0.06769101449712321
0.27519433517269654 0.06693654663308973
0.26430163158700104 0.06613536580483176
0.2535509038851079 0.0652906163076908
0.2429486279033891 0.06440539150701328
0.23250119005645137 0.06348266759553615
0.2222148834901989 0.06252524735908327
0.2120959042910774 0.06153571581226776
0.20215034775378343 0.06051640862179557
0.19238420470968637 0.05946939324674782
0.18280335791817703 0.05839646176961574
0.17341357852311146 0.057299133544741594
0.16422052257649067 0.056178665121244434
0.15522972763146647 0.05503606446206198
0.14644660940672616 0.05387210631876118
0.1378764585242665 0.052687345751668994
0.12952443732252045 0.05148212720206984
0.12139557674675777 0.050256587199751096
0.11349477331863145 0.04901064967518011
0.10582678618669683 0.04774401387248648
0.09839623425967753 0.046456135944698156
0.09120759342420814 0.045146206365891825
0.08426519384872727 0.043813126224527835
0.07757321737514639 0.0424554861826838
0.07113569499986394 0.0410715523244891
0.06495650444564427 0.03965926322007342
0.059039367825822475 0.03821624226883976
0.05338784940224234 0.03673982875489672
0.048005353438278275 0.035227130073259526
0.042895122148234655 0.033675096320485515
0.038060233744356575 0.032080616964645065
0.03350360058263052 0.030440637713335314
0.029227967408489597 0.028752294094265416
0.025235909703481607 0.027013056765675576
0.021529832133895532 0.025220882295656263
0.018111967102280024 0.023374362191505023
0.014984373402728013 0.02147286240523683
0.012148934980735715 0.019516645446864246
0.009607359798384785 0.017506967630911665
0.007361178805529334 0.01544614485908998
0.005411745017609493 0.013337581665405307
0.0037602327006450165 0.011185759950307886
0.0024076366639015356 0.008996185811909701
0.0013547716606548965 0.00677529502794524
0.0006022718974137975 0.004530319921887754
0.00015059065189787502 0.002269122425718089
0.0 0.0
0.00015059065189787502 -0.0015503316382404029
0.0006022718974137975 -0.0030948177506711764
0.0013547716606548965 -0.004627237043324985
0.0024076366639015356 -0.006141796346544865
0.0037602327006450165 -0.007633318699869899
0.005411745017609493 -0.009097401634049212
0.007361178805529334 -0.010530538259147817
0.009607359798384785 -0.011930195757028979
0.012148934980735715 -0.013294848138462467
0.014984373402728013 -0.014623962530179686
0.018111967102280024 -0.015917940668564487
0.021529832133895532 -0.01717801955842055
0.025235909703481607 -0.018406137280445562
0.029227967408489597 -0.019604771589211936
0.03350360058263052 -0.020776760147019756
0.038060233744356575 -0.021925111928278868
0.042895122148234655 -0.023052819475531835
0.048005353438278275 -0.02416268129574708
0.05338784940224234 -0.025257142789734087
0.059039367825822475 -0.02633816277324198
0.06495650444564427 -0.027407110965010924
0.07113569499986394 -0.02846469989314789
0.07757321737514639 -0.029510952627012654
0.08426519384872727 -0.03054520570196635
0.09120759342420814 -0.031566144690058535
0.09839623425967753 -0.03257186819134214
0.10582678618669683 -0.03355997467082661
0.11349477331863145 -0.03452766561498429
0.12139557674675777 -0.03547185797225186
0.12952443732252045 -0.03638929878818096
0.1378764585242665 -0.037276675332656876
0.14644660940672616 -0.03813071480120694
0.15522972763146647 -0.03894826878796056
0.16422052257649067 -0.03972637908810911
0.17341357852311146 -0.04046232289332395
0.18280335791817703 -0.04115363698870012
0.19238420470968637 -0.04179812203932396
0.20215034775378343 -0.04239382937112957
0.2120959042910774 -0.042939033720980097
0.2222148834901989 -0.04343219619090469
0.23250119005645137 -0.04387192205041624
0.2429486279033891 -0.04425691807369095
0.2535509038851079 -0.04458595378602803
0.26430163158700104 -0.044857830362191986
0.27519433517269654 -0.045071360025610706
0.28622245328485874 -0.045225357717056484
0.29737934299750524 -0.045318645621377274
0.30865828381745486 -0.04535006995361413
0.320052481732506 -0.045318528302875416
0.33155507330389 -0.04522300489741998
0.3431591298005543 -0.045062610457721204
0.35485766137276875 -0.0448366228974739
0.36664362126255073 -0.04454452504503824
0.3785099100483679 -0.0441860357949527
0.3904493799215649 -0.04376113164165248
0.4024548389919357 -0.04327005635309519
0.41451905561984914 -0.04271331754833053
0.42663476277231926 -0.04209167007240983
0.43879466240039156 -0.041406087226844135
0.4509914298352198 -0.040657722023051596
0.46321771820016633 -0.03984786159204791
0.475466162836291 -0.03897787862781131
0.4877293857385438 -0.03804918420155746
0.4999999999999999 -0.037063186417030165
0.512270614261456 -0.03602125916387567
0.5245338371637088 -0.03492472467348128
0.5367822817998334 -0.033774852720765546
0.54900857016478 -0.03257287820102376
0.5612053375996082 -0.03132003751748334
0.5733652372276805 -0.030017622831814902
0.5854809443801506 -0.028667051854117033
0.5975451610080642 -0.02726994958018764
0.6095506200784349 -0.025828237316164397
0.6214900899516319 -0.02434422354566509
0.6333563787374491 -0.0228206907559351
0.645142338627231 -0.02126097228769275
0.6568408701994456 -0.019669013622410036
0.6684449266961098 -0.018049413256797143
0.6799475182674938 -0.016407439395882184
0.691341716182545 -0.014749020056737202
0.7026206570024947 -0.013080705727046654
0.713777546715141 -0.011409605363513774
0.7248056648273034 -0.009743298133341797
0.7356983684129987 -0.008089724785706947
0.746449096114892 -0.0064570637843336665
0.7570513720966108 -0.004853598246562269
0.7674988099435485 -0.0032875802494259816
0.7777851165098009 -0.0017670991364320248
0.7879040957089227 -0.0002999600772025481
0.7978496522462164 0.0011064216852939486
0.8076157952903136 0.0024451066686696295
0.8171966420818224 0.0037096943463732646
0.8265864214768883 0.0048943627022005436
0.8357794774235092 0.005993884947388421
0.8447702723685334 0.00700362596879274
0.8535533905932737 0.007919522673016464
0.8621235414757333 0.008738053698623625
0.8704755626774794 0.00945620488314307
0.8786044232532422 0.010071437314156705
0.8865052266813687 0.010581664715508383
0.894173213813303 0.010985246306298416
0.9016037657403225 0.011281000144162157
0.9087924065757916 0.01146824038381437
0.9157348061512727 0.011546839938680963
0.9224267826248536 0.011517317847418636
0.928864305000136 0.011380948358954108
0.9350434955543556 0.011139886512249404
0.9409606321741775 0.010797302955657522
0.9466121505977576 0.010357519073102407
0.9519946465617215 0.009826132290437436
0.9571048778517655 0.009210120828680505
0.9619397662556433 0.008517917220842209
0.9664963994173694 0.007759440645753644
0.9707720325915102 0.006946079543203843
0.9747640902965183 0.0060906180045237415
0.9784701678661044 0.005207101985785222
0.98188803289772 0.004310644335812278
0.985015626597272 0.0034171708089050347
0.9878510650192642 0.0025431124643035654
0.9903926402016152 0.0017050529544083378
0.9926388211944706 0.0009193419880040373
0.9945882549823906 0.00020168855380206215
0.9962397672993549 -0.00043325084111083684
0.9975923633360985 -0.0009722727345832353
0.9986452283393451 -0.0014039997725265047
0.9993977281025862 -0.0017192106852712628
0.9998494093481021 -0.001911113115885741
1.0 -0.001975547503676742
