1.0 0.0019060159604151158
0.9998494093481021 0.001981157090986815
0.9993977281025862 0.0022051600706968293
0.9986452283393451 0.002573818586347828
0.9975923633360985 0.0030803026344476065
0.9962397672993549 0.003715420480948896
0.9945882549823906 0.004467968241534391
0.9926388211944706 0.005325150994421682
0.9903926402016152 0.00627305620802111
0.9878510650192642 0.007297158119853992
0.985015626597272 0.008382830639057858
0.98188803289772 0.009515846400365784
0.9784701678661044 0.01068284074877231
0.9747640902965183 0.011871721598161241
0.9707720325915102 0.013072009147654388
0.9664963994173694 0.014275093175761023
0.9619397662556433 0.015474399851112527
0.9571048778517655 0.016665464466420088
0.9519946465617215 0.017845910980219024
0.9466121505977576 0.01901534350783896
0.9409606321741775 0.02017515872868004
0.9350434955543556 0.021328291393168636
0.928864305000136 0.0224789075826215
0.9224267826248536 0.023632062008561276
0.9157348061512727 0.024793336394705115
0.9087924065757916 0.025968475874575216
0.9016037657403225 0.0271630394167432
0.894173213813303 0.028382078655155893
0.8865052266813687 0.029629857283568824
0.8786044232532422 0.03090962052381618
0.8704755626774794 0.032223421263231355
0.8621235414757333 0.03357200644509643
0.8535533905932737 0.03495476434794115
0.8447702723685334 0.03636973064884947
0.8357794774235092 0.03781364875312818
0.8265864214768883 0.03928207787963599
0.8171966420818224 0.040769540878193365
0.8076157952903136 0.04226970275117344
0.7978496522462164 0.04377557035342274
0.7879040957089227 0.04527970372365691
0.7777851165098009 0.0467744299045485
0.7674988099435485 0.04825205086926081
0.7570513720966108 0.049705038210140676
0.746449096114892 0.051126208477305854
0.7356983684129987 0.05250887439911961
0.7248056648273034 0.053846968597541664
0.713777546715141 0.05513513776373996
0.7026206570024947 0.05636880653038202
0.691341716182545 0.05754421142766295
0.6799475182674938 0.05865840631490105
0.6684449266961098 0.05970924152530945
0.6568408701994456 0.06069531964547432
0.645142338627231 0.0616159313779171
0.6333563787374491 0.06247097531455417
0.6214900899516319 0.0632608656927088
0.6095506200784349 0.06398643232529438
0.5975451610080642 0.06464881690280562
0.5854809443801506 0.06524936976405897
0.5733652372276805 0.0657895510296218
0.5612053375996082 0.06627083968877846
0.54900857016478 0.06669465382896692
0.5367822817998334 0.06706228469787914
0.5245338371637088 0.06737484669743196
0.512270614261456 0.06763324473450766
0.4999999999999999 0.06783815961045075
0.4877293857385438 0.06799005134113803
0.475466162836291 0.06808917949014084
0.46321771820016633 0.0681356388032758
0.4509914298352198 0.06812940769244342
0.43879466240039156 0.0680704064710985
0.42663476277231926 0.0679585617333939
0.41451905561984914 0.06779387293057673
0.4024548389919357 0.06757647706104984
0.3904493799215649 0.06730670747393232
0.3785099100483679 0.06698514309655448
0.36664362126255073 0.06661264492632196
0.35485766137276875 0.06619037735394563
0.3431591298005543 0.065719812770791
0.33155507330389 0.06520271890782994
0.320052481732506 0.0646411293971874
0.30865828381745486 0.06403729907319033
0.29737934299750524 0.06339364647014332
0.28622245328485874 0.06271268676406618
0.27519433517269654 0.06199695898883942
0.26430163158700104 0.061248951689881426
0.2535509038851079 0.06047103123342235
0.2429486279033891 0.05966537675862137
0.23250119005645137 0.05883392525566481
0.2222148834901989 0.05797832950830059
0.2120959042910774 0.05709993070520215
0.20215034775378343 0.05619974646748624
0.19238420470968637 0.05527847393666244
0.18280335791817703 0.05433650650040083
0.17341357852311146 0.053373961783936996
0.16422052257649067 0.05239071777669288
0.15522972763146647 0.051386453457737985
0.14644660940672616 0.05036069007301351
0.1378764585242665 0.04931282932292818
0.12952443732252045 0.04824218513815452
0.12139557674675777 0.047148006426921116
0.11349477331863145 0.046029489118524725
0.10582678618669683 0.044885776935149856
0.09839623425967753 0.04371595151243222
0.09120759342420814 0.0425190136647833
0.08426519384872727 0.041293858658689134
0.07757321737514639 0.04003924922578885
0.07113569499986394 0.038753790639745586
0.06495650444564427 0.037435912437696235
0.059039367825822475 0.03608386125309041
0.05338784940224234 0.03469570873379725
0.048005353438278275 0.0332693776677689
0.042895122148234655 0.03180268827639297
0.038060233744356575 0.030293425236044093
0.03350360058263052 0.028739424444628917
0.029227967408489597 0.027138676969415187
0.025235909703481607 0.025489446108870852
0.021529832133895532 0.02379039218661088
0.018111967102280024 0.022040698671924704
0.014984373402728013 0.020240192573256877
0.012148934980735715 0.018389451838889105
0.009607359798384785 0.016489892754458713
0.007361178805529334 0.01454383104957343
0.005411745017609493 0.012554511582985714
0.0037602327006450165 0.010526103004176139
0.0024076366639015356 0.008463655598622295
0.0013547716606548965 0.0063730225034344355
0.0006022718974137975 0.004260746504936085
0.00015059065189787502 0.0021339165707014974
0.0 0.0
0.00015059065189787502 -0.0015824043313672357
0.0006022718974137975 -0.003160915312840492
0.0013547716606548965 -0.004731218335277057
0.0024076366639015356 -0.0062892969766793
0.0037602327006450165 -0.007831563306878158
0.005411745017609493 -0.009354966591782633
0.007361178805529334 -0.010857075049625813
0.009607359798384785 -0.01233612676298016
0.012148934980735715 -0.013791047503175835
0.014984373402728013 -0.015221434984674627
0.018111967102280024 -0.01662751083679444
0.021529832133895532 -0.01801004325990103
0.025235909703481607 -0.019370244829573946
0.029227967408489597 -0.020709651143362907
0.03350360058263052 -0.022029986904562322
0.038060233744356575 -0.023333026559656005
0.042895122148234655 -0.024620456726695193
0.048005353438278275 -0.025893747370370833
0.05338784940224234 -0.027154038018765005
0.059039367825822475 -0.028402044321353223
0.06495650444564427 -0.029637988981340853
0.07113569499986394 -0.030861559636383738
0.07757321737514639 -0.03207189469880675
0.08426519384872727 -0.033267596592921195
0.09120759342420814 -0.0344467703352969
0.09839623425967753 -0.03560708407965355
0.10582678618669683 -0.03674584716550377
0.11349477331863145 -0.037860100426857196
0.12139557674675777 -0.03894671307285104
0.12952443732252045 -0.04000248036325669
0.1378764585242665 -0.04102421656333714
0.14644660940672616 -0.04200883824778853
0.15522972763146647 -0.04295343388618151
0.16422052257649067 -0.04385531671973845
0.17341357852311146 -0.04471205915661037
0.18280335791817703 -0.045521508188051965
0.19238420470968637 -0.046281782577273195
0.20215034775378343 -0.046991253716180376
0.2120959042910774 -0.047648513011483096
0.2222148834901989 -0.04825232939290497
0.23250119005645137 -0.04880160099167461
0.2429486279033891 -0.049295305195774464
0.2535509038851079 -0.04973245114886629
0.26430163158700104 -0.05011203834207326
0.27519433517269654 -0.05043302429029704
0.28622245328485874 -0.050694303441759035
0.29737934299750524 -0.05089469850716683
0.30865828381745486 -0.051032964386649664
0.320052481732506 -0.051107803893638865
0.33155507330389 -0.05111789359702265
0.3431591298005543 -0.05106191738950857
0.35485766137276875 -0.05093860489151758
0.36664362126255073 -0.050746771549902266
0.3785099100483679 -0.0504853573041924
0.3904493799215649 -0.050153460964820235
0.4024548389919357 -0.049750367953202666
0.41451905561984914 -0.0492755697502285
0.42663476277231926 -0.04872877423053097
0.43879466240039156 -0.04810990695736489
0.4509914298352198 -0.04741910440389748
0.46321771820016633 -0.04665670087815447
0.475466162836291 -0.045823211593039016
0.4877293857385438 -0.04491931478266172
0.4999999999999999 -0.0439458359795933
0.512270614261456 -0.04290373751094426
0.5245338371637088 -0.041794115941271394
0.5367822817998334 -0.04061820960526989
0.54900857016478 -0.03937741757132552
0.5612053375996082 -0.03807333041436722
0.5733652372276805 -0.03670777212318088
0.5854809443801506 -0.0352828514026114
0.5975451610080642 -0.03380101963749003
0.6095506200784349 -0.032265131942579975
0.6214900899516319 -0.030678507102550066
0.6333563787374491 -0.029044981864895927
0.645142338627231 -0.027368955024879786
0.6568408701994456 -0.02565541705070257
0.6684449266961098 -0.023909961630861808
0.6799475182674938 -0.022138776451302224
0.691341716182545 -0.02034861167217743
0.7026206570024947 -0.01854672589808916
0.713777546715141 -0.016740810832285284
0.7248056648273034 -0.014938897176674822
0.7356983684129987 -0.013149245586100434
0.746449096114892 -0.01138022751298844
0.7570513720966108 -0.009640201505520356
0.7674988099435485 -0.007937390885822019
0.7777851165098009 -0.006279768695203192
0.7879040957089227 -0.004674955339585896
0.7978496522462164 -0.0031301335176563503
0.8076157952903136 -0.0016519838137915121
0.8171966420818224 -0.00024664286112168095
0.8265864214768883 0.001080315676570454
0.8357794774235092 0.0023238787791688247
0.8447702723685334 0.0034795735445700957
0.8535533905932737 0.004543433097437066
0.8621235414757333 0.00551195476353775
0.8704755626774794 0.006382057144137428
0.8786044232532422 0.007151043058380662
0.8865052266813687 0.007816575138510608
0.894173213813303 0.008376670150292132
0.9016037657403225 0.008829716892383469
0.9087924065757916 0.009174520862743445
0.9157348061512727 0.009410376859787881
0.9224267826248536 0.009537168431454933
0.928864305000136 0.00955549073835045
0.9350434955543556 0.009466791111974336
0.9409606321741775 0.00927351952269305
0.9466121505977576 0.008979279474127268
0.9519946465617215 0.008588968642911803
0.9571048778517655 0.008108897990532516
0.9619397662556433 0.007546878157846688
0.9664963994173694 0.00691226274347468
0.9707720325915102 0.006215939551642419
0.9747640902965183 0.005470263016451382
0.9784701678661044 0.004688923669528046
0.98188803289772 0.0038867535814691824
0.985015626597272 0.003079470010185307
0.9878510650192642 0.00228336284711756
0.9903926402016152 0.0015149346724898144
0.9926388211944706 0.0007905051231717616
0.9945882549823906 0.0001257936657776057
0.9962397672993549 -0.000464503396813131
0.9975923633360985 -0.0009671248903562378
0.9986452283393451 -0.0013706287845637714
0.9993977281025862 -0.0016657320781492465
0.9998494093481021 -0.0018455919546987375
1.0 -0.0019060159604151158
