1.0 0.0015255530455328783
0.9998494093481021 0.0016030394708549413
0.9993977281025862 0.0018340080252238343
0.9986452283393451 0.0022140429648513406
0.9975923633360985 0.002735970186303541
0.9962397672993549 0.0033901264645334736
0.9945882549823906 0.004164718932990466
0.9926388211944706 0.005046258443328003
0.9903926402016152 0.0060200472549917245
0.9878510650192642 0.007070699315244636
0.985015626597272 0.008182670297329407
0.98188803289772 0.009340774606615816
0.9784701678661044 0.010530667717335254
0.9747640902965183 0.011739274381528166
0.9707720325915102 0.012955146318850086
0.9664963994173694 0.014168736767882287
0.9619397662556433 0.01537258354042185
0.9571048778517655 0.016561396733895013
0.9519946465617215 0.01773205178187122
0.9466121505977576 0.018883492825268078
0.9409606321741775 0.02001655525526153
0.9350434955543556 0.021133719533828393
0.928864305000136 0.022238810901560248
0.9224267826248536 0.023336661244785808
0.9157348061512727 0.02443275017553362
0.9087924065757916 0.025532842289040163
0.9016037657403225 0.02664263666178293
0.894173213813303 0.027767443036631916
0.8865052266813687 0.028911896941526606
0.8786044232532422 0.030079723357901766
0.8704755626774794 0.03127355566108817
0.8621235414757333 0.032494813565142874
0.8535533905932737 0.033743640878848125
0.8447702723685334 0.0350189011609202
0.8357794774235092 0.03631822696978866
0.8265864214768883 0.03763811642679628
0.8171966420818224 0.03897406930991131
0.8076157952903136 0.040320753894658085
0.7978496522462164 0.041672195256289984
0.7879040957089227 0.04302197571181781
0.7777851165098009 0.0443634384601069
0.7674988099435485 0.04568988620460132
0.7570513720966108 0.04699476753840334
0.746449096114892 0.04827184505396723
0.7356983684129987 0.04951534043029988
0.7248056648273034 0.05072005307690827
0.713777546715141 0.05188145021389145
0.7026206570024947 0.052995727492298764
0.691341716182545 0.05405984037247052
0.6799475182674938 0.055071507457956546
0.6684449266961098 0.05602918781782804
0.6568408701994456 0.05693203501917947
0.645142338627231 0.05777983113937337
0.6333563787374491 0.05857290444288434
0.6214900899516319 0.05931203470026297
0.6095506200784349 0.05999835030546967
0.5975451610080642 0.06063322141869716
0.5854809443801506 0.06121815332759798
0.5733652372276805 0.06175468408023066
0.5612053375996082 0.06224429019555216
0.54900857016478 0.06268830389886206
0.5367822817998334 0.06308784485861572
0.5245338371637088 0.06344376881939645
0.512270614261456 0.06375663484102488
0.4999999999999999 0.06402669208034313
0.4877293857385438 0.06425388621267922
0.475466162836291 0.0644378847149738
0.46321771820016633 0.06457811935984284
0.4509914298352198 0.0646738434426948
0.43879466240039156 0.06472420052851141
0.42663476277231926 0.06472830090675055
0.41451905561984914 0.06468530152380282
0.4024548389919357 0.06459448495666295
0.3904493799215649 0.0644553330221341
0.3785099100483679 0.06426759089236266
0.36664362126255073 0.0640313181035925
0.35485766137276875 0.0637469235781397
0.3431591298005543 0.06341518269129948
0.33155507330389 0.06303723545275583
0.320052481732506 0.06261456597267086
0.30865828381745486 0.062148964475718445
0.29737934299750524 0.061642474139636735
0.28622245328485874 0.06109732589942629
0.27519433517269654 0.060515865013685624
0.26430163158700104 0.05990047358870913
0.2535509038851079 0.05925349336924534
0.2429486279033891 0.058577152922804174
0.23250119005645137 0.05787350287928183
0.2222148834901989 0.05714436217291895
0.2120959042910774 0.056391277322078964
0.20215034775378343 0.055615495742762686
0.19238420470968637 0.05481795300391881
0.18280335791817703 0.053999272881376154
0.17341357852311146 0.0531597781362264
0.16422052257649067 0.052299509208518634
0.15522972763146647 0.05141824753998071
0.14644660940672616 0.05051554006280242
0.1378764585242665 0.04959072153483692
0.12952443732252045 0.04864293185919699
0.12139557674675777 0.04767112626686858
0.11349477331863145 0.04667407720949864
0.10582678618669683 0.04565036793053797
0.09839623425967753 0.04459837886603469
0.09120759342420814 0.04351626917279076
0.08426519384872727 0.04240195669157677
0.07757321737514639 0.04125310043370143
0.07113569499986394 0.040067090151742694
0.06495650444564427 0.03884104766179958
0.059039367825822475 0.0375718442933529
0.05338784940224234 0.03625613815127541
0.048005353438278275 0.03489043381088202
0.042895122148234655 0.03347116568895627
0.038060233744356575 0.03199480472556572
0.03350360058263052 0.030457986278339687
0.029227967408489597 0.028857655391847353
0.025235909703481607 0.027191223984615986
0.021529832133895532 0.025456733116815903
0.018111967102280024 0.023653012472272767
0.014984373402728013 0.021779828598510746
0.012148934980735715 0.019838013359974
0.009607359798384785 0.017829564502014162
0.007361178805529334 0.01575771119091599
0.005411745017609493 0.013626938846632256
0.0037602327006450165 0.011442969444724017
0.0024076366639015356 0.009212695627760116
0.0013547716606548965 0.0069440693069793644
0.0006022718974137975 0.0046459478109273835
0.00015059065189787502 0.0023279029027056847
0.0 0.0
0.00015059065189787502 -0.0017294580758464846
0.0006022718974137975 -0.0034503213563833557
0.0013547716606548965 -0.005153783217972481
0.0024076366639015356 -0.006831521936204839
0.0037602327006450165 -0.008475917186769053
0.005411745017609493 -0.010080236765081699
0.007361178805529334 -0.011638786042580429
0.009607359798384785 -0.013147014591194248
0.012148934980735715 -0.014601576584926102
0.014984373402728013 -0.01600034390502589
0.018111967102280024 -0.01734237320230175
0.021529832133895532 -0.01862783037701837
0.025235909703481607 -0.01985787790247257
0.029227967408489597 -0.021034532037413553
0.03350360058263052 -0.022160498161556682
0.038060233744356575 -0.023238993170747086
0.042895122148234655 -0.024273564056778704
0.048005353438278275 -0.025267911475303707
0.05338784940224234 -0.026225726307733992
0.059039367825822475 -0.027150546011262777
0.06495650444564427 -0.02804563601026217
0.07113569499986394 -0.02891389961527402
0.07757321737514639 -0.02975781807664465
0.08426519384872727 -0.0305794205064267
0.09120759342420814 -0.0313802816487615
0.09839623425967753 -0.032161543949163
0.10582678618669683 -0.032923959153558946
0.11349477331863145 -0.033667943823099136
0.12139557674675777 -0.03439364271933774
0.12952443732252045 -0.03510099400745398
0.1378764585242665 -0.035789790625888655
0.14644660940672616 -0.036459732936195366
0.15522972763146647 -0.03711046883129392
0.16422052257649067 -0.0377416187599536
0.17341357852311146 -0.03835278452441434
0.18280335791817703 -0.038943542125310183
0.19238420470968637 -0.03951342026365223
0.20215034775378343 -0.04006186727183888
0.2120959042910774 -0.040588210156961006
0.2222148834901989 -0.041091610041757744
0.23250119005645137 -0.041571018546034295
0.2429486279033891 -0.04202513955375812
0.2535509038851079 -0.042452400373284946
0.26430163158700104 -0.04285093555908889
0.27519433517269654 -0.04321858568276598
0.28622245328485874 -0.043552912195244056
0.29737934299750524 -0.04385122829834259
0.30865828381745486 -0.04411064453406971
0.320052481732506 -0.04432812669447452
0.33155507330389 -0.0445005627354079
0.3431591298005543 -0.04462483471208134
0.35485766137276875 -0.044697891391917335
0.36664362126255073 -0.04471681716764382
0.3785099100483679 -0.044678893193495675
0.3904493799215649 -0.044581647277972945
0.4024548389919357 -0.044422889943248854
0.41451905561984914 -0.044200735139692325
0.42663476277231926 -0.04391360530459781
0.43879466240039156 -0.043560221688111425
0.4509914298352198 -0.04313958204434775
0.46321771820016633 -0.04265092881308632
0.475466162836291 -0.042093711718337104
0.4877293857385438 -0.041467549221192446
0.4999999999999999 -0.040772193442750015
0.512270614261456 -0.04000750299912997
0.5245338371637088 -0.03917342767061003
0.5367822817998334 -0.03827000799173662
0.54900857016478 -0.03729739175329025
0.5612053375996082 -0.036255868124270785
0.5733652372276805 -0.03514591872144307
0.5854809443801506 -0.03396828357290867
0.5975451610080642 -0.032724038639957855
0.6095506200784349 -0.03141468047225121
0.6214900899516319 -0.030042212757424063
0.6333563787374491 -0.028609229051791203
0.645142338627231 -0.027118985885486103
0.6568408701994456 -0.02557546073852108
0.6684449266961098 -0.02398339007168706
0.6799475182674938 -0.022348283628435335
0.691341716182545 -0.02067641253642446
0.7026206570024947 -0.01897477024488716
0.713777546715141 -0.017251006935687825
0.7248056648273034 -0.015513339632698821
0.7356983684129987 -0.013770441695678481
0.746449096114892 -0.012031316617656133
0.7570513720966108 -0.010305161959429963
0.7674988099435485 -0.008601229782322405
0.7777851165098009 -0.006928690037832395
0.7879040957089227 -0.005296503026713319
0.7978496522462164 -0.003713306267736247
0.8076157952903136 -0.0021873199658747396
0.8171966420818224 -0.0007262738165983623
0.8265864214768883 0.0006626437737394446
0.8357794774235092 0.001972814716045391
0.8447702723685334 0.0031982008874356397
0.8535533905932737 0.004333338318282481
0.8621235414757333 0.005373321099394805
0.8704755626774794 0.006313781074486203
0.8786044232532422 0.007150869807014477
0.8865052266813687 0.007881249227439146
0.894173213813303 0.008502096763074613
0.9016037657403225 0.009011129650014976
0.9087924065757916 0.009406651582494404
0.9157348061512727 0.009687622959561312
0.9224267826248536 0.009853753859635576
0.928864305000136 0.009905616648436939
0.9350434955543556 0.009844772954854307
0.9409606321741775 0.00967390778483394
0.9466121505977576 0.009396961929892778
0.9519946465617215 0.009019252691627042
0.9571048778517655 0.008547572387596411
0.9619397662556433 0.007990254194699158
0.9664963994173694 0.007357195652227897
0.9707720325915102 0.006659831575017566
0.9747640902965183 0.0059110501621203225
0.9784701678661044 0.005125048633141926
0.98188803289772 0.004317127652742075
0.985015626597272 0.003503426956215236
0.9878510650192642 0.0027006077893662705
0.9903926402016152 0.001925490839847623
0.9926388211944706 0.001194661083529042
0.9945882549823906 0.0005240532312779426
0.9962397672993549 -7.146690376001806e-05
0.9975923633360985 -0.0005785088996134191
0.9986452283393451 -0.0009855357665390636
0.9993977281025862 -0.0012831979555060005
0.9998494093481021 -0.0014646092899814073
1.0 -0.0015255530455328783
