1.0 0.0015028894839653265
0.9998494093481021 0.0015817308321731526
0.9993977281025862 0.0018168639577718585
0.9986452283393451 0.002204170043041801
0.9975923633360985 0.0027369616548985932
0.9962397672993549 0.0034062399013415996
0.9945882549823906 0.004201037446344193
0.9926388211944706 0.005108831453325066
0.9903926402016152 0.00611600744093124
0.9878510650192642 0.007208352929962934
0.985015626597272 0.008371558733807787
0.98188803289772 0.00959170583305368
0.9784701678661044 0.0108557169524611
0.9747640902965183 0.01215175414039379
0.9707720325915102 0.013469546699073503
0.9664963994173694 0.014800637546509773
0.9619397662556433 0.0161385402930177
0.9571048778517655 0.017478803752963908
0.9519946465617215 0.018818985046671698
0.9466121505977576 0.020158536647866952
0.9409606321741775 0.021498616489992198
0.9350434955543556 0.022841833384353295
0.928864305000136 0.024191942390343692
0.9224267826248536 0.02555350632645289
0.9157348061512727 0.026931540284385033
0.9087924065757916 0.028331155821342026
0.9016037657403225 0.029757220517866088
0.894173213813303 0.03121404690151425
0.8865052266813687 0.032705122483118895
0.8786044232532422 0.03423288998791836
0.8704755626774794 0.035798583955600816
0.8621235414757333 0.03740212689963511
0.8535533905932737 0.03904208531654887
0.8447702723685334 0.04071568316181561
0.8357794774235092 0.0424188680777667
0.8265864214768883 0.04414642375792203
0.8171966420818224 0.04589212041658805
0.8076157952903136 0.04764889442524255
0.7978496522462164 0.04940904777015761
0.7879040957089227 0.0511644580439421
0.7777851165098009 0.05290679015038184
0.7674988099435485 0.05462770170444399
0.7570513720966108 0.05631903516567038
0.746449096114892 0.057972990968550145
0.7356983684129987 0.05958227722601904
0.7248056648273034 0.06114023290803549
0.713777546715141 0.06264092267391973
0.7026206570024947 0.06407920271640338
0.691341716182545 0.06545075802351179
0.6799475182674938 0.06675211236221752
0.6684449266961098 0.06798061302871684
0.6568408701994456 0.06913439299793317
0.645142338627231 0.07021231355042591
0.6333563787374491 0.07121389077337333
0.6214900899516319 0.07213920953984876
0.6095506200784349 0.07298882868187583
0.5975451610080642 0.073763681099044
0.5854809443801506 0.07446497249273107
0.5733652372276805 0.0750940822886729
0.5612053375996082 0.07565247010644938
0.54900857016478 0.07614159084980386
0.5367822817998334 0.07656282112260394
0.5245338371637088 0.07691739921952954
0.512270614261456 0.07720638040003781
0.4999999999999999 0.07743060853641187
0.4877293857385438 0.07759070454638811
0.475466162836291 0.0776870713001563
0.46321771820016633 0.07771991395977636
0.4509914298352198 0.077689274001469
0.43879466240039156 0.07759507452679082
0.42663476277231926 0.07743717392736278
0.41451905561984914 0.07721542456729613
0.4024548389919357 0.07692973291984176
0.3904493799215649 0.07658011756331384
0.3785099100483679 0.07616676161765996
0.36664362126255073 0.07569005658524651
0.35485766137276875 0.07515063513104682
0.3431591298005543 0.0745493910676407
0.33155507330389 0.07388748565546108
0.320052481732506 0.07316634023434035
0.30865828381745486 0.07238761610753978
0.29737934299750524 0.07155318344047168
0.28622245328485874 0.07066508165187793
0.27519433517269654 0.06972547431101418
0.26430163158700104 0.06873660186768696
0.2535509038851079 0.0677007356054911
0.2429486279033891 0.06662013601307966
0.23250119005645137 0.06549701832412641
0.2222148834901989 0.064333527313621
0.2120959042910774 0.06313172260395278
0.20215034775378343 0.0618935747913327
0.19238420470968637 0.060620971724330695
0.18280335791817703 0.059315733329568666
0.17341357852311146 0.057979632561930755
0.16422052257649067 0.056614419428125166
0.15522972763146647 0.055221844650426254
0.14644660940672616 0.05380367944174871
0.1378764585242665 0.052361728072293445
0.12952443732252045 0.05089783041681319
0.12139557674675777 0.049413852451114765
0.11349477331863145 0.04791166366529402
0.10582678618669683 0.04639310150870031
0.09839623425967753 0.04485992419260698
0.09120759342420814 0.043313754357521335
0.08426519384872727 0.04175601716804859
0.07757321737514639 0.0401878772400462
0.07113569499986394 0.038610179356062854
0.06495650444564427 0.037023398128371736
0.059039367825822475 0.03542760159088986
0.05338784940224234 0.03382243313584918
0.048005353438278275 0.03220711528082585
0.042895122148234655 0.030580477507109908
0.038060233744356575 0.02894100892689582
0.03350360058263052 0.027286934910123503
0.029227967408489597 0.02561631514152135
0.025235909703481607 0.02392715900025444
0.021529832133895532 0.02221755277231259
0.018111967102280024 0.020485792122870442
0.014984373402728013 0.018730512557861973
0.012148934980735715 0.016950810351985743
0.009607359798384785 0.01514634664597628
0.007361178805529334 0.013317428118668036
0.005411745017609493 0.011465058785755294
0.0037602327006450165 0.00959095900271549
0.0024076366639015356 0.007697549562556319
0.0013547716606548965 0.0057879007671670256
0.0006022718974137975 0.00386564838784904
0.00015059065189787502 0.0019348803848298394
0.0 0.0
0.00015059065189787502 -0.0014980682711554511
0.0006022718974137975 -0.002991706565810133
0.0013547716606548965 -0.00447619759701183
0.0024076366639015356 -0.005947146499555351
0.0037602327006450165 -0.007400621367945817
0.005411745017609493 -0.008833270130705001
0.007361178805529334 -0.01024240796982779
0.009607359798384785 -0.011626071131601343
0.012148934980735715 -0.01298303483346389
0.014984373402728013 -0.014312794942586398
0.018111967102280024 -0.015615515070850695
0.021529832133895532 -0.016891942584157573
0.025235909703481607 -0.018143298655452417
0.029227967408489597 -0.01937114880843189
0.03350360058263052 -0.020577261329921277
0.038060233744356575 -0.021763461424398778
0.042895122148234655 -0.022931489021513488
0.048005353438278275 -0.024082867731699476
0.05338784940224234 -0.02521879160813253
0.059039367825822475 -0.02634003517212007
0.06495650444564427 -0.02744689067144474
0.07113569499986394 -0.028539134861183323
0.07757321737514639 -0.029616025828230676
0.08426519384872727 -0.030676328631941908
0.09120759342420814 -0.03171836690867806
0.09839623425967753 -0.03274009618282857
0.10582678618669683 -0.033739193521042016
0.11349477331863145 -0.03471315741984731
0.12139557674675777 -0.03565941146602979
0.12952443732252045 -0.03657540536504234
0.1378764585242665 -0.037458707380670524
0.14644660940672616 -0.03830708303002298
0.15522972763146647 -0.03911855597106799
0.16422052257649067 -0.039891448327498004
0.17341357852311146 -0.04062439912780246
0.18280335791817703 -0.041316360996224065
0.19238420470968637 -0.04196657662729646
0.20215034775378343 -0.042574537814037985
0.2120959042910774 -0.04313993080607613
0.2222148834901989 -0.04366257248867489
0.23250119005645137 -0.044142342258354804
0.2429486279033891 -0.04457911451018853
0.2535509038851079 -0.044972696354322196
0.26430163158700104 -0.04532277457607766
0.27519433517269654 -0.04562887499675174
0.28622245328485874 -0.045890336349098414
0.29737934299750524 -0.046106299632219835
0.30865828381745486 -0.04627571274087281
0.320052481732506 -0.04639734905954372
0.33155507330389 -0.046469837751424166
0.3431591298005543 -0.04649170272428734
0.35485766137276875 -0.0464614067704499
0.36664362126255073 -0.046377397187769086
0.3785099100483679 -0.046238149302132964
0.3904493799215649 -0.0460422047156477
0.4024548389919357 -0.045788201763588054
0.41451905561984914 -0.04547489652298393
0.42663476277231926 -0.04510117370720195
0.43879466240039156 -0.04466604782473201
0.4509914298352198 -0.04416865599300354
0.46321771820016633 -0.04360824469770728
0.475466162836291 -0.04298415350093222
0.4877293857385438 -0.042295799167017145
0.4999999999999999 -0.041542663850933796
0.512270614261456 -0.04072429085921917
0.5245338371637088 -0.03984029105011573
0.5367822817998334 -0.0388903622132447
0.54900857016478 -0.037874322807327075
0.5612053375996082 -0.03679216030350724
0.5733652372276805 -0.0356440931623685
0.5854809443801506 -0.034430644254110354
0.5975451610080642 -0.033152722405298304
0.6095506200784349 -0.03181170780953897
0.6214900899516319 -0.030409536350116267
0.6333563787374491 -0.028948777510237205
0.645142338627231 -0.027432700530009818
0.6568408701994456 -0.025865323822931562
0.6684449266961098 -0.02425144337658349
0.6799475182674938 -0.022596636894440473
0.691341716182545 -0.02090724172626064
0.7026206570024947 -0.019190306101263672
0.713777546715141 -0.017453514724245032
0.7248056648273034 -0.01570509131455961
0.7356983684129987 -0.01395368205509035
0.746449096114892 -0.012208225072897344
0.7570513720966108 -0.0104778119088567
0.7674988099435485 -0.008771547384046197
0.7777851165098009 -0.007098414295060969
0.7879040957089227 -0.005467148956923787
0.7978496522462164 -0.0038861327794493007
0.8076157952903136 -0.002363303859610067
0.8171966420818224 -0.0009060910749991075
0.8265864214768883 0.00047862852874526246
0.8357794774235092 0.0017845500345245666
0.8447702723685334 0.003005941336515288
0.8535533905932737 0.004137628462629418
0.8621235414757333 0.0051749710509637
0.8704755626774794 0.006113834362803712
0.8786044232532422 0.006950564612988224
0.8865052266813687 0.007681974278981303
0.894173213813303 0.008305343399491091
0.9016037657403225 0.008818441714877808
0.9087924065757916 0.009219574893813039
0.9157348061512727 0.009507656125748845
0.9224267826248536 0.00968230215682616
0.928864305000136 0.009743950548949745
0.9350434955543556 0.009693992701147286
0.9409606321741775 0.009534915144773984
0.9466121505977576 0.009270439957670197
0.9519946465617215 0.008905653967436256
0.9571048778517655 0.008447115834260666
0.9619397662556433 0.007902930188685313
0.9664963994173694 0.007282778779007666
0.9707720325915102 0.006597900043554846
0.9747640902965183 0.005861010608399856
0.9784701678661044 0.005086164823915636
0.98188803289772 0.004288551460645702
0.985015626597272 0.0034842299245804627
0.9878510650192642 0.002689811643131314
0.9903926402016152 0.001922095426504333
0.9926388211944706 0.001197668438362282
0.9945882549823906 0.0005324867426169629
0.9962397672993549 -5.8548916956215015e-05
0.9975923633360985 -0.0005620055132640962
0.9986452283393451 -0.0009663016094104739
0.9993977281025862 -0.0012620467520167023
0.9998494093481021 -0.0014423219948146713
1.0 -0.0015028894839653265
