1.0 0.0017670684050479384
0.9998494093481021 0.0018543618445238067
0.9993977281025862 0.0021147575980993813
0.9986452283393451 0.0025438571120845535
0.9975923633360985 0.0031345106926774407
0.9962397672993549 0.003877080476339152
0.9945882549823906 0.004759791321625625
0.9926388211944706 0.005769153446656239
0.9903926402016152 0.006890437502368059
0.9878510650192642 0.008108180634391678
0.985015626597272 0.009406701044246483
0.98188803289772 0.01077059865050804
0.9784701678661044 0.012185220646710786
0.9747640902965183 0.013637072968886473
0.9707720325915102 0.015114161781551123
0.9664963994173694 0.01660625288157464
0.9619397662556433 0.018105041186547582
0.9571048778517655 0.019604226980200545
0.9519946465617215 0.021099500088989177
0.9466121505977576 0.02258843742674648
0.9409606321741775 0.02407032315596817
0.9350434955543556 0.02554590389581959
0.928864305000136 0.027017093821739828
0.9224267826248536 0.028486646061349444
0.9157348061512727 0.029957807459352014
0.9087924065757916 0.03143397357426932
0.9016037657403225 0.03291835974365595
0.894173213813303 0.03441370231468653
0.8865052266813687 0.03592200181939951
0.8786044232532422 0.03744431713713402
0.8704755626774794 0.03898061670173944
0.8621235414757333 0.04052968975034581
0.8535533905932737 0.042089117637361985
0.8447702723685334 0.043655302497680085
0.8357794774235092 0.045223548157545174
0.8265864214768883 0.04678818625088057
0.8171966420818224 0.04834273906087014
0.8076157952903136 0.049880109695845
0.7978496522462164 0.05139278981801966
0.7879040957089227 0.052873075238484245
0.7777851165098009 0.05431328021442645
0.7674988099435485 0.05570594216045335
0.7570513720966108 0.05704400963067199
0.746449096114892 0.05832100775378862
0.7356983684129987 0.059531176724276554
0.7248056648273034 0.060669580390462614
0.713777546715141 0.06173218336838816
0.7026206570024947 0.06271589639552792
0.691341716182545 0.06361859078282767
0.6799475182674938 0.06443908380360051
0.6684449266961098 0.06517709766336233
0.6568408701994456 0.06583319532635161
0.645142338627231 0.06640869694095779
0.6333563787374491 0.06690558092124732
0.6214900899516319 0.06732637392092246
0.6095506200784349 0.06767403399459271
0.5975451610080642 0.06795183119207007
0.5854809443801506 0.06816322968402008
0.5733652372276805 0.06831177527763466
0.5612053375996082 0.0684009918520026
0.54900857016478 0.06843428982581007
0.5367822817998334 0.06841488926626951
0.5245338371637088 0.06834575966114975
0.512270614261456 0.06822957771283984
0.4999999999999999 0.0680687037874276
0.4877293857385438 0.06786517688229042
0.475466162836291 0.06762072718896035
0.46321771820016633 0.0673368045565618
0.4509914298352198 0.06701462044223422
0.43879466240039156 0.06665520030848537
0.42663476277231926 0.06625944293291634
0.41451905561984914 0.06582818276920269
0.4024548389919357 0.06536225136871009
0.3904493799215649 0.06486253395878373
0.3785099100483679 0.0643300175831313
0.36664362126255073 0.06376582773406883
0.35485766137276875 0.06317125112294228
0.3431591298005543 0.06254774310647453
0.33155507330389 0.061896919262967406
0.320052481732506 0.06122053163310088
0.30865828381745486 0.06052043113928924
0.29737934299750524 0.059798518607424404
0.28622245328485874 0.05905668757106734
0.27519433517269654 0.05829676258489765
0.26430163158700104 0.05752043706867725
0.2535509038851079 0.056729214719152994
0.2429486279033891 0.055924358258709915
0.23250119005645137 0.05510684875046146
0.2222148834901989 0.0542773579345439
0.2120959042910774 0.05343623508296504
0.20215034775378343 0.05258350879889901
0.19238420470968637 0.05171890307974433
0.18280335791817703 0.050841865905264655
0.17341357852311146 0.04995160768493315
0.16422052257649067 0.0490471461766111
0.15522972763146647 0.048127354032511616
0.14644660940672616 0.047191004979804094
0.1378764585242665 0.04623681482129256
0.12952443732252045 0.04526347394064062
0.12139557674675777 0.044269668785760545
0.11349477331863145 0.04325409082884172
0.10582678618669683 0.042215432687595804
0.09839623425967753 0.04115237235019109
0.09120759342420814 0.040063547677987234
0.08426519384872727 0.03894752446616889
0.07757321737514639 0.03780276222948539
0.07113569499986394 0.03662758246877801
0.06495650444564427 0.035420144404001944
0.059039367825822475 0.034178432996275133
0.05338784940224234 0.03290026351883717
0.048005353438278275 0.03158330599822465
0.042895122148234655 0.03022513158496971
0.038060233744356575 0.028823281406174277
0.03350360058263052 0.027375356799782355
0.029227967408489597 0.025879128145879327
0.025235909703481607 0.024332657913827133
0.021529832133895532 0.02273443215322517
0.018111967102280024 0.021083493578504267
0.014984373402728013 0.01937956871961341
0.012148934980735715 0.017623181397427433
0.009607359798384785 0.01581574506432199
0.007361178805529334 0.013959627326455408
0.005411745017609493 0.01205818119923844
0.0037602327006450165 0.010115739273572533
0.0024076366639015356 0.008137568891979733
0.0013547716606548965 0.006129788533144719
0.0006022718974137975 0.004099247749076176
0.00015059065189787502 0.0020533750544178193
0.0 0.0
0.00015059065189787502 -0.0014529023860360753
0.0006022718974137975 -0.002900572233001062
0.0013547716606548965 -0.004337450785397611
0.0024076366639015356 -0.00575838146477629
0.0037602327006450165 -0.007158786353244799
0.005411745017609493 -0.00853481447043196
0.007361178805529334 -0.009883454867520384
0.009607359798384785 -0.01120260945901072
0.012148934980735715 -0.012491122669387199
0.014984373402728013 -0.013748767263931963
0.018111967102280024 -0.01497618802970097
0.021529832133895532 -0.016174807144049484
0.025235909703481607 -0.017346696992526608
0.029227967408489597 -0.018494427769614047
0.03350360058263052 -0.019620898330684946
0.038060233744356575 -0.020729159404415443
0.042895122148234655 -0.021822238394205443
0.048005353438278275 -0.022902974598586888
0.05338784940224234 -0.023973872798248624
0.059039367825822475 -0.025036981853358706
0.06495650444564427 -0.026093803315366444
0.07113569499986394 -0.027145233186777543
0.07757321737514639 -0.02819153797654356
0.08426519384872727 -0.02923236421811907
0.09120759342420814 -0.030266778759294222
0.09839623425967753 -0.031293335504774304
0.10582678618669683 -0.032310162984690624
0.11349477331863145 -0.03331506620340963
0.12139557674675777 -0.034305635736039466
0.12952443732252045 -0.035279356999888684
0.1378764585242665 -0.03623371302154873
0.14644660940672616 -0.037166274807189266
0.15522972763146647 -0.03807477454035301
0.16422052257649067 -0.03895715819524665
0.17341357852311146 -0.039811615668172616
0.18280335791817703 -0.040636588092465474
0.19238420470968637 -0.041430753510287896
0.20215034775378343 -0.04219299343186938
0.2120959042910774 -0.04292234393615059
0.2222148834901989 -0.04361793579137774
0.23250119005645137 -0.044278928557062884
0.2429486279033891 -0.04490444375140537
0.2535509038851079 -0.045493501937351535
0.26430163158700104 -0.046044968026651874
0.27519433517269654 -0.04655750827668086
0.28622245328485874 -0.047029561428922506
0.29737934299750524 -0.04745932529257193
0.30865828381745486 -0.047844758899544884
0.320052481732506 -0.048183599236084916
0.33155507330389 -0.048473390572508594
0.3431591298005543 -0.048711523635749314
0.35485766137276875 -0.048895281351649764
0.36664362126255073 -0.049021887657347496
0.3785099100483679 -0.049088555957952515
0.3904493799215649 -0.04909253416236348
0.4024548389919357 -0.04903114384500898
0.41451905561984914 -0.04890181188895805
0.42663476277231926 -0.04870209390172306
0.43879466240039156 -0.048429689678974736
0.4509914298352198 -0.04808245194032423
0.46321771820016633 -0.04765839039478545
0.475466162836291 -0.04715567383951921
0.4877293857385438 -0.046572633396015764
0.4999999999999999 -0.045907770103542155
0.512270614261456 -0.045159769902742834
0.5245338371637088 -0.0443275285583459
0.5367822817998334 -0.043410188317908674
0.54900857016478 -0.04240718713388275
0.5612053375996082 -0.04131832015761398
0.5733652372276805 -0.04014381202828939
0.5854809443801506 -0.03888439731701528
0.5975451610080642 -0.03754140543706802
0.6095506200784349 -0.03611684548132082
0.6214900899516319 -0.0346134858704691
0.6333563787374491 -0.03303492344691968
0.645142338627231 -0.03138563676294754
0.6568408701994456 -0.029671018796659808
0.6684449266961098 -0.02789738516765147
0.6799475182674938 -0.026071955072248743
0.691341716182545 -0.024202803548611974
0.7026206570024947 -0.022298785227968056
0.713777546715141 -0.020369431329289138
0.7248056648273034 -0.018424823203146274
0.7356983684129987 -0.01647544711881012
0.746449096114892 -0.014532036117377883
0.7570513720966108 -0.012605405538197964
0.7674988099435485 -0.010706289202963216
0.7777851165098009 -0.008845183174739372
0.7879040957089227 -0.0070322034907715604
0.7978496522462164 -0.00527696332209265
0.8076157952903136 -0.003588473693921285
0.8171966420818224 -0.001975070290165117
0.8265864214768883 -0.0004443670671380273
0.8357794774235092 0.000996764463959916
0.8447702723685334 0.0023421932307884103
0.8535533905932737 0.003586508430206996
0.8621235414757333 0.004724987062787277
0.8704755626774794 0.005753555936514395
0.8786044232532422 0.006668755315659119
0.8865052266813687 0.0074677112694090135
0.894173213813303 0.008148123110071874
0.9016037657403225 0.00870827112815195
0.9087924065757916 0.009147048193057051
0.9157348061512727 0.009464016788395225
0.9224267826248536 0.009659490812288039
0.928864305000136 0.009734639138915802
0.9350434955543556 0.009691605662358395
0.9409606321741775 0.00953363848437411
0.9466121505977576 0.009265219212476914
0.9519946465617215 0.008892182133810208
0.9571048778517655 0.008421812427070947
0.9619397662556433 0.007862912637815411
0.9664963994173694 0.007225827400716258
0.9707720325915102 0.006522417831782142
0.9747640902965183 0.005765979077150544
0.9784701678661044 0.004971097095171491
0.98188803289772 0.004153443731896517
0.985015626597272 0.0033295123654413995
0.9878510650192642 0.002516299661831802
0.9903926402016152 0.0017309421155533476
0.9926388211944706 0.0009903188569666604
0.9945882549823906 0.00031063452538056995
0.9962397672993549 -0.0002930023146299641
0.9975923633360985 -0.0008069888063822761
0.9986452283393451 -0.0012196089656188558
0.9993977281025862 -0.0015213705899559202
0.9998494093481021 -0.0017052836763112118
1.0 -0.0017670684050479384
