1.0 0.001705111825399296
0.9998494093481021 0.0017832127760487055
0.9993977281025862 0.002016060485399985
0.9986452283393451 0.0023993442729161297
0.9975923633360985 0.0029260596153914725
0.9962397672993549 0.003586769284886081
0.9945882549823906 0.0043699518596463415
0.9926388211944706 0.005262421606133984
0.9903926402016152 0.006249800631250109
0.9878510650192642 0.007317022091169773
0.985015626597272 0.008448842213803643
0.98188803289772 0.009630338981581676
0.9784701678661044 0.010847376503475668
0.9747640902965183 0.012087016293780808
0.9707720325915102 0.013337859730487081
0.9664963994173694 0.014590309704227391
0.9619397662556433 0.015836743673463674
0.9571048778517655 0.017071594777374875
0.9519946465617215 0.018291342084614404
0.9466121505977576 0.01949441524265663
0.9409606321741775 0.02068102253009636
0.9350434955543556 0.021852914427709074
0.928864305000136 0.02301309718037275
0.9224267826248536 0.024165512336266723
0.9157348061512727 0.025314698888136214
0.9087924065757916 0.02646545442015014
0.9016037657403225 0.027622510645966474
0.894173213813303 0.028790237012408876
0.8865052266813687 0.029972383773921765
0.8786044232532422 0.03117187327296727
0.8704755626774794 0.032390645259241777
0.8621235414757333 0.033629559115049903
0.8535533905932737 0.034888352984804756
0.8447702723685334 0.0361656571745606
0.8357794774235092 0.03745905690854913
0.8265864214768883 0.0387651976896217
0.8171966420818224 0.04007992516243883
0.8076157952903136 0.04139845054259109
0.7978496522462164 0.04271553234120809
0.7879040957089227 0.04402566524571856
0.7777851165098009 0.045323267554310306
0.7674988099435485 0.046602859429841575
0.7570513720966108 0.04785922535514485
0.746449096114892 0.04908755545000544
0.7356983684129987 0.0502835616681903
0.7248056648273034 0.05144356625657297
0.713777546715141 0.052564561165361755
0.7026206570024947 0.0536442383004503
0.691341716182545 0.05468099157256416
0.6799475182674938 0.05567389260400955
0.6684449266961098 0.0566226426958369
0.6568408701994456 0.05752750423953889
0.645142338627231 0.058389215188431536
0.6333563787374491 0.05920889049890376
0.6214900899516319 0.059987914625944716
0.6095506200784349 0.0607278292244205
0.5975451610080642 0.06143022017788272
0.5854809443801506 0.06209660795657851
0.5733652372276805 0.062728345098101
0.5612053375996082 0.06332652430695294
0.54900857016478 0.06389190028082317
0.5367822817998334 0.0644248278897127
0.5245338371637088 0.06492521876000851
0.512270614261456 0.06539251765478937
0.4999999999999999 0.0658256993061636
0.4877293857385438 0.06622328556492997
0.475466162836291 0.06658338191473512
0.46321771820016633 0.06690373158667544
0.4509914298352198 0.06718178474590003
0.43879466240039156 0.06741477954713776
0.42663476277231926 0.0675998313139896
0.41451905561984914 0.06773402572644534
0.4024548389919357 0.06781451173430025
0.3904493799215649 0.06783858997230534
0.3785099100483679 0.06780379274398224
0.36664362126255073 0.06770795215791028
0.35485766137276875 0.06754925371984065
0.3431591298005543 0.06732627356772591
0.33155507330389 0.06703799853257943
0.320052481732506 0.06668382925339894
0.30865828381745486 0.0662635676001605
0.29737934299750524 0.06577739059449612
0.28622245328485874 0.06522581379619437
0.27519433517269654 0.06460964768713197
0.26430163158700104 0.06392995088843689
0.2535509038851079 0.06318798406512627
0.2429486279033891 0.062385168099149145
0.23250119005645137 0.06152304956247918
0.2222148834901989 0.060603275733807395
0.2120959042910774 0.059627580431999005
0.20215034775378343 0.05859778085900571
0.19238420470968637 0.05751578453728104
0.18280335791817703 0.05638360437950271
0.17341357852311146 0.0552033790272162
0.16422052257649067 0.053977394916926956
0.15522972763146647 0.05270810613934498
0.14644660940672616 0.05139814809195136
0.1378764585242665 0.0500503412047041
0.12952443732252045 0.04866768163514023
0.12139557674675777 0.04725331674741856
0.11349477331863145 0.04581050435026707
0.10582678618669683 0.044342555990615
0.09839623425967753 0.042852765986590616
0.09120759342420814 0.04134432923047992
0.08426519384872727 0.03982025199303615
0.07757321737514639 0.038283260915981214
0.07113569499986394 0.03673571600505405
0.06495650444564427 0.03517953366839652
0.059039367825822475 0.033616125648129276
0.05338784940224234 0.03204635906077036
0.048005353438278275 0.03047054172057919
0.042895122148234655 0.02888843552568311
0.038060233744356575 0.027299299024262376
0.03350360058263052 0.0257019584536481
0.029227967408489597 0.024094904680526594
0.025235909703481607 0.02247641169385077
0.021529832133895532 0.020844670739478956
0.018111967102280024 0.01919793295148787
0.014984373402728013 0.01753465252416675
0.012148934980735715 0.015853622148473277
0.009607359798384785 0.014154092642433634
0.007361178805529334 0.012435869436319327
0.005411745017609493 0.010699379794073361
0.0037602327006450165 0.008945706291861985
0.0024076366639015356 0.007176584032557161
0.0013547716606548965 0.005394361227984397
0.0006022718974137975 0.0036019249906118138
0.00015059065189787502 0.0018025962992570047
0.0 0.0
0.00015059065189787502 -0.0015241960019134481
0.0006022718974137975 -0.003042983003179282
0.0013547716606548965 -0.004550652525974424
0.0024076366639015356 -0.006041913790696875
0.0037602327006450165 -0.007512076425913608
0.005411745017609493 -0.008957203235807032
0.007361178805529334 -0.01037422562752998
0.009607359798384785 -0.011761016320641802
0.012148934980735715 -0.013116416256356945
0.014984373402728013 -0.014440215063662677
0.018111967102280024 -0.015733086883081747
0.021529832133895532 -0.016996485658606748
0.025235909703481607 -0.018232506054995972
0.029227967408489597 -0.01944371782898892
0.03350360058263052 -0.020632982690277208
0.038060233744356575 -0.021803263370971264
0.042895122148234655 -0.02295743475230123
0.048005353438278275 -0.024098106478913486
0.05338784940224234 -0.025227465561204164
0.059039367825822475 -0.026347146091085644
0.06495650444564427 -0.02745813146788674
0.07113569499986394 -0.028560692559283337
0.07757321737514639 -0.02965436312974071
0.08426519384872727 -0.030737951782638502
0.09120759342420814 -0.03180958770509602
0.09839623425967753 -0.0328667957883782
0.10582678618669683 -0.033906595315601425
0.11349477331863145 -0.034925615432881016
0.12139557674675777 -0.03592022009344403
0.12952443732252045 -0.036886635100613505
0.1378764585242665 -0.037821070259519134
0.14644660940672616 -0.03871983043568922
0.15522972763146647 -0.03957941044382899
0.16422052257649067 -0.040396570065291876
0.17341357852311146 -0.0411683870180402
0.18280335791817703 -0.04189228727203909
0.19238420470968637 -0.04256605361069854
0.20215034775378343 -0.04318781468768938
0.2120959042910774 -0.0437560179348992
0.2222148834901989 -0.04426939047755796
0.23250119005645137 -0.044726892665972885
0.2429486279033891 -0.04512766892464813
0.2535509038851079 -0.04547100035943493
0.26430163158700104 -0.04575626298689596
0.27519433517269654 -0.04598289461388963
0.28622245328485874 -0.04615037237313195
0.29737934299750524 -0.04625820179729506
0.30865828381745486 -0.04630591718033507
0.320052481732506 -0.0462930919190863
0.33155507330389 -0.04621935663178393
0.3431591298005543 -0.046084422180567845
0.35485766137276875 -0.04588810433130922
0.36664362126255073 -0.04563034669366209
0.3785099100483679 -0.045311238800849425
0.3904493799215649 -0.044931026692392566
0.4024548389919357 -0.044490114111686976
0.41451905561984914 -0.043989053362935085
0.42663476277231926 -0.04342852591295862
0.43879466240039156 -0.04280931388847985
0.4509914298352198 -0.04213226462162976
0.46321771820016633 -0.04139825125263144
0.475466162836291 -0.04060813303579919
0.4877293857385438 -0.0397627193557789
0.4999999999999999 -0.038862741507939086
0.512270614261456 -0.03790883601568667
0.5245338371637088 -0.03690154265834481
0.5367822817998334 -0.03584131950030794
0.54900857016478 -0.03472857610168906
0.5612053375996082 -0.033563724827077056
0.5733652372276805 -0.032347248840019785
0.5854809443801506 -0.031079784071231072
0.5975451610080642 -0.02976221127348402
0.6095506200784349 -0.028395753314438752
0.6214900899516319 -0.026982072186080792
0.6333563787374491 -0.025523359883172954
0.645142338627231 -0.02402241735721322
0.6568408701994456 -0.022482716194862848
0.6684449266961098 -0.0209084384815056
0.6799475182674938 -0.01930449144594465
0.691341716182545 -0.017676494871861494
0.7026206570024947 -0.016030740816726077
0.713777546715141 -0.014374126796879126
0.7248056648273034 -0.012714065169254168
0.7356983684129987 -0.011058372857098115
0.746449096114892 -0.00941514672884727
0.7570513720966108 -0.0077926307612236866
0.7674988099435485 -0.006199081536600453
0.7777851165098009 -0.0046426386043224264
0.7879040957089227 -0.003131205769321144
0.7978496522462164 -0.001672348483344837
0.8076157952903136 -0.0002732112587598035
0.8171966420818224 0.0010595425165028382
0.8265864214768883 0.0023197677083257803
0.8357794774235092 0.0035018526434185786
0.8447702723685334 0.004600715252389847
0.8535533905932737 0.0056117845439314735
0.8621235414757333 0.006530973037039034
0.8704755626774794 0.007354646606674679
0.8786044232532422 0.00807959854965083
0.8865052266813687 0.008703034508676016
0.894173213813303 0.009222574194795531
0.9016037657403225 0.00963627464926256
0.9087924065757916 0.009942678147847751
0.9157348061512727 0.010140885868552977
0.9224267826248536 0.01023065623925451
0.928864305000136 0.01021252459616186
0.9350434955543556 0.010087938569184557
0.9409606321741775 0.009859401619622692
0.9466121505977576 0.009530615533565144
0.9519946465617215 0.009106611547152834
0.9571048778517655 0.00859385924655645
0.9619397662556433 0.008000342511057999
0.9664963994173694 0.007335592577641204
0.9707720325915102 0.006610669783599477
0.9747640902965183 0.005838087631326578
0.9784701678661044 0.005031675418557463
0.98188803289772 0.004206378655248658
0.985015626597272 0.0033779996852763726
0.9878510650192642 0.0025628841694468503
0.9903926402016152 0.0017775621807297219
0.9926388211944706 0.0010383554314934175
0.9945882549823906 0.00036096442884162657
0.9962397672993549 -0.00023994900412442057
0.9975923633360985 -0.000751167504349546
0.9986452283393451 -0.0011612958165852865
0.9993977281025862 -0.0014610946305752817
0.9998494093481021 -0.0016437564755345446
1.0 -0.001705111825399296
