1.0 0.001419313490149906
0.9998494093481021 0.001498325227457482
0.9993977281025862 0.0017338766408378512
0.9986452283393451 0.0021215729886184817
0.9975923633360985 0.002654275919096243
0.9962397672993549 0.0033223737332936003
0.9945882549823906 0.004114142109734658
0.9926388211944706 0.005016178750860799
0.9903926402016152 0.006013892189479412
0.9878510650192642 0.007092022781905032
0.985015626597272 0.00823517281345364
0.98188803289772 0.009428322691215192
0.9784701678661044 0.010657311374925696
0.9747640902965183 0.011909261414996238
0.9707720325915102 0.013172932088282125
0.9664963994173694 0.014438987962318682
0.9619397662556433 0.015700174558800132
0.9571048778517655 0.01695139738761199
0.9519946465617215 0.018189705237854445
0.9466121505977576 0.019414183003780165
0.9409606321741775 0.020625763274186474
0.9350434955543556 0.021826969238821256
0.928864305000136 0.023021604021866787
0.9224267826248536 0.024214403245730116
0.9157348061512727 0.02541066841475699
0.9087924065757916 0.026615898596024944
0.9016037657403225 0.02783543691929911
0.894173213813303 0.029074146719285886
0.8865052266813687 0.030336129833645566
0.8786044232532422 0.03162449680771588
0.8704755626774794 0.032941195713505754
0.8621235414757333 0.03428690314148905
0.8535533905932737 0.03566097783718629
0.8447702723685334 0.03706147458235325
0.8357794774235092 0.0384852133908349
0.8265864214768883 0.039927897000511074
0.8171966420818224 0.04138426806138556
0.8076157952903136 0.04284829637834584
0.7978496522462164 0.04431338606573616
0.7879040957089227 0.04577259248079247
0.7777851165098009 0.0472188392709396
0.7674988099435485 0.04864512672407784
0.7570513720966108 0.050044723767283826
0.746449096114892 0.051411337328085706
0.7356983684129987 0.05273925426439416
0.7248056648273034 0.05402345260076359
0.713777546715141 0.055259680306435806
0.7026206570024947 0.05644450125404046
0.691341716182545 0.05757530926090337
0.6799475182674938 0.0586503122064662
0.6684449266961098 0.059668489122079296
0.6568408701994456 0.060629523858198864
0.645142338627231 0.06153371945317396
0.6333563787374491 0.062381897668508185
0.6214900899516319 0.06317528833282587
0.6095506200784349 0.06391541316729007
0.5975451610080642 0.06460396866484718
0.5854809443801506 0.06524271237841373
0.5733652372276805 0.06583335665046727
0.5612053375996082 0.06637747339758764
0.54900857016478 0.06687641305588064
0.5367822817998334 0.06733124020417397
0.5245338371637088 0.06774268771990971
0.512270614261456 0.06811113059905519
0.4999999999999999 0.06843657980151427
0.4877293857385438 0.06871869568782805
0.475466162836291 0.06895681981705358
0.46321771820016633 0.06915002311006058
0.4509914298352198 0.06929716768116648
0.43879466240039156 0.06939697903986096
0.42663476277231926 0.06944812489847642
0.41451905561984914 0.06944929652269387
0.4024548389919357 0.06939928845500264
0.3904493799215649 0.06929707254284712
0.3785099100483679 0.0691418625180275
0.36664362126255073 0.06893316589389907
0.35485766137276875 0.06867082065040654
0.3431591298005543 0.06835501502921339
0.33155507330389 0.06798628971568757
0.320052481732506 0.0675655226856914
0.30865828381745486 0.0670938979817026
0.29737934299750524 0.0665728605918552
0.28622245328485874 0.06600406037700589
0.27519433517269654 0.0653892885722544
0.26430163158700104 0.06473041073938392
0.2535509038851079 0.06402930013941315
0.2429486279033891 0.06328777532138223
0.23250119005645137 0.06250754529497626
0.2222148834901989 0.061690164999646975
0.2120959042910774 0.060837002947680394
0.20215034775378343 0.05994922196349796
0.19238420470968637 0.05902777293677204
0.18280335791817703 0.05807340052807985
0.17341357852311146 0.057086658887658105
0.16422052257649067 0.05606793473892804
0.15522972763146647 0.05501747469570117
0.14644660940672616 0.05393541346591309
0.1378764585242665 0.05282179966601298
0.12952443732252045 0.05167661632744159
0.12139557674675777 0.05049979379617869
0.11349477331863145 0.049291213563128405
0.10582678618669683 0.048050702553838316
0.09839623425967753 0.04677801847349571
0.09120759342420814 0.045472827861758915
0.08426519384872727 0.04413467947424898
0.07757321737514639 0.0427629763906469
0.07113569499986394 0.041356950781724536
0.06495650444564427 0.039915645494739735
0.059039367825822475 0.03843790650558305
0.05338784940224234 0.03692238982886595
0.048005353438278275 0.035367585691963056
0.042895122148234655 0.03377186170962063
0.038060233744356575 0.03213352550895122
0.03350360058263052 0.03045090583601324
0.029227967408489597 0.0287224497232208
0.025235909703481607 0.026946831916055385
0.021529832133895532 0.025123071550982347
0.018111967102280024 0.023250650138079785
0.014984373402728013 0.021329624309540947
0.012148934980735715 0.019360726604660917
0.009607359798384785 0.017345447802286636
0.007361178805529334 0.015286094982803726
0.005411745017609493 0.013185820573487205
0.0037602327006450165 0.011048619045020296
0.0024076366639015356 0.008879289600048138
0.0013547716606548965 0.0066833650243050624
0.0006022718974137975 0.004467008742244019
0.00015059065189787502 0.002236883912697154
0.0 0.0
0.00015059065189787502 -0.0018462890266063839
0.0006022718974137975 -0.0036844858596385747
0.0013547716606548965 -0.005506305066689436
0.0024076366639015356 -0.007303919998469593
0.0037602327006450165 -0.009070167968519527
0.005411745017609493 -0.010798727609052781
0.007361178805529334 -0.012484261353023654
0.009607359798384785 -0.014122517737617222
0.012148934980735715 -0.015710390214810365
0.014984373402728013 -0.017245931280029724
0.018111967102280024 -0.018728322873287073
0.021529832133895532 -0.020157806051871365
0.025235909703481607 -0.02153557477018639
0.029227967408489597 -0.02286364013458368
0.03350360058263052 -0.024144672651899016
0.038060233744356575 -0.025381830705960246
0.042895122148234655 -0.026578583748789714
0.048005353438278275 -0.02773853848215628
0.05338784940224234 -0.028865275657096536
0.059039367825822475 -0.029962204085540078
0.06495650444564427 -0.031032437112184435
0.07113569499986394 -0.03207869522587078
0.07757321737514639 -0.03310323679840698
0.08426519384872727 -0.03410781723012466
0.09120759342420814 -0.035093675158514734
0.09839623425967753 -0.03606154294382938
0.10582678618669683 -0.037011677464309826
0.11349477331863145 -0.03794390639566595
0.12139557674675777 -0.038857684654290604
0.12952443732252045 -0.03975215556681228
0.1378764585242665 -0.040626211580594804
0.14644660940672616 -0.041478549917671956
0.15522972763146647 -0.042307719444368674
0.16422052257649067 -0.043112156109527386
0.17341357852311146 -0.043890205512850416
0.18280335791817703 -0.04464013241218143
0.19238420470968637 -0.045360118175204564
0.20215034775378343 -0.04604824824351028
0.2120959042910774 -0.04670249253311681
0.2222148834901989 -0.04732068228931317
0.23250119005645137 -0.04790048720873188
0.2429486279033891 -0.04843939662341578
0.2535509038851079 -0.0489347082184092
0.26430163158700104 -0.049383527155933395
0.27519433517269654 -0.0497827776547319
0.28622245328485874 -0.050129228087644924
0.29737934299750524 -0.05041952958985488
0.30865828381745486 -0.05065026709600906
0.320052481732506 -0.050818020727736044
0.33155507330389 -0.05091943460898038
0.3431591298005543 -0.05095128955867047
0.35485766137276875 -0.05091057574606933
0.36664362126255073 -0.05079456132187599
0.3785099100483679 -0.05060085326439843
0.3904493799215649 -0.050327447189560705
0.4024548389919357 -0.04997276362982315
0.41451905561984914 -0.04953566923553246
0.42663476277231926 -0.049015482423462015
0.43879466240039156 -0.0484119641123925
0.4509914298352198 -0.04772529526157253
0.46321771820016633 -0.0469560438838511
0.475466162836291 -0.04610512496814901
0.4877293857385438 -0.04517375725600498
0.4999999999999999 -0.04416342103225315
0.512270614261456 -0.0430758209896158
0.5245338371637088 -0.041912857813153175
0.5367822817998334 -0.040676611428213744
0.54900857016478 -0.03936933791149225
0.5612053375996082 -0.03799348094432177
0.5733652372276805 -0.03655169746985263
0.5854809443801506 -0.035046895989403706
0.5975451610080642 -0.03348228478855223
0.6095506200784349 -0.031861426406903426
0.6214900899516319 -0.030188293933027972
0.6333563787374491 -0.028467324277708494
0.645142338627231 -0.026703463493586266
0.6568408701994456 -0.024902199482685874
0.6684449266961098 -0.023069578054601508
0.6799475182674938 -0.02121219923136518
0.691341716182545 -0.01933719188072199
0.7026206570024947 -0.01745216611850165
0.713777546715141 -0.015565144359256843
0.7248056648273034 -0.013684473310445984
0.7356983684129987 -0.011818720496200068
0.746449096114892 -0.009976559965492597
0.7570513720966108 -0.008166652603034737
0.7674988099435485 -0.006397526855881404
0.7777851165098009 -0.004677465675771231
0.7879040957089227 -0.003014405046106458
0.7978496522462164 -0.0014158486325153848
0.8076157952903136 0.00011119808422602618
0.8171966420818224 0.001560272289063517
0.8265864214768883 0.0029254766554686297
0.8357794774235092 0.004201481933565879
0.8447702723685334 0.005383512363113308
0.8535533905932737 0.006467318425216255
0.8621235414757333 0.0074491426048676635
0.8704755626774794 0.008325684600660443
0.8786044232532422 0.00909407271442047
0.8865052266813687 0.009751847938041775
0.894173213813303 0.010296966517404305
0.9016037657403225 0.01072782553972324
0.9087924065757916 0.011043314422210107
0.9157348061512727 0.011242893170246165
0.9224267826248536 0.011326696043472778
0.928864305000136 0.011295656959658397
0.9350434955543556 0.011151650731827306
0.9409606321741775 0.01089764222872372
0.9466121505977576 0.010537833918770008
0.9519946465617215 0.010077801131687474
0.9571048778517655 0.00952460385124928
0.9619397662556433 0.008886864004097652
0.9664963994173694 0.00817479806014913
0.9707720325915102 0.007400196293930366
0.9747640902965183 0.006576342214137364
0.9784701678661044 0.0057178683509778346
0.98188803289772 0.004840547661945156
0.985015626597272 0.003961023112902409
0.9878510650192642 0.003096481330191211
0.9903926402016152 0.002264279410318746
0.9926388211944706 0.001481536829360448
0.9945882549823906 0.0007647067420959784
0.9962397672993549 0.00012914265413783055
0.9975923633360985 -0.0004113226232236567
0.9986452283393451 -0.0008447687360753781
0.9993977281025862 -0.001161534039774026
0.9998494093481021 -0.0013545017151957758
1.0 -0.001419313490149906
