1.0 0.0016766086099211312
0.9998494093481021 0.0017579329077334104
0.9993977281025862 0.002000417680240047
0.9986452283393451 0.0023996549301872686
0.9975923633360985 0.002948483244049921
0.9962397672993549 0.003637256575730755
0.9945882549823906 0.004454202857085773
0.9926388211944706 0.005385855866809394
0.9903926402016152 0.006417540580084521
0.9878510650192642 0.0075338900335725715
0.985015626597272 0.008719370674409001
0.98188803289772 0.009958793255363958
0.9784701678661044 0.011237787564275611
0.9747640902965183 0.012543221545663907
0.9707720325915102 0.01386354854212367
0.9664963994173694 0.01518907026295994
0.9619397662556433 0.016512107454164444
0.9571048778517655 0.017827074853967815
0.9519946465617215 0.019130461623350872
0.9466121505977576 0.02042072280180199
0.9409606321741775 0.021698091238765718
0.9350434955543556 0.022964322708414253
0.928864305000136 0.02422238939080951
0.9224267826248536 0.0254761385068589
0.9157348061512727 0.026729933590653145
0.9087924065757916 0.02798829568549811
0.9016037657403225 0.029255560722011062
0.894173213813303 0.03053556758253816
0.8865052266813687 0.03183138901343789
0.8786044232532422 0.03314511477599948
0.8704755626774794 0.03447769340044212
0.8621235414757333 0.03582883579917985
0.8535533905932737 0.037196980969685024
0.8447702723685334 0.0385793212200687
0.8357794774235092 0.03997188190285342
0.8265864214768883 0.0413696486350946
0.8171966420818224 0.042766733473988974
0.8076157952903136 0.04415657053137515
0.7978496522462164 0.04553213104200691
0.7879040957089227 0.046886147915832885
0.7777851165098009 0.048211340248382806
0.7674988099435485 0.04950062906443565
0.7570513720966108 0.05074733664775247
0.746449096114892 0.05194536308001952
0.7356983684129987 0.05308933499421515
0.7248056648273034 0.05417472296773608
0.713777546715141 0.05519792537607912
0.7026206570024947 0.05615631784894078
0.691341716182545 0.0570482686812194
0.6799475182674938 0.05787312162858134
0.6684449266961098 0.058631148449362375
0.6568408701994456 0.05932347433891885
0.645142338627231 0.059951980042471306
0.6333563787374491 0.06051918493448384
0.6214900899516319 0.06102811572366347
0.6095506200784349 0.0614821656881272
0.5975451610080642 0.06188494946766373
0.5854809443801506 0.06224015843850597
0.5733652372276805 0.06255142156700615
0.5612053375996082 0.0628221763769155
0.54900857016478 0.06305555426583344
0.5367822817998334 0.06325428386766994
0.5245338371637088 0.06342061548249961
0.512270614261456 0.06355626879288297
0.4999999999999999 0.06366240517512936
0.4877293857385438 0.06373962492300791
0.475466162836291 0.06378798866723798
0.46321771820016633 0.06380706124188311
0.4509914298352198 0.06379597526950806
0.43879466240039156 0.06375351086432332
0.42663476277231926 0.06367818713919007
0.41451905561984914 0.06356836069581105
0.4024548389919357 0.06342232601597624
0.3904493799215649 0.0632384126806947
0.3785099100483679 0.06301507463280423
0.36664362126255073 0.0627509672586934
0.35485766137276875 0.06244500886904381
0.3431591298005543 0.062096424162199064
0.33155507330389 0.06170476839656848
0.320052481732506 0.061269932208150156
0.30865828381745486 0.060792128206397525
0.29737934299750524 0.06027186158521727
0.28622245328485874 0.05970988791915594
0.27519433517269654 0.05910716201130726
0.26430163158700104 0.05846478206822245
0.2535509038851079 0.0577839335671752
0.2429486279033891 0.0570658369445166
0.23250119005645137 0.05631170268688228
0.2222148834901989 0.05552269658982312
0.2120959042910774 0.05469991692264664
0.20215034775378343 0.05384438408286551
0.19238420470968637 0.052957042129444916
0.18280335791817703 0.05203877044691006
0.17341357852311146 0.05109040280603302
0.16422052257649067 0.050112750335459685
0.15522972763146647 0.04910662447005407
0.14644660940672616 0.04807285584160379
0.1378764585242665 0.04701230534509544
0.12952443732252045 0.04592586423957208
0.12139557674675777 0.04481444108826844
0.11349477331863145 0.043678934543070355
0.10582678618669683 0.04252019234549941
0.09839623425967753 0.041338958345904585
0.09120759342420814 0.04013581072078058
0.08426519384872727 0.03891109578090276
0.07757321737514639 0.03766486270413067
0.07113569499986394 0.036396805106601475
0.06495650444564427 0.03510621551880268
0.059039367825822475 0.03379195852250379
0.05338784940224234 0.03245246752797825
0.048005353438278275 0.031085768960335294
0.042895122148234655 0.029689536044615623
0.038060233744356575 0.028261172526906523
0.03350360058263052 0.02679792466219223
0.029227967408489597 0.025297017773901073
0.025235909703481607 0.02375581178660163
0.021529832133895532 0.022171968490027342
0.018111967102280024 0.020543622034104207
0.014984373402728013 0.01886954338276403
0.012148934980735715 0.017149289240392575
0.009607359798384785 0.015383326343876883
0.007361178805529334 0.01357312298090654
0.005411745017609493 0.011721201106906895
0.0037602327006450165 0.009831144406388362
0.0024076366639015356 0.007907559964484272
0.0013547716606548965 0.005955993740501678
0.0006022718974137975 0.003982802610795741
0.00015059065189787502 0.0019949882109323454
0.0 0.0
0.00015059065189787502 -0.001799258118189274
0.0006022718974137975 -0.003591527414869518
0.0013547716606548965 -0.005369521667751155
0.0024076366639015356 -0.007126360795096684
0.0037602327006450165 -0.008855751336392667
0.005411745017609493 -0.010552140958673925
0.007361178805529334 -0.01221084044480018
0.009607359798384785 -0.013828108280029476
0.012148934980735715 -0.015401194848305905
0.014984373402728013 -0.016928345275350035
0.018111967102280024 -0.01840876200097393
0.021529832133895532 -0.019842530116970857
0.025235909703481607 -0.02123051026459736
0.029227967408489597 -0.022574205354442503
0.03350360058263052 -0.023875608476130097
0.038060233744356575 -0.02513704005220531
0.042895122148234655 -0.02636098253054594
0.048005353438278275 -0.02754992069943008
0.05338784940224234 -0.028706195071447414
0.059039367825822475 -0.02983187476333627
0.06495650444564427 -0.030928654966162362
0.07113569499986394 -0.031997782538382945
0.07757321737514639 -0.033040011559109
0.08426519384872727 -0.03405558895174868
0.09120759342420814 -0.035044268630107685
0.09839623425967753 -0.036005351124260156
0.10582678618669683 -0.03693774439423769
0.11349477331863145 -0.037840040601030175
0.12139557674675777 -0.0387106030211725
0.12952443732252045 -0.03954765708498604
0.1378764585242665 -0.0403493796872249
0.14644660940672616 -0.04111398143711739
0.15522972763146647 -0.041839777336138674
0.16422052257649067 -0.04252524243211399
0.17341357852311146 -0.043169050219960085
0.18280335791817703 -0.04377009285703264
0.19238420470968637 -0.044327483546850135
0.20215034775378343 -0.04484054263454661
0.2120959042910774 -0.04530876997533599
0.2222148834901989 -0.045731806921862746
0.23250119005645137 -0.04610939178345357
0.2429486279033891 -0.04644131281609794
0.2535509038851079 -0.04672736270401917
0.26430163158700104 -0.04696729811075138
0.27519433517269654 -0.04716080724807328
0.28622245328485874 -0.047307487589902456
0.29737934299750524 -0.047406834912753826
0.30865828381745486 -0.047458243849585593
0.320052481732506 -0.04746101917689744
0.33155507330389 -0.04741439618949148
0.3431591298005543 -0.04731756781835509
0.35485766137276875 -0.04716971566632699
0.36664362126255073 -0.046970041908208096
0.3785099100483679 -0.04671779904192303
0.3904493799215649 -0.04641231477981732
0.4024548389919357 -0.046053009908633286
0.41451905561984914 -0.04563940767928846
0.42663476277231926 -0.04517113415434214
0.43879466240039156 -0.04464790987225402
0.4509914298352198 -0.044069534107824014
0.46321771820016633 -0.04343586384210828
0.475466162836291 -0.042746790232746815
0.4877293857385438 -0.042002215838019996
0.4999999999999999 -0.04120203605151957
0.512270614261456 -0.040346128124494576
0.5245338371637088 -0.03943435078625122
0.5367822817998334 -0.03846655683778719
0.54900857016478 -0.037442620229328046
0.5612053375996082 -0.03636247809620837
0.5733652372276805 -0.03522618709175182
0.5854809443801506 -0.03403399220214059
0.5975451610080642 -0.0327864051421714
0.6095506200784349 -0.03148428849525051
0.6214900899516319 -0.03012894105039255
0.6333563787374491 -0.028722179363462944
0.645142338627231 -0.02726641047054352
0.6568408701994456 -0.02576469092666048
0.6684449266961098 -0.024220767927276277
0.6799475182674938 -0.022639099162282773
0.691341716182545 -0.021024849198955902
0.7026206570024947 -0.01938386151775178
0.713777546715141 -0.01772260674412836
0.7248056648273034 -0.016048109032826125
0.7356983684129987 -0.014367853867948874
0.746449096114892 -0.012689681647326163
0.7570513720966108 -0.011021672239388462
0.7674988099435485 -0.009372026169738843
0.7777851165098009 -0.007748948170770993
0.7879040957089227 -0.006160538496214759
0.7978496522462164 -0.004614696677576532
0.8076157952903136 -0.0031190413241807017
0.8171966420818224 -0.0016808482127665721
0.8265864214768883 -0.0003070073688049757
0.8357794774235092 0.0009960017808696088
0.8447702723685334 0.002222119687089462
0.8535533905932737 0.0033657043143168006
0.8621235414757333 0.004421522207582028
0.8704755626774794 0.005384738841653196
0.8786044232532422 0.006250914433998736
0.8865052266813687 0.007016011239925702
0.894173213813303 0.007676417678113473
0.9016037657403225 0.008228993479382503
0.9087924065757916 0.008671138467779702
0.9157348061512727 0.009000885660284907
0.9224267826248536 0.009217017226633487
0.928864305000136 0.009319199621671468
0.9350434955543556 0.00930813203930973
0.9409606321741775 0.009185700392205783
0.9466121505977576 0.00895512744005745
0.9519946465617215 0.008621108599867368
0.9571048778517655 0.008189922475465579
0.9619397662556433 0.007669505308844125
0.9664963994173694 0.0070694794109301615
0.9707720325915102 0.006401127160203559
0.9747640902965183 0.00567730430688108
0.9784701678661044 0.004912288990296325
0.98188803289772 0.004121565933784243
0.985015626597272 0.003321548562514645
0.9878510650192642 0.0025292451137688444
0.9903926402016152 0.0017618779861052062
0.9926388211944706 0.0010364684166703946
0.9945882549823906 0.0003694009120232564
0.9962397672993549 -0.00022401646004122783
0.9975923633360985 -0.0007299788946864205
0.9986452283393451 -0.0011365816889680972
0.9993977281025862 -0.0014341707767935876
0.9998494093481021 -0.0016156322592601954
1.0 -0.0016766086099211312
