1.0 0.0015116810237741475
0.9998494093481021 0.0015955484496262325
0.9993977281025862 0.0018456678657249512
0.9986452283393451 0.0022576466243314896
0.9975923633360985 0.0028243474895090813
0.9962397672993549 0.003536155398303316
0.9945882549823906 0.004381333403510599
0.9926388211944706 0.005346451379822989
0.9903926402016152 0.006416867890846995
0.9878510650192642 0.007577243439949236
0.985015626597272 0.008812062263162071
0.98188803289772 0.01010613990536656
0.9784701678661044 0.011445095025989768
0.9747640902965183 0.012815766120953299
0.9707720325915102 0.014206556982248649
0.9664963994173694 0.015607698558534468
0.9619397662556433 0.01701141920918812
0.9571048778517655 0.018412019919874196
0.9519946465617215 0.019805855623842916
0.9466121505977576 0.021191228112354167
0.9409606321741775 0.022568199904322617
0.9350434955543556 0.023938341697392618
0.928864305000136 0.025304428500668566
0.9224267826248536 0.02667010116239545
0.9157348061512727 0.028039510714842612
0.9087924065757916 0.02941696277567175
0.9016037657403225 0.030806578230316482
0.894173213813303 0.03221198467534598
0.8865052266813687 0.03363605076389159
0.8786044232532422 0.035080672820043825
0.8704755626774794 0.03654662005153688
0.8621235414757333 0.03803344156291203
0.8535533905932737 0.03953943532026214
0.8447702723685334 0.04106167639196135
0.8357794774235092 0.04259609931127388
0.8265864214768883 0.044137627370566174
0.8171966420818224 0.04568034012462472
0.8076157952903136 0.04721766938085633
0.7978496522462164 0.048742613483997874
0.7879040957089227 0.05024795973149968
0.7777851165098009 0.051726505229066994
0.7674988099435485 0.053171267342919146
0.7570513720966108 0.05457567604446857
0.746449096114892 0.05593374178823173
0.7356983684129987 0.057240194030285456
0.7248056648273034 0.05849058700427403
0.713777546715141 0.05968137085685664
0.7026206570024947 0.06080992764916505
0.691341716182545 0.06187457301361125
0.6799475182674938 0.06287452538801527
0.6684449266961098 0.06380984571546915
0.6568408701994456 0.06468135129266393
0.645142338627231 0.06549050807309223
0.6333563787374491 0.06623930619085991
0.6214900899516319 0.06693012377418335
0.6095506200784349 0.067565584273414
0.5975451610080642 0.06814841254355102
0.5854809443801506 0.06868129480044663
0.5733652372276805 0.06916674731600125
0.5612053375996082 0.06960699833213971
0.54900857016478 0.07000388715807761
0.5367822817998334 0.07035878377426
0.5245338371637088 0.07067253150735675
0.512270614261456 0.07094541447760724
0.4999999999999999 0.07117715057352719
0.4877293857385438 0.0713669097082177
0.475466162836291 0.07151335609253935
0.46321771820016633 0.07161471226605784
0.4509914298352198 0.07166884170427532
0.43879466240039156 0.07167334601934781
0.42663476277231926 0.07162567213875648
0.41451905561984914 0.07152322442446538
0.4024548389919357 0.07136347651718124
0.3904493799215649 0.07114407777731659
0.3785099100483679 0.07086294955199954
0.36664362126255073 0.07051836711506104
0.35485766137276875 0.0701090239761566
0.3431591298005543 0.0696340762913063
0.33155507330389 0.06909316627101535
0.320052481732506 0.06848642470358512
0.30865828381745486 0.06781445391346098
0.29737934299750524 0.06707829357929591
0.28622245328485874 0.06627937276983042
0.27519433517269654 0.06541945225340928
0.26430163158700104 0.06450056154946743
0.2535509038851079 0.06352493528708336
0.2429486279033891 0.06249495320801652
0.23250119005645137 0.061413087614052474
0.2222148834901989 0.06028186124836552
0.2120959042910774 0.059103817576138334
0.20215034775378343 0.0578815042660433
0.19238420470968637 0.056617469458457775
0.18280335791817703 0.05531426923116794
0.17341357852311146 0.05397448363034749
0.16422052257649067 0.05260073780720242
0.15522972763146647 0.05119572425759456
0.14644660940672616 0.04976222195174853
0.1378764585242665 0.04830310828788683
0.12952443732252045 0.04682136030454322
0.12139557674675777 0.045320042411216475
0.11349477331863145 0.04380227899002056
0.10582678618669683 0.04227121150396102
0.09839623425967753 0.04072994112549821
0.09120759342420814 0.03918145926716342
0.08426519384872727 0.03762856964684084
0.07757321737514639 0.036073806552259884
0.07113569499986394 0.034519354694110556
0.06495650444564427 0.032966976387335915
0.059039367825822475 0.031417951733982534
0.05338784940224234 0.029873036986779754
0.048005353438278275 0.028332445370130802
0.042895122148234655 0.026795853374992747
0.038060233744356575 0.025262434004572194
0.03350360058263052 0.023730916729951358
0.029227967408489597 0.022199672135579177
0.025235909703481607 0.02066681751854523
0.021529832133895532 0.019130338175963837
0.018111967102280024 0.017588217884664494
0.014984373402728013 0.016038571241153012
0.012148934980735715 0.014479770156169362
0.009607359798384785 0.01291055692469119
0.007361178805529334 0.011330136922139463
0.005411745017609493 0.009738245078970344
0.0037602327006450165 0.008135181793547662
0.0024076366639015356 0.006521815762797666
0.0013547716606548965 0.004899553224379687
0.0006022718974137975 0.0032702751808572432
0.00015059065189787502 0.00163624617780402
0.0 0.0
0.00015059065189787502 -0.0013615504113032415
0.0006022718974137975 -0.0027189934500623015
0.0013547716606548965 -0.004067957490784027
0.0024076366639015356 -0.005404443448126338
0.0037602327006450165 -0.006724987209317855
0.005411745017609493 -0.008026794793685007
0.007361178805529334 -0.009307843548104577
0.009607359798384785 -0.01056694456008498
0.012148934980735715 -0.011803763594560597
0.014984373402728013 -0.013018800111773315
0.018111967102280024 -0.014213326170589853
0.021529832133895532 -0.015389289134386483
0.025235909703481607 -0.01654918395455966
0.029227967408489597 -0.017695902305630132
0.03350360058263052 -0.01883256690429636
0.038060233744356575 -0.019962359908605894
0.042895122148234655 -0.02108835433902039
0.048005353438278275 -0.0222133569984687
0.05338784940224234 -0.023339770432083753
0.059039367825822475 -0.02446948012566545
0.06495650444564427 -0.02560377148485179
0.07113569499986394 -0.02674327927185352
0.07757321737514639 -0.027887970221300105
0.08426519384872727 -0.029037157632169155
0.09120759342420814 -0.03018954495525611
0.09839623425967753 -0.031343293869690994
0.10582678618669683 -0.03249611115392944
0.11349477331863145 -0.03364534786940098
0.12139557674675777 -0.03478810402464748
0.12952443732252045 -0.03592133198167563
0.1378764585242665 -0.03704193238311258
0.14644660940672616 -0.03814683727063856
0.15522972763146647 -0.03923307626106352
0.16422052257649067 -0.04029782305736222
0.17341357852311146 -0.041338421097251776
0.18280335791817703 -0.042352388675864897
0.19238420470968637 -0.04333740531833842
0.20215034775378343 -0.04429128242833742
0.2120959042910774 -0.04521192222053263
0.2222148834901989 -0.046097269599954624
0.23250119005645137 -0.046945261943942454
0.2429486279033891 -0.04775378166392496
0.2535509038851079 -0.048520615991345
0.26430163158700104 -0.049243427685949165
0.27519433517269654 -0.049919739367879065
0.28622245328485874 -0.05054693300651703
0.29737934299750524 -0.05112226484864743
0.30865828381745486 -0.051642894830321945
0.320052481732506 -0.052105928382649304
0.33155507330389 -0.05250846759452747
0.3431591298005543 -0.05284766800343703
0.35485766137276875 -0.05312079689774762
0.36664362126255073 -0.05332528895674043
0.3785099100483679 -0.05345879532936436
0.3904493799215649 -0.05351922283673394
0.4024548389919357 -0.05350476083081786
0.41451905561984914 -0.053413894287424685
0.42663476277231926 -0.05324540287544139
0.43879466240039156 -0.052998346937272255
0.4509914298352198 -0.05267204244590325
0.46321771820016633 -0.05226602798436912
0.475466162836291 -0.05178002754640999
0.4877293857385438 -0.05121391342164857
0.4999999999999999 -0.05056767356420077
0.512270614261456 -0.049841387633537765
0.5245338371637088 -0.04903521534914381
0.5367822817998334 -0.04814939994947648
0.54900857016478 -0.04718428844715293
0.5612053375996082 -0.04614036910144328
0.5733652372276805 -0.045018325175270484
0.5854809443801506 -0.043819102703950744
0.5975451610080642 -0.042543988774747736
0.6095506200784349 -0.04119469579177226
0.6214900899516319 -0.03977344645897562
0.6333563787374491 -0.03828305381552131
0.645142338627231 -0.03672699064007623
0.6568408701994456 -0.035109442914680704
0.6684449266961098 -0.03343534278845669
0.6799475182674938 -0.03171037756323392
0.691341716182545 -0.029940972569608093
0.7026206570024947 -0.02813424732532694
0.713777546715141 -0.026297945966276524
0.7248056648273034 -0.024440344504350127
0.7356983684129987 -0.022570138886849438
0.746449096114892 -0.020696319007313283
0.7570513720966108 -0.018828034661304234
0.7674988099435485 -0.016974459887642776
0.7777851165098009 -0.015144662147189287
0.7879040957089227 -0.013347482358552364
0.7978496522462164 -0.011591430955057998
0.8076157952903136 -0.009884603902125038
0.8171966420818224 -0.008234621098312429
0.8265864214768883 -0.006648587878571699
0.8357794774235092 -0.005133078562445728
0.8447702723685334 -0.0036941392690061923
0.8535533905932737 -0.002337305679876389
0.8621235414757333 -0.0010676301883790359
0.8704755626774794 0.00011028797386446773
0.8786044232532422 0.0011922764167461295
0.8865052266813687 0.0021745737208020144
0.894173213813303 0.003053829991061697
0.9016037657403225 0.003827128642479587
0.9087924065757916 0.004492032615020564
0.9157348061512727 0.0050466562604540854
0.9224267826248536 0.005489761959661167
0.928864305000136 0.005820878258630223
0.9350434955543556 0.00604043410431944
0.9409606321741775 0.0061499017708181326
0.9466121505977576 0.006151939436015106
0.9519946465617215 0.0060505232255883366
0.9571048778517655 0.005851057984218547
0.9619397662556433 0.0055604561293222535
0.9664963994173694 0.005187174717127939
0.9707720325915102 0.004741202289638831
0.9747640902965183 0.004233989117027824
0.9784701678661044 0.003678317006902218
0.98188803289772 0.003088107788778437
0.985015626597272 0.0024781727409490277
0.9878510650192642 0.0018639084315334722
0.9903926402016152 0.001260947512026507
0.9926388211944706 0.0006847757495855806
0.9945882549823906 0.00015032884749302143
0.9962397672993549 -0.00032841575980277374
0.9975923633360985 -0.0007388360478703504
0.9986452283393451 -0.0010700352893207115
0.9993977281025862 -0.0013131692191084468
0.9998494093481021 -0.0014617165328033787
1.0 -0.0015116810237741475
