1.0 0.0016785046575286658
0.9998494093481021 0.0017615160699810451
0.9993977281025862 0.002009097338124566
0.9986452283393451 0.0024169440791252657
0.9975923633360985 0.002978061532784069
0.9962397672993549 0.0036830246280206078
0.9945882549823906 0.004520325047415277
0.9926388211944706 0.005476789335008334
0.9903926402016152 0.006538048998292233
0.9878510650192642 0.007689041442116474
0.985015626597272 0.008914519536969145
0.98188803289772 0.010199547703172735
0.9784701678661044 0.011529963560473533
0.9747640902965183 0.01289278636466607
0.9707720325915102 0.01427655649143167
0.9664963994173694 0.01567159395061888
0.9619397662556433 0.017070168107419095
0.9571048778517655 0.018466575216716366
0.9519946465617215 0.019857124804555263
0.9466121505977576 0.02124004012609338
0.9409606321741775 0.022615281684199327
0.9350434955543556 0.023984305931424147
0.928864305000136 0.02534977366647416
0.9224267826248536 0.026715224188072838
0.9157348061512727 0.028084731948049436
0.9087924065757916 0.029462562265301508
0.9016037657403225 0.03085284168303384
0.894173213813303 0.032259256873773894
0.8865052266813687 0.03368479375255862
0.8786044232532422 0.03513152580317365
0.8704755626774794 0.0366004577219466
0.8621235414757333 0.038091427506129094
0.8535533905932737 0.039603067218300404
0.8447702723685334 0.04113281998600821
0.8357794774235092 0.04267700846406842
0.8265864214768883 0.04423094808332703
0.8171966420818224 0.04578909699006767
0.8076157952903136 0.04734523366823375
0.7978496522462164 0.04889265282538969
0.7879040957089227 0.05042437017923597
0.7777851165098009 0.05193332724913261
0.7674988099435485 0.05341258806527374
0.7570513720966108 0.05485552077633689
0.746449096114892 0.05625595838090265
0.7356983684129987 0.05760833414768649
0.7248056648273034 0.05890778865105012
0.713777546715141 0.06015024666884769
0.7026206570024947 0.06133246342017791
0.691341716182545 0.06245204072598465
0.6799475182674938 0.06350741463430991
0.6684449266961098 0.0644978168551617
0.6568408701994456 0.06542321299805073
0.645142338627231 0.06628422110586163
0.6333563787374491 0.06708201434344047
0.6214900899516319 0.06781821194084345
0.6095506200784349 0.0684947626211951
0.5975451610080642 0.06911382477035191
0.5854809443801506 0.06967764753526536
0.5733652372276805 0.0701884568717469
0.5612053375996082 0.07064835029923719
0.54900857016478 0.07105920375795656
0.5367822817998334 0.07142259350102205
0.5245338371637088 0.07173973539217832
0.512270614261456 0.07201144332499271
0.4999999999999999 0.0722381077444728
0.4877293857385438 0.0724196944572907
0.475466162836291 0.07255576308998674
0.46321771820016633 0.07264550373042646
0.4509914298352198 0.07268778950644715
0.43879466240039156 0.072681242159948
0.42663476277231926 0.07262430710736129
0.41451905561984914 0.07251533407755
0.4024548389919357 0.07235265921762718
0.3904493799215649 0.07213468457748545
0.3785099100483679 0.07185995113338257
0.36664362126255073 0.07152720198325997
0.35485766137276875 0.07113543301946786
0.3431591298005543 0.0706839292210088
0.33155507330389 0.07017228565673117
0.320052481732506 0.06960041329218841
0.30865828381745486 0.06896853067886335
0.29737934299750524 0.06827714350624041
0.28622245328485874 0.06752701474943333
0.27519433517269654 0.06671912869102235
0.26430163158700104 0.06585465239205428
0.2535509038851079 0.06493489820769242
0.2429486279033891 0.06396129068156062
0.23250119005645137 0.06293534062441909
0.2222148834901989 0.06185862842327512
0.2120959042910774 0.0607327976910847
0.20215034775378343 0.059559559324869
0.19238420470968637 0.05834070497185256
0.18280335791817703 0.05707812789422438
0.17341357852311146 0.0557738483566071
0.16422052257649067 0.05443004001125486
0.15522972763146647 0.053049053384900485
0.14644660940672616 0.0516334325189915
0.1378764585242665 0.050185921099277914
0.12952443732252045 0.048709455023256854
0.12139557674675777 0.04720713926089618
0.11349477331863145 0.045682208007278076
0.10582678618669683 0.04413796842674596
0.09839623425967753 0.04257772965301598
0.09120759342420814 0.041004720036146775
0.08426519384872727 0.03942199681176346
0.07757321737514639 0.03783235331367378
0.07113569499986394 0.03623822947532758
0.06495650444564427 0.03464163160661289
0.059039367825822475 0.033044067254478754
0.05338784940224234 0.031446500352623794
0.048005353438278275 0.02984933086169636
0.042895122148234655 0.02825240175183972
0.038060233744356575 0.026655034565586627
0.03350360058263052 0.02505609302434788
0.029227967408489597 0.023454072324101155
0.025235909703481607 0.02184721003005778
0.021529832133895532 0.020233612948572347
0.018111967102280024 0.01861139313887027
0.014984373402728013 0.016978805419607237
0.012148934980735715 0.015334378391976267
0.009607359798384785 0.013677031176809733
0.007361178805529334 0.012006168748237617
0.005411745017609493 0.010321749906302666
0.0037602327006450165 0.008624323497670911
0.0024076366639015356 0.006915030370523638
0.0013547716606548965 0.005195570617639206
0.0006022718974137975 0.003468137786858737
0.00015059065189787502 0.0017353237815030346
0.0 0.0
0.00015059065189787502 -0.001812178321691599
0.0006022718974137975 -0.0036169136263906293
0.0013547716606548965 -0.005406482033673014
0.0024076366639015356 -0.007173599639748934
0.0037602327006450165 -0.008911618972461045
0.005411745017609493 -0.010614698363609025
0.007361178805529334 -0.012277937365269213
0.009607359798384785 -0.013897473029473782
0.012148934980735715 -0.015470533804740052
0.014984373402728013 -0.016995449873006743
0.018111967102280024 -0.018471620844438798
0.021529832133895532 -0.019899443733010152
0.025235909703481607 -0.021280205946662932
0.029227967408489597 -0.02261594954831662
0.03350360058263052 -0.02390931420165829
0.038060233744356575 -0.025163366953777945
0.042895122148234655 -0.02638142729516367
0.048005353438278275 -0.02756689577218337
0.05338784940224234 -0.028723093829650718
0.059039367825822475 -0.029853121577324743
0.06495650444564427 -0.03095973887127157
0.07113569499986394 -0.03204527356281815
0.07757321737514639 -0.03311155908981967
0.08426519384872727 -0.034159901868305
0.09120759342420814 -0.03519107728794987
0.09839623425967753 -0.03620535161643006
0.10582678618669683 -0.03720252585761895
0.11349477331863145 -0.03818199665207094
0.12139557674675777 -0.039142828700071575
0.12952443732252045 -0.04008383294972809
0.1378764585242665 -0.04100364492348758
0.14644660940672616 -0.041900798031455515
0.15522972763146647 -0.04277378749338129
0.16422052257649067 -0.04362112150009437
0.17341357852311146 -0.04444135741334406
0.18280335791817703 -0.045233122046417634
0.19238420470968637 -0.0459951163004072
0.20215034775378343 -0.04672610556993497
0.2120959042910774 -0.0474248983038564
0.2222148834901989 -0.04809031585096412
0.23250119005645137 -0.0487211571954789
0.2429486279033891 -0.04931616236961604
0.2535509038851079 -0.04987397821935782
0.26430163158700104 -0.05039312981420793
0.27519433517269654 -0.05087200017073586
0.28622245328485874 -0.05130882015780058
0.29737934299750524 -0.0517016695351206
0.30865828381745486 -0.05204848912001426
0.320052481732506 -0.05234710315501429
0.33155507330389 -0.05259525013317917
0.3431591298005543 -0.0527906196907992
0.35485766137276875 -0.052930892747795374
0.36664362126255073 -0.05301378189632492
0.3785099100483679 -0.053037069120407156
0.3904493799215649 -0.052998638265900774
0.4024548389919357 -0.05289650024324565
0.41451905561984914 -0.05272880968956891
0.42663476277231926 -0.05249387268210118
0.43879466240039156 -0.05219014601129493
0.4509914298352198 -0.05181622941459177
0.46321771820016633 -0.051370852966116674
0.475466162836291 -0.050852862445614
0.4877293857385438 -0.05026120591512406
0.4999999999999999 -0.04959492487362059
0.512270614261456 -0.0488531532168275
0.5245338371637088 -0.048035126801770946
0.5367822817998334 -0.04714020572519124
0.54900857016478 -0.04616791051433326
0.5612053375996082 -0.04511797235850689
0.5733652372276805 -0.04399039635484568
0.5854809443801506 -0.04278553558546604
0.5975451610080642 -0.04150417277229398
0.6095506200784349 -0.04014760535343125
0.6214900899516319 -0.038717729164870894
0.6333563787374491 -0.03721711555227303
0.645142338627231 -0.035649076718189274
0.6568408701994456 -0.034017714446133475
0.6684449266961098 -0.03232794802474117
0.6799475182674938 -0.03058551818832354
0.691341716182545 -0.028796965136391576
0.7026206570024947 -0.02696958011626617
0.713777546715141 -0.02511133155679808
0.7248056648273034 -0.02323076822582949
0.7356983684129987 -0.021336903245844644
0.746449096114892 -0.019439083943322947
0.7570513720966108 -0.017546853342250077
0.7674988099435485 -0.015669809574762054
0.7777851165098009 -0.01381746953000154
0.7879040957089227 -0.011999142681984182
0.7978496522462164 -0.010223820244507595
0.8076157952903136 -0.008500083641442406
0.8171966420818224 -0.0068360348270739505
0.8265864214768883 -0.005239249339547217
0.8357794774235092 -0.003716751234086428
0.8447702723685334 -0.0022750073443655178
0.8535533905932737 -0.0009199367845676792
0.8621235414757333 0.0003430696515569875
0.8704755626774794 0.0015091264133034687
0.8786044232532422 0.00257383307117285
0.8865052266813687 0.0035332636907135923
0.894173213813303 0.004383971623973714
0.9016037657403225 0.005123014518282926
0.9087924065757916 0.005748002772066561
0.9157348061512727 0.006257172738977963
0.9224267826248536 0.006649483812500848
0.928864305000136 0.0069247362523679155
0.9350434955543556 0.00708370439345982
0.9409606321741775 0.007128277862199483
0.9466121505977576 0.007061601762673604
0.9519946465617215 0.006888205615600901
0.9571048778517655 0.006614110242463303
0.9619397662556433 0.006246901855435874
0.9664963994173694 0.005795763372527185
0.9707720325915102 0.005271454415192166
0.9747640902965183 0.004686233507939539
0.9784701678661044 0.004053718590407225
0.98188803289772 0.0033886849401188364
0.985015626597272 0.002706802827908376
0.9878510650192642 0.002024320507466193
0.9903926402016152 0.001357701286426261
0.9926388211944706 0.0007232262522921301
0.9945882549823906 0.00013657655981478938
0.9962397672993549 -0.0003875891203527042
0.9975923633360985 -0.0008360454520017018
0.9986452283393451 -0.0011973829278477527
0.9993977281025862 -0.0014623460876715141
0.9998494093481021 -0.001624113099584727
1.0 -0.0016785046575286658
