1.0 0.001549473632038517
0.9998494093481021 0.0016337431383658169
0.9993977281025862 0.0018850809545599846
0.9986452283393451 0.0022991298451742748
0.9975923633360985 0.00286880810628641
0.9962397672993549 0.003584571291562153
0.9945882549823906 0.004434761491129848
0.9926388211944706 0.005406028107674888
0.9903926402016152 0.006483800962342324
0.9878510650192642 0.007652794439678421
0.985015626597272 0.008897520343470204
0.98188803289772 0.01020278722041392
0.9784701678661044 0.011554165090168591
0.9747640902965183 0.012938396712959823
0.9707720325915102 0.014343739590292934
0.9664963994173694 0.01576022664694977
0.9619397662556433 0.01717983776701032
0.9571048778517655 0.01859657881753083
0.9519946465617215 0.02000646924992771
0.9466121505977576 0.02140744358908077
0.9409606321741775 0.02279917589365464
0.9350434955543556 0.024182839421255025
0.928864305000136 0.025560816123991827
0.9224267826248536 0.026936372146960822
0.9157348061512727 0.028313316168031143
0.9087924065757916 0.02969565721641391
0.9016037657403225 0.03108727760093218
0.894173213813303 0.03249163486855369
0.8865052266813687 0.033911504433788243
0.8786044232532422 0.03534877182673425
0.8704755626774794 0.036804280570478014
0.8621235414757333 0.03827773868701776
0.8535533905932737 0.03976768390577968
0.8447702723685334 0.041271504953343266
0.8357794774235092 0.04278551395566027
0.8265864214768883 0.04430506307364768
0.8171966420818224 0.04582469707605386
0.8076157952903136 0.047338332653781845
0.7978496522462164 0.048839454890387796
0.7879040957089227 0.050321321390018825
0.7777851165098009 0.05177716507024798
0.7674988099435485 0.053200387480581306
0.7570513720966108 0.05458473562569528
0.746449096114892 0.0559244565701805
0.7356983684129987 0.05721442549572216
0.7248056648273034 0.05845024429657689
0.713777546715141 0.05962830917030355
0.7026206570024947 0.060745846936709307
0.691341716182545 0.06180092096189282
0.6799475182674938 0.06279240855300511
0.6684449266961098 0.06371995251222283
0.6568408701994456 0.06458389019487738
0.645142338627231 0.06538516391344334
0.6333563787374491 0.06612521687728347
0.6214900899516319 0.06680587907037626
0.6095506200784349 0.06742924755771537
0.5975451610080642 0.0679975656853345
0.5854809443801506 0.06851310550550352
0.5733652372276805 0.06897805752097921
0.5612053375996082 0.06939443150140788
0.54900857016478 0.06976397168136031
0.5367822817998334 0.07008808910435083
0.5245338371637088 0.07036781323491904
0.512270614261456 0.07060376423073178
0.4999999999999999 0.07079614646441025
0.4877293857385438 0.07094476303339056
0.475466162836291 0.07104905012588004
0.46321771820016633 0.07110812925865641
0.4509914298352198 0.07112087460958935
0.43879466240039156 0.07108599197808232
0.42663476277231926 0.0710021053629849
0.41451905561984914 0.07086784678839472
0.4024548389919357 0.07068194486376125
0.3904493799215649 0.07044330765535804
0.3785099100483679 0.07015109577736184
0.36664362126255073 0.06980478217295745
0.35485766137276875 0.06940419582362296
0.3431591298005543 0.06894954755733637
0.33155507330389 0.06844143716986778
0.320052481732506 0.06788084216344309
0.30865828381745486 0.06726908947377312
0.29737934299750524 0.06660781252854835
0.28622245328485874 0.06589889679098877
0.27519433517269654 0.06514441753327765
0.26430163158700104 0.06434657391314293
0.2535509038851079 0.06350762346690986
0.2429486279033891 0.06262982087899205
0.23250119005645137 0.06171536435771833
0.2222148834901989 0.06076635217846876
0.2120959042910774 0.059784751004211004
0.20215034775378343 0.05877237653283148
0.19238420470968637 0.05773088593250055
0.18280335791817703 0.056661780497194274
0.17341357852311146 0.055566416068490186
0.16422052257649067 0.0544460181018991
0.15522972763146647 0.05330169786611541
0.14644660940672616 0.052134466191177446
0.1378764585242665 0.050945241442005136
0.12952443732252045 0.049734848976411894
0.12139557674675777 0.04850401021459024
0.11349477331863145 0.04725332053918034
0.10582678618669683 0.045983216480008623
0.09839623425967753 0.04469393391940948
0.09120759342420814 0.043385460278924495
0.08426519384872727 0.04205748471228472
0.07757321737514639 0.04070935113703514
0.07113569499986394 0.03934001940763933
0.06495650444564427 0.037948040008374005
0.059039367825822475 0.036531547294234266
0.05338784940224234 0.035088275532693135
0.048005353438278275 0.03361560083069042
0.042895122148234655 0.03211061053255271
0.038060233744356575 0.03057019993570822
0.03350360058263052 0.02899119430358455
0.029227967408489597 0.027370492284594976
0.025235909703481607 0.02570522510373144
0.021529832133895532 0.023992924406320115
0.018111967102280024 0.02223169051629437
0.014984373402728013 0.02042035221675911
0.012148934980735715 0.018558609032872958
0.009607359798384785 0.01664714742648484
0.007361178805529334 0.014687723291979999
0.005411745017609493 0.012683204629630046
0.0037602327006450165 0.010637570187542947
0.0024076366639015356 0.008555862096920623
0.0013547716606548965 0.006444092945166605
0.0006022718974137975 0.0043091101901119215
0.00015059065189787502 0.002158423163921107
0.0 0.0
0.00015059065189787502 -0.0017426760726489351
0.0006022718974137975 -0.003475897036046144
0.0013547716606548965 -0.005190023565848659
0.0024076366639015356 -0.0068759689332457494
0.0037602327006450165 -0.008525444610558276
0.005411745017609493 -0.010131170710099653
0.007361178805529334 -0.011687042474445273
0.009607359798384785 -0.013188246335954609
0.012148934980735715 -0.014631321678099583
0.014984373402728013 -0.016014167211241232
0.018111967102280024 -0.017335993663123293
0.021529832133895532 -0.01859722712296325
0.025235909703481607 -0.01979936972169758
0.029227967408489597 -0.02094482625306475
0.03350360058263052 -0.022036706740820033
0.038060233744356575 -0.02307861576886237
0.042895122148234655 -0.024074439581756722
0.048005353438278275 -0.025028141538741635
0.05338784940224234 -0.025943575506871038
0.059039367825822475 -0.026824325283697673
0.06495650444564427 -0.027673576250071316
0.07113569499986394 -0.028494023293520382
0.07757321737514639 -0.029287816749650884
0.08426519384872727 -0.030056545824635482
0.09120759342420814 -0.030801256823154738
0.09839623425967753 -0.03152250163701923
0.10582678618669683 -0.03222041045355354
0.11349477331863145 -0.03289478159655311
0.12139557674675777 -0.033545180862400485
0.12952443732252045 -0.03417104267302944
0.1378764585242665 -0.03477176581627326
0.14644660940672616 -0.03534679743239708
0.15522972763146647 -0.035895700156301835
0.16422052257649067 -0.03641819884009082
0.17341357852311146 -0.03691420494855861
0.18280335791817703 -0.03738381842266993
0.19238420470968637 -0.03782730842705581
0.20215034775378343 -0.03824507583031735
0.2120959042910774 -0.03863760142132542
0.2222148834901989 -0.039005384672709725
0.23250119005645137 -0.03934887828251842
0.2429486279033891 -0.03966842374320496
0.2535509038851079 -0.03996419281888533
0.26430163158700104 -0.040236139099345744
0.27519433517269654 -0.04048396280802971
0.28622245328485874 -0.040707090854871564
0.29737934299750524 -0.040904672838962826
0.30865828381745486 -0.04107559242109975
0.320052481732506 -0.04121849230032516
0.33155507330389 -0.04133181003027867
0.3431591298005543 -0.04141382117346177
0.35485766137276875 -0.041462685866586156
0.36664362126255073 -0.041476494785857895
0.3785099100483679 -0.04145331075907997
0.3904493799215649 -0.041391202847514505
0.4024548389919357 -0.04128827056612099
0.41451905561984914 -0.041142656957236894
0.42663476277231926 -0.0409525503958466
0.43879466240039156 -0.04071617619105961
0.4509914298352198 -0.04043178016282571
0.46321771820016633 -0.04009760732460409
0.475466162836291 -0.039711879512530725
0.4877293857385438 -0.039272776207862486
0.4999999999999999 -0.03877842286246039
0.512270614261456 -0.038226890742358154
0.5245338371637088 -0.03761621166410851
0.5367822817998334 -0.03694441005064987
0.54900857016478 -0.036209553539464596
0.5612053375996082 -0.03540982201680816
0.5733652372276805 -0.034543593522637174
0.5854809443801506 -0.0336095440736839
0.5975451610080642 -0.032606757189119054
0.6095506200784349 -0.03153483786938706
0.6214900899516319 -0.030394025054985212
0.6333563787374491 -0.029185296238994976
0.645142338627231 -0.02791045796115513
0.6568408701994456 -0.02657221638057808
0.6684449266961098 -0.02517422298843617
0.6799475182674938 -0.023721091732782862
0.691341716182545 -0.022218385311785417
0.7026206570024947 -0.020672570055309505
0.713777546715141 -0.019090940550037405
0.7248056648273034 -0.01748151685512162
0.7356983684129987 -0.015852918689554237
0.746449096114892 -0.01421422224347
0.7570513720966108 -0.012574806184097268
0.7674988099435485 -0.010944193926228396
0.7777851165098009 -0.00933189927768398
0.7879040957089227 -0.007747282143881534
0.7978496522462164 -0.006199420105840989
0.8076157952903136 -0.004697000427268259
0.8171966420818224 -0.003248235481091798
0.8265864214768883 -0.001860802819035094
0.8357794774235092 -0.0005418092605882623
0.8447702723685334 0.000702223420790526
0.8535533905932737 0.0018653552576604233
0.8621235414757333 0.0029422126629473884
0.8704755626774794 0.003927967113536256
0.8786044232532422 0.0048183146900306895
0.8865052266813687 0.005609463151135853
0.894173213813303 0.006298132620835462
0.9016037657403225 0.006881574859330398
0.9087924065757916 0.007357614534885929
0.9157348061512727 0.007724714005909135
0.9224267826248536 0.007982060980310412
0.928864305000136 0.008129676181828988
0.9350434955543556 0.00816853597092482
0.9409606321741775 0.008100702892988903
0.9466121505977576 0.007929455502554032
0.9519946465617215 0.007659407664548014
0.9571048778517655 0.007296606961572379
0.9619397662556433 0.006848601905308346
0.9664963994173694 0.006324468387434225
0.9707720325915102 0.005734787196574323
0.9747640902965183 0.005091566417046517
0.9784701678661044 0.0044081050178769055
0.98188803289772 0.003698796808093626
0.985015626597272 0.002978877021371054
0.9878510650192642 0.0022641169265872852
0.9903926402016152 0.0015704748602165172
0.9926388211944706 0.000913714764488309
0.9945882549823906 0.00030900552886317136
0.9962397672993549 -0.00022948396720228457
0.9975923633360985 -0.0006889783308550395
0.9986452283393451 -0.0010584617762371292
0.9993977281025862 -0.0013290017239454182
0.9998494093481021 -0.0014940162086844097
1.0 -0.001549473632038517
