1.0 0.0015131658316438795
0.9998494093481021 0.0015912977982766635
0.9993977281025862 0.001824306853445162
0.9986452283393451 0.0022080859786748576
0.9975923633360985 0.0027359660100799476
0.9962397672993549 0.0033989707550777107
0.9945882549823906 0.004186157256824823
0.9926388211944706 0.005085025372880579
0.9903926402016152 0.006081977764362883
0.9878510650192642 0.007162809296590414
0.985015626597272 0.008313203829286764
0.98188803289772 0.00951921646142148
0.9784701678661044 0.010767720468995351
0.9747640902965183 0.01204680035101825
0.9707720325915102 0.013346075443915932
0.9664963994173694 0.014656942297693413
0.9619397662556433 0.015972728215385458
0.9571048778517655 0.017288752807551096
0.9519946465617215 0.018602298866490924
0.9466121505977576 0.01991249808868102
0.9409606321741775 0.021220140957386283
0.9350434955543556 0.022527423261110208
0.928864305000136 0.023837644128988932
0.9224267826248536 0.025154872020131554
0.9157348061512727 0.026483595769397413
0.9087924065757916 0.027828377576838502
0.9016037657403225 0.029193523789268646
0.894173213813303 0.030582787559331602
0.8865052266813687 0.03199911511324827
0.8786044232532422 0.03344444457087815
0.8704755626774794 0.034919563212564175
0.8621235414757333 0.036424025951490045
0.8535533905932737 0.03795613471592538
0.8447702723685334 0.039512975624506515
0.8357794774235092 0.04109050837740251
0.8265864214768883 0.04268370028512181
0.8171966420818224 0.044286695880116536
0.8076157952903136 0.04589301213543263
0.7978496522462164 0.04749574894759715
0.7879040957089227 0.04908780469590397
0.7777851165098009 0.05066208731012677
0.7674988099435485 0.05221171228681128
0.7570513720966108 0.05373018040112257
0.746449096114892 0.0552115293708881
0.7356983684129987 0.05665045534632689
0.7248056648273034 0.058042401733142866
0.713777546715141 0.059383614428860226
0.7026206570024947 0.06067116399703098
0.691341716182545 0.061902936571673416
0.6799475182674938 0.06307759634193895
0.6684449266961098 0.06419452329737066
0.6568408701994456 0.06525373051424731
0.645142338627231 0.0662557656421632
0.6333563787374491 0.06720160142477552
0.6214900899516319 0.06809252008284783
0.6095506200784349 0.06892999622739747
0.5975451610080642 0.06971558268218508
0.5854809443801506 0.07045080320247978
0.5733652372276805 0.07113705560248397
0.5612053375996082 0.07177552826496364
0.54900857016478 0.07236713241808211
0.5367822817998334 0.07291245193813267
0.5245338371637088 0.07341171178328681
0.512270614261456 0.07386476549294305
0.4999999999999999 0.07427110151129117
0.4877293857385438 0.07462986742604162
0.475466162836291 0.07493991057057962
0.46321771820016633 0.07519983283979241
0.4509914298352198 0.07540805703875708
0.43879466240039156 0.07556290164312883
0.42663476277231926 0.07566266052411394
0.41451905561984914 0.07570568400097755
0.4024548389919357 0.07569045754754336
0.3904493799215649 0.07561567460721522
0.3785099100483679 0.07548030026663186
0.36664362126255073 0.07528362299458695
0.35485766137276875 0.0750252922535009
0.3431591298005543 0.0747053405086
0.33155507330389 0.07432418895894972
0.320052481732506 0.07388263715116729
0.30865828381745486 0.07338183746277946
0.29737934299750524 0.07282325620791907
0.28622245328485874 0.07220862377537501
0.27519433517269654 0.07153987671538349
0.26430163158700104 0.07081909501327441
0.2535509038851079 0.07004843790321405
0.2429486279033891 0.06923008147568849
0.23250119005645137 0.06836616102495692
0.2222148834901989 0.06745872058938913
0.2120959042910774 0.06650967149423079
0.20215034775378343 0.06552076096039536
0.19238420470968637 0.0644935510502648
0.18280335791817703 0.0634294074424642
0.17341357852311146 0.062329496822328266
0.16422052257649067 0.061194791098720835
0.15522972763146647 0.06002607625722007
0.14644660940672616 0.05882396346767763
0.1378764585242665 0.05758890009802904
0.12952443732252045 0.056321178545469454
0.12139557674675777 0.0550209412619877
0.11349477331863145 0.053688180987784745
0.10582678618669683 0.05232273596238628
0.09839623425967753 0.0509242806970252
0.09120759342420814 0.049492313694049495
0.08426519384872727 0.04802614421907136
0.07757321737514639 0.04652488080259751
0.07113569499986394 0.044987424512542194
0.06495650444564427 0.043412470153998926
0.059039367825822475 0.04179851839254102
0.05338784940224234 0.04014390135730624
0.048005353438278275 0.03844682357700248
0.042895122148234655 0.03670541917369255
0.038060233744356575 0.03491782514270961
0.03350360058263052 0.03308226935463402
0.029227967408489597 0.03119717070972103
0.025235909703481607 0.029261247743997364
0.021529832133895532 0.027273631015326857
0.018111967102280024 0.02523397386501327
0.014984373402728013 0.023142555720043787
0.012148934980735715 0.021000372018060556
0.009607359798384785 0.018809205124110488
0.007361178805529334 0.016571671262812008
0.005411745017609493 0.014291239484142404
0.0037602327006450165 0.011972219963947392
0.0024076366639015356 0.009619720439033317
0.0013547716606548965 0.007239571202584949
0.0006022718974137975 0.004838220739566557
0.00015059065189787502 0.0024226056608981105
0.0 0.0
0.00015059065189787502 -0.0013697142070089028
0.0006022718974137975 -0.0027338224208100117
0.0013547716606548965 -0.004086491852699218
0.0024076366639015356 -0.005422336295551544
0.0037602327006450165 -0.00673661125313014
0.005411745017609493 -0.00802537687205045
0.007361178805529334 -0.00928562076779981
0.009607359798384785 -0.010515335040770095
0.012148934980735715 -0.01171354427975734
0.014984373402728013 -0.012880284002650932
0.018111967102280024 -0.014016531633070158
0.021529832133895532 -0.015124094605014491
0.025235909703481607 -0.01620546238339148
0.029227967408489597 -0.01726363096402172
0.03350360058263052 -0.0183019096762846
0.038060233744356575 -0.01932372079088249
0.042895122148234655 -0.02033240250571608
0.048005353438278275 -0.02133102535287102
0.05338784940224234 -0.022322230983336445
0.059039367825822475 -0.023308100720049525
0.06495650444564427 -0.02429005932833676
0.07113569499986394 -0.02526881726051992
0.07757321737514639 -0.026244352325618354
0.08426519384872727 -0.02721592945677221
0.09120759342420814 -0.02818215513429615
0.09839623425967753 -0.029141061193841612
0.10582678618669683 -0.03009021130892424
0.11349477331863145 -0.031026822460270012
0.12139557674675777 -0.03194789323538313
0.12952443732252045 -0.03285033085177309
0.1378764585242665 -0.03373106934477199
0.14644660940672616 -0.03458717235337455
0.15522972763146647 -0.03541591529585283
0.16422052257649067 -0.03621484335085663
0.17341357852311146 -0.036981803435112884
0.18280335791817703 -0.037714950175245086
0.19238420470968637 -0.03841272758998832
0.20215034775378343 -0.0390738297210259
0.2120959042910774 -0.03969714468315791
0.2222148834901989 -0.04028168747707167
0.23250119005645137 -0.040826527376500665
0.2429486279033891 -0.04133071575057239
0.2535509038851079 -0.04179321982513907
0.26430163158700104 -0.04221286716469237
0.27519433517269654 -0.04258830463378713
0.28622245328485874 -0.042917974357299236
0.29737934299750524 -0.043200107838532995
0.30865828381745486 -0.04343273801505186
0.320052481732506 -0.04361372773444867
0.33155507330389 -0.043740812007815495
0.3431591298005543 -0.04381165052425667
0.35485766137276875 -0.04382388634216736
0.36664362126255073 -0.04377520644518876
0.3785099100483679 -0.043663399970029514
0.3904493799215649 -0.043486410361144485
0.4024548389919357 -0.043242378440882315
0.41451905561984914 -0.0429296743397118
0.42663476277231926 -0.042546917330210085
0.43879466240039156 -0.04209298376142876
0.4509914298352198 -0.041567004404546644
0.46321771820016633 -0.04096835350743831
0.475466162836291 -0.040296632636091054
0.4877293857385438 -0.03955165289177486
0.4999999999999999 -0.038733419292131546
0.512270614261456 -0.037842120973260104
0.5245338371637088 -0.03687813041494504
0.5367822817998334 -0.03584201414372068
0.54900857016478 -0.03473455638243379
0.5612053375996082 -0.033556795963117156
0.5733652372276805 -0.032310075588697584
0.5854809443801506 -0.030996101312097624
0.5975451610080642 -0.02961700899300176
0.6095506200784349 -0.028175433580943914
0.6214900899516319 -0.02667457643357591
0.6333563787374491 -0.025118265567555836
0.645142338627231 -0.023511003790039803
0.6568408701994456 -0.021858000079032897
0.6684449266961098 -0.020165180351765573
0.6799475182674938 -0.018439174836750685
0.691341716182545 -0.016687280578945283
0.7026206570024947 -0.014917399071397075
0.713777546715141 -0.013137950520854858
0.7248056648273034 -0.011357767712955552
0.7356983684129987 -0.00958597373998946
0.746449096114892 -0.007831848894973676
0.7570513720966108 -0.006104692739709806
0.7674988099435485 -0.00441368766343908
0.7777851165098009 -0.002767770130891963
0.7879040957089227 -0.0011755152715957958
0.7978496522462164 0.00035496048582999025
0.8076157952903136 0.0018160753229913783
0.8171966420818224 0.0032008346268844
0.8265864214768883 0.004502860124420788
0.8357794774235092 0.005716397160896168
0.8447702723685334 0.0068363033936314245
0.8535533905932737 0.00785802363197575
0.8621235414757333 0.008777556696347822
0.8704755626774794 0.009591420898603245
0.8786044232532422 0.010296624995682383
0.8865052266813687 0.010890651200846924
0.894173213813303 0.011371456048655788
0.9016037657403225 0.011737493633402318
0.9087924065757916 0.011987764042651977
0.9157348061512727 0.012121887785425766
0.9224267826248536 0.012140204791626598
0.928864305000136 0.012043894276890005
0.9350434955543556 0.011835109576060213
0.9409606321741775 0.011517120099866891
0.9466121505977576 0.011094451004264271
0.9519946465617215 0.01057301010232699
0.9571048778517655 0.009960191089111066
0.9619397662556433 0.009264942350709226
0.9664963994173694 0.008497791510978299
0.9707720325915102 0.007670817412693284
0.9747640902965183 0.006797563372379755
0.9784701678661044 0.005892888189341762
0.98188803289772 0.004972754395490237
0.985015626597272 0.004053956443469807
0.9878510650192642 0.0031537947692655173
0.9903926402016152 0.002289704748304085
0.9926388211944706 0.0014788523116491831
0.9945882549823906 0.0007377102369066487
0.9962397672993549 8.163073770828472e-05
0.9975923633360985 -0.00047556915929272887
0.9986452283393451 -0.0009219929050034793
0.9993977281025862 -0.0012480046143149583
0.9998494093481021 -0.0014465099524340688
1.0 -0.0015131658316438795
