1.0 0.001645832107223513
0.9998494093481021 0.0017247440727975504
0.9993977281025862 0.0019600851181361166
0.9986452283393451 0.002347724535827162
0.9975923633360985 0.002880954738023578
0.9962397672993549 0.0035507478043930374
0.9945882549823906 0.004346097458040061
0.9926388211944706 0.005254430383994039
0.9903926402016152 0.006262067715620431
0.9878510650192642 0.007354715432133284
0.985015626597272 0.008517961432205469
0.98188803289772 0.009737757208234546
0.9784701678661044 0.011000863312569803
0.9747640902965183 0.012295240089097822
0.9707720325915102 0.013610368294463155
0.9664963994173694 0.014937488061487798
0.9619397662556433 0.01626974893920008
0.9571048778517655 0.017602268237019485
0.9519946465617215 0.018932099359201503
0.9466121505977576 0.020258116004677904
0.9409606321741775 0.02158082181639666
0.9350434955543556 0.02290209811840737
0.928864305000136 0.024224904648149973
0.9224267826248536 0.025552949595839713
0.9157348061512727 0.026890345775292042
0.9087924065757916 0.028241269395319724
0.9016037657403225 0.029609636749602403
0.894173213813303 0.03099881230765569
0.8865052266813687 0.0324113593133937
0.8786044232532422 0.033848841244619746
0.8704755626774794 0.03531167952979276
0.8621235414757333 0.0367990699291236
0.8535533905932737 0.03830895712495394
0.8447702723685334 0.0398380644702712
0.8357794774235092 0.04138197362541092
0.8265864214768883 0.04293524705089465
0.8171966420818224 0.04449158506447924
0.8076157952903136 0.046044008425001094
0.7978496522462164 0.0475850571559271
0.7879040957089227 0.0491069965229285
0.7777851165098009 0.05060202166723998
0.7674988099435485 0.05206245329137091
0.7570513720966108 0.053480917910564224
0.746449096114892 0.05485050743676701
0.7356983684129987 0.056164914172057434
0.7248056648273034 0.057418538586023006
0.713777546715141 0.05860656848058878
0.7026206570024947 0.0597250292654481
0.691341716182545 0.060770806051977155
0.6799475182674938 0.06174163911168628
0.6684449266961098 0.06263609493681423
0.6568408701994456 0.06345351569400078
0.645142338627231 0.06419395029041716
0.6333563787374491 0.06485807059017927
0.6214900899516319 0.06544707654068525
0.6095506200784349 0.06596259410329203
0.5975451610080642 0.06640656993489501
0.5854809443801506 0.06678116673544912
0.5733652372276805 0.06708866305546458
0.5612053375996082 0.06733136113810884
0.54900857016478 0.067511506043061
0.5367822817998334 0.06763121885598027
0.5245338371637088 0.06769244622543785
0.512270614261456 0.06769692779280607
0.4999999999999999 0.0676461823035157
0.4877293857385438 0.06754151233415862
0.475466162836291 0.06738402667323223
0.46321771820016633 0.06717467849702202
0.4509914298352198 0.06691431663604538
0.43879466240039156 0.06660374648488104
0.42663476277231926 0.06624379652171844
0.41451905561984914 0.06583538602117377
0.4024548389919357 0.06537958940294618
0.3904493799215649 0.06487769278435208
0.3785099100483679 0.06433123870457697
0.36664362126255073 0.06374205565173927
0.35485766137276875 0.06311226992022738
0.3431591298005543 0.062444298406367865
0.33155507330389 0.06174082215034316
0.320052481732506 0.06100474167431025
0.30865828381745486 0.060239116366827904
0.29737934299750524 0.059447091236969944
0.28622245328485874 0.058631815228376925
0.27519433517269654 0.05779635587627913
0.26430163158700104 0.05694361535904577
0.2535509038851079 0.0560762529120699
0.2429486279033891 0.05519661813299868
0.23250119005645137 0.05430669893717436
0.2222148834901989 0.05340808687008083
0.2120959042910774 0.05250196122193634
0.20215034775378343 0.05158909200889578
0.19238420470968637 0.05066986048813247
0.18280335791817703 0.04974429456733584
0.17341357852311146 0.048812115356288786
0.16422052257649067 0.04787279028091547
0.15522972763146647 0.04692558771110833
0.14644660940672616 0.04596962798999578
0.1378764585242665 0.0450039261114541
0.12952443732252045 0.04402742205972985
0.12139557674675777 0.043038995952977964
0.11349477331863145 0.042037466544602844
0.10582678618669683 0.041021573230977645
0.09839623425967753 0.03998994337195713
0.09120759342420814 0.038941048322709435
0.08426519384872727 0.03787315297294261
0.07757321737514639 0.03678426467355066
0.07113569499986394 0.03567208810112388
0.06495650444564427 0.034533992795009995
0.059039367825822475 0.03336699976064605
0.05338784940224234 0.032167792665353405
0.048005353438278275 0.030932757796362457
0.042895122148234655 0.029658055180693588
0.038060233744356575 0.02833972119107279
0.03350360058263052 0.026973800716065977
0.029227967408489597 0.025556504708237573
0.025235909703481607 0.024084386800478048
0.021529832133895532 0.022554530852541842
0.018111967102280024 0.02096473989669609
0.014984373402728013 0.019313716106889204
0.012148934980735715 0.0176012211992872
0.009607359798384785 0.015828207121896178
0.007361178805529334 0.013996908001385115
0.005411745017609493 0.01211088603533401
0.0037602327006450165 0.010175026254839861
0.0024076366639015356 0.008195477706002052
0.0013547716606548965 0.006179541451209345
0.0006022718974137975 0.004135508696382184
0.00015059065189787502 0.002072455126219715
0.0 0.0
0.00015059065189787502 -0.001982690191331009
0.0006022718974137975 -0.003957222641614843
0.0013547716606548965 -0.005915161953394249
0.0024076366639015356 -0.00784849998196898
0.0037602327006450165 -0.009749847268979981
0.005411745017609493 -0.011612598927639998
0.007361178805529334 -0.013431068492304528
0.009607359798384785 -0.015200584838747632
0.012148934980735715 -0.01691754910188634
0.014984373402728013 -0.018579450465150835
0.018111967102280024 -0.02018484166438615
0.021529832133895532 -0.02173327693312504
0.025235909703481607 -0.023225216815241922
0.029227967408489597 -0.02466190569698981
0.03350360058263052 -0.026045228991422007
0.038060233744356575 -0.027377557592994508
0.042895122148234655 -0.02866158748081465
0.048005353438278275 -0.029900182182284456
0.05338784940224234 -0.03109622523602621
0.059039367825822475 -0.03225248885814753
0.06495650444564427 -0.03337152378324841
0.07113569499986394 -0.03445557380111898
0.07757321737514639 -0.035506516932690246
0.08426519384872727 -0.0365258335805735
0.09120759342420814 -0.0375146004458907
0.09839623425967753 -0.038473507613064714
0.10582678618669683 -0.03940289504506546
0.11349477331863145 -0.04030280386429773
0.12139557674675777 -0.04117303726015329
0.12952443732252045 -0.04201322568260288
0.1378764585242665 -0.04282289114877363
0.14644660940672616 -0.04360150598091363
0.15522972763146647 -0.044348542064194967
0.16422052257649067 -0.0450635076995121
0.17341357852311146 -0.04574597025553411
0.18280335791817703 -0.046395564014295336
0.19238420470968637 -0.04701198377237005
0.20215034775378343 -0.04759496582581886
0.2120959042910774 -0.04814425886134238
0.2222148834901989 -0.048659587941824484
0.23250119005645137 -0.04914061517235279
0.2429486279033891 -0.049586900743263836
0.2535509038851079 -0.049997867870912045
0.26430163158700104 -0.05037277471628088
0.27519433517269654 -0.05071069569645328
0.28622245328485874 -0.05101051377015633
0.29737934299750524 -0.05127092434340236
0.30865828381745486 -0.051490450478562856
0.320052481732506 -0.05166746817514691
0.33155507330389 -0.05180023969401549
0.3431591298005543 -0.05188695228028458
0.35485766137276875 -0.05192575925143487
0.36664362126255073 -0.05191482028647529
0.3785099100483679 -0.05185233789006956
0.3904493799215649 -0.051736587402464645
0.4024548389919357 -0.051565938552056226
0.41451905561984914 -0.0513388673547774
0.42663476277231926 -0.051053958090950466
0.43879466240039156 -0.05070989606344546
0.4509914298352198 -0.05030545278373021
0.46321771820016633 -0.049839466068272165
0.475466162836291 -0.04931081818685263
0.4877293857385438 -0.04871841562858757
0.4999999999999999 -0.048061174199065075
0.512270614261456 -0.047338013011065945
0.5245338371637088 -0.046547860481732074
0.5367822817998334 -0.04568967472307649
0.54900857016478 -0.044762479753966286
0.5612053375996082 -0.043765417832354686
0.5733652372276805 -0.04269781698336371
0.5854809443801506 -0.04155927156794365
0.5975451610080642 -0.040349732587733514
0.6095506200784349 -0.03906960344083055
0.6214900899516319 -0.03771983610750802
0.6333563787374491 -0.0363020223163473
0.645142338627231 -0.03481847416159124
0.6568408701994456 -0.03327228892997912
0.6684449266961098 -0.031667393542527
0.6799475182674938 -0.030008564990567574
0.691341716182545 -0.028301424388656325
0.7026206570024947 -0.026552403701799013
0.713777546715141 -0.024768685737251297
0.7248056648273034 -0.022958119518784473
0.7356983684129987 -0.021129114578235592
0.746449096114892 -0.01929051890480567
0.7570513720966108 -0.017451486198575977
0.7674988099435485 -0.01562133861158137
0.7777851165098009 -0.013809431282279707
0.7879040957089227 -0.012025024660319659
0.7978496522462164 -0.010277169891243871
0.8076157952903136 -0.008574611428381689
0.8171966420818224 -0.006925709632849293
0.8265864214768883 -0.0053383845071646435
0.8357794774235092 -0.0038200799961885024
0.8447702723685334 -0.002377746603931181
0.8535533905932737 -0.0010178385413415656
0.8621235414757333 0.00025367964307267685
0.8704755626774794 0.00143132288777681
0.8786044232532422 0.002510078271884865
0.8865052266813687 0.003485406802999494
0.894173213813303 0.0043532600528881716
0.9016037657403225 0.005110116259682161
0.9087924065757916 0.005753038971472796
0.9157348061512727 0.006279759401950243
0.9224267826248536 0.006688781521202046
0.928864305000136 0.006979506652900931
0.9350434955543556 0.007152372144962091
0.9409606321741775 0.007208996679904219
0.9466121505977576 0.0071523231423486575
0.9519946465617215 0.006986748796188583
0.9571048778517655 0.006718231948650845
0.9619397662556433 0.0063543643645103095
0.9664963994173694 0.005904399473138999
0.9707720325915102 0.00537922787287148
0.9747640902965183 0.004791293726653039
0.9784701678661044 0.00415444826393041
0.98188803289772 0.003483739623454398
0.985015626597272 0.002795141528059509
0.9878510650192642 0.0021052265936387605
0.9903926402016152 0.0014307932494611463
0.9926388211944706 0.0007884580972279081
0.9945882549823906 0.00019422788755800988
0.9962397672993549 -0.00033693300420752493
0.9975923633360985 -0.0007915227803610904
0.9986452283393451 -0.0011578931730129613
0.9993977281025862 -0.0014265949718672189
0.9998494093481021 -0.0015906635430660246
1.0 -0.001645832107223513
