1.0 0.0015774868725162373
0.9998494093481021 0.001657930120592377
0.9993977281025862 0.0018978419900192592
0.9986452283393451 0.0022930229923478753
0.9975923633360985 0.002836651888279841
0.9962397672993549 0.003519543776599781
0.9945882549823906 0.004330494348540171
0.9926388211944706 0.005256694320708592
0.9903926402016152 0.006284194968819968
0.9878510650192642 0.007398403582247344
0.985015626597272 0.008584586642662808
0.98188803289772 0.009828358634266537
0.9784701678661044 0.011116135591222783
0.9747640902965183 0.012435534693082896
0.9707720325915102 0.013775704290731133
0.9664963994173694 0.015127572499114832
0.9619397662556433 0.016484006711720987
0.9571048778517655 0.017839880839549356
0.9519946465617215 0.019192051513714663
0.9466121505977576 0.02053924868472752
0.9409606321741775 0.021881889794458983
0.9350434955543556 0.023221829813978474
0.928864305000136 0.024562061799575128
0.9224267826248536 0.025906384136226025
0.9157348061512727 0.02725905127929466
0.9087924065757916 0.02862442458817665
0.9016037657403225 0.030006638833217074
0.894173213813303 0.03140929825277466
0.8865052266813687 0.03283521377555803
0.8786044232532422 0.03428619036059639
0.8704755626774794 0.03576287051049832
0.8621235414757333 0.037264637050240794
0.8535533905932737 0.038789575390984495
0.8447702723685334 0.04033449285531712
0.8357794774235092 0.041894990340629136
0.8265864214768883 0.043465579724987616
0.8171966420818224 0.0450398390267528
0.8076157952903136 0.04661059643508407
0.7978496522462164 0.048170133923292786
0.7879040957089227 0.04971040120463013
0.7777851165098009 0.05122323123380368
0.7674988099435485 0.05270054922599472
0.7570513720966108 0.05413456817909005
0.746449096114892 0.0555179650630895
0.7356983684129987 0.05684403310589897
0.7248056648273034 0.05810680688799828
0.713777546715141 0.05930115820247369
0.7026206570024947 0.060422861797799196
0.691341716182545 0.061468631168638
0.6799475182674938 0.06243612547798678
0.6684449266961098 0.06332392947651917
0.6568408701994456 0.06413150893482372
0.645142338627231 0.06485914462960872
0.6333563787374491 0.06550784833647014
0.6214900899516319 0.0660792645896524
0.6095506200784349 0.06657556218096986
0.5975451610080642 0.06699931948934935
0.5854809443801506 0.06735340775858892
0.5733652372276805 0.06764087636932906
0.5612053375996082 0.06786484397480595
0.54900857016478 0.06802839908106122
0.5367822817998334 0.06813451324512952
0.5245338371637088 0.06818596953782652
0.512270614261456 0.06818530827617732
0.4999999999999999 0.0681347912875961
0.4877293857385438 0.06803638514619875
0.475466162836291 0.06789176295286566
0.46321771820016633 0.06770232335481802
0.4509914298352198 0.06746922466361324
0.43879466240039156 0.06719343118188542
0.42663476277231926 0.06687576823774363
0.41451905561984914 0.06651698199600503
0.4024548389919357 0.06611779990350111
0.3904493799215649 0.06567898765564778
0.3785099100483679 0.0652013988524026
0.36664362126255073 0.0646860140358161
0.35485766137276875 0.06413396654317323
0.3431591298005543 0.0635465535269096
0.33155507330389 0.06292523152801316
0.320052481732506 0.06227159707519272
0.30865828381745486 0.06158735384274058
0.29737934299750524 0.06087426885949151
0.28622245328485874 0.06013412104782566
0.27519433517269654 0.059368645923731235
0.26430163158700104 0.05857948056034588
0.2535509038851079 0.05776811288155764
0.2429486279033891 0.056935839004999954
0.23250119005645137 0.056083731714617696
0.2222148834901989 0.05521262225444695
0.2120959042910774 0.05432309656049114
0.20215034775378343 0.05341550586622602
0.19238420470968637 0.05248999041985266
0.18280335791817703 0.05154651393271806
0.17341357852311146 0.05058490543013941
0.16422052257649067 0.04960490447980463
0.15522972763146647 0.04860620539361877
0.14644660940672616 0.04758849597844603
0.1378764585242665 0.04655148676511521
0.12952443732252045 0.04549492735999017
0.12139557674675777 0.04441860759723634
0.11349477331863145 0.043322342453922275
0.10582678618669683 0.04220594113331294
0.09839623425967753 0.041069162217078486
0.09120759342420814 0.039911658219110205
0.08426519384872727 0.038732914126676024
0.07757321737514639 0.03753218548200494
0.07113569499986394 0.03630844214945965
0.06495650444564427 0.035060324065152484
0.059039367825822475 0.03378611494231462
0.05338784940224234 0.032483739105979285
0.048005353438278275 0.03115078538873239
0.042895122148234655 0.029784560403359108
0.038060233744356575 0.028382171616036123
0.03350360058263052 0.02694063859691945
0.029227967408489597 0.02545702876087767
0.025235909703481607 0.023928611973330766
0.021529832133895532 0.022353026724467498
0.018111967102280024 0.02072844929543724
0.014984373402728013 0.019053756555194635
0.012148934980735715 0.017328672808264826
0.009607359798384785 0.015553891496785842
0.007361178805529334 0.013731163539725857
0.005411745017609493 0.011863345622624675
0.0037602327006450165 0.00995440374886155
0.0024076366639015356 0.008009369711572031
0.0013547716606548965 0.006034250701595553
0.0006022718974137975 0.00403589487271685
0.00015059065189787502 0.002021818176844977
0.0 0.0
0.00015059065189787502 -0.0013603292014268812
0.0006022718974137975 -0.00271674930028631
0.0013547716606548965 -0.0040650559290625835
0.0024076366639015356 -0.005401395564021306
0.0037602327006450165 -0.006722418766909134
0.005411745017609493 -0.008025408025362024
0.007361178805529334 -0.00930837394855888
0.009607359798384785 -0.01057011531103947
0.012148934980735715 -0.011810240408315078
0.014984373402728013 -0.013029149277969424
0.018111967102280024 -0.014227978428159567
0.021529832133895532 -0.015408511681646857
0.025235909703481607 -0.01657306247589018
0.029227967408489597 -0.01772433436152444
0.03350360058263052 -0.01886526743665508
0.038060233744356575 -0.019998878991931812
0.042895122148234655 -0.021128106698411128
0.048005353438278275 -0.022255662252955524
0.05338784940224234 -0.023383902538881403
0.059039367825822475 -0.0245147241231857
0.06495650444564427 -0.025649485378211694
0.07113569499986394 -0.026788958783783342
0.07757321737514639 -0.02793331414449243
0.08426519384872727 -0.029082131658029177
0.09120759342420814 -0.030234442102464842
0.09839623425967753 -0.03138878997098049
0.10582678618669683 -0.03254331425298317
0.11349477331863145 -0.033695840800868584
0.12139557674675777 -0.03484397986718732
0.12952443732252045 -0.035985222456465175
0.1378764585242665 -0.03711702959169086
0.14644660940672616 -0.03823690940488502
0.15522972763146647 -0.039342478059908384
0.16422052257649067 -0.04043150182240393
0.17341357852311146 -0.04150191901373289
0.18280335791817703 -0.04255184202510229
0.19238420470968637 -0.04357954092841723
0.20215034775378343 -0.04458341141320315
0.2120959042910774 -0.04556193072933547
0.2222148834901989 -0.04651360596680619
0.23250119005645137 -0.04743691932174452
0.2429486279033891 -0.048330274971670785
0.2535509038851079 -0.04919195182591795
0.26430163158700104 -0.050020065765598816
0.27519433517269654 -0.05081254409766783
0.28622245328485874 -0.05156711389150646
0.29737934299750524 -0.052281304726496655
0.30865828381745486 -0.0529524652421862
0.320052481732506 -0.05357779183412589
0.33155507330389 -0.05415436695571172
0.3431591298005543 -0.054679203833578514
0.35485766137276875 -0.055149294027634445
0.36664362126255073 -0.05556165419203887
0.3785099100483679 -0.055913368622836905
0.3904493799215649 -0.056201624691180445
0.4024548389919357 -0.05642373901627615
0.41451905561984914 -0.05657717316921454
0.42663476277231926 -0.05665953874344965
0.43879466240039156 -0.056668592697098036
0.4509914298352198 -0.0566022248810017
0.46321771820016633 -0.05645844053293307
0.475466162836291 -0.056235341170420415
0.4877293857385438 -0.055931107695586735
0.4999999999999999 -0.055543989597771834
0.512270614261456 -0.055072303888728434
0.5245338371637088 -0.05451444683997617
0.5367822817998334 -0.05386892074529672
0.54900857016478 -0.05313437685790977
0.5612053375996082 -0.052309674424303926
0.5733652372276805 -0.051393954440982756
0.5854809443801506 -0.05038672548980685
0.5975451610080642 -0.04928795785619554
0.6095506200784349 -0.0480981811902075
0.6214900899516319 -0.04681858030903668
0.6333563787374491 -0.045451083418175095
0.645142338627231 -0.04399843708221946
0.6568408701994456 -0.04246426271419999
0.6684449266961098 -0.04085309015664764
0.6799475182674938 -0.03917036505437725
0.691341716182545 -0.03742242810031443
0.7026206570024947 -0.03561646578419375
0.713777546715141 -0.03376043388821386
0.7248056648273034 -0.03186295654518737
0.7356983684129987 -0.02993320509502431
0.746449096114892 -0.02798076214403216
0.7570513720966108 -0.026015477062971793
0.7674988099435485 -0.024047319589907162
0.7777851165098009 -0.02208623819477476
0.7879040957089227 -0.020142029406038486
0.7978496522462164 -0.01822422341849552
0.8076157952903136 -0.01634199004811317
0.8171966420818224 -0.014504067554855567
0.8265864214768883 -0.012718715120382883
0.8357794774235092 -0.010993687962876404
0.8447702723685334 -0.009336232322843026
0.8535533905932737 -0.0077530959881788606
0.8621235414757333 -0.006250548761614539
0.8704755626774794 -0.004834406409304184
0.8786044232532422 -0.003510051241513544
0.8865052266813687 -0.0022824426103856266
0.894173213813303 -0.001156111276433067
0.9016037657403225 -0.0001351327693050238
0.9087924065757916 0.0007769235115295764
0.9157348061512727 0.0015770707379200513
0.9224267826248536 0.0022630057135997377
0.928864305000136 0.0028332313373726505
0.9350434955543556 0.0032871950200792774
0.9409606321741775 0.0036254355913165172
0.9466121505977576 0.0038497295797421723
0.9519946465617215 0.003963226589864587
0.9571048778517655 0.003970562929824635
0.9619397662556433 0.0038779427359876503
0.9664963994173694 0.0036931766189099136
0.9707720325915102 0.0034256693068509987
0.9747640902965183 0.003086349830341758
0.9784701678661044 0.0026875403771651043
0.98188803289772 0.0022427629191820045
0.985015626597272 0.0017664859107534361
0.9878510650192642 0.0012738166045932193
0.9903926402016152 0.0007801476383228502
0.9926388211944706 0.000300769330639202
0.9945882549823906 -0.00014953857883778527
0.9962397672993549 -0.0005569203510630376
0.9975923633360985 -0.0009088465185645293
0.9986452283393451 -0.001194488589957774
0.9993977281025862 -0.0014050505035664922
0.9998494093481021 -0.0015340426883366505
1.0 -0.0015774868725162373
