1.0 0.0016317021974573253
0.9998494093481021 0.0017037989281785057
0.9993977281025862 0.0019186141016737245
0.9986452283393451 0.002271778890137513
0.9975923633360985 0.002756196742998006
0.9962397672993549 0.0033623116720145753
0.9945882549823906 0.004078466412397605
0.9926388211944706 0.004891334111930603
0.9903926402016152 0.005786404016329713
0.9878510650192642 0.006748499432851941
0.985015626597272 0.007762305165248348
0.98188803289772 0.008812881660251348
0.9784701678661044 0.009886144265105819
0.9747640902965183 0.010969288183441195
0.9707720325915102 0.012051142795182821
0.9664963994173694 0.013122442792352109
0.9619397662556433 0.014176007860136432
0.9571048778517655 0.015206827164872976
0.9519946465617215 0.016212049454773024
0.9466121505977576 0.017190883900335043
0.9409606321741775 0.01814442068550273
0.9350434955543556 0.019075383626153217
0.928864305000136 0.01998782959942493
0.9224267826248536 0.020886811223395165
0.9157348061512727 0.02177801999025108
0.9087924065757916 0.02266742693668104
0.9016037657403225 0.023560936989706408
0.894173213813303 0.02446407145331378
0.8865052266813687 0.02538169083346916
0.8786044232532422 0.02631776749286023
0.8704755626774794 0.027275214651897164
0.8621235414757333 0.028255775181687724
0.8535533905932737 0.029259970632884987
0.8447702723685334 0.030287108159883214
0.8357794774235092 0.03133534055715509
0.8265864214768883 0.032401772618556826
0.8171966420818224 0.033482605523665686
0.8076157952903136 0.03457330997687745
0.7978496522462164 0.03566881837241237
0.7879040957089227 0.03676372630030885
0.7777851165098009 0.03785249418995138
0.7674988099435485 0.03892964073586157
0.7570513720966108 0.03998992088124241
0.746449096114892 0.041028482459117735
0.7356983684129987 0.04204099702118694
0.7248056648273034 0.04302376183961496
0.713777546715141 0.04397377147654353
0.7026206570024947 0.04488875862335405
0.691341716182545 0.04576720507485961
0.6799475182674938 0.046608324695984416
0.6684449266961098 0.04741202104743871
0.6568408701994456 0.04817882296172428
0.645142338627231 0.04890980181006721
0.6333563787374491 0.049606474489401683
0.6214900899516319 0.050270696304387935
0.6095506200784349 0.050904547941276065
0.5975451610080642 0.05151022064527962
0.5854809443801506 0.0520899035350564
0.5733652372276805 0.05264567672734377
0.5612053375996082 0.05317941360874928
0.54900857016478 0.05369269518454594
0.5367822817998334 0.05418673895925473
0.5245338371637088 0.054662344264500395
0.512270614261456 0.05511985535202042
0.4999999999999999 0.05555914292352633
0.4877293857385438 0.055979604089032804
0.475466162836291 0.05638018005143043
0.46321771820016633 0.056759390132924505
0.4509914298352198 0.05711538011827381
0.43879466240039156 0.05744598232299196
0.42663476277231926 0.05774878433468422
0.41451905561984914 0.05802120305309344
0.4024548389919357 0.058260560494730655
0.3904493799215649 0.05846415784888994
0.3785099100483679 0.05862934448096639
0.36664362126255073 0.05875357897209009
0.35485766137276875 0.05883447984428994
0.3431591298005543 0.05886986431840284
0.33155507330389 0.058857774247202815
0.320052481732506 0.058796489209247016
0.30865828381745486 0.05868452758440416
0.29737934299750524 0.05852063720264752
0.28622245328485874 0.058303777808411936
0.27519433517269654 0.05803309806513335
0.26430163158700104 0.05770791010057104
0.2535509038851079 0.05732766463917859
0.2429486279033891 0.05689192957555357
0.23250119005645137 0.0564003744229611
0.2222148834901989 0.05585276245080684
0.2120959042910774 0.055248951548626905
0.20215034775378343 0.05458890397895996
0.19238420470968637 0.053872704274151854
0.18280335791817703 0.053100583664142435
0.17341357852311146 0.05227294866432619
0.16422052257649067 0.05139041086919816
0.15522972763146647 0.05045381464178641
0.14644660940672616 0.049464259298046424
0.1378764585242665 0.04842311257729441
0.12952443732252045 0.04733201266087562
0.12139557674675777 0.046192856726264754
0.11349477331863145 0.04500777495672672
0.10582678618669683 0.04377909000382374
0.09839623425967753 0.04250926304424767
0.09120759342420814 0.04120082869846462
0.08426519384872727 0.03985632209946489
0.07757321737514639 0.038478202233219995
0.07113569499986394 0.03706877624706557
0.06495650444564427 0.035630129683761086
0.059039367825822475 0.034164067514408945
0.05338784940224234 0.0326720704042249
0.048005353438278275 0.031155269868646376
0.042895122148234655 0.02961444490603614
0.038060233744356575 0.028050041392711497
0.03350360058263052 0.026462214080275447
0.029227967408489597 0.02485088954128256
0.025235909703481607 0.02321584697040244
0.021529832133895532 0.021556812466590688
0.018111967102280024 0.019873561390953646
0.014984373402728013 0.0181660226931687
0.012148934980735715 0.01643437878329502
0.009607359798384785 0.01467915462655366
0.007361178805529334 0.012901290258642919
0.005411745017609493 0.011102191831741628
0.0037602327006450165 0.00928375755218977
0.0024076366639015356 0.007448376381382014
0.0013547716606548965 0.005598899044115298
0.0006022718974137975 0.0037385826136351326
0.00015059065189787502 0.0018710116053237942
0.0 0.0
0.00015059065189787502 -0.0016736203578986593
0.0006022718974137975 -0.0033408442190582125
0.0013547716606548965 -0.004994996114146537
0.0024076366639015356 -0.006629816114095932
0.0037602327006450165 -0.008239644038226223
0.005411745017609493 -0.00981957660254308
0.007361178805529334 -0.011365590723943572
0.009607359798384785 -0.012874627947994688
0.012148934980735715 -0.014344636963914081
0.014984373402728013 -0.01577457329822964
0.018111967102280024 -0.017164357419569308
0.021529832133895532 -0.018514794522743395
0.025235909703481607 -0.01982746107961146
0.029227967408489597 -0.02110456474983001
0.03350360058263052 -0.022348785358429032
0.038060233744356575 -0.02356310531500712
0.042895122148234655 -0.024750638043577602
0.048005353438278275 -0.025914462713170022
0.05338784940224234 -0.027057472835229343
0.059039367825822475 -0.028182245178273186
0.06495650444564427 -0.02929093401875449
0.07113569499986394 -0.03038519409233426
0.07757321737514639 -0.03146613383571526
0.08426519384872727 -0.03253429872447489
0.09120759342420814 -0.03358968282362309
0.09839623425967753 -0.03463176517306599
0.10582678618669683 -0.03565956641352942
0.11349477331863145 -0.03667172018421281
0.12139557674675777 -0.03766655333292455
0.12952443732252045 -0.038642168888954345
0.1378764585242665 -0.03959652604902168
0.14644660940672616 -0.0405275120832501
0.15522972763146647 -0.04143300202523888
0.16422052257649067 -0.04231090319400979
0.17341357852311146 -0.043159182919170314
0.18280335791817703 -0.04397587921044499
0.19238420470968637 -0.04475909543456509
0.20215034775378343 -0.04550698124777299
0.2120959042910774 -0.04621770300372199
0.2222148834901989 -0.04688940755355332
0.23250119005645137 -0.04752018373683478
0.2429486279033891 -0.04810802591093995
0.2535509038851079 -0.04865080358791734
0.26430163158700104 -0.04914624067035565
0.27519433517269654 -0.04959190695013172
0.28622245328485874 -0.04998522352205731
0.29737934299750524 -0.05032348264625065
0.30865828381745486 -0.05060388145299652
0.320052481732506 -0.05082356780687606
0.33155507330389 -0.05097969571248442
0.3431591298005543 -0.05106948692043198
0.35485766137276875 -0.0510902949319138
0.36664362126255073 -0.05103966743567894
0.3785099100483679 -0.05091540335354001
0.3904493799215649 -0.05071560110774953
0.4024548389919357 -0.050438695421916174
0.41451905561984914 -0.05008348087349321
0.42663476277231926 -0.049649121461481684
0.43879466240039156 -0.049135146558403814
0.4509914298352198 -0.048541434696420006
0.46321771820016633 -0.04786818761047092
0.475466162836291 -0.04711589775056664
0.4877293857385438 -0.04628531301777268
0.4999999999999999 -0.04537740272863965
0.512270614261456 -0.044393328746573986
0.5245338371637088 -0.04333442533495937
0.5367822817998334 -0.042202190608369265
0.54900857016478 -0.04099829152996455
0.5612053375996082 -0.03972458328957561
0.5733652372276805 -0.0383831426775155
0.5854809443801506 -0.03697631383288421
0.5975451610080642 -0.03550676358426374
0.6095506200784349 -0.033977542604097674
0.6214900899516319 -0.032392147844607894
0.6333563787374491 -0.030754581275821504
0.645142338627231 -0.02906939984739462
0.6568408701994456 -0.02734175186332269
0.6684449266961098 -0.025577395584053517
0.6799475182674938 -0.023782696819511753
0.691341716182545 -0.02196460349030823
0.7026206570024947 -0.02013059653344566
0.713777546715141 -0.018288618018134112
0.7248056648273034 -0.01644697881280482
0.7356983684129987 -0.014614249500078249
0.746449096114892 -0.01279913937201776
0.7570513720966108 -0.011010369166140305
0.7674988099435485 -0.00925654365560165
0.7777851165098009 -0.007546030241881984
0.7879040957089227 -0.005886849300996204
0.7978496522462164 -0.004286581221074469
0.8076157952903136 -0.00275229388665802
0.8171966420818224 -0.0012904928876348303
0.8265864214768883 9.290494380105856e-05
0.8357794774235092 0.0013925758213507776
0.8447702723685334 0.0026037739850012292
0.8535533905932737 0.0037223017856674065
0.8621235414757333 0.004744470543816492
0.8704755626774794 0.005667058719490571
0.8786044232532422 0.006487274329869241
0.8865052266813687 0.007202728431147562
0.894173213813303 0.007811425829156922
0.9016037657403225 0.008311778019352787
0.9087924065757916 0.008702641739238228
0.9157348061512727 0.008983384536196046
0.9224267826248536 0.009153976530743648
0.928864305000136 0.00921510523051021
0.9350434955543556 0.009168307977567309
0.9409606321741775 0.00901611454786281
0.9466121505977576 0.008762190715818957
0.9519946465617215 0.008411472381698768
0.9571048778517655 0.007970279239611619
0.9619397662556433 0.0074463970112892105
0.9664963994173694 0.006849118016412577
0.9707720325915102 0.006189231282631852
0.9747640902965183 0.005478955462217846
0.9784701678661044 0.004731810420946721
0.98188803289772 0.0039624263654092365
0.985015626597272 0.0031862926155701143
0.9878510650192642 0.002419451428574972
0.9903926402016152 0.001678145447197543
0.9926388211944706 0.00097843019431328
0.9945882549823906 0.0003357653900076345
0.9962397672993549 -0.00023539941789667827
0.9975923633360985 -0.0007220284597383578
0.9986452283393451 -0.001112876003416952
0.9993977281025862 -0.0013988194031634245
0.9998494093481021 -0.0015731346199132565
1.0 -0.0016317021974573253
