1.0 0.0016082950756831896
0.9998494093481021 0.0016892877200500407
0.9993977281025862 0.0019308578121644232
0.9986452283393451 0.0023288360488872653
0.9975923633360985 0.002876451757944715
0.9962397672993549 0.00356459130079709
0.9945882549823906 0.004382142625098638
0.9926388211944706 0.005316409850404791
0.9903926402016152 0.006353578659278646
0.9878510650192642 0.007479211154209306
0.985015626597272 0.008678747826829699
0.98188803289772 0.009937994405839
0.9784701678661044 0.011243572576542373
0.9747640902965183 0.012583315810238343
0.9707720325915102 0.013946594663707373
0.9664963994173694 0.015324559720819591
0.9619397662556433 0.016710294629857795
0.9571048778517655 0.01809887620225698
0.9519946465617215 0.019487343036890918
0.9466121505977576 0.020874578383893817
0.9409606321741775 0.022261116751034968
0.9350434955543556 0.023648886905586936
0.928864305000136 0.025040906300177242
0.9224267826248536 0.026440943465911845
0.9157348061512727 0.027853165535430238
0.9087924065757916 0.02928178779893679
0.9016037657403225 0.030730741121588898
0.894173213813303 0.03220337126597384
0.8865052266813687 0.033702181806405856
0.8786044232532422 0.035228629552576246
0.8704755626774794 0.03678297839045278
0.8621235414757333 0.03836421437080327
0.8535533905932737 0.039970021893344455
0.8447702723685334 0.041596818092003836
0.8357794774235092 0.04323984014335118
0.8265864214768883 0.04489327828478794
0.8171966420818224 0.04655044589750651
0.8076157952903136 0.04820397710432173
0.7978496522462164 0.04984604194579244
0.7879040957089227 0.05146856929374673
0.7777851165098009 0.05306346818142484
0.7674988099435485 0.05462283909998017
0.7570513720966108 0.05613916794871812
0.746449096114892 0.05760549664490935
0.7356983684129987 0.05901556581497587
0.7248056648273034 0.060363926426775336
0.713777546715141 0.06164601861851271
0.7026206570024947 0.06285821728302687
0.691341716182545 0.06399784514079518
0.6799475182674938 0.06506315505880964
0.6684449266961098 0.06605328423557212
0.6568408701994456 0.06696818357466676
0.645142338627231 0.06780852611733384
0.6333563787374491 0.0685755988086201
0.6214900899516319 0.06927118214336346
0.6095506200784349 0.06989742238750227
0.5975451610080642 0.07045670110407724
0.5854809443801506 0.07095150663533473
0.5733652372276805 0.07138431200269162
0.5612053375996082 0.07175746338280402
0.54900857016478 0.07207308289779012
0.5367822817998334 0.07233298891948851
0.5245338371637088 0.07253863643394308
0.512270614261456 0.07269107925140753
0.4999999999999999 0.07279095499488217
0.4877293857385438 0.07283849288079539
0.475466162836291 0.07283354335170233
0.46321771820016633 0.07277562767316596
0.4509914298352198 0.07266400471139672
0.43879466240039156 0.07249775131380289
0.42663476277231926 0.07227585206993534
0.41451905561984914 0.0719972937797293
0.4024548389919357 0.07166115973563436
0.3904493799215649 0.07126671895965801
0.3785099100483679 0.07081350583533338
0.36664362126255073 0.07030138613132404
0.35485766137276875 0.06973060620350356
0.3431591298005543 0.06910182314470788
0.33155507330389 0.0684161147697732
0.320052481732506 0.06767496951001821
0.30865828381745486 0.06688025747067067
0.29737934299750524 0.06603418499929398
0.28622245328485874 0.06513923604881336
0.27519433517269654 0.06419810433002614
0.26430163158700104 0.06321362068440374
0.2535509038851079 0.062188680235925525
0.2429486279033891 0.06112617368951154
0.23250119005645137 0.06002892664529665
0.2222148834901989 0.058899650027316786
0.2120959042910774 0.057740903737884056
0.20215034775378343 0.05655507451801326
0.19238420470968637 0.055344367804954206
0.18280335791817703 0.05411081222145225
0.17341357852311146 0.05285627429831105
0.16422052257649067 0.05158248020497885
0.15522972763146647 0.050291040710728645
0.14644660940672616 0.048983475370201396
0.1378764585242665 0.047661232046073226
0.12952443732252045 0.04632569834618356
0.12139557674675777 0.044978202333201496
0.11349477331863145 0.043620000906739356
0.10582678618669683 0.04225225548358667
0.09839623425967753 0.04087599591754017
0.09120759342420814 0.039492074902275014
0.08426519384872727 0.038101116282725896
0.07757321737514639 0.03670346166221905
0.07113569499986394 0.035299120347476516
0.06495650444564427 0.033887727955630845
0.059039367825822475 0.032468518876825274
0.05338784940224234 0.031040317233166206
0.048005353438278275 0.02960155002169133
0.042895122148234655 0.028150284828459243
0.038060233744356575 0.026684292933505903
0.03350360058263052 0.025201136895500048
0.029227967408489597 0.023698279929299133
0.025235909703481607 0.022173212695359313
0.021529832133895532 0.02062359163142681
0.018111967102280024 0.019047381787613563
0.014984373402728013 0.017442996370004796
0.012148934980735715 0.015809424922975674
0.009607359798384785 0.014146342322071131
0.007361178805529334 0.012454191508119543
0.005411745017609493 0.010734234133850981
0.0037602327006450165 0.008988564947287175
0.0024076366639015356 0.007220087702525846
0.0013547716606548965 0.00543245254601502
0.0006022718974137975 0.003629957037832268
0.00015059065189787502 0.0018174150901005596
0.0 0.0
0.00015059065189787502 -0.0014124002147232549
0.0006022718974137975 -0.002820767646877242
0.0013547716606548965 -0.004220781224207591
0.0024076366639015356 -0.0056085018848708425
0.0037602327006450165 -0.006980538119724201
0.005411745017609493 -0.00833418239664499
0.007361178805529334 -0.009667511346482784
0.009607359798384785 -0.010979444608606165
0.012148934980735715 -0.012269759523941324
0.014984373402728013 -0.013539061290890577
0.018111967102280024 -0.014788710623326234
0.021529832133895532 -0.0160207132300883
0.025235909703481607 -0.017237577441958214
0.029227967408489597 -0.018442147932424498
0.03350360058263052 -0.019637424624403165
0.038060233744356575 -0.020826376487498785
0.042895122148234655 -0.022011759983052343
0.048005353438278275 -0.023195951414606602
0.05338784940224234 -0.02438080142992914
0.059039367825822475 -0.02556751846776866
0.06495650444564427 -0.026756586143713186
0.07113569499986394 -0.027947717539466642
0.07757321737514639 -0.029139847224748848
0.08426519384872727 -0.03033115973061718
0.09120759342420814 -0.031519151232542446
0.09839623425967753 -0.03270071950403529
0.10582678618669683 -0.033872275860935906
0.11349477331863145 -0.035029871902001394
0.12139557674675777 -0.03616933340408709
0.12952443732252045 -0.03728639376055371
0.1378764585242665 -0.03837681983970058
0.14644660940672616 -0.03943652403777187
0.15522972763146647 -0.04046165753550357
0.16422052257649067 -0.041448681246048474
0.17341357852311146 -0.04239441256033141
0.18280335791817703 -0.04329604764268793
0.19238420470968637 -0.0441511605960382
0.20215034775378343 -0.04495768220181576
0.2120959042910774 -0.045713862060801164
0.2222148834901989 -0.04641821875303314
0.23250119005645137 -0.047069483058752866
0.2429486279033891 -0.04766653932522361
0.2535509038851079 -0.04820836974046733
0.26430163158700104 -0.04869400562400463
0.27519433517269654 -0.049122488928088404
0.28622245328485874 -0.049492846039410295
0.29737934299750524 -0.049804074770873334
0.30865828381745486 -0.05005514423048985
0.320052481732506 -0.05024500614234774
0.33155507330389 -0.05037261525664694
0.3431591298005543 -0.05043695579107035
0.35485766137276875 -0.05043707044365137
0.36664362126255073 -0.050372088434289634
0.3785099100483679 -0.05024124926985449
0.3904493799215649 -0.050043919463424937
0.4024548389919357 -0.04977960022578101
0.41451905561984914 -0.049447925121499134
0.42663476277231926 -0.049048647763069
0.43879466240039156 -0.04858162071585359
0.4509914298352198 -0.04804676781387482
0.46321771820016633 -0.04744405295539895
0.475466162836291 -0.04677344908325432
0.4877293857385438 -0.04603491139963816
0.4999999999999999 -0.045228358881989734
0.512270614261456 -0.04435366784273119
0.5245338371637088 -0.043410680624235025
0.5367822817998334 -0.04239923157920839
0.54900857016478 -0.04131919131637
0.5612053375996082 -0.04017052887104237
0.5733652372276805 -0.038953390082527274
0.5854809443801506 -0.03766818912408607
0.5975451610080642 -0.036315708935983605
0.6095506200784349 -0.03489720534895891
0.6214900899516319 -0.03341450903216423
0.6333563787374491 -0.03187011911359593
0.645142338627231 -0.03026728243538612
0.6568408701994456 -0.028610052926688726
0.6684449266961098 -0.02690332648052027
0.6799475182674938 -0.02515284795758481
0.691341716182545 -0.023365188435036946
0.7026206570024947 -0.021547692476639048
0.713777546715141 -0.01970839691444038
0.7248056648273034 -0.01785592428606232
0.7356983684129987 -0.015999355552370906
0.746449096114892 -0.014148087923532159
0.7570513720966108 -0.012311684459644204
0.7674988099435485 -0.010499722521004028
0.7777851165098009 -0.008721648086440055
0.7879040957089227 -0.00698664243121157
0.7978496522462164 -0.005303506686357061
0.8076157952903136 -0.003680568447977672
0.8171966420818224 -0.002125612954712518
0.8265864214768883 -0.000645839514259994
0.8357794774235092 0.0007521580392822222
0.8447702723685334 0.0020623899031978524
0.8535533905932737 0.003279452549516855
0.8621235414757333 0.004398500624308797
0.8704755626774794 0.005415215345848472
0.8786044232532422 0.006325776613630413
0.8865052266813687 0.007126845861620011
0.894173213813303 0.007815565954978586
0.9016037657403225 0.008389583169543986
0.9087924065757916 0.008847094574134405
0.9157348061512727 0.00918692205727281
0.9224267826248536 0.009408611929988223
0.928864305000136 0.009512556642934735
0.9350434955543556 0.009500132838226595
0.9409606321741775 0.009373847874189987
0.9466121505977576 0.009137485265377917
0.9519946465617215 0.008796238302014103
0.9571048778517655 0.008356820555481703
0.9619397662556433 0.007827542106753939
0.9664963994173694 0.007218341178951523
0.9707720325915102 0.006540762395889106
0.9747640902965183 0.005807875064052907
0.9784701678661044 0.005034127583307531
0.98188803289772 0.004235137193299418
0.985015626597272 0.0034274175914284994
0.9878510650192642 0.0026280503292349924
0.9903926402016152 0.001854309114269214
0.9926388211944706 0.0011232490250010713
0.9945882549823906 0.0004512750134456002
0.9962397672993549 -0.00014629422366788298
0.9975923633360985 -0.0006556499915034746
0.9986452283393451 -0.0010648878580952928
0.9993977281025862 -0.0013643561023450603
0.9998494093481021 -0.0015469436370974337
1.0 -0.0016082950756831896
