1.0 0.0017323506677119436
0.9998494093481021 0.0018202343399776532
0.9993977281025862 0.00208239749924056
0.9986452283393451 0.0025144321867361812
0.9975923633360985 0.0031091745895928916
0.9962397672993549 0.00385697027423175
0.9945882549823906 0.004746028107038599
0.9926388211944706 0.005762846553330707
0.9903926402016152 0.00689269288221229
0.9878510650192642 0.00812011364424332
0.985015626597272 0.009429453730263276
0.98188803289772 0.010805361400759167
0.9784701678661044 0.01223325787026793
0.9747640902965183 0.013699752254416993
0.9707720325915102 0.015192985797902016
0.9664963994173694 0.016702893114476876
0.9619397662556433 0.018221372466065904
0.9571048778517655 0.01974236164872291
0.9519946465617215 0.02126182059414871
0.9466121505977576 0.022777626101242624
0.9409606321741775 0.02428938796902024
0.9350434955543556 0.025798199029753333
0.928864305000136 0.027306334041322388
0.9224267826248536 0.02881691400081686
0.9157348061512727 0.03033355314901285
0.9087924065757916 0.03186000576008969
0.9016037657403225 0.03339982881295342
0.894173213813303 0.03495607492135922
0.8865052266813687 0.03653102759426811
0.8786044232532422 0.03812598816333869
0.8704755626774794 0.03974112072137876
0.8621235414757333 0.04137535833591281
0.8535533905932737 0.04302637079914745
0.8447702723685334 0.04469059139552963
0.8357794774235092 0.046363297732140374
0.8265864214768883 0.04803873967705006
0.8171966420818224 0.04971030594574582
0.8076157952903136 0.05137071989223876
0.7978496522462164 0.0530122545947305
0.7879040957089227 0.054626957343478354
0.7777851165098009 0.056206874085969694
0.7674988099435485 0.057744265190401746
0.7570513720966108 0.05923180497149078
0.746449096114892 0.060662758697847895
0.7356983684129987 0.06203113218487209
0.7248056648273034 0.06333179049575699
0.713777546715141 0.06456054366110463
0.7026206570024947 0.06571419863331512
0.691341716182545 0.06679057787806195
0.6799475182674938 0.06778850604824115
0.6684449266961098 0.06870776707456792
0.6568408701994456 0.06954903474021973
0.645142338627231 0.0703137803904343
0.6333563787374491 0.07100416187173257
0.6214900899516319 0.07162289811069034
0.6095506200784349 0.0721731339391065
0.5975451610080642 0.07265829985844714
0.5854809443801506 0.07308197141546732
0.5733652372276805 0.07344773273329312
0.5612053375996082 0.07375904850571124
0.54900857016478 0.0740191484135805
0.5367822817998334 0.07423092745864861
0.5245338371637088 0.07439686513220412
0.512270614261456 0.07451896564962233
0.4999999999999999 0.0745987206995341
0.4877293857385438 0.07463709529851673
0.475466162836291 0.07463453643750388
0.46321771820016633 0.07459100329068018
0.4509914298352198 0.07450601687353452
0.43879466240039156 0.07437872622957231
0.42663476277231926 0.07420798754091952
0.41451905561984914 0.07399245203959597
0.4024548389919357 0.07373065827975289
0.3904493799215649 0.07342112424270632
0.3785099100483679 0.07306243489918558
0.36664362126255073 0.07265332124485925
0.35485766137276875 0.07219272743792235
0.3431591298005543 0.07167986346766221
0.33155507330389 0.07111424172264509
0.320052481732506 0.0704956968473178
0.30865828381745486 0.06982438930972844
0.29737934299750524 0.06910079408117459
0.28622245328485874 0.06832567668356417
0.27519433517269654 0.06750005953215331
0.26430163158700104 0.06662518194229793
0.2535509038851079 0.06570245734731671
0.2429486279033891 0.06473343117800552
0.23250119005645137 0.0637197424909219
0.2222148834901989 0.0626630918310173
0.2120959042910774 0.06156521702225147
0.20215034775378343 0.06042787766093727
0.19238420470968637 0.0592528481154378
0.18280335791817703 0.058041917892827456
0.17341357852311146 0.05679689739809099
0.16422052257649067 0.055519626457413596
0.15522972763146647 0.054211982564324246
0.14644660940672616 0.05287588567820758
0.1378764585242665 0.051513296579440586
0.12952443732252045 0.05012620626048651
0.12139557674675777 0.04871661457944001
0.11349477331863145 0.04728649737036977
0.10582678618669683 0.04583776232211005
0.09839623425967753 0.04437219511776188
0.09120759342420814 0.04289139847626773
0.08426519384872727 0.0413967277586653
0.07757321737514639 0.03988922760453459
0.07113569499986394 0.038369574571348014
0.06495650444564427 0.036838030903063444
0.059039367825822475 0.035294414321129314
0.05338784940224234 0.03373808810589715
0.048005353438278275 0.0321679747434495
0.042895122148234655 0.030582595104820736
0.038060233744356575 0.02898013357989485
0.03350360058263052 0.027358527905932174
0.029227967408489597 0.02571558072373486
0.025235909703481607 0.024049088282107525
0.021529832133895532 0.022356980310393394
0.018111967102280024 0.020637463995516348
0.014984373402728013 0.018889164321444902
0.012148934980735715 0.017111252817139037
0.009607359798384785 0.01530355704518428
0.007361178805529334 0.013466643945367542
0.005411745017609493 0.011601871389351199
0.0037602327006450165 0.009711403936133853
0.0024076366639015356 0.007798190706988113
0.0013547716606548965 0.005865905405094347
0.0006022718974137975 0.003918850657298292
0.00015059065189787502 0.001961830916442429
0.0 0.0
0.00015059065189787502 -0.001370618152073731
0.0006022718974137975 -0.0027365822968295197
0.0013547716606548965 -0.004092906904721195
0.0024076366639015356 -0.005434977549327501
0.0037602327006450165 -0.006758712972200145
0.005411745017609493 -0.008060700231416555
0.007361178805529334 -0.009338296297952495
0.009607359798384785 -0.01058969128992453
0.012148934980735715 -0.011813930609149542
0.014984373402728013 -0.013010895447503844
0.018111967102280024 -0.014181243335788797
0.021529832133895532 -0.01532631248974638
0.025235909703481607 -0.01644799554950633
0.029227967408489597 -0.017548589808515952
0.03350360058263052 -0.01863063210569143
0.038060233744356575 -0.01969672715591686
0.042895122148234655 -0.02074937819382013
0.048005353438278275 -0.02179082840881046
0.05338784940224234 -0.022822920789919227
0.059039367825822475 -0.02384698273820447
0.06495650444564427 -0.024863740226289763
0.07113569499986394 -0.025873264490205335
0.07757321737514639 -0.026874952340041367
0.08426519384872727 -0.027867539288628177
0.09120759342420814 -0.028849142933587788
0.09839623425967753 -0.02981733248925524
0.10582678618669683 -0.03076921913614757
0.11349477331863145 -0.031701561000269766
0.12139557674675777 -0.032610876130869326
0.12952443732252045 -0.03349355682453391
0.1378764585242665 -0.034345979029902274
0.14644660940672616 -0.03516460131935647
0.15522972763146647 -0.0359460489682802
0.16422052257649067 -0.03668717995763561
0.17341357852311146 -0.03738513111870767
0.18280335791817703 -0.03803734407145316
0.19238420470968637 -0.038641571972778295
0.20215034775378343 -0.039195869298788905
0.2120959042910774 -0.039698567859736966
0.2222148834901989 -0.04014824293060081
0.23250119005645137 -0.04054367373852616
0.2429486279033891 -0.0408838025692513
0.2535509038851079 -0.04116769645093012
0.26430163158700104 -0.0413945147811845
0.27519433517269654 -0.04156348543748714
0.28622245328485874 -0.0416738909235243
0.29737934299750524 -0.041725065036816555
0.30865828381745486 -0.04171639948172058
0.320052481732506 -0.04164735888118652
0.33155507330389 -0.04151750183644505
0.3431591298005543 -0.04132650510872326
0.35485766137276875 -0.04107418769564583
0.36664362126255073 -0.04076053157038132
0.3785099100483679 -0.04038569614408243
0.3904493799215649 -0.03995002407897779
0.4024548389919357 -0.039454036876454365
0.41451905561984914 -0.03889841962926801
0.42663476277231926 -0.03828399538357984
0.43879466240039156 -0.03761169062061715
0.4509914298352198 -0.036882494353159524
0.46321771820016633 -0.03609741415688931
0.475466162836291 -0.03525743304951994
0.4877293857385438 -0.0343634714360712
0.4999999999999999 -0.03341635832149872
0.512270614261456 -0.032416815640185226
0.5245338371637088 -0.03136545887820987
0.5367822817998334 -0.030262816205675877
0.54900857016478 -0.02910936715158175
0.5612053375996082 -0.027905600519944694
0.5733652372276805 -0.026652089853467946
0.5854809443801506 -0.02534958339732971
0.5975451610080642 -0.02399910429823222
0.6095506200784349 -0.022602055783538143
0.6214900899516319 -0.02116032537971122
0.6333563787374491 -0.019676381906813156
0.645142338627231 -0.01815335906127642
0.6568408701994456 -0.01659511988065461
0.6684449266961098 -0.01500629725172447
0.6799475182674938 -0.013392306830154764
0.691341716182545 -0.011759330214363303
0.7026206570024947 -0.010114267866350399
0.713777546715141 -0.008464662992102157
0.7248056648273034 -0.006818599270167077
0.7356983684129987 -0.0051845768361106345
0.746449096114892 -0.0035713721878113357
0.7570513720966108 -0.0019878885825702916
0.7674988099435485 -0.0004430039844546173
0.7777851165098009 0.0010545763509303445
0.7879040957089227 0.0024964560064639004
0.7978496522462164 0.003874666485721904
0.8076157952903136 0.005181764762091376
0.8171966420818224 0.006410906397131274
0.8265864214768883 0.007555893123349831
0.8357794774235092 0.008611195662784309
0.8447702723685334 0.009571954381866045
0.8535533905932737 0.010433962034431706
0.8621235414757333 0.011193634196703542
0.8704755626774794 0.011847973946257265
0.8786044232532422 0.012394537802015233
0.8865052266813687 0.012831409875707536
0.894173213813303 0.013157190573687833
0.9016037657403225 0.013371005055092363
0.9087924065757916 0.013472535058109695
0.9157348061512727 0.013462075744026261
0.9224267826248536 0.013340617000296403
0.928864305000136 0.013109946331598803
0.9350434955543556 0.012772768206168503
0.9409606321741775 0.012332832670354794
0.9466121505977576 0.011795064346100177
0.9519946465617215 0.011165681714732338
0.9571048778517655 0.010452295970110883
0.9619397662556433 0.009663978764458752
0.9664963994173694 0.0088112889010959
0.9707720325915102 0.007906249437053023
0.9747640902965183 0.00696226868942446
0.9784701678661044 0.005994001196005756
0.98188803289772 0.005017147631355454
0.985015626597272 0.004048195863875501
0.9878510650192642 0.0031041085788472292
0.9903926402016152 0.0022019659993590857
0.9926388211944706 0.0013585750274998627
0.9945882549823906 0.0005900584321734139
0.9962397672993549 -8.856061759085422e-05
0.9975923633360985 -0.0006637624448809964
0.9986452283393451 -0.001123906835848556
0.9993977281025862 -0.0014595654606089942
0.9998494093481021 -0.0016637966453416741
1.0 -0.0017323506677119436
