1.0 0.0015618380553028771
0.9998494093481021 0.001636988782246235
0.9993977281025862 0.0018610278648750601
0.9986452283393451 0.0022297702135856364
0.9975923633360985 0.002736418815588901
0.9962397672993549 0.0033718231608352955
0.9945882549823906 0.004124823958045204
0.9926388211944706 0.004982668146496036
0.9903926402016152 0.0059314751196305835
0.9878510650192642 0.006956732977636259
0.985015626597272 0.008043802614615864
0.98188803289772 0.009178407556935284
0.9784701678661044 0.01034708867511242
0.9747640902965183 0.011537605104546718
0.9707720325915102 0.012739265789099688
0.9664963994173694 0.013943179820406819
0.9619397662556433 0.0151424179668712
0.9571048778517655 0.016332082232825142
0.9519946465617215 0.01750928471920375
0.9466121505977576 0.018673041240815164
0.9409606321741775 0.01982408888335664
0.9350434955543556 0.02096463978119851
0.928864305000136 0.022098085732987632
0.9224267826248536 0.023228669763185505
0.9157348061512727 0.024361141351747682
0.9087924065757916 0.025500411809594312
0.9016037657403225 0.02665122523917709
0.894173213813303 0.02781785879221186
0.8865052266813687 0.029003863656822594
0.8786044232532422 0.030211855531583523
0.8704755626774794 0.031443360442417884
0.8621235414757333 0.03269871879799882
0.8535533905932737 0.033977047717924785
0.8447702723685334 0.03527625904441065
0.8357794774235092 0.036593128175796144
0.8265864214768883 0.03792340702188285
0.8171966420818224 0.03926197302758914
0.8076157952903136 0.04060300536094874
0.7978496522462164 0.041940179002264245
0.7879040957089227 0.04326686756539441
0.7777851165098009 0.04457634617119411
0.7674988099435485 0.04586198650408601
0.7570513720966108 0.04711743723485181
0.746449096114892 0.048336784203632174
0.7356983684129987 0.049514686048617015
0.7248056648273034 0.050646482268452676
0.713777546715141 0.051728271962437906
0.7026206570024947 0.05275696265836148
0.691341716182545 0.05373028968377951
0.6799475182674938 0.0546468074463497
0.6684449266961098 0.0555058547575418
0.6568408701994456 0.05630749696522757
0.645142338627231 0.057052448163355196
0.6333563787374491 0.05774197713251424
0.6214900899516319 0.058377800944573975
0.6095506200784349 0.05896197034594193
0.5975451610080642 0.059496751121514736
0.5854809443801506 0.05998450563479798
0.5733652372276805 0.06042757863474598
0.5612053375996082 0.060828191209844985
0.54900857016478 0.061188346447522225
0.5367822817998334 0.061509749916679686
0.5245338371637088 0.0617937475319672
0.512270614261456 0.06204128268590691
0.4999999999999999 0.06225287376311327
0.4877293857385438 0.06242861230287194
0.475466162836291 0.06256818118478114
0.46321771820016633 0.06267089131775291
0.4509914298352198 0.06273573446225884
0.43879466240039156 0.06276144905921492
0.42663476277231926 0.06274659532570245
0.41451905561984914 0.06268963545255814
0.4024548389919357 0.06258901453780157
0.3904493799215649 0.06244323793658634
0.3785099100483679 0.062250941011190185
0.36664362126255073 0.06201094781454047
0.35485766137276875 0.06172231601101746
0.3431591298005543 0.061384366284759975
0.33155507330389 0.06099669554947611
0.320052481732506 0.060559174384582574
0.30865828381745486 0.0600719302035057
0.29737934299750524 0.059535318633226704
0.28622245328485874 0.058949886376525935
0.27519433517269654 0.05831632937740145
0.26430163158700104 0.05763545036925712
0.2535509038851079 0.05690811982834289
0.2429486279033891 0.05613524397832841
0.23250119005645137 0.055317742816844005
0.2222148834901989 0.05445654020601362
0.2120959042910774 0.05355256695223269
0.20215034775378343 0.05260677657836397
0.19238420470968637 0.05162017225789329
0.18280335791817703 0.050593842233428776
0.17341357852311146 0.0495290000761216
0.16422052257649067 0.04842702544243709
0.15522972763146647 0.04728950061700674
0.14644660940672616 0.04611823813860073
0.1378764585242665 0.04491529520664183
0.12952443732252045 0.043682971344511136
0.12139557674675777 0.04242378690981828
0.11349477331863145 0.04114044141997209
0.10582678618669683 0.03983575220985855
0.09839623425967753 0.03851257554649612
0.09120759342420814 0.03717371387346709
0.08426519384872727 0.03582181422568554
0.07757321737514639 0.034459263931298806
0.07113569499986394 0.03308809040814939
0.06495650444564427 0.03170987209802609
0.059039367825822475 0.030325667324451515
0.05338784940224234 0.02893596710514565
0.048005353438278275 0.027540676730678185
0.042895122148234655 0.026139129302990134
0.038060233744356575 0.024730132509116338
0.03350360058263052 0.02331204780894828
0.029227967408489597 0.02188289908016651
0.025235909703481607 0.020440505734497
0.021529832133895532 0.018982633539947395
0.018111967102280024 0.017507154982957178
0.014984373402728013 0.016012210088854194
0.012148934980735715 0.01449635826415078
0.009607359798384785 0.012958711968714513
0.007361178805529334 0.011399043868148502
0.005411745017609493 0.009817860514439702
0.0037602327006450165 0.008216437475147262
0.0024076366639015356 0.006596813063709617
0.0013547716606548965 0.004961740275410942
0.0006022718974137975 0.003314599048109415
0.00015059065189787502 0.001659273380943905
0.0 0.0
0.00015059065189787502 -0.0019408591955634511
0.0006022718974137975 -0.0038725761151212176
0.0013547716606548965 -0.005785795300008173
0.0024076366639015356 -0.007671665021159276
0.0037602327006450165 -0.009522062393818226
0.005411745017609493 -0.011329787762796752
0.007361178805529334 -0.01308872059001872
0.009607359798384785 -0.014793931017103064
0.012148934980735715 -0.016441743489249896
0.014984373402728013 -0.018029751189669128
0.018111967102280024 -0.019556782415943188
0.021529832133895532 -0.02102282230112774
0.025235909703481607 -0.022428895321073915
0.029227967408489597 -0.02377691572842805
0.03350360058263052 -0.02506951432711473
0.038060233744356575 -0.026309850788815578
0.042895122148234655 -0.02750142098402868
0.048005353438278275 -0.028647868554207635
0.05338784940224234 -0.02975280921770037
0.059039367825822475 -0.030819675137950562
0.06495650444564427 -0.03185158516871397
0.07113569499986394 -0.03285124502741917
0.07757321737514639 -0.033820879545932866
0.08426519384872727 -0.03476219722464864
0.09120759342420814 -0.03567638548565406
0.09839623425967753 -0.036564133389269345
0.10582678618669683 -0.0374256772355989
0.11349477331863145 -0.03826086348832266
0.12139557674675777 -0.03906922287669886
0.12952443732252045 -0.039850049371792665
0.1378764585242665 -0.04060247798518454
0.14644660940672616 -0.0413255559677164
0.15522972763146647 -0.04201830293395944
0.16422052257649067 -0.04267975662801637
0.17341357852311146 -0.043309002387687104
0.18280335791817703 -0.04390518575957412
0.19238420470968637 -0.04446750906961125
0.20215034775378343 -0.04499521397009467
0.2120959042910774 -0.04548755298603514
0.2222148834901989 -0.04594375380823634
0.23250119005645137 -0.04636298048673774
0.2429486279033891 -0.04674429574847141
0.2535509038851079 -0.04708662840373937
0.26430163158700104 -0.04738874924736613
0.27519433517269654 -0.04764925805290757
0.28622245328485874 -0.04786658326982032
0.29737934299750524 -0.048038994943626616
0.30865828381745486 -0.048164630273498064
0.320052481732506 -0.048241530185823576
0.33155507330389 -0.04826768441539164
0.3431591298005543 -0.048241081914987605
0.35485766137276875 -0.04815976300986174
0.36664362126255073 -0.04802186960566359
0.3785099100483679 -0.047825689954537384
0.3904493799215649 -0.04756969496856802
0.4024548389919357 -0.04725256380518913
0.41451905561984914 -0.0468731973788291
0.42663476277231926 -0.04643071950519091
0.43879466240039156 -0.04592446647744179
0.4509914298352198 -0.045353966921567346
0.46321771820016633 -0.04471891469788998
0.475466162836291 -0.04401913833240209
0.4877293857385438 -0.04325457091436814
0.4999999999999999 -0.042425224543591655
0.512270614261456 -0.04153117323193691
0.5245338371637088 -0.040572547663163386
0.5367822817998334 -0.03954954442094379
0.54900857016478 -0.0384624512575849
0.5612053375996082 -0.03731168876511921
0.5733652372276805 -0.03609786751025125
0.5854809443801506 -0.03482185839799458
0.5975451610080642 -0.03348487283077748
0.6095506200784349 -0.032088548220763104
0.6214900899516319 -0.030635033672365884
0.6333563787374491 -0.029127070241547977
0.645142338627231 -0.02756806013860176
0.6568408701994456 -0.025962119586600767
0.6684449266961098 -0.024314110766407368
0.6799475182674938 -0.022629649332212873
0.691341716182545 -0.020915085305606172
0.7026206570024947 -0.01917745666697069
0.713777546715141 -0.017424416561194197
0.7248056648273034 -0.01566413661222758
0.7356983684129987 -0.013905190288683662
0.746449096114892 -0.012156421477603551
0.7570513720966108 -0.010426804316655526
0.7674988099435485 -0.008725300837663322
0.7777851165098009 -0.007060723043422727
0.7879040957089227 -0.0054416056614913205
0.7978496522462164 -0.003876095010256526
0.8076157952903136 -0.002371858221898392
0.8171966420818224 -0.0009360155697054678
0.8265864214768883 0.00042490305712645517
0.8357794774235092 0.0017049782830393715
0.8447702723685334 0.002898900491334305
0.8535533905932737 0.004001952293205222
0.8621235414757333 0.00500997964326419
0.8704755626774794 0.005919357953023053
0.8786044232532422 0.0067269600170275215
0.8865052266813687 0.007430132514047977
0.894173213813303 0.00802668726207954
0.9016037657403225 0.008514912311286253
0.9087924065757916 0.008893606409765472
0.9157348061512727 0.009162138462663047
0.9224267826248536 0.009320531443488735
0.928864305000136 0.009369567946422228
0.9350434955543556 0.009310912341482038
0.9409606321741775 0.00914724246510251
0.9466121505977576 0.008882382094189506
0.9519946465617215 0.008521424242314144
0.9571048778517655 0.008070834686510743
0.9619397662556433 0.007538525152751787
0.9664963994173694 0.0069338862890701795
0.9707720325915102 0.00626777192677771
0.9747640902965183 0.0055524281188906914
0.9784701678661044 0.0048013629569114615
0.98188803289772 0.0040291560731525716
0.985015626597272 0.003251209878154895
0.9878510650192642 0.0024834477845888394
0.9903926402016152 0.0017419677448726075
0.9926388211944706 0.0010426621967331898
0.9945882549823906 0.0004008178001003763
0.9962397672993549 -0.00016928998446548286
0.9975923633360985 -0.0006547914920629321
0.9986452283393451 -0.0010445905104626515
0.9993977281025862 -0.0013296895813582309
0.9998494093481021 -0.0015034590314103393
1.0 -0.0015618380553028771
