1.0 0.001592724667615948
0.9998494093481021 0.0016761355219924391
0.9993977281025862 0.00192493565088206
0.9986452283393451 0.0023348820121427568
0.9975923633360985 0.002899081189166243
0.9962397672993549 0.0036082480863425578
0.9945882549823906 0.0044510510076296965
0.9926388211944706 0.005414527103376429
0.9903926402016152 0.006484549068259401
0.9878510650192642 0.007646321858522137
0.985015626597272 0.008884887167656143
0.98188803289772 0.010185613493429044
0.9784701678661044 0.011534650820736106
0.9747640902965183 0.012919331149481544
0.9707720325915102 0.01432849917620259
0.9664963994173694 0.015752761209428506
0.9619397662556433 0.017184644645708198
0.9571048778517655 0.018618664819857106
0.9519946465617215 0.0200513005275168
0.9466121505977576 0.021480883767040805
0.9409606321741775 0.022907413048850377
0.9350434955543556 0.024332302794250693
0.928864305000136 0.02575808375456804
0.9224267826248536 0.027188070935540716
0.9157348061512727 0.02862601617234663
0.9087924065757916 0.03007576227944639
0.9016037657403225 0.03154091465613363
0.894173213813303 0.033024544464554106
0.8865052266813687 0.03452893514673235
0.8786044232532422 0.03605538126937704
0.8704755626774794 0.03760404565157526
0.8621235414757333 0.039173877614978175
0.8535533905932737 0.040762592164798404
0.8447702723685334 0.042366707111999614
0.8357794774235092 0.043981632707119286
0.8265864214768883 0.04560180636914073
0.8171966420818224 0.047220863620766065
0.8076157952903136 0.04883183541276097
0.7978496522462164 0.050427361630939964
0.7879040957089227 0.05199991069714229
0.7777851165098009 0.05354199574350629
0.7674988099435485 0.05504637878266592
0.7570513720966108 0.05650625552881475
0.746449096114892 0.057915414954492705
0.7356983684129987 0.059268369205205784
0.7248056648273034 0.06056045105476302
0.713777546715141 0.061787877595361626
0.7026206570024947 0.06294778025834713
0.691341716182545 0.06403820250964795
0.6799475182674938 0.06505806762875604
0.6684449266961098 0.06600711984660668
0.6568408701994456 0.06688584278284186
0.645142338627231 0.06769535959336802
0.6333563787374491 0.06843731952820911
0.6214900899516319 0.06911377572454896
0.6095506200784349 0.06972705903888997
0.5975451610080642 0.07027965257287022
0.5854809443801506 0.07077407128466538
0.5733652372276805 0.07121275071438907
0.5612053375996082 0.07159794839712992
0.54900857016478 0.07193166099899398
0.5367822817998334 0.07221555959695146
0.5245338371637088 0.0724509448406421
0.512270614261456 0.0726387229944074
0.4999999999999999 0.07277940307554659
0.4877293857385438 0.07287311449992571
0.475466162836291 0.0729196438436704
0.46321771820016633 0.07291848855966662
0.4509914298352198 0.07286892478361896
0.43879466240039156 0.07277008576194868
0.42663476277231926 0.07262104696777572
0.41451905561984914 0.07242091367317326
0.4024548389919357 0.07216890664111038
0.3904493799215649 0.07186444170531994
0.3785099100483679 0.07150719932578817
0.36664362126255073 0.07109718073384128
0.35485766137276875 0.07063474799256837
0.3431591298005543 0.07012064616108163
0.33155507330389 0.06955600671869201
0.320052481732506 0.0689423324221206
0.30865828381745486 0.06828146477424334
0.29737934299750524 0.06757553621377832
0.28622245328485874 0.06682690993173936
0.27519433517269654 0.06603811082966823
0.26430163158700104 0.06521175151531731
0.2535509038851079 0.06435045735725148
0.2429486279033891 0.06345679448184469
0.23250119005645137 0.06253320420414855
0.2222148834901989 0.06158194676643665
0.2120959042910774 0.06060505646020944
0.20215034775378343 0.05960430928845728
0.19238420470968637 0.058581203354353906
0.18280335791817703 0.05753695121452049
0.17341357852311146 0.056472482583155244
0.16422052257649067 0.05538845508494581
0.15522972763146647 0.05428527028532973
0.14644660940672616 0.05316309201564669
0.1378764585242665 0.05202186407752092
0.12952443732252045 0.05086132475311417
0.12139557674675777 0.04968101614115761
0.11349477331863145 0.048480287137450874
0.10582678618669683 0.04725828981942628
0.09839623425967753 0.046013970000543754
0.09120759342420814 0.04474605370697576
0.08426519384872727 0.043453032210069055
0.07757321737514639 0.042133148942462346
0.07113569499986394 0.040784392064223005
0.06495650444564427 0.03940449657616389
0.059039367825822475 0.03799095967087663
0.05338784940224234 0.036541072463368345
0.048005353438278275 0.03505197037423659
0.042895122148234655 0.03352070329637864
0.038060233744356575 0.03194432533153626
0.03350360058263052 0.0303200024241807
0.029227967408489597 0.028645134748455786
0.025235909703481607 0.026917489325614784
0.021529832133895532 0.02513533716887339
0.018111967102280024 0.023297588364188763
0.014984373402728013 0.021403917976486123
0.012148934980735715 0.019454875575520378
0.009607359798384785 0.017451971530547793
0.007361178805529334 0.015397734024762006
0.005411745017609493 0.013295731954843749
0.0037602327006450165 0.011150560444808319
0.0024076366639015356 0.008967787528288295
0.0013547716606548965 0.006753862531563769
0.0006022718974137975 0.004515988700726385
0.00015059065189787502 0.002261964535622335
0.0 0.0
0.00015059065189787502 -0.0015850199927371859
0.0006022718974137975 -0.003166912563498836
0.0013547716606548965 -0.0047422009492693075
0.0024076366639015356 -0.006307662476903841
0.0037602327006450165 -0.00786043884096405
0.005411745017609493 -0.009398127118048487
0.007361178805529334 -0.010918846751980715
0.009607359798384785 -0.012421279043076957
0.012148934980735715 -0.0139046771561444
0.014984373402728013 -0.015368846243179387
0.018111967102280024 -0.016814094869934234
0.021529832133895532 -0.018241160452271823
0.025235909703481607 -0.01965111276489067
0.029227967408489597 -0.02104524070742923
0.03350360058263052 -0.022424928340650054
0.038060233744356575 -0.023791526694981455
0.042895122148234655 -0.025146227981280554
0.048005353438278275 -0.02648994859622588
0.05338784940224234 -0.027823226730083642
0.059039367825822475 -0.029146139490308774
0.06495650444564427 -0.030458243305581355
0.07113569499986394 -0.031758540040617206
0.07757321737514639 -0.03304546981159363
0.08426519384872727 -0.03431693002971435
0.09120759342420814 -0.03557031880094001
0.09839623425967753 -0.036802599553056106
0.10582678618669683 -0.038010382717308375
0.11349477331863145 -0.03919001951738862
0.12139557674675777 -0.04033770245319439
0.12952443732252045 -0.041449566930854644
0.1378764585242665 -0.04252178868406519
0.14644660940672616 -0.04355067213474486
0.15522972763146647 -0.04453272561468836
0.16422052257649067 -0.04546472035947802
0.17341357852311146 -0.046343731324201984
0.18280335791817703 -0.047167159082212445
0.19238420470968637 -0.047932733274766895
0.20215034775378343 -0.048638499204307205
0.2120959042910774 -0.049282790137524395
0.2222148834901989 -0.04986418864767142
0.23250119005645137 -0.05038148083520746
0.2429486279033891 -0.0508336074958892
0.2535509038851079 -0.051219616249144916
0.26430163158700104 -0.05153861830975537
0.27519433517269654 -0.05178975301369427
0.28622245328485874 -0.05197216244173518
0.29737934299750524 -0.052084977582128295
0.30865828381745486 -0.05212731650476958
0.320052481732506 -0.05209829405593996
0.33155507330389 -0.05199704169554458
0.3431591298005543 -0.05182273535204592
0.35485766137276875 -0.051574628617177425
0.36664362126255073 -0.05125208828149088
0.3785099100483679 -0.05085462914374123
0.3904493799215649 -0.050381945213914224
0.4024548389919357 -0.04983393485402413
0.41451905561984914 -0.049210718027323644
0.42663476277231926 -0.0485126446045007
0.43879466240039156 -0.04774029354222022
0.4509914298352198 -0.04689446363520266
0.46321771820016633 -0.04597615737604586
0.475466162836291 -0.044986560168573546
0.4877293857385438 -0.04392701767050159
0.4999999999999999 -0.042799014342598675
0.512270614261456 -0.04160415632411196
0.5245338371637088 -0.04034416152727181
0.5367822817998334 -0.039020859357051914
0.54900857016478 -0.03763620174620915
0.5612053375996082 -0.036192286298603896
0.5733652372276805 -0.03469139131980358
0.5854809443801506 -0.03313602145772027
0.5975451610080642 -0.031528961657751944
0.6095506200784349 -0.029873336236431645
0.6214900899516319 -0.028172669168473417
0.6333563787374491 -0.026430941225839125
0.645142338627231 -0.024652639448641395
0.6568408701994456 -0.022842794590204767
0.6684449266961098 -0.021007002663179213
0.6799475182674938 -0.019151427497119317
0.691341716182545 -0.01728278225439756
0.7026206570024947 -0.015408289074490376
0.713777546715141 -0.013535617344369085
0.7248056648273034 -0.011672802432320724
0.7356983684129987 -0.009828147977386986
0.746449096114892 -0.008010115903112604
0.7570513720966108 -0.006227209138668148
0.7674988099435485 -0.004487852515258035
0.7777851165098009 -0.002800277415427376
0.7879040957089227 -0.0011724154676757265
0.7978496522462164 0.0003881940929180566
0.8076157952903136 0.0018744797986222255
0.8171966420818224 0.0032798937651081703
0.8265864214768883 0.004598447162979077
0.8357794774235092 0.005824726157805507
0.8447702723685334 0.006953890709644295
0.8535533905932737 0.007981660060458737
0.8621235414757333 0.008904289921438657
0.8704755626774794 0.009718547202155528
0.8786044232532422 0.010421688521216083
0.8865052266813687 0.011011448652596652
0.894173213813303 0.011486044474366646
0.9016037657403225 0.011844198913056783
0.9087924065757916 0.012085187868546409
0.9157348061512727 0.012208911244974622
0.9224267826248536 0.012215987115145453
0.928864305000136 0.01210786584334975
0.9350434955543556 0.01188695883214498
0.9409606321741775 0.011556774594184438
0.9466121505977576 0.01112205322647144
0.9519946465617215 0.010588889211327498
0.9571048778517655 0.009964831890699332
0.9619397662556433 0.009258953030077757
0.9664963994173694 0.008481871638391267
0.9707720325915102 0.007645727631674323
0.9747640902965183 0.00676409796894815
0.9784701678661044 0.005851851455402801
0.98188803289772 0.004924941371039103
0.985015626597272 0.004000138283611067
0.9878510650192642 0.003094708664113849
0.9903926402016152 0.002226048052923065
0.9926388211944706 0.001411280338806973
0.9945882549823906 0.0006668370388499174
0.9962397672993549 8.032156840843746e-06
0.9975923633360985 -0.0005513508630352044
0.9986452283393451 -0.0009994434535909365
0.9993977281025862 -0.0013266316108807084
0.9998494093481021 -0.0015258366033231443
1.0 -0.001592724667615948
