1.0 0.0014450253128889046
0.9998494093481021 0.0015239610918184976
0.9993977281025862 0.0017593252383359362
0.9986452283393451 0.0021468437885252436
0.9975923633360985 0.0026795762211299324
0.9962397672993549 0.003348180607140893
0.9945882549823906 0.004141267347994901
0.9926388211944706 0.005045825135169074
0.9903926402016152 0.006047699592982509
0.9878510650192642 0.007132102903757305
0.985015626597272 0.008284131659461683
0.98188803289772 0.009489270273521897
0.9784701678661044 0.01073385849398532
0.9747640902965183 0.012005503797105176
0.9707720325915102 0.013293422566499702
0.9664963994173694 0.014588697789946252
0.9619397662556433 0.0158844453129989
0.9571048778517655 0.017175885235771987
0.9519946465617215 0.01846031958111742
0.9466121505977576 0.019737021662921076
0.9409606321741775 0.021007046428782934
0.9350434955543556 0.022272974262291637
0.928864305000136 0.02353860316982203
0.9224267826248536 0.02480860585755157
0.9157348061512727 0.02608816889022917
0.9087924065757916 0.027382630929333816
0.9016037657403225 0.02869713603739377
0.894173213813303 0.030036316311365503
0.8865052266813687 0.03140401580770774
0.8786044232532422 0.03280306500434506
0.8704755626774794 0.03423511208100668
0.8621235414757333 0.035700514261236826
0.8535533905932737 0.0371982895090718
0.8447702723685334 0.038726126155111174
0.8357794774235092 0.04028044565925142
0.8265864214768883 0.04185651178925006
0.8171966420818224 0.04344857806128032
0.8076157952903136 0.04505006437343546
0.7978496522462164 0.046653753357385315
0.7879040957089227 0.04825199704144929
0.7777851165098009 0.04983692490260087
0.7674988099435485 0.051400645211848756
0.7570513720966108 0.05293543266430771
0.746449096114892 0.0544338965464388
0.7356983684129987 0.05588912504581905
0.7248056648273034 0.057294802678629436
0.713777546715141 0.05864529913355517
0.7026206570024947 0.05993572905835587
0.691341716182545 0.06116198341182742
0.6799475182674938 0.0623207339479991
0.6684449266961098 0.06340941318223449
0.6568408701994456 0.06442617281132978
0.645142338627231 0.06536982402953778
0.6333563787374491 0.06623976351143133
0.6214900899516319 0.06703588903348592
0.6095506200784349 0.06775850879087984
0.5975451610080642 0.06840824844322246
0.5854809443801506 0.06898595979825675
0.5733652372276805 0.06949263481831693
0.5612053375996082 0.06992932831047914
0.54900857016478 0.07029709223728063
0.5367822817998334 0.07059692406131367
0.5245338371637088 0.070829730918128
0.512270614261456 0.0709963107073112
0.4999999999999999 0.07109735041791722
0.4877293857385438 0.07113344118583344
0.475466162836291 0.07110510874912747
0.46321771820016633 0.07101285716144472
0.4509914298352198 0.07085722288637157
0.43879466240039156 0.07063883577252072
0.42663476277231926 0.07035848294368113
0.41451905561984914 0.0700171713693518
0.4024548389919357 0.06961618483817131
0.3904493799215649 0.069157131257863
0.3785099100483679 0.06864197665324506
0.36664362126255073 0.06807306291508153
0.35485766137276875 0.06745310723667156
0.3431591298005543 0.06678518221571857
0.33155507330389 0.06607267673611306
0.320052481732506 0.06531923890755004
0.30865828381745486 0.06452870345453887
0.29737934299750524 0.0637050069342085
0.28622245328485874 0.0628520949535928
0.27519433517269654 0.061973826091944254
0.26430163158700104 0.06107387746811981
0.2535509038851079 0.060155656803215524
0.2429486279033891 0.05922222541298019
0.23250119005645137 0.058276235845377604
0.2222148834901989 0.057319886901155574
0.2120959042910774 0.05635489760500203
0.20215034775378343 0.0553825004135989
0.19238420470968637 0.05440345264702343
0.18280335791817703 0.05341806390785681
0.17341357852311146 0.052426236201231664
0.16422052257649067 0.051427512671709176
0.15522972763146647 0.05042113039512671
0.14644660940672616 0.04940607254868281
0.1378764585242665 0.048381115547216684
0.12952443732252045 0.047344867365915026
0.12139557674675777 0.046295794228890234
0.11349477331863145 0.045232234062080844
0.10582678618669683 0.044152396498394204
0.09839623425967753 0.04305435067749717
0.09120759342420814 0.04193600348810204
0.08426519384872727 0.04079507214271474
0.07757321737514639 0.039629055947731896
0.07113569499986394 0.038435212746294044
0.06495650444564427 0.03721054570215783
0.059039367825822475 0.03595180582435244
0.05338784940224234 0.03465551490206862
0.048005353438278275 0.03331801235908064
0.042895122148234655 0.03193552801218838
0.038060233744356575 0.030504280923296483
0.03350360058263052 0.02902060258782561
0.029227967408489597 0.027481080736717487
0.025235909703481607 0.02588271818519254
0.021529832133895532 0.02422309957491836
0.018111967102280024 0.02250055765017172
0.014984373402728013 0.02071432998322144
0.012148934980735715 0.018864696889587508
0.009607359798384785 0.016953091684238152
0.007361178805529334 0.014982175420252503
0.005411745017609493 0.012955869777516595
0.0037602327006450165 0.010879343748833427
0.0024076366639015356 0.00875895209032419
0.0013547716606548965 0.006602126023045842
0.0006022718974137975 0.004417219238381703
0.00015059065189787502 0.0022133147105109895
0.0 0.0
0.00015059065189787502 -0.0019694689773781613
0.0006022718974137975 -0.003930329807324751
0.0013547716606548965 -0.00587377013454227
0.0024076366639015356 -0.007791429994643066
0.0037602327006450165 -0.009675603930296879
0.005411745017609493 -0.011519415431469133
0.007361178805529334 -0.013316956687067293
0.009607359798384785 -0.01506338837327343
0.012148934980735715 -0.016754996188941225
0.014984373402728013 -0.018389202971990683
0.018111967102280024 -0.019964537377303474
0.021529832133895532 -0.021480562150646056
0.025235909703481607 -0.02293776688553742
0.029227967408489597 -0.02433743170436424
0.03350360058263052 -0.025681469483132276
0.038060233744356575 -0.026972254985178655
0.042895122148234655 -0.028212449552456335
0.048005353438278275 -0.029404829819966852
0.05338784940224234 -0.030552128292521106
0.059039367825822475 -0.03165689260112034
0.06495650444564427 -0.03272136890841905
0.07113569499986394 -0.03374741334573071
0.07757321737514639 -0.03473643363639806
0.08426519384872727 -0.03568936129627149
0.09120759342420814 -0.03660665310503134
0.09839623425967753 -0.037488319008737
0.10582678618669683 -0.038333972328222096
0.11349477331863145 -0.03914289717620868
0.12139557674675777 -0.03991412737349752
0.12952443732252045 -0.040646530922959286
0.1378764585242665 -0.04133889424660288
0.14644660940672616 -0.04199000088937344
0.15522972763146647 -0.042598700195758635
0.16422052257649067 -0.043163962506105796
0.17341357852311146 -0.04368491861989122
0.18280335791817703 -0.04416088254635753
0.19238420470968637 -0.044591357820336006
0.20215034775378343 -0.044976028818048956
0.2120959042910774 -0.04531473948912392
0.2222148834901989 -0.04560746266621083
0.23250119005645137 -0.045854263579918626
0.2429486279033891 -0.04605526137251447
0.2535509038851079 -0.046210592269017914
0.26430163158700104 -0.04632037765054672
0.27519433517269654 -0.046384699623210686
0.28622245328485874 -0.04640358584409585
0.29737934299750524 -0.04637700442363888
0.30865828381745486 -0.04630486874762191
0.320052481732506 -0.04618705113015104
0.33155507330389 -0.04602340339504527
0.3431591298005543 -0.04581378185112196
0.35485766137276875 -0.04555807372666988
0.36664362126255073 -0.04525622199174732
0.3785099100483679 -0.044908245635318346
0.3904493799215649 -0.044514252867925076
0.4024548389919357 -0.044074445359287735
0.41451905561984914 -0.04358911244516329
0.42663476277231926 -0.043058615185223324
0.43879466240039156 -0.042483361149488016
0.4509914298352198 -0.04186377177581379
0.46321771820016633 -0.04120024499675028
0.475466162836291 -0.04049311650906708
0.4877293857385438 -0.03974262349381582
0.4999999999999999 -0.03894887474606363
0.512270614261456 -0.038111831018773606
0.5245338371637088 -0.03723129892438237
0.5367822817998334 -0.036306940992935174
0.54900857016478 -0.035338303501370516
0.5612053375996082 -0.034324862527849796
0.5733652372276805 -0.0332660874258715
0.5854809443801506 -0.03216151964276347
0.5975451610080642 -0.031010863616893942
0.6095506200784349 -0.029814085465369518
0.6214900899516319 -0.028571514397421702
0.6333563787374491 -0.02728394132106877
0.645142338627231 -0.02595270899468348
0.6568408701994456 -0.024579788329665873
0.6684449266961098 -0.023167836068604508
0.6799475182674938 -0.0217202300122611
0.691341716182545 -0.020241079191331855
0.7026206570024947 -0.018735207797323974
0.713777546715141 -0.017208113207353604
0.7248056648273034 -0.0156658999570198
0.7356983684129987 -0.014115192928087335
0.746449096114892 -0.012563034222901524
0.7570513720966108 -0.011016769106896548
0.7674988099435485 -0.009483926944773156
0.7777851165098009 -0.007972103189730618
0.7879040957089227 -0.006488848191510848
0.7978496522462164 -0.005041567881046497
0.8076157952903136 -0.003637440310313043
0.8171966420818224 -0.0022833506465054446
0.8265864214768883 -0.000985845634396118
0.8357794774235092 0.0002488931381840829
0.8447702723685334 0.00141505948707943
0.8535533905932737 0.002507220203509966
0.8621235414757333 0.003520304990654607
0.8704755626774794 0.004449594659775604
0.8786044232532422 0.005290713883619594
0.8865052266813687 0.006039634706184254
0.894173213813303 0.006692696391175826
0.9016037657403225 0.007246646076163768
0.9087924065757916 0.007698703140974743
0.9157348061512727 0.008046648285987348
0.9224267826248536 0.008288936165833854
0.928864305000136 0.008424828175232973
0.9350434955543556 0.008454539787789296
0.9409606321741775 0.008379394860323644
0.9466121505977576 0.008201977682347785
0.9519946465617215 0.007926272403343003
0.9571048778517655 0.007557778914012277
0.9619397662556433 0.007103594362205879
0.9664963994173694 0.006572450280719094
0.9707720325915102 0.005974696780714474
0.9747640902965183 0.005322227365770441
0.9784701678661044 0.00462834055093771
0.98188803289772 0.003907537495808433
0.985015626597272 0.0031752581186374456
0.9878510650192642 0.002447561468528199
0.9903926402016152 0.0017407593042991726
0.9926388211944706 0.0010710146742436576
0.9945882549823906 0.000453919637210122
0.9962397672993549 -9.593203598462973e-05
0.9975923633360985 -0.0005653604045002781
0.9986452283393451 -0.0009429862620453209
0.9993977281025862 -0.0012195732764182668
0.9998494093481021 -0.0013883108224161593
1.0 -0.0014450253128889046
