1.0 0.0016488421756297009
0.9998494093481021 0.0017308772006255986
0.9993977281025862 0.0019755059789459944
0.9986452283393451 0.0023783548766822442
0.9975923633360985 0.0029323161261169657
0.9962397672993549 0.0036278114167247588
0.9945882549823906 0.004453143715510812
0.9926388211944706 0.005394921195198058
0.9903926402016152 0.006438534022735679
0.9878510650192642 0.0075686626257402126
0.985015626597272 0.008769795008208318
0.98188803289772 0.010026730765223086
0.9784701678661044 0.011325050622910714
0.9747640902965183 0.012651532518279033
0.9707720325915102 0.013994498293830277
0.9664963994173694 0.01534407882978488
0.9619397662556433 0.016692389655712837
0.9571048778517655 0.018033613537669115
0.9519946465617215 0.01936399098615207
0.9466121505977576 0.02068172384321347
0.9409606321741775 0.021986800875109857
0.9350434955543556 0.02328075744478332
0.928864305000136 0.02456638373332883
0.9224267826248536 0.02584739753661523
0.9157348061512727 0.027128098348242622
0.9087924065757916 0.028413019268902114
0.9016037657403225 0.029706592317138927
0.894173213813303 0.031012841059643668
0.8865052266813687 0.03233511226410849
0.8786044232532422 0.03367585565952937
0.8704755626774794 0.035036458033584704
0.8621235414757333 0.03641713497059927
0.8535533905932737 0.037816880693077606
0.8447702723685334 0.03923347385307344
0.8357794774235092 0.040663534839884455
0.8265864214768883 0.04210262831123592
0.8171966420818224 0.04354540326783294
0.8076157952903136 0.04498576209563337
0.7978496522462164 0.04641704958639711
0.7879040957089227 0.04783225297917492
0.7777851165098009 0.049224204487090036
0.7674988099435485 0.050585778514316504
0.7570513720966108 0.051910076748968526
0.746449096114892 0.05319059545836929
0.7356983684129987 0.05442137053749607
0.7248056648273034 0.055597097101361403
0.713777546715141 0.056713221611469536
0.7026206570024947 0.057766005642596166
0.691341716182545 0.058752561400242785
0.6799475182674938 0.05967085997554394
0.6684449266961098 0.06051971406861409
0.6568408701994456 0.06129873752720502
0.645142338627231 0.06200828454433028
0.6333563787374491 0.06264937174767107
0.6214900899516319 0.06322358670598707
0.6095506200784349 0.06373298658153166
0.5975451610080642 0.06417999077657505
0.5854809443801506 0.06456727145592198
0.5733652372276805 0.06489764577100103
0.5612053375996082 0.06517397345713546
0.54900857016478 0.0653990632155975
0.5367822817998334 0.0655755909192003
0.5245338371637088 0.0657060321917577
0.512270614261456 0.06579261131135421
0.4999999999999999 0.0658372676867364
0.4877293857385438 0.06584164037611173
0.475466162836291 0.06580707028824492
0.46321771820016633 0.0657346188652434
0.4509914298352198 0.06562510123934381
0.43879466240039156 0.06547913113028618
0.42663476277231926 0.0652971741533044
0.41451905561984914 0.06507960578414784
0.4024548389919357 0.06482677001266746
0.3904493799215649 0.06453903473452473
0.3785099100483679 0.06421684019113723
0.36664362126255073 0.06386073726418304
0.35485766137276875 0.06347141313876815
0.3431591298005543 0.0630497027281106
0.33155507330389 0.062596585247234
0.320052481732506 0.06211316636755923
0.30865828381745486 0.06160064740570782
0.29737934299750524 0.06106028392424227
0.28622245328485874 0.060493336879767906
0.27519433517269654 0.05990101998504937
0.26430163158700104 0.05928444721180186
0.2535509038851079 0.058644584324002
0.2429486279033891 0.0579822079942271
0.23250119005645137 0.05729787543708041
0.2222148834901989 0.056591906636061576
0.2120959042910774 0.05586438020523761
0.20215034775378343 0.055115142792662934
0.19238420470968637 0.05434383078705636
0.18280335791817703 0.05354990202503744
0.17341357852311146 0.052732674302331965
0.16422052257649067 0.05189136684755334
0.15522972763146647 0.05102514058331891
0.14644660940672616 0.05013313301608909
0.1378764585242665 0.0492144839763963
0.12952443732252045 0.048268349159885614
0.12139557674675777 0.047293899453381014
0.11349477331863145 0.04629030529959107
0.10582678618669683 0.045256706768051
0.09839623425967753 0.04419217145201587
0.09120759342420814 0.043095643686993784
0.08426519384872727 0.04196588977279007
0.07757321737514639 0.04080144477297936
0.07113569499986394 0.03960056697688193
0.06495650444564427 0.03836120617747243
0.059039367825822475 0.03708099151267716
0.05338784940224234 0.03575724373964744
0.048005353438278275 0.03438701549926593
0.042895122148234655 0.03296716145233451
0.038060233744356575 0.03149443823014565
0.03350360058263052 0.02996563206427784
0.029227967408489597 0.028377709882418712
0.025235909703481607 0.026727987723392795
0.021529832133895532 0.0250143086754417
0.018111967102280024 0.023235221302679583
0.014984373402728013 0.021390148797195304
0.012148934980735715 0.019479538948522796
0.009607359798384785 0.01750498549085236
0.007361178805529334 0.015469312463578591
0.005411745017609493 0.013376614853872556
0.0037602327006450165 0.011232250893779496
0.0024076366639015356 0.00904278383857577
0.0013547716606548965 0.006815873711847448
0.0006022718974137975 0.004560122203988042
0.00015059065189787502 0.0022848764871921633
0.0 0.0
0.00015059065189787502 -0.0015852987810330958
0.0006022718974137975 -0.0031648458220788294
0.0013547716606548965 -0.0047325941805707854
0.0024076366639015356 -0.006282890101586613
0.0037602327006450165 -0.007810645537406734
0.005411745017609493 -0.009311483090800194
0.007361178805529334 -0.010781846584015632
0.009607359798384785 -0.012219072326828723
0.012148934980735715 -0.013621418283215433
0.014984373402728013 -0.014988050594456553
0.018111967102280024 -0.016318989176992378
0.021529832133895532 -0.017615016247234255
0.025235909703481607 -0.018877553512398015
0.029227967408489597 -0.020108515301510393
0.03350360058263052 -0.021310146011057237
0.038060233744356575 -0.02248485084886723
0.042895122148234655 -0.023635028950986584
0.048005353438278275 -0.02476291752371645
0.05338784940224234 -0.02587045476123223
0.059039367825822475 -0.02695916797078927
0.06495650444564427 -0.02803009168872157
0.07113569499986394 -0.029083718695772028
0.07757321737514639 -0.03011998485587063
0.08426519384872727 -0.031138286728766233
0.09120759342420814 -0.03213752906128392
0.09839623425967753 -0.03311619765152746
0.10582678618669683 -0.034072451795476286
0.11349477331863145 -0.03500422963453514
0.12139557674675777 -0.03590935926820617
0.12952443732252045 -0.036785668492638535
0.1378764585242665 -0.03763108645941324
0.14644660940672616 -0.038443731378576915
0.15522972763146647 -0.03922197955080186
0.16422052257649067 -0.03996451242150486
0.17341357852311146 -0.0406703399071748
0.18280335791817703 -0.04133879984646506
0.19238420470968637 -0.04196953497118528
0.20215034775378343 -0.042562450177314436
0.2120959042910774 -0.04311765401871809
0.2222148834901989 -0.04363538917987634
0.23250119005645137 -0.044115957164446294
0.2429486279033891 -0.04455964254457661
0.2535509038851079 -0.04496664185783359
0.26430163158700104 -0.04533700164536581
0.27519433517269654 -0.04567056924959341
0.28622245328485874 -0.0459669589033671
0.29737934299750524 -0.04622553442915863
0.30865828381745486 -0.04644540861716139
0.320052481732506 -0.04662545815632201
0.33155507330389 -0.046764351937404455
0.3431591298005543 -0.04686058970541334
0.35485766137276875 -0.04691254746635243
0.36664362126255073 -0.046918525785936756
0.3785099100483679 -0.04687679716806103
0.3904493799215649 -0.04678564905741077
0.4024548389919357 -0.046643419639775
0.41451905561984914 -0.04644852446150243
0.42663476277231926 -0.04619947288624757
0.43879466240039156 -0.045894874471944985
0.4509914298352198 -0.04553343639819849
0.46321771820016633 -0.04511395401976535
0.475466162836291 -0.04463529738895609
0.4877293857385438 -0.04409639711528128
0.4999999999999999 -0.04349623316931686
0.512270614261456 -0.042833830165823206
0.5245338371637088 -0.0421082622783686
0.5367822817998334 -0.04131867026750713
0.54900857016478 -0.04046429219260115
0.5612053375996082 -0.039544508288443914
0.5733652372276805 -0.03855889930132877
0.5854809443801506 -0.037507316383504505
0.5975451610080642 -0.0363899595310501
0.6095506200784349 -0.035207460605060914
0.6214900899516319 -0.03396096627616589
0.6333563787374491 -0.03265221583799768
0.645142338627231 -0.031283608785529264
0.6568408701994456 -0.029858257364080522
0.6684449266961098 -0.028380019953284333
0.6799475182674938 -0.026853512120699374
0.691341716182545 -0.02528409340176666
0.7026206570024947 -0.023677829256321573
0.713777546715141 -0.022041429122285686
0.7248056648273034 -0.0203821629318299
0.7356983684129987 -0.0187077597706962
0.746449096114892 -0.017026293450530937
0.7570513720966108 -0.015346060543680408
0.7674988099435485 -0.013675456836583234
0.7777851165098009 -0.012022858153334702
0.7879040957089227 -0.010396511075307618
0.7978496522462164 -0.008804438255952382
0.8076157952903136 -0.007254361851489335
0.8171966420818224 -0.005753647134314656
0.8265864214768883 -0.004309266724848498
0.8357794774235092 -0.002927784183465558
0.8447702723685334 -0.0016153540695637704
0.8535533905932737 -0.00037773412232460835
0.8621235414757333 0.0007796959387172404
0.8704755626774794 0.0018519152582893385
0.8786044232532422 0.002834248896792746
0.8865052266813687 0.003722367437001084
0.894173213813303 0.004512304762380014
0.9016037657403225 0.005200498398605325
0.9087924065757916 0.005783855154139983
0.9157348061512727 0.006259842802944668
0.9224267826248536 0.006626606343481683
0.928864305000136 0.006883105084007733
0.9350434955543556 0.007029264596832535
0.9409606321741775 0.0070661356074374175
0.9466121505977576 0.00699605028330931
0.9519946465617215 0.006822765289033521
0.9571048778517655 0.006551580478506314
0.9619397662556433 0.006189422267580541
0.9664963994173694 0.0057448815968553155
0.9707720325915102 0.005228197937908583
0.9747640902965183 0.004651182957488105
0.9784701678661044 0.004027080133161628
0.98188803289772 0.003370359675594092
0.985015626597272 0.0026964513941090842
0.9878510650192642 0.0020214214621645287
0.9903926402016152 0.0013616022086967877
0.9926388211944706 0.000733186894354737
0.9945882549823906 0.00015180375770207778
0.9962397672993549 -0.00036791470980856197
0.9975923633360985 -0.0008127503906201846
0.9986452283393451 -0.0011712891214735732
0.9993977281025862 -0.0014342650550862239
0.9998494093481021 -0.0015948452350807224
1.0 -0.0016488421756297009
