1.0 0.0019760180587414643
0.9998494093481021 0.0020572743171062124
0.9993977281025862 0.0022995358169369345
0.9986452283393451 0.0026983370281930654
0.9975923633360985 0.003246420464593539
0.9962397672993549 0.00393400535332749
0.9945882549823906 0.004749146397284612
0.9926388211944706 0.005678166338672765
0.9903926402016152 0.006706142857487845
0.9878510650192642 0.00781742815504715
0.985015626597272 0.008996178480880766
0.98188803289772 0.010226870899129397
0.9784701678661044 0.011494785734525888
0.9747640902965183 0.012786435304741963
0.9707720325915102 0.01408992259833421
0.9664963994173694 0.015395217314037295
0.9619397662556433 0.016694340922840348
0.9571048778517655 0.017981456914225785
0.9519946465617215 0.019252866901236537
0.9466121505977576 0.02050691755266068
0.9409606321741775 0.021743827182576166
0.9350434955543556 0.022965444078014107
0.928864305000136 0.024174951146100056
0.9224267826248536 0.02537653312157222
0.9157348061512727 0.02657502335332862
0.9087924065757916 0.027775547094113978
0.9016037657403225 0.0289831773071682
0.894173213813303 0.030202617375338435
0.8865052266813687 0.03143792288262265
0.8786044232532422 0.032692271989673394
0.8704755626774794 0.03396779101070657
0.8621235414757333 0.03526543878917559
0.8535533905932737 0.0365849505253496
0.8447702723685334 0.037924838975833576
0.8357794774235092 0.03928244854444943
0.8265864214768883 0.04065405580809913
0.8171966420818224 0.0420350085306075
0.8076157952903136 0.04341989423983734
0.7978496522462164 0.044802728975196916
0.7879040957089227 0.04617715682288902
0.7777851165098009 0.04753665129088001
0.7674988099435485 0.04887471036357028
0.7570513720966108 0.0501850381359345
0.746449096114892 0.051461707172642195
0.7356983684129987 0.05269929708532139
0.7248056648273034 0.05389300619345201
0.713777546715141 0.05503873446492853
0.7026206570024947 0.056133137168045515
0.691341716182545 0.057173649769095475
0.6799475182674938 0.05815848555499873
0.6684449266961098 0.059086608237759124
0.6568408701994456 0.05995768240753179
0.645142338627231 0.06077200515252892
0.6333563787374491 0.06153042247108696
0.6214900899516319 0.06223423428058955
0.6095506200784349 0.06288509189604721
0.5975451610080642 0.06348489182230174
0.5854809443801506 0.06403566958899687
0.5733652372276805 0.06453949716380529
0.5612053375996082 0.06499838721068694
0.54900857016478 0.06541420711759667
0.5367822817998334 0.06578860530270324
0.5245338371637088 0.06612295182152968
0.512270614261456 0.0664182947440694
0.4999999999999999 0.0666753331599679
0.4877293857385438 0.0668944070159882
0.475466162836291 0.06707550331397769
0.46321771820016633 0.06721827752597248
0.4509914298352198 0.06732208844712834
0.43879466240039156 0.0673860441408956
0.42663476277231926 0.06740905616867789
0.41451905561984914 0.06738989897009463
0.4024548389919357 0.06732727109641956
0.3904493799215649 0.06721985501705006
0.3785099100483679 0.06706637242456909
0.36664362126255073 0.06686563235335351
0.35485766137276875 0.06661656998189756
0.3431591298005543 0.06631827467937311
0.33155507330389 0.0659700066402902
0.320052481732506 0.065571202276299
0.30865828381745486 0.06512146934437604
0.29737934299750524 0.06462057352741622
0.28622245328485874 0.06406841879097393
0.27519433517269654 0.06346502427015956
0.26430163158700104 0.06281050065648126
0.2535509038851079 0.06210502903349684
0.2429486279033891 0.06134884484749975
0.23250119005645137 0.06054222920850033
0.2222148834901989 0.05968550902903267
0.2120959042910774 0.05877906667187497
0.20215034775378343 0.05782335885411469
0.19238420470968637 0.05681894361484024
0.18280335791817703 0.05576651327190281
0.17341357852311146 0.0546669305429026
0.16422052257649067 0.05352126445275401
0.15522972763146647 0.05233082234806589
0.14644660940672616 0.05109717432304267
0.1378764585242665 0.049822166647775334
0.12952443732252045 0.048507921370057404
0.12139557674675777 0.04715682010563893
0.11349477331863145 0.04577147108702138
0.10582678618669683 0.044354659737086584
0.09839623425967753 0.04290928428699375
0.09120759342420814 0.041438279176067294
0.08426519384872727 0.039944530061941076
0.07757321737514639 0.038430785144970496
0.07113569499986394 0.03689956809737165
0.06495650444564427 0.035353098128737756
0.059039367825822475 0.03379322258281116
0.05338784940224234 0.03222136693938358
0.048005353438278275 0.03063850621136579
0.042895122148234655 0.029045160528750367
0.038060233744356575 0.0274414162608953
0.03350360058263052 0.02582697243835811
0.029227967408489597 0.024201210600887296
0.025235909703481607 0.022563284630757182
0.021529832133895532 0.02091222574030811
0.018111967102280024 0.019247056669582395
0.014984373402728013 0.017566908397598474
0.012148934980735715 0.01587113233908598
0.009607359798384785 0.014159401119480615
0.007361178805529334 0.012431791595995917
0.005411745017609493 0.010688844791716744
0.0037602327006450165 0.008931598773272674
0.0024076366639015356 0.0071615921452694836
0.0013547716606548965 0.005380837650553282
0.0006022718974137975 0.0035917672357836175
0.00015059065189787502 0.0017971517430161676
0.0 0.0
0.00015059065189787502 -0.0014502564874578209
0.0006022718974137975 -0.00289426659909273
0.0013547716606548965 -0.0043254402384991135
0.0024076366639015356 -0.005737678301698361
0.0037602327006450165 -0.007125588503892165
0.005411745017609493 -0.008484667203039664
0.007361178805529334 -0.00981143879749602
0.009607359798384785 -0.011103546549964833
0.012148934980735715 -0.012359791273945427
0.014984373402728013 -0.013580117062293782
0.018111967102280024 -0.014765545983044973
0.021529832133895532 -0.015918066259375654
0.025235909703481607 -0.017040480743536344
0.029227967408489597 -0.018136224363364883
0.03350360058263052 -0.019209160566127828
0.038060233744356575 -0.020263367542033707
0.042895122148234655 -0.02130292514902949
0.048005353438278275 -0.022331712989034247
0.05338784940224234 -0.02335322904749366
0.059039367825822475 -0.024370436779969543
0.06495650444564427 -0.02538564661597366
0.07113569499986394 -0.02640043567665362
0.07757321737514639 -0.02741560720696487
0.08426519384872727 -0.028431188945998134
0.09120759342420814 -0.029446467537298293
0.09839623425967753 -0.03046005423675563
0.10582678618669683 -0.031469975710335545
0.11349477331863145 -0.03247378270192563
0.12139557674675777 -0.03346866883625558
0.12952443732252045 -0.034451591813500784
0.1378764585242665 -0.03541938972831175
0.14644660940672616 -0.0363688861536352
0.15522972763146647 -0.03729697888961825
0.16422052257649067 -0.03820070879065139
0.17341357852311146 -0.03907730673658553
0.18280335791817703 -0.039924218489445586
0.19238420470968637 -0.04073910875940729
0.20215034775378343 -0.04151984718871271
0.2120959042910774 -0.04226448006217623
0.2222148834901989 -0.04297119230341701
0.23250119005645137 -0.04363826467906475
0.2429486279033891 -0.04426403109973578
0.2535509038851079 -0.04484684049597361
0.26430163158700104 -0.04538502700563276
0.27519433517269654 -0.045876891205162446
0.28622245328485874 -0.046320693937141805
0.29737934299750524 -0.04671466302737319
0.30865828381745486 -0.047057011947731923
0.320052481732506 -0.04734596836306362
0.33155507330389 -0.047579809588341994
0.3431591298005543 -0.04775690134587542
0.35485766137276875 -0.047875735899637256
0.36664362126255073 -0.04793496567777141
0.3785099100483679 -0.047933428871334983
0.3904493799215649 -0.047870164187491786
0.4024548389919357 -0.047744412884806374
0.41451905561984914 -0.047555607353149135
0.42663476277231926 -0.04730334673258423
0.43879466240039156 -0.0469873612979338
0.4509914298352198 -0.04660746847089557
0.46321771820016633 -0.04616352426814243
0.475466162836291 -0.04565537467309458
0.4877293857385438 -0.04508281177108017
0.4999999999999999 -0.04444553947569515
0.512270614261456 -0.04374315328784648
0.5245338371637088 -0.042975137784994386
0.5367822817998334 -0.0421408844797221
0.54900857016478 -0.041239731380887844
0.5612053375996082 -0.040271024123456484
0.5733652372276805 -0.039234197004306914
0.5854809443801506 -0.038128870777071985
0.5975451610080642 -0.036954962724772444
0.6095506200784349 -0.0357128034417614
0.6214900899516319 -0.03440325399820466
0.6333563787374491 -0.03302781679167553
0.645142338627231 -0.03158873344636473
0.6568408701994456 -0.030089063607182935
0.6684449266961098 -0.02853273937042012
0.6799475182674938 -0.02692459134296797
0.691341716182545 -0.025270343851462432
0.7026206570024947 -0.023576578533713942
0.713777546715141 -0.02185066732609659
0.7248056648273034 -0.020100677594219456
0.7356983684129987 -0.01833525372365315
0.746449096114892 -0.016563480785652434
0.7570513720966108 -0.014794736829522148
0.7674988099435485 -0.013038540861762236
0.7777851165098009 -0.011304403613981768
0.7879040957089227 -0.009601687769837516
0.7978496522462164 -0.00793948344145023
0.8076157952903136 -0.006326503414681825
0.8171966420818224 -0.004771001105093527
0.8265864214768883 -0.003280712389769877
0.8357794774235092 -0.0018628206277088027
0.8447702723685334 -0.0005239423839648082
0.8535533905932737 0.0007298702400450347
0.8621235414757333 0.0018931160759709865
0.8704755626774794 0.002960826465998801
0.8786044232532422 0.003928548677363644
0.8865052266813687 0.004792337777469674
0.894173213813303 0.005548762952200428
0.9016037657403225 0.006194933100698041
0.9087924065757916 0.006728544945087988
0.9157348061512727 0.007147954948536924
0.9224267826248536 0.007452274161706721
0.928864305000136 0.007641482857671697
0.9350434955543556 0.007716559620922567
0.9409606321741775 0.007679617580428521
0.9466121505977576 0.007534038864132216
0.9519946465617215 0.0072845972284351895
0.9571048778517655 0.006937558279776124
0.9619397662556433 0.006500746820729519
0.9664963994173694 0.005983571645419834
0.9707720325915102 0.0053969995619688686
0.9747640902965183 0.004753472474914268
0.9784701678661044 0.00406676392066898
0.98188803289772 0.003351774382717977
0.985015626597272 0.0026242678622889833
0.9878510650192642 0.0019005553690302293
0.9903926402016152 0.00119713404192731
0.9926388211944706 0.000530293334170239
0.9945882549823906 -8.42980675592811e-05
0.9962397672993549 -0.0006320093086266201
0.9975923633360985 -0.0010996522585323
0.9986452283393451 -0.0014758579924997461
0.9993977281025862 -0.0017514093668036324
0.9998494093481021 -0.0019195157282548476
1.0 -0.0019760180587414643
