1.0 0.00152921457678388
0.9998494093481021 0.0016098563663354392
0.9993977281025862 0.0018502967392608682
0.9986452283393451 0.002246136520760358
0.9975923633360985 0.002790227183325578
0.9962397672993549 0.0034729369926472667
0.9945882549823906 0.004282506100882466
0.9926388211944706 0.005205474187508183
0.9903926402016152 0.006227161077154074
0.9878510650192642 0.0073321786069337706
0.985015626597272 0.00850495097202802
0.98188803289772 0.009730220883777138
0.9784701678661044 0.010993520101281518
0.9747640902965183 0.012281585156121053
0.9707720325915102 0.013582702235972126
0.9664963994173694 0.01488696903704534
0.9619397662556433 0.01618646571469326
0.9571048778517655 0.017475331614288152
0.9519946465617215 0.01874974900400157
0.9466121505977576 0.02000783932071628
0.9409606321741775 0.02124948126654384
0.9350434955543556 0.022476063277582347
0.928864305000136 0.023690185293615572
0.9224267826248536 0.024895326301921865
0.9157348061512727 0.026095494776884255
0.9087924065757916 0.027294878907697866
0.9016037657403225 0.028497512464693807
0.894173213813303 0.029706970407066647
0.8865052266813687 0.030926106019627055
0.8786044232532422 0.032156838643971876
0.8704755626774794 0.033399998111340805
0.8621235414757333 0.03465522896149244
0.8535533905932737 0.035920954604897526
0.8447702723685334 0.03719439889605256
0.8357794774235092 0.0384716602493646
0.8265864214768883 0.039747831530807486
0.8171966420818224 0.04101715755042918
0.8076157952903136 0.04227322108202895
0.7978496522462164 0.043509147935621516
0.7879040957089227 0.04471782166796338
0.7777851165098009 0.045892098977841425
0.7674988099435485 0.04702501762283871
0.7570513720966108 0.04810998973185912
0.746449096114892 0.04914097459023329
0.7356983684129987 0.050112626263426656
0.7248056648273034 0.051020412731709944
0.713777546715141 0.051860704474244644
0.7026206570024947 0.05263083162337914
0.691341716182545 0.05332910987928492
0.6799475182674938 0.05395483631535809
0.6684449266961098 0.05450825701120908
0.6568408701994456 0.054990509126038575
0.645142338627231 0.05540354057934764
0.6333563787374491 0.0557500109487756
0.6214900899516319 0.05603317753598403
0.6095506200784349 0.05625677079736332
0.5975451610080642 0.05642486348893493
0.5854809443801506 0.05654173793136011
0.5733652372276805 0.05661175575449485
0.5612053375996082 0.05663923432186155
0.54900857016478 0.056628333753707516
0.5367822817998334 0.0565829580551173
0.5245338371637088 0.05650667330990275
0.512270614261456 0.05640264522595243
0.4999999999999999 0.0562735975267538
0.4877293857385438 0.05612179180045653
0.475466162836291 0.05594902847586341
0.46321771820016633 0.05575666763696325
0.4509914298352198 0.05554566746383728
0.43879466240039156 0.055316637251563536
0.42663476277231926 0.05506990126364337
0.41451905561984914 0.05480556917170524
0.4024548389919357 0.054523608559377545
0.3904493799215649 0.054223914953256666
0.3785099100483679 0.053906375099967936
0.36664362126255073 0.05357091972956499
0.35485766137276875 0.05321756280720455
0.3431591298005543 0.052846425234216614
0.33155507330389 0.05245774205731197
0.320052481732506 0.05205185340915592
0.30865828381745486 0.05162918055555542
0.29737934299750524 0.05119018948257831
0.28622245328485874 0.050735345343532925
0.27519433517269654 0.0502650617333806
0.26430163158700104 0.04977964911488664
0.2535509038851079 0.04927926675484691
0.2429486279033891 0.04876388223156874
0.23250119005645137 0.04823324196277856
0.2222148834901989 0.047686855317026426
0.2120959042910774 0.047123993774337784
0.20215034775378343 0.046543705374192716
0.19238420470968637 0.04594484342412537
0.18280335791817703 0.04532610723908237
0.17341357852311146 0.04468609163699582
0.16422052257649067 0.04402334111717162
0.15522972763146647 0.043336404165855436
0.14644660940672616 0.042623883015980475
0.1378764585242665 0.041884474456860145
0.12952443732252045 0.041116997936215316
0.12139557674675777 0.04032040818336392
0.11349477331863145 0.03949379084277306
0.10582678618669683 0.03863634105196857
0.09839623425967753 0.037747326419972624
0.09120759342420814 0.03682603734505917
0.08426519384872727 0.03587172893546477
0.07757321737514639 0.03488355985321299
0.07113569499986394 0.03386053409514375
0.06495650444564427 0.03280145198625796
0.059039367825822475 0.03170487644823091
0.05338784940224234 0.030569119913995503
0.048005353438278275 0.02939225611668422
0.042895122148234655 0.028172159451377278
0.038060233744356575 0.026906572785191644
0.03350360058263052 0.025593202594150977
0.029227967408489597 0.024229838269623324
0.025235909703481607 0.02281449050587669
0.021529832133895532 0.021345541993670173
0.018111967102280024 0.0198219023300059
0.014984373402728013 0.018243158216092063
0.012148934980735715 0.01660970972872178
0.009607359798384785 0.014922883752869336
0.007361178805529334 0.013185016553789966
0.005411745017609493 0.011399498903333681
0.0037602327006450165 0.009570779077374499
0.0024076366639015356 0.00770432129583414
0.0013547716606548965 0.0058065196444829085
0.0006022718974137975 0.003884570042730158
0.00015059065189787502 0.0019463052421716546
0.0 0.0
0.00015059065189787502 -0.0016005677497332046
0.0006022718974137975 -0.0031973741549479262
0.0013547716606548965 -0.004786347245786482
0.0024076366639015356 -0.006363707587463029
0.0037602327006450165 -0.007926096016153048
0.005411745017609493 -0.009470680103897889
0.007361178805529334 -0.010995234082603387
0.009607359798384785 -0.012498188384103796
0.012148934980735715 -0.013978646579182713
0.014984373402728013 -0.015436369231909372
0.018111967102280024 -0.016871725929513113
0.021529832133895532 -0.01828561840507444
0.025235909703481607 -0.019679379148884256
0.029227967408489597 -0.021054651123589663
0.03350360058263052 -0.022413255092804125
0.038060233744356575 -0.023757051596493543
0.042895122148234655 -0.02508780473464631
0.048005353438278275 -0.026407054652006177
0.05338784940224234 -0.027716004972417007
0.059039367825822475 -0.02901543045451882
0.06495650444564427 -0.030305608892834353
0.07113569499986394 -0.031586279846350575
0.07757321737514639 -0.03285663122745767
0.08426519384872727 -0.03411531321947682
0.09120759342420814 -0.03536047750234959
0.09839623425967753 -0.036589838438697425
0.10582678618669683 -0.03780075178059078
0.11349477331863145 -0.03899030565970546
0.12139557674675777 -0.04015541815993964
0.12952443732252045 -0.04129293566078017
0.1378764585242665 -0.042399726378579645
0.14644660940672616 -0.04347276409681232
0.15522972763146647 -0.04450919792109228
0.16422052257649067 -0.04550640495949467
0.17341357852311146 -0.04646202404028133
0.18280335791817703 -0.04737396985664787
0.19238420470968637 -0.04824042818841226
0.20215034775378343 -0.049059834013562204
0.2120959042910774 -0.04983083531642606
0.2222148834901989 -0.050552246164905355
0.23250119005645137 -0.05122299312419044
0.2429486279033891 -0.05184205927528892
0.2535509038851079 -0.05240843001049384
0.26430163158700104 -0.05292104440189695
0.27519433517269654 -0.053378755319328904
0.28622245328485874 -0.05378030066289623
0.29737934299750524 -0.054124287137090374
0.30865828381745486 -0.054409187000389166
0.320052481732506 -0.05463334725095015
0.33155507330389 -0.054795009827137475
0.3431591298005543 -0.05489234067499814
0.35485766137276875 -0.054923465014656746
0.36664362126255073 -0.054886505859016804
0.3785099100483679 -0.054779622817548904
0.3904493799215649 -0.05460104845187213
0.4024548389919357 -0.05434911991527168
0.41451905561984914 -0.05402230426429708
0.42663476277231926 -0.05361921662129635
0.43879466240039156 -0.05313863122549243
0.4509914298352198 -0.05257948626446008
0.46321771820016633 -0.05194088415464571
0.475466162836291 -0.05122208957100657
0.4877293857385438 -0.050422527954395065
0.4999999999999999 -0.04954178740832188
0.512270614261456 -0.048579626809986766
0.5245338371637088 -0.04753599260041099
0.5367822817998334 -0.04641104610301427
0.54900857016478 -0.04520520238753446
0.5612053375996082 -0.04391918070351762
0.5733652372276805 -0.04255406542593617
0.5854809443801506 -0.04111137536561053
0.5975451610080642 -0.039593138283620356
0.6095506200784349 -0.03800196659400832
0.6214900899516319 -0.03634112961647367
0.6333563787374491 -0.03461461740977144
0.645142338627231 -0.032827191217393956
0.6568408701994456 -0.030984415907264643
0.6684449266961098 -0.029092670479266083
0.6799475182674938 -0.027159133715972138
0.691341716182545 -0.0251917433068308
0.7026206570024947 -0.023199128207721333
0.713777546715141 -0.021190515514152755
0.7248056648273034 -0.01917561462573278
0.7356983684129987 -0.017164482857659296
0.746449096114892 -0.015167377812415594
0.7570513720966108 -0.013194602674085832
0.7674988099435485 -0.011256351059893222
0.7777851165098009 -0.009362558113937743
0.7879040957089227 -0.007522764139992238
0.7978496522462164 -0.005745996257121825
0.8076157952903136 -0.0040406723675776215
0.8171966420818224 -0.0024145302228354816
0.8265864214768883 -0.0008745826568112222
0.8357794774235092 0.0005729017605949154
0.8447702723685334 0.0019223951864188996
0.8535533905932737 0.003169088257327296
0.8621235414757333 0.0043088546673308095
0.8704755626774794 0.005338209086843567
0.8786044232532422 0.00625426545612656
0.8865052266813687 0.007054702684243001
0.894173213813303 0.00773774424383913
0.9016037657403225 0.008302157088578423
0.9087924065757916 0.008747273786759944
0.9157348061512727 0.009073039848687793
0.9224267826248536 0.009280086043389797
0.928864305000136 0.009369823191650362
0.9350434955543556 0.009344554640415345
0.9409606321741775 0.009207599526146594
0.9466121505977576 0.00896341817330094
0.9519946465617215 0.008617729684184658
0.9571048778517655 0.008177611067718218
0.9619397662556433 0.007651567203225983
0.9664963994173694 0.007049561577715013
0.9707720325915102 0.006382999064564042
0.9747640902965183 0.00566465397748096
0.9784701678661044 0.00490853914345885
0.98188803289772 0.004129714662533356
0.985015626597272 0.0033440382007925706
0.9878510650192642 0.0025678619160760217
0.9903926402016152 0.0018176842531135624
0.9926388211944706 0.0011097676783174517
0.9945882549823906 0.00045973577941914485
0.9962397672993549 -0.00011783511841686827
0.9975923633360985 -0.0006098136863098831
0.9986452283393451 -0.001004884377815945
0.9993977281025862 -0.0012938756518371369
0.9998494093481021 -0.0014700315215958005
1.0 -0.00152921457678388
