1.0 0.0016710958298352878
0.9998494093481021 0.0017574384654859363
0.9993977281025862 0.0020149657305677873
0.9986452283393451 0.002439231566124975
0.9975923633360985 0.003023009505297484
0.9962397672993549 0.003756559188139421
0.9945882549823906 0.004627982097617665
0.9926388211944706 0.0056236502235154345
0.9903926402016152 0.006728688194482345
0.9878510650192642 0.007927487249950294
0.985015626597272 0.009204228352214976
0.98188803289772 0.010543391802448336
0.9784701678661044 0.011930231897842909
0.9747640902965183 0.013351197365505876
0.9707720325915102 0.014794281393064223
0.9664963994173694 0.0162492888623291
0.9619397662556433 0.017708012663726604
0.9571048778517655 0.019164315488624392
0.9519946465617215 0.02061411802163097
0.9466121505977576 0.022055298751274724
0.9409606321741775 0.02348751447263511
0.9350434955543556 0.02491195378980909
0.928864305000136 0.02633103840177454
0.9224267826248536 0.02774808858235211
0.9157348061512727 0.02916697000451949
0.9087924065757916 0.030591738922746668
0.9016037657403225 0.03202630177291408
0.894173213813303 0.03347410357746773
0.8865052266813687 0.034937857286344534
0.8786044232532422 0.03641932349757972
0.8704755626774794 0.037919147053575415
0.8621235414757333 0.03943675396983044
0.8535533905932737 0.0409703091842692
0.8447702723685334 0.0425167328618858
0.8357794774235092 0.04407177057172087
0.8265864214768883 0.04563011066249431
0.8171966420818224 0.047185540658817
0.8076157952903136 0.04873113350864945
0.7978496522462164 0.05025945403063268
0.7879040957089227 0.051762775905891054
0.7777851165098009 0.0532332999794055
0.7674988099435485 0.05466336541116062
0.7570513720966108 0.05604564626707332
0.746449096114892 0.057373327380513345
0.7356983684129987 0.05864025466540938
0.7248056648273034 0.05984105644673668
0.713777546715141 0.06097123372944393
0.7026206570024947 0.06202721860133223
0.691341716182545 0.06300640112166771
0.6799475182674938 0.06390712606154814
0.6684449266961098 0.06472866172254009
0.6568408701994456 0.06547114376502765
0.645142338627231 0.06613549753235742
0.6333563787374491 0.06672334277076783
0.6214900899516319 0.06723688492927628
0.6095506200784349 0.06767879738842246
0.5975451610080642 0.0680520990199059
0.5854809443801506 0.06836003142542182
0.5733652372276805 0.06860594004397776
0.5612053375996082 0.06879316305196513
0.54900857016478 0.06892493160774803
0.5367822817998334 0.06900428451206739
0.5245338371637088 0.0690339997698359
0.512270614261456 0.0690165448556509
0.4999999999999999 0.06895404671894025
0.4877293857385438 0.06884828173694046
0.475466162836291 0.06870068496419268
0.46321771820016633 0.06851237717229308
0.4509914298352198 0.06828420736480492
0.43879466240039156 0.06801680773379686
0.42663476277231926 0.06771065744031002
0.41451905561984914 0.06736615119123159
0.4024548389919357 0.06698366838222797
0.3904493799215649 0.06656363860259387
0.3785099100483679 0.0661065995617834
0.36664362126255073 0.06561324399251685
0.35485766137276875 0.06508445278933483
0.3431591298005543 0.06452131251655367
0.33155507330389 0.06392511641441533
0.320052481732506 0.06329734908488721
0.30865828381745486 0.06263965608050366
0.29737934299750524 0.06195380058048273
0.28622245328485874 0.061241610151048356
0.27519433517269654 0.06050491719288155
0.26430163158700104 0.059745497032572314
0.2535509038851079 0.05896500768867532
0.2429486279033891 0.05816493512819853
0.23250119005645137 0.05734654733903341
0.2222148834901989 0.05651085981185677
0.2120959042910774 0.0556586141043204
0.20215034775378343 0.05479027011937268
0.19238420470968637 0.053906011647580444
0.18280335791817703 0.05300576368455395
0.17341357852311146 0.052089219121852125
0.16422052257649067 0.05115587169804238
0.15522972763146647 0.05020505164694857
0.14644660940672616 0.04923596033454884
0.1378764585242665 0.048247700353537246
0.12952443732252045 0.047239298039227426
0.12139557674675777 0.04620971615083984
0.11349477331863145 0.045157855473136964
0.10582678618669683 0.04408254525952886
0.09839623425967753 0.04298252366886412
0.09120759342420814 0.04185641054537984
0.08426519384872727 0.04070267595485281
0.07757321737514639 0.03951960872656644
0.07113569499986394 0.03830528978092955
0.06495650444564427 0.03705757518759343
0.059039367825822475 0.03577409366550133
0.05338784940224234 0.03445226260031637
0.048005353438278275 0.03308932564228871
0.042895122148234655 0.03168241361440563
0.038060233744356575 0.030228628888415446
0.03350360058263052 0.028725151677835008
0.029227967408489597 0.027169364969281656
0.025235909703481607 0.025558993189366913
0.021529832133895532 0.02389224830417416
0.018111967102280024 0.02216797598074258
0.014984373402728013 0.02038579379411988
0.012148934980735715 0.018546213302051067
0.009607359798384785 0.01665073816328436
0.007361178805529334 0.01470193134128679
0.005411745017609493 0.012703445774330682
0.0037602327006450165 0.010660014633775462
0.0024076366639015356 0.008577399334554413
0.0013547716606548965 0.006462295682679749
0.0006022718974137975 0.00432220080711594
0.00015059065189787502 0.0021652456857390754
0.0 0.0
0.00015059065189787502 -0.0019527839589670633
0.0006022718974137975 -0.00389597828913874
0.0013547716606548965 -0.00581975834392265
0.0024076366639015356 -0.007714825165505012
0.0037602327006450165 -0.009572641080495017
0.005411745017609493 -0.01138563395441017
0.007361178805529334 -0.013147362131515539
0.009607359798384785 -0.01485263402844847
0.012148934980735715 -0.016497578567031167
0.014984373402728013 -0.01807966500193836
0.018111967102280024 -0.019597673093415553
0.021529832133895532 -0.021051616865249166
0.025235909703481607 -0.022442627252570537
0.029227967408489597 -0.023772800676409314
0.03350360058263052 -0.025045021896407907
0.038060233744356575 -0.026262770329388403
0.042895122148234655 -0.027429919347659287
0.048005353438278275 -0.028550537885146013
0.05338784940224234 -0.02962870300921761
0.059039367825822475 -0.030668331016383624
0.06495650444564427 -0.031673033159270385
0.07113569499986394 -0.03264600040718237
0.07757321737514639 -0.03358991979192026
0.08426519384872727 -0.03450692300836803
0.09120759342420814 -0.03539856613781153
0.09839623425967753 -0.036265837744428486
0.10582678618669683 -0.03710919125042112
0.11349477331863145 -0.0379285964913528
0.12139557674675777 -0.03872360473511727
0.12952443732252045 -0.03949342123432834
0.1378764585242665 -0.040236979565010836
0.14644660940672616 -0.040953012551258015
0.15522972763146647 -0.041640115430498795
0.16422052257649067 -0.04229679800346356
0.17341357852311146 -0.04292152375022539
0.18280335791817703 -0.04351273518539325
0.19238420470968637 -0.04406886597783578
0.20215034775378343 -0.04458834148537513
0.2120959042910774 -0.04506957027665928
0.2222148834901989 -0.045510929871606806
0.23250119005645137 -0.04591075028958579
0.2429486279033891 -0.04626729903480319
0.2535509038851079 -0.046578770878626295
0.26430163158700104 -0.046843285248671415
0.27519433517269654 -0.047058893254441715
0.28622245328485874 -0.04722359543522913
0.29737934299750524 -0.047335370285316945
0.30865828381745486 -0.04739221257716204
0.320052481732506 -0.04739217954763176
0.33155507330389 -0.04733344221144283
0.3431591298005543 -0.047214338483639505
0.35485766137276875 -0.047033424476546445
0.36664362126255073 -0.04678952031337036
0.3785099100483679 -0.04648174707563029
0.3904493799215649 -0.04610955205748469
0.4024548389919357 -0.045672720298055115
0.41451905561984914 -0.04517137134564606
0.42663476277231926 -0.04460594130337693
0.43879466240039156 -0.04397715133278645
0.4509914298352198 -0.04328596486545049
0.46321771820016633 -0.04253353671016015
0.475466162836291 -0.04172115797090874
0.4877293857385438 -0.04085020114910831
0.4999999999999999 -0.039922069950966914
0.512270614261456 -0.03893815813857513
0.5245338371637088 -0.03789982125534594
0.5367822817998334 -0.0368083642510992
0.54900857016478 -0.03566504697943991
0.5612053375996082 -0.03447110830917679
0.5733652372276805 -0.03322780826567777
0.5854809443801506 -0.031936486289155616
0.5975451610080642 -0.0305986324590217
0.6095506200784349 -0.029215967476269318
0.6214900899516319 -0.02779052639809704
0.6333563787374491 -0.026324740642679686
0.645142338627231 -0.024821512667764386
0.6568408701994456 -0.023284277990525303
0.6684449266961098 -0.02171704984745024
0.6799475182674938 -0.020124442755463767
0.691341716182545 -0.01851167246848032
0.7026206570024947 -0.016884531246345147
0.713777546715141 -0.015249338869918048
0.7248056648273034 -0.013612871342629505
0.7356983684129987 -0.01198227060957267
0.746449096114892 -0.01036493980056704
0.7570513720966108 -0.008768429377299316
0.7674988099435485 -0.0072003200698801655
0.7777851165098009 -0.005668108582929801
0.7879040957089227 -0.004179101721842906
0.7978496522462164 -0.002740323852290596
0.8076157952903136 -0.0013584415058539338
0.8171966420818224 -3.970755450957513e-05
0.8265864214768883 0.0012100742083845067
0.8357794774235092 0.002385564911289306
0.8447702723685334 0.0034818893334486525
0.8535533905932737 0.0044946214529662295
0.8621235414757333 0.005419761945907533
0.8704755626774794 0.006253713595270171
0.8786044232532422 0.006993260948559359
0.8865052266813687 0.0076355604490624274
0.894173213813303 0.008178146645247365
0.9016037657403225 0.008618958976507957
0.9087924065757916 0.008956392097855648
0.9157348061512727 0.00918937082916667
0.9224267826248536 0.009317448711285077
0.928864305000136 0.0093409269568831
0.9350434955543556 0.009260988445473175
0.9409606321741775 0.009079839478730499
0.9466121505977576 0.008800850426283039
0.9519946465617215 0.008428685278350834
0.9571048778517655 0.007969409579391814
0.9619397662556433 0.007430566312649515
0.9664963994173694 0.006821210067411264
0.9707720325915102 0.006151891235945648
0.9747640902965183 0.005434584001037449
0.9784701678661044 0.0046825543940908956
0.98188803289772 0.003910167599800802
0.985015626597272 0.0031326368009712627
0.9878510650192642 0.0023657190224006482
0.9903926402016152 0.0016253664640166997
0.9926388211944706 0.0009273445317121015
0.9945882549823906 0.0002868300145778993
0.9962397672993549 -0.0002819955213761963
0.9975923633360985 -0.0007663411581206611
0.9986452283393451 -0.0011551748036036722
0.9993977281025862 -0.0014395487737570828
0.9998494093481021 -0.0016128689390907916
1.0 -0.0016710958298352878
