1.0 0.001566547315893434
0.9998494093481021 0.0016532193651141978
0.9993977281025862 0.0019117410165977327
0.9986452283393451 0.0023376844038362726
0.9975923633360985 0.0029238525719150876
0.9962397672993549 0.0036605448017636524
0.9945882549823906 0.00453591072280908
0.9926388211944706 0.005536376960239638
0.9903926402016152 0.006647126902915442
0.9878510650192642 0.007852612013147872
0.985015626597272 0.009137072029732907
0.98188803289772 0.01048504147943453
0.9784701678661044 0.011881821085842645
0.9747640902965183 0.013313894864518479
0.9707720325915102 0.014769276781824155
0.9664963994173694 0.016237774648971155
0.9619397662556433 0.017711163206145537
0.9571048778517655 0.01918326288716136
0.9519946465617215 0.02064992529969753
0.9466121505977576 0.02210893077416551
0.9409606321741775 0.023559807210893464
0.9350434955543556 0.025003582708125298
0.928864305000136 0.026442486941384305
0.9224267826248536 0.027879617894873514
0.9157348061512727 0.02931859127569172
0.9087924065757916 0.030763189780712314
0.9016037657403225 0.03221702839103664
0.894173213813303 0.03368325013931456
0.8865052266813687 0.03516426446449471
0.8786044232532422 0.03666153749491515
0.8704755626774794 0.03817544055621389
0.8621235414757333 0.03970516006067421
0.8535533905932737 0.04124866886742084
0.8447702723685334 0.04280275636006224
0.8357794774235092 0.044363111997582784
0.8265864214768883 0.04592445505359944
0.8171966420818224 0.04748070173366016
0.8076157952903136 0.04902515988131855
0.7978496522462164 0.05055074104980008
0.7879040957089227 0.05205017979617222
0.7777851165098009 0.05351625059327089
0.7674988099435485 0.05494197367653916
0.7570513720966108 0.05632080236141979
0.746449096114892 0.057646785789290014
0.7356983684129987 0.05891470259407678
0.7248056648273034 0.060120162541693146
0.713777546715141 0.061259674704953616
0.7026206570024947 0.06233068213603155
0.691341716182545 0.06333156424066262
0.6799475182674938 0.06426160911285841
0.6684449266961098 0.06512095894053703
0.6568408701994456 0.06591053223897679
0.645142338627231 0.06663192711862474
0.6333563787374491 0.06728731006233522
0.6214900899516319 0.06787929479478932
0.6095506200784349 0.06841081579545129
0.5975451610080642 0.06888500085697186
0.5854809443801506 0.06930504684196674
0.5733652372276805 0.06967410245766921
0.5612053375996082 0.06999516146155754
0.54900857016478 0.0702709692401065
0.5367822817998334 0.07050394517376285
0.5245338371637088 0.07069612262006664
0.512270614261456 0.07084910772060865
0.4999999999999999 0.07096405757594665
0.4877293857385438 0.07104167764919232
0.475466162836291 0.07108223757170817
0.46321771820016633 0.07108560385568115
0.4509914298352198 0.07105128739457196
0.43879466240039156 0.07097850308236794
0.42663476277231926 0.07086623843556873
0.41451905561984914 0.07071332778553477
0.4024548389919357 0.070518528446575
0.3904493799215649 0.07028059527354051
0.3785099100483679 0.06999835020939123
0.36664362126255073 0.06967074378533254
0.35485766137276875 0.06929690605936785
0.3431591298005543 0.06887618513776309
0.33155507330389 0.06840817218180993
0.320052481732506 0.06789271261472692
0.30865828381745486 0.06732990406010375
0.29737934299750524 0.06672008231115746
0.28622245328485874 0.06606379729787003
0.27519433517269654 0.06536178154082431
0.26430163158700104 0.06461491391932489
0.2535509038851079 0.06382418171253135
0.2429486279033891 0.06299064378577682
0.23250119005645137 0.06211539749588239
0.2222148834901989 0.06119955140101357
0.2120959042910774 0.060244205219276314
0.20215034775378343 0.05925043773516396
0.19238420470968637 0.05821930256260105
0.18280335791817703 0.05715183090097209
0.17341357852311146 0.05604903972949134
0.16422052257649067 0.054911943333969204
0.15522972763146647 0.0537415656971682
0.14644660940672616 0.05253895114446119
0.1378764585242665 0.05130517073834706
0.12952443732252045 0.05004132225757465
0.12139557674675777 0.04874852215876883
0.11349477331863145 0.04742788866167396
0.10582678618669683 0.04608051596857742
0.09839623425967753 0.04470744055709104
0.09120759342420814 0.04330960139882807
0.08426519384872727 0.041887796778427897
0.07757321737514639 0.040442641045733564
0.07113569499986394 0.038974525066439135
0.06495650444564427 0.03748358429589045
0.059039367825822475 0.035969678258757264
0.05338784940224234 0.03443238476775745
0.048005353438278275 0.03287101147441325
0.042895122148234655 0.031284626353525365
0.038060233744356575 0.02967210754066249
0.03350360058263052 0.02803221164509967
0.029227967408489597 0.026363658337371757
0.025235909703481607 0.02466522775431777
0.021529832133895532 0.022935866167192783
0.018111967102280024 0.021174794503997674
0.014984373402728013 0.019381613775104778
0.012148934980735715 0.017556401271212416
0.009607359798384785 0.015699791610493712
0.007361178805529334 0.013813037307119424
0.005411745017609493 0.01189804448899584
0.0037602327006450165 0.009957380656019954
0.0024076366639015356 0.007994252866748748
0.0013547716606548965 0.006012456379113913
0.0006022718974137975 0.004016295446573633
0.00015059065189787502 0.00201047957763572
0.0 0.0
0.00015059065189787502 -0.001725580367511978
0.0006022718974137975 -0.0034431304762698074
0.0013547716606548965 -0.005144406547867876
0.0024076366639015356 -0.006821670024604714
0.0037602327006450165 -0.008467911805338938
0.005411745017609493 -0.010077043955581016
0.007361178805529334 -0.01164405076849897
0.009607359798384785 -0.013165093180161722
0.012148934980735715 -0.014637562960767816
0.014984373402728013 -0.016060085675616658
0.018111967102280024 -0.017432473989321927
0.021529832133895532 -0.01875563532947289
0.025235909703481607 -0.020031440096552142
0.029227967408489597 -0.021262558388073283
0.03350360058263052 -0.022452274503777046
0.038060233744356575 -0.023604289252321293
0.042895122148234655 -0.024722520258414833
0.048005353438278275 -0.02581091007751924
0.05338784940224234 -0.026873251001528806
0.059039367825822475 -0.02791303405253121
0.06495650444564427 -0.028933327908219942
0.07113569499986394 -0.02993669149692321
0.07757321737514639 -0.030925121870012978
0.08426519384872727 -0.031900036836370084
0.09120759342420814 -0.03286228985530225
0.09839623425967753 -0.03381221294666818
0.10582678618669683 -0.03474968198692871
0.11349477331863145 -0.03567419778988368
0.12139557674675777 -0.03658497586489998
0.12952443732252045 -0.03748103771676808
0.1378764585242665 -0.03836129698246341
0.14644660940672616 -0.03922463454464567
0.15522972763146647 -0.040069957948095626
0.16422052257649067 -0.040896241881921355
0.17341357852311146 -0.04170254807221831
0.18280335791817703 -0.04248802454563982
0.19238420470968637 -0.04325188576396428
0.20215034775378343 -0.043993376491685506
0.2120959042910774 -0.04471172335645531
0.2222148834901989 -0.0454060788299748
0.23250119005645137 -0.04607546275328086
0.2429486279033891 -0.046718706540717525
0.2535509038851079 -0.04733440483378886
0.26430163158700104 -0.0479208786778742
0.27519433517269654 -0.048476153322296184
0.28622245328485874 -0.04899795257616919
0.29737934299750524 -0.04948371037954251
0.30865828381745486 -0.049930598967726586
0.320052481732506 -0.050335571811029274
0.33155507330389 -0.050695418488950594
0.3431591298005543 -0.051006827879514445
0.35485766137276875 -0.051266455563978984
0.36664362126255073 -0.051470991195039846
0.3785099100483679 -0.051617221758471894
0.3904493799215649 -0.0517020871547258
0.4024548389919357 -0.05172272529579504
0.41451905561984914 -0.051676504891158014
0.42663476277231926 -0.0515610452068737
0.43879466240039156 -0.05137422323646669
0.4509914298352198 -0.05111416983040267
0.46321771820016633 -0.050779257305557615
0.475466162836291 -0.05036808181986052
0.4877293857385438 -0.04987944428861087
0.4999999999999999 -0.04931233379643552
0.512270614261456 -0.04866591730446317
0.5245338371637088 -0.04793953897294968
0.5367822817998334 -0.047132731646786434
0.54900857016478 -0.0462452420391037
0.5612053375996082 -0.04527706996939136
0.5733652372276805 -0.044228520753777464
0.5854809443801506 -0.04310026860045969
0.5975451610080642 -0.04189342772772108
0.6095506200784349 -0.040609626984290964
0.6214900899516319 -0.039251083088195325
0.6333563787374491 -0.037820667268386086
0.645142338627231 -0.03632196012812027
0.6568408701994456 -0.03475928995914384
0.6684449266961098 -0.033137750503029535
0.6799475182674938 -0.03146319523603122
0.691341716182545 -0.029742206578387026
0.7026206570024947 -0.027982039910665855
0.713777546715141 -0.026190543817556672
0.7248056648273034 -0.024376059465904536
0.7356983684129987 -0.022547303352131638
0.746449096114892 -0.02071323872628692
0.7570513720966108 -0.018882941733283407
0.7674988099435485 -0.017065468645722396
0.7777851165098009 -0.015269730463048714
0.7879040957089227 -0.013504380614363062
0.7978496522462164 -0.011777720553610602
0.8076157952903136 -0.01009762673242779
0.8171966420818224 -0.008471500860713365
0.8265864214768883 -0.006906243622648767
0.8357794774235092 -0.005408250226103152
0.8447702723685334 -0.0039834244528613606
0.8535533905932737 -0.002637206371300875
0.8621235414757333 -0.0013746076872722282
0.8704755626774794 -0.00020024794002094842
0.8786044232532422 0.0008816155304397532
0.8865052266813687 0.001867070669616371
0.894173213813303 0.002752552890604342
0.9016037657403225 0.0035348711072698295
0.9087924065757916 0.00421126064937735
0.9157348061512727 0.00477946402651779
0.9224267826248536 0.005237838229061
0.928864305000136 0.005585484905168555
0.9350434955543556 0.0058223974876165305
0.9409606321741775 0.005949617317925282
0.9466121505977576 0.0059693891737954185
0.9519946465617215 0.005885305475760671
0.9571048778517655 0.0057024279291721415
0.9619397662556433 0.005427375512115301
0.9664963994173694 0.005068368572664651
0.9707720325915102 0.004635220331435861
0.9747640902965183 0.00413926923652155
0.9784701678661044 0.0035932482864834267
0.98188803289772 0.0030110904872898605
0.985015626597272 0.0024076728779019612
0.9878510650192642 0.0017985048656943249
0.9903926402016152 0.0011993697688463356
0.9926388211944706 0.0006259312839872236
0.9945882549823906 9.331891455821757e-05
0.9962397672993549 -0.00038429193509578025
0.9975923633360985 -0.000794088582168456
0.9986452283393451 -0.0011250016984387721
0.9993977281025862 -0.0013680420060315683
0.9998494093481021 -0.0015165786661027255
1.0 -0.001566547315893434
