1.0 0.0016760450381323603
0.9998494093481021 0.0017489185180240008
0.9993977281025862 0.0019661007230874603
0.9986452283393451 0.002323331907093807
0.9975923633360985 0.0028136931187983526
0.9962397672993549 0.003427868294334561
0.9945882549823906 0.004154493973623917
0.9926388211944706 0.004980580518712102
0.9903926402016152 0.005891985592742075
0.9878510650192642 0.006873918534615589
0.985015626597272 0.007911453233751196
0.98188803289772 0.008990027207397567
0.9784701678661044 0.010095905782384455
0.9747640902965183 0.011216592496452729
0.9707720325915102 0.012341169919890762
0.9664963994173694 0.013460558870115994
0.9619397662556433 0.014567688231483996
0.9571048778517655 0.01565757206238284
0.9519946465617215 0.016727295129362645
0.9466121505977576 0.017775912220990814
0.9409606321741775 0.01880427035241325
0.9350434955543556 0.019814766099345616
0.928864305000136 0.020811052664405492
0.9224267826248536 0.021797712794948156
0.9157348061512727 0.022779914306792205
0.9087924065757916 0.023763064739892197
0.9016037657403225 0.02475248064444148
0.894173213813303 0.025753085273749563
0.8865052266813687 0.026769146179984243
0.8786044232532422 0.02780406152866132
0.8704755626774794 0.028860201036627314
0.8621235414757333 0.02993880446535723
0.8535533905932737 0.031039937725808972
0.8447702723685334 0.03216250401330285
0.8357794774235092 0.03330430510581004
0.8265864214768883 0.0344621461112886
0.8171966420818224 0.03563197559137182
0.8076157952903136 0.036809052139288916
0.7978496522462164 0.03798812813845162
0.7879040957089227 0.03916364153727543
0.7777851165098009 0.040329906987025814
0.7674988099435485 0.04148129852937505
0.7570513720966108 0.04261241710720878
0.746449096114892 0.04371823742229764
0.7356983684129987 0.04479422999678088
0.7248056648273034 0.04583645564039383
0.713777546715141 0.04684163082219914
0.7026206570024947 0.047807163648150186
0.691341716182545 0.048731161222259636
0.6799475182674938 0.04961241010104402
0.6684449266961098 0.050450332331426935
0.6568408701994456 0.051244920193525376
0.645142338627231 0.05199665325973205
0.6333563787374491 0.05270640174110252
0.6214900899516319 0.05337532033215568
0.6095506200784349 0.05400473689456655
0.5975451610080642 0.05459604034411114
0.5854809443801506 0.055150572024871884
0.5733652372276805 0.05566952466785308
0.5612053375996082 0.056153852733284736
0.54900857016478 0.056604197522202644
0.5367822817998334 0.05702082991061095
0.5245338371637088 0.05740361291032949
0.512270614261456 0.05775198550280051
0.4999999999999999 0.058064968342262505
0.4877293857385438 0.058341191008541106
0.475466162836291 0.05857893954208984
0.46321771820016633 0.05877622205764222
0.4509914298352198 0.05893084935654612
0.43879466240039156 0.05904052669297887
0.42663476277231926 0.059102952246320506
0.41451905561984914 0.059115917456548386
0.4024548389919357 0.059077404228073546
0.3904493799215649 0.05898567412361855
0.3785099100483679 0.05883934506132963
0.36664362126255073 0.058637451685299984
0.35485766137276875 0.058379486473504334
0.3431591298005543 0.05806541973150141
0.33155507330389 0.05769569783327396
0.320052481732506 0.05727122033841004
0.30865828381745486 0.05679329785641952
0.29737934299750524 0.056263593661606166
0.28622245328485874 0.05568405300722622
0.27519433517269654 0.055056824777631796
0.26430163158700104 0.05438418049949241
0.2535509038851079 0.0536684357760814
0.2429486279033891 0.05291187890350318
0.23250119005645137 0.052116710791036414
0.2222148834901989 0.05128499938042147
0.2120959042910774 0.05041865060416692
0.20215034775378343 0.04951939662227519
0.19238420470968637 0.04858880072439523
0.18280335791817703 0.047628276980496945
0.17341357852311146 0.04663912156657611
0.16422052257649067 0.04562255177266491
0.15522972763146647 0.04457974809268128
0.14644660940672616 0.04351189455170476
0.1378764585242665 0.04242021257199595
0.12952443732252045 0.04130598421135162
0.12139557674675777 0.04017056149353966
0.11349477331863145 0.03901535973011044
0.10582678618669683 0.03784183412142901
0.09839623425967753 0.036651440419756764
0.09120759342420814 0.03544558192521182
0.08426519384872727 0.034225546450474445
0.07757321737514639 0.03299243802230144
0.07113569499986394 0.03174710889191862
0.06495650444564427 0.03049009782888373
0.059039367825822475 0.029221580628826238
0.05338784940224234 0.027941338261513435
0.048005353438278275 0.02664874714279908
0.042895122148234655 0.02534279468618882
0.038060233744356575 0.02402212166097265
0.03350360058263052 0.022685091062563046
0.029227967408489597 0.021329881312323197
0.025235909703481607 0.01995459978250956
0.021529832133895532 0.018557411019402045
0.018111967102280024 0.017136672735697935
0.014984373402728013 0.01569107176328935
0.012148934980735715 0.014219751773450865
0.009607359798384785 0.01272242472361591
0.007361178805529334 0.011199458681784038
0.005411745017609493 0.009651935876932874
0.0037602327006450165 0.008081676456492298
0.0024076366639015356 0.006491225398526266
0.0013547716606548965 0.004883802200710962
0.0006022718974137975 0.0032632152085002265
0.00015059065189787502 0.0016337446028923592
0.0 0.0
0.00015059065189787502 -0.001899047341288889
0.0006022718974137975 -0.003791366466026294
0.0013547716606548965 -0.005669926641524443
0.0024076366639015356 -0.007528093206534595
0.0037602327006450165 -0.00935980423867305
0.005411745017609493 -0.011159722626484703
0.007361178805529334 -0.012923357322886568
0.009607359798384785 -0.01464714910752562
0.012148934980735715 -0.016328517956014803
0.014984373402728013 -0.01796587100658408
0.018111967102280024 -0.019558572025863055
0.021529832133895532 -0.021106875101675863
0.025235909703481607 -0.02261182693410843
0.029227967408489597 -0.02407514347041598
0.03350360058263052 -0.025499067664605628
0.038060233744356575 -0.026886215789056377
0.042895122148234655 -0.028239419956542066
0.048005353438278275 -0.0295615743239742
0.05338784940224234 -0.030855491865656837
0.059039367825822475 -0.03212377766797489
0.06495650444564427 -0.03336872347298446
0.07113569499986394 -0.03459222676469771
0.07757321737514639 -0.035795736138937134
0.08426519384872727 -0.03698022312052062
0.09120759342420814 -0.03814617908452209
0.09839623425967753 -0.03929363458924984
0.10582678618669683 -0.04042219731346836
0.11349477331863145 -0.04153110396908957
0.12139557674675777 -0.04261928107323082
0.12952443732252045 -0.04368540932845459
0.1378764585242665 -0.044727986572795246
0.14644660940672616 -0.045745384795452614
0.15522972763146647 -0.046735897523420424
0.16422052257649067 -0.047697774905777195
0.17341357852311146 -0.04862924498049193
0.18280335791817703 -0.04952852082073309
0.19238420470968637 -0.05039379443941936
0.20215034775378343 -0.05122321940157071
0.2120959042910774 -0.0520148849825074
0.2222148834901989 -0.052766785358503154
0.23250119005645137 -0.053476787685010095
0.2429486279033891 -0.05414260298596035
0.2535509038851079 -0.05476176354696651
0.26430163158700104 -0.05533160999746232
0.27519433517269654 -0.055849290523094224
0.28622245328485874 -0.056311773727341106
0.29737934299750524 -0.056715875629854064
0.30865828381745486 -0.057058300224993516
0.320052481732506 -0.05733569200588977
0.33155507330389 -0.057544697961682593
0.3431591298005543 -0.0576820358439957
0.35485766137276875 -0.0577445650250529
0.36664362126255073 -0.05772935606865836
0.3785099100483679 -0.05763375522116243
0.3904493799215649 -0.05745544039618169
0.4024548389919357 -0.057192465847317873
0.41451905561984914 -0.05684329355177715
0.42663476277231926 -0.05640681030345302
0.43879466240039156 -0.05588233056433777
0.4509914298352198 -0.05526958616966627
0.46321771820016633 -0.0545687049462111
0.475466162836291 -0.053780181111231666
0.4877293857385438 -0.05290484090911468
0.4999999999999999 -0.051943807266585436
0.512270614261456 -0.05089846727751755
0.5245338371637088 -0.0497704460582536
0.5367822817998334 -0.04856158995965124
0.54900857016478 -0.0472739613199019
0.5612053375996082 -0.045909845948709574
0.5733652372276805 -0.044471773420125434
0.5854809443801506 -0.042962549099964484
0.5975451610080642 -0.04138529573055295
0.6095506200784349 -0.039743501425070056
0.6214900899516319 -0.038041070162499226
0.6333563787374491 -0.036282370384930526
0.645142338627231 -0.03447227712573475
0.6568408701994456 -0.03261620326168429
0.6684449266961098 -0.030720115981688445
0.6799475182674938 -0.028790535371855063
0.691341716182545 -0.026834513080047178
0.7026206570024947 -0.024859590271621712
0.713777546715141 -0.022873735434642935
0.7248056648273034 -0.020885263940904404
0.7356983684129987 -0.018902742519005526
0.746449096114892 -0.016934882852282965
0.7570513720966108 -0.014990429293687591
0.7674988099435485 -0.013078046125668687
0.7777851165098009 -0.011206209842874395
0.7879040957089227 -0.009383111583105307
0.7978496522462164 -0.007616574090601379
0.8076157952903136 -0.005913986507551788
0.8171966420818224 -0.004282258923812321
0.8265864214768883 -0.002727797063183296
0.8357794774235092 -0.0012564958563610984
0.8447702723685334 0.0001262509352298756
0.8535533905932737 0.0014155293033400488
0.8621235414757333 0.002606877188964993
0.8704755626774794 0.003696256464972087
0.8786044232532422 0.004680031197571351
0.8865052266813687 0.005554958497424729
0.894173213813303 0.00631819757624631
0.9016037657403225 0.006967341437862328
0.9087924065757916 0.007500474010834033
0.9157348061512727 0.007916253562804357
0.9224267826248536 0.008214021042683001
0.928864305000136 0.008393929714803126
0.9350434955543556 0.008457090231023482
0.9409606321741775 0.008405723287122914
0.9466121505977576 0.008243310376190973
0.9519946465617215 0.007974732014262522
0.9571048778517655 0.0076063822759515854
0.9619397662556433 0.007146248609957431
0.9664963994173694 0.006603946735870503
0.9707720325915102 0.005990701941449944
0.9747640902965183 0.00531927024658753
0.9784701678661044 0.004603795578244179
0.98188803289772 0.003859602175014511
0.985015626597272 0.003102924746878802
0.9878510650192642 0.0023505822717143463
0.9903926402016152 0.0016196045230507388
0.9926388211944706 0.0009268233039656569
0.9945882549823906 0.00028844273501196197
0.9962397672993549 -0.0002803953398385266
0.9975923633360985 -0.0007660338205686256
0.9986452283393451 -0.001156693581878412
0.9993977281025862 -0.0014428211241222866
0.9998494093481021 -0.0016173759108367247
1.0 -0.0016760450381323603
