1.0 0.0014612397910988492
0.9998494093481021 0.0015370977493762638
0.9993977281025862 0.0017632713689577496
0.9986452283393451 0.00213561420804518
0.9975923633360985 0.0026473940440174407
0.9962397672993549 0.0032895517982674235
0.9945882549823906 0.004051046820350824
0.9926388211944706 0.004919272414389265
0.9903926402016152 0.005880522376852162
0.9878510650192642 0.006920487199602786
0.985015626597272 0.008024757573600843
0.98188803289772 0.009179312943202182
0.9784701678661044 0.010370974081726304
0.9747640902965183 0.011587800898560128
0.9707720325915102 0.01281941980491318
0.9664963994173694 0.014057268772909373
0.9619397662556433 0.015294752501397842
0.9571048778517655 0.016527304612576257
0.9519946465617215 0.01775235830201694
0.9466121505977576 0.018969231115841964
0.9409606321741775 0.020178933319917682
0.9350434955543556 0.02138391247816031
0.928864305000136 0.022587749234397974
0.9224267826248536 0.023794820807628028
0.9157348061512727 0.025009949328620936
0.9087924065757916 0.026238051882618928
0.9016037657403225 0.027483808042082614
0.894173213813303 0.028751358880236423
0.8865052266813687 0.030044049088691346
0.8786044232532422 0.03136422104173299
0.8704755626774794 0.03271306662899202
0.8621235414757333 0.03409053959129104
0.8535533905932737 0.0354953281063052
0.8447702723685334 0.03692488462783336
0.8357794774235092 0.03837550760591747
0.8265864214768883 0.039842467795106175
0.8171966420818224 0.041320170451766454
0.8076157952903136 0.04280234385166873
0.7978496522462164 0.04428224421730831
0.7879040957089227 0.04575286729356719
0.7777851165098009 0.04720715739037332
0.7674988099435485 0.04863820564519481
0.7570513720966108 0.050039430459706886
0.746449096114892 0.05140473444349441
0.7356983684129987 0.05272863366561708
0.7248056648273034 0.0540063564924588
0.713777546715141 0.055233910709462264
0.7026206570024947 0.056408118931309426
0.691341716182545 0.05752662346138314
0.6799475182674938 0.05858786274350502
0.6684449266961098 0.05959102234713851
0.6568408701994456 0.06053596404285497
0.645142338627231 0.0614231369675368
0.6333563787374491 0.062253475163376336
0.6214900899516319 0.06302828591818196
0.6095506200784349 0.06374913335337709
0.5975451610080642 0.06441772161457301
0.5854809443801506 0.06503578182848062
0.5733652372276805 0.06560496670628993
0.5612053375996082 0.06612675630149972
0.54900857016478 0.06660237797171986
0.5367822817998334 0.06703274305133824
0.5245338371637088 0.06741840211921046
0.512270614261456 0.06775952005059922
0.4999999999999999 0.06805587128881244
0.4877293857385438 0.06830685497916777
0.475466162836291 0.06851152880258163
0.46321771820016633 0.06866865956092325
0.4509914298352198 0.0687767878386687
0.43879466240039156 0.06883430343515509
0.42663476277231926 0.06883952776829111
0.41451905561984914 0.06879079912967513
0.4024548389919357 0.06868655655144644
0.3904493799215649 0.06852541814548659
0.3785099100483679 0.0683062501017322
0.36664362126255073 0.06802822307588777
0.35485766137276875 0.06769085343414157
0.3431591298005543 0.06729402771540989
0.33155507330389 0.06683800966910783
0.320052481732506 0.06632343026747826
0.30865828381745486 0.06575126210907957
0.29737934299750524 0.06512278055571115
0.28622245328485874 0.06443951471407446
0.27519433517269654 0.0637031919297293
0.26430163158700104 0.06291567976160285
0.2535509038851079 0.062078929424765505
0.2429486279033891 0.0611949244214752
0.23250119005645137 0.06026563754072463
0.2222148834901989 0.059292998630483804
0.2120959042910774 0.05827887458904191
0.20215034775378343 0.05722506195208277
0.19238420470968637 0.05613329135062287
0.18280335791817703 0.05500524206660491
0.17341357852311146 0.05384256400102272
0.16422052257649067 0.052646903669111525
0.15522972763146647 0.05141993040935359
0.14644660940672616 0.05016335887957657
0.1378764585242665 0.04887896413286687
0.12952443732252045 0.047568586111744464
0.12139557674675777 0.04623412123882988
0.11349477331863145 0.04487749985994832
0.10582678618669683 0.04350064953475195
0.09839623425967753 0.04210544547881717
0.09120759342420814 0.04069365073942587
0.08426519384872727 0.03926684983321448
0.07757321737514639 0.03782638049226445
0.07113569499986394 0.036373268774479446
0.06495650444564427 0.03490817303306507
0.059039367825822475 0.03343134207296998
0.05338784940224234 0.03194259224266675
0.048005353438278275 0.03044130724143548
0.042895122148234655 0.028926463118685984
0.038060233744356575 0.02739667938260311
0.03350360058263052 0.025850295421680228
0.029227967408489597 0.0242854696902351
0.025235909703481607 0.022700297440052447
0.021529832133895532 0.021092941315011406
0.018111967102280024 0.019461767973244868
0.014984373402728013 0.017805483152439742
0.012148934980735715 0.016123257312919782
0.009607359798384785 0.01441483421383145
0.007361178805529334 0.012680615499812588
0.005411745017609493 0.010921715564177363
0.0037602327006450165 0.009139982542395762
0.0024076366639015356 0.007337983180524303
0.0013547716606548965 0.005518951399071707
0.0006022718974137975 0.003686702501124518
0.00015059065189787502 0.0018455170167249572
0.0 0.0
0.00015059065189787502 -0.001571643407017263
0.0006022718974137975 -0.003137486698635352
0.0013547716606548965 -0.004691488211129039
0.0024076366639015356 -0.006227994352034237
0.0037602327006450165 -0.007741911030548037
0.005411745017609493 -0.009228849162423223
0.007361178805529334 -0.010685237790315017
0.009607359798384785 -0.012108400069284932
0.012148934980735715 -0.013496589311757984
0.014984373402728013 -0.014848984356148339
0.018111967102280024 -0.01616564560170676
0.021529832133895532 -0.017447435022511133
0.025235909703481607 -0.018695905226898735
0.029227967408489597 -0.019913164069790764
0.03350360058263052 -0.021101722378313672
0.038060233744356575 -0.022264332963532814
0.042895122148234655 -0.023403829237095962
0.048005353438278275 -0.02452297143298171
0.05338784940224234 -0.025624307680474
0.059039367825822475 -0.02671005603923915
0.06495650444564427 -0.027782012166826634
0.07113569499986394 -0.02884148563559553
0.07757321737514639 -0.02988926615334059
0.08426519384872727 -0.030925619177464538
0.09120759342420814 -0.03195030875181741
0.09839623425967753 -0.032962643934957396
0.10582678618669683 -0.033961544010671654
0.11349477331863145 -0.03494561683882912
0.12139557674675777 -0.035913244256760665
0.12952443732252045 -0.036862668393087605
0.1378764585242665 -0.037792073096482526
0.14644660940672616 -0.03869965537615754
0.15522972763146647 -0.03958368274222902
0.16422052257649067 -0.04044253354823354
0.17341357852311146 -0.04127471878825571
0.18280335791817703 -0.042078885194082455
0.19238420470968637 -0.04285380081987307
0.20215034775378343 -0.043598325505168505
0.2120959042910774 -0.04431136959528291
0.2222148834901989 -0.04499184501120691
0.23250119005645137 -0.04563861315914057
0.2429486279033891 -0.046250434235121256
0.2535509038851079 -0.046825922218553764
0.26430163158700104 -0.047363509287877525
0.27519433517269654 -0.047861422580358026
0.28622245328485874 -0.04831767522082202
0.29737934299750524 -0.04873007243763785
0.30865828381745486 -0.04909623245122929
0.320052481732506 -0.04941362074418772
0.33155507330389 -0.049679595380424824
0.3431591298005543 -0.04989146030069445
0.35485766137276875 -0.050046523034522845
0.36664362126255073 -0.05014215306631692
0.3785099100483679 -0.05017583718704299
0.3904493799215649 -0.05014522854126869
0.4024548389919357 -0.050048186710325245
0.41451905561984914 -0.04988280700495162
0.42663476277231926 -0.04964743810913119
0.43879466240039156 -0.0493406882448744
0.4509914298352198 -0.0489614210347756
0.46321771820016633 -0.04850874314595038
0.475466162836291 -0.0479819865332665
0.4877293857385438 -0.047380688602007434
0.4999999999999999 -0.0467045738376861
0.512270614261456 -0.04595354038148177
0.5245338371637088 -0.0451276546637646
0.5367822817998334 -0.0442271565679951
0.54900857016478 -0.04325247672670561
0.5612053375996082 -0.04220426651231657
0.5733652372276805 -0.04108344015422482
0.5854809443801506 -0.039891227274563026
0.5975451610080642 -0.03862923307545035
0.6095506200784349 -0.03729950251378754
0.6214900899516319 -0.03590458413903345
0.6333563787374491 -0.03444758890261576
0.645142338627231 -0.032932239212162574
0.6568408701994456 -0.031362903813636635
0.6684449266961098 -0.029744614728723612
0.6799475182674938 -0.028083063417638995
0.691341716182545 -0.026384574520147433
0.7026206570024947 -0.0246560568720893
0.713777546715141 -0.022904932909030593
0.7248056648273034 -0.021139048952922724
0.7356983684129987 -0.019366570131136088
0.746449096114892 -0.017595864705583327
0.7570513720966108 -0.015835383311848514
0.7674988099435485 -0.014093538962825721
0.7777851165098009 -0.012378593621400072
0.7879040957089227 -0.010698556683139519
0.7978496522462164 -0.009061099853202996
0.8076157952903136 -0.007473491700999641
0.8171966420818224 -0.005942553707201605
0.8265864214768883 -0.00447463797799715
0.8357794774235092 -0.003075625104199277
0.8447702723685334 -0.0017509390094628916
0.8535533905932737 -0.0005055741839976169
0.8621235414757333 0.0006558704490829275
0.8704755626774794 0.0017291575416714818
0.8786044232532422 0.002710383995826154
0.8865052266813687 0.0035959668742790458
0.894173213813303 0.004382648369203156
0.9016037657403225 0.0050675244129011095
0.9087924065757916 0.005648099842099876
0.9157348061512727 0.006122371016352964
0.9224267826248536 0.006488934561261869
0.928864305000136 0.00674711859945573
0.9350434955543556 0.006897130598498269
0.9409606321741775 0.00694021395889133
0.9466121505977576 0.006878803832611305
0.9519946465617215 0.006716671530631502
0.9571048778517655 0.006459046347251224
0.9619397662556433 0.006112703766135613
0.9664963994173694 0.0056860098445543255
0.9707720325915102 0.005188913082667702
0.9747640902965183 0.004632877215312077
0.9784701678661044 0.004030751015683823
0.98188803289772 0.0033965742393739
0.985015626597272 0.0027453221011859634
0.9878510650192642 0.0020925939852376044
0.9903926402016152 0.0014542552521516147
0.9926388211944706 0.0008460438401660618
0.9945882549823906 0.00028315568886128225
0.9962397672993549 -0.00022017530068545199
0.9975923633360985 -0.0006510861283019855
0.9986452283393451 -0.000998465638830685
0.9993977281025862 -0.0012532915577071848
0.9998494093481021 -0.0014089092035035379
1.0 -0.0014612397910988492
