1.0 0.0014869784495369206
0.9998494093481021 0.0015717013988598265
0.9993977281025862 0.0018243691324849208
0.9986452283393451 0.002240534121829414
0.9975923633360985 0.002812967282639081
0.9962397672993549 0.0035319242587028375
0.9945882549823906 0.0043855008757925015
0.9926388211944706 0.0053600615132000165
0.9903926402016152 0.006440720984147234
0.9878510650192642 0.007611858357232702
0.985015626597272 0.008857640087823125
0.98188803289772 0.010162529898367101
0.9784701678661044 0.011511764024745425
0.9747640902965183 0.0128917726466045
0.9707720325915102 0.01429053140368024
0.9664963994173694 0.01569783068309308
0.9619397662556433 0.017105454626975478
0.9571048778517655 0.018507266318263525
0.9519946465617215 0.01989920011215396
0.9466121505977576 0.021279166357202145
0.9409606321741775 0.02264687758065585
0.9350434955543556 0.02400360841777377
0.928864305000136 0.025351904007099937
0.9224267826248536 0.026695253163635434
0.9157348061512727 0.028037743341403586
0.9087924065757916 0.029383714218697666
0.9016037657403225 0.030737425743458127
0.894173213813303 0.03210275476426708
0.8865052266813687 0.03348293207898778
0.8786044232532422 0.034880329016013824
0.8704755626774794 0.03629629969286383
0.8621235414757333 0.03773108204571409
0.8535533905932737 0.039183757755171085
0.8447702723685334 0.040652268454543235
0.8357794774235092 0.042133483218775684
0.8265864214768883 0.04362331038696891
0.8171966420818224 0.04511684532823625
0.8076157952903136 0.04660854484558361
0.7978496522462164 0.048092418519945605
0.7879040957089227 0.04956222739284985
0.7777851165098009 0.051011680914724196
0.7674988099435485 0.05243462397285678
0.7570513720966108 0.05382520697421865
0.746449096114892 0.0551780333054109
0.7356983684129987 0.05648827993852942
0.7248056648273034 0.05775178841837944
0.713777546715141 0.058965124884828565
0.7026206570024947 0.06012560909929337
0.691341716182545 0.06123131361626299
0.6799475182674938 0.06228103524378604
0.6684449266961098 0.06327424175867274
0.6568408701994456 0.06421099748159265
0.645142338627231 0.06509187178142649
0.6333563787374491 0.06591783487972898
0.6214900899516319 0.06669014548007475
0.6095506200784349 0.06741023476858232
0.5975451610080642 0.06807959123447777
0.5854809443801506 0.06869965055378467
0.5733652372276805 0.06927169447266214
0.5612053375996082 0.0697967622245764
0.54900857016478 0.07027557752105215
0.5367822817998334 0.07070849357316808
0.5245338371637088 0.07109545793633415
0.512270614261456 0.07143599823422775
0.4999999999999999 0.07172922902446568
0.4877293857385438 0.07197387924032132
0.475466162836291 0.07216833880768918
0.46321771820016633 0.07231072222848231
0.4509914298352198 0.07239894617896632
0.43879466240039156 0.07243081753449332
0.42663476277231926 0.0724041277402184
0.41451905561984914 0.0723167491362005
0.4024548389919357 0.07216672874305954
0.3904493799215649 0.07195237513903383
0.3785099100483679 0.07167233441597066
0.36664362126255073 0.07132565178112768
0.35485766137276875 0.07091181614914255
0.3431591298005543 0.07043078600505602
0.33155507330389 0.0698829958628888
0.320052481732506 0.06926934373311053
0.30865828381745486 0.06859116107847231
0.29737934299750524 0.06785016771175627
0.28622245328485874 0.06704841490524412
0.27519433517269654 0.06618822058292202
0.26430163158700104 0.06527210080858048
0.2535509038851079 0.0643027018389986
0.2429486279033891 0.06328273677393764
0.23250119005645137 0.06221493031729766
0.2222148834901989 0.06110197440079406
0.2120959042910774 0.059946496466015235
0.20215034775378343 0.05875104112132825
0.19238420470968637 0.057518064766220824
0.18280335791817703 0.056249941691857326
0.17341357852311146 0.05494897920635402
0.16422052257649067 0.05361743857258902
0.15522972763146647 0.05225755804784634
0.14644660940672616 0.05087157412233372
0.1378764585242665 0.049461737189240663
0.12952443732252045 0.048030318339480085
0.12139557674675777 0.046579604731421
0.11349477331863145 0.045111881987933145
0.10582678618669683 0.04362940324773721
0.09839623425967753 0.04213434575776728
0.09120759342420814 0.04062875714120654
0.08426519384872727 0.03911449461318546
0.07757321737514639 0.0375931613493216
0.07113569499986394 0.036066044860404906
0.06495650444564427 0.03453406252771402
0.059039367825822475 0.032997719370004466
0.05338784940224234 0.03145708263517039
0.048005353438278275 0.029911776956153463
0.042895122148234655 0.0283610026295972
0.038060233744356575 0.026803578140500967
0.03350360058263052 0.0252380064611662
0.029227967408489597 0.023662563007048436
0.025235909703481607 0.022075401551663768
0.021529832133895532 0.020474673002019352
0.018111967102280024 0.018858650820010744
0.014984373402728013 0.017225856131236707
0.012148934980735715 0.015575175253963621
0.009607359798384785 0.013905962541633416
0.007361178805529334 0.012218122064334416
0.005411745017609493 0.010512162727247233
0.0037602327006450165 0.00878922287527278
0.0024076366639015356 0.0070510621736939475
0.0013547716606548965 0.005300020474333577
0.0006022718974137975 0.003538945350985167
0.00015059065189787502 0.0017710918873961195
0.0 0.0
0.00015059065189787502 -0.0014366495327865602
0.0006022718974137975 -0.002870125876138187
0.0013547716606548965 -0.004296959756667679
0.0024076366639015356 -0.00571397766044477
0.0037602327006450165 -0.007118430188763353
0.005411745017609493 -0.008508098051024163
0.007361178805529334 -0.009881370209813214
0.009607359798384785 -0.011237290232185948
0.012148934980735715 -0.012575568649033152
0.014984373402728013 -0.013896560979806866
0.018111967102280024 -0.015201212935696208
0.021529832133895532 -0.016490976064116116
0.025235909703481607 -0.01776769864166814
0.029227967408489597 -0.019033497875063685
0.03350360058263052 -0.02029062036137403
0.038060233744356575 -0.02154129824391389
0.042895122148234655 -0.022787608556201502
0.048005353438278275 -0.024031342877625116
0.05338784940224234 -0.02527389365978222
0.059039367825822475 -0.026516162474290634
0.06495650444564427 -0.02775849405335243
0.07113569499986394 -0.029000638430843634
0.07757321737514639 -0.03024174184124077
0.08426519384872727 -0.03148036539692719
0.09120759342420814 -0.03271452903935324
0.09839623425967753 -0.03394177693549271
0.10582678618669683 -0.03515925944327691
0.11349477331863145 -0.036363826054820574
0.12139557674675777 -0.037552123379021564
0.12952443732252045 -0.038720692256473684
0.1378764585242665 -0.03986605849643925
0.14644660940672616 -0.04098481245181141
0.15522972763146647 -0.04207367364721844
0.16422052257649067 -0.04312953787500905
0.17341357852311146 -0.04414950548974044
0.18280335791817703 -0.04513089097415593
0.19238420470968637 -0.04607121512888778
0.20215034775378343 -0.04696818237077615
0.2120959042910774 -0.04781964653882625
0.2222148834901989 -0.0486235692467124
0.23250119005645137 -0.04937797515034327
0.2429486279033891 -0.050080908504208876
0.2535509038851079 -0.05073039506946028
0.26430163158700104 -0.05132441284011042
0.27519433517269654 -0.051860874220997326
0.28622245328485874 -0.05233762128763456
0.29737934299750524 -0.05275243466034787
0.30865828381745486 -0.05310305541541695
0.320052481732506 -0.05338721841646856
0.33155507330389 -0.053602694556372295
0.3431591298005543 -0.053747338718399054
0.35485766137276875 -0.05381913984459617
0.36664362126255073 -0.05381626936909371
0.3785099100483679 -0.05373712444282616
0.3904493799215649 -0.05358036283031933
0.4024548389919357 -0.05334492706402561
0.41451905561984914 -0.05303005634376687
0.42663476277231926 -0.052635285699827124
0.43879466240039156 -0.05216043301973209
0.4509914298352198 -0.051605575587902186
0.46321771820016633 -0.05097101872285259
0.475466162836291 -0.05025725984454486
0.4877293857385438 -0.049464951803896526
0.4999999999999999 -0.04859486951382425
0.512270614261456 -0.04764788381394006
0.5245338371637088 -0.046624946079369775
0.5367822817998334 -0.04552708637154395
0.54900857016478 -0.044355426970522555
0.5612053375996082 -0.043111211988727804
0.5733652372276805 -0.04179585252383883
0.5854809443801506 -0.04041098555226639
0.5975451610080642 -0.03895854358539338
0.6095506200784349 -0.037440831096521236
0.6214900899516319 -0.035860602955311814
0.6333563787374491 -0.034221139640934824
0.645142338627231 -0.03252631388720457
0.6568408701994456 -0.03078064366092899
0.6684449266961098 -0.028989326981020816
0.6799475182674938 -0.02715825501744149
0.691341716182545 -0.025294001108629536
0.7026206570024947 -0.023403784726166284
0.713777546715141 -0.021495410903149378
0.7248056648273034 -0.01957718712607099
0.7356983684129987 -0.01765782106482433
0.746449096114892 -0.01574630368297709
0.7570513720966108 -0.013851783144207925
0.7674988099435485 -0.011983435443221788
0.7777851165098009 -0.010150337797049566
0.7879040957089227 -0.008361350519695622
0.7978496522462164 -0.006625012383554695
0.8076157952903136 -0.004949453388217894
0.8171966420818224 -0.0033423274817344383
0.8265864214768883 -0.0018107662044936548
0.8357794774235092 -0.0003613525620646639
0.8447702723685334 0.0009998871993558368
0.8535533905932737 0.0022674777211173216
0.8621235414757333 0.003436479582544461
0.8704755626774794 0.0045024711376584784
0.8786044232532422 0.005461533403724557
0.8865052266813687 0.006310244176515681
0.894173213813303 0.007045686949114465
0.9016037657403225 0.007665479125399073
0.9087924065757916 0.008167822500804132
0.9157348061512727 0.008551577118606305
0.9224267826248536 0.00881635751446994
0.928864305000136 0.008962648170661296
0.9350434955543556 0.008991932861870952
0.9409606321741775 0.008906830637542128
0.9466121505977576 0.008711229594517804
0.9519946465617215 0.00841040847548811
0.9571048778517655 0.008011135584321708
0.9619397662556433 0.007521734607037439
0.9664963994173694 0.0069521076965385524
0.9707720325915102 0.006313707608301982
0.9747640902965183 0.005619452708878561
0.9784701678661044 0.004883581225311718
0.98188803289772 0.004121444032296394
0.985015626597272 0.0033492384280141255
0.9878510650192642 0.0025836885531266025
0.9903926402016152 0.0018416811759900556
0.9926388211944706 0.0011398683190742627
0.9945882549823906 0.0004942504690525241
0.9962397672993549 -8.024424729643738e-05
0.9975923633360985 -0.0005701686371990391
0.9986452283393451 -0.0009639363865200141
0.9993977281025862 -0.0012521577304540718
0.9998494093481021 -0.0014279167472714815
1.0 -0.0014869784495369206
