1.0 0.0019036904813904214
0.9998494093481021 0.0019812653272824046
0.9993977281025862 0.0022126017361982727
0.9986452283393451 0.002593589260905289
0.9975923633360985 0.0031175544172705144
0.9962397672993549 0.0037755178353332747
0.9945882549823906 0.004556537262664014
0.9926388211944706 0.005448120488653667
0.9903926402016152 0.006436689174607461
0.9878510650192642 0.00750807247371604
0.985015626597272 0.008648008303604505
0.98188803289772 0.009842630227767664
0.9784701678661044 0.011078919084229435
0.9747640902965183 0.012345100684292353
0.9707720325915102 0.013630973952116857
0.9664963994173694 0.014928157604040374
0.9619397662556433 0.016230247659776684
0.9571048778517655 0.017532882501872526
0.9519946465617215 0.01883371661633491
0.9466121505977576 0.020132308326749542
0.9409606321741775 0.021429930569354435
0.9350434955543556 0.022729316873614604
0.928864305000136 0.02403435708015231
0.9224267826248536 0.025349758861439167
0.9157348061512727 0.026680691776817724
0.9087924065757916 0.028032430408206924
0.9016037657403225 0.029410012148256455
0.894173213813303 0.030817923550402377
0.8865052266813687 0.032259826933105445
0.8786044232532422 0.033738336312755884
0.8704755626774794 0.03525484888625783
0.8621235414757333 0.03680943536035202
0.8535533905932737 0.038400789585780186
0.8447702723685334 0.04002623533780442
0.8357794774235092 0.04168178580284655
0.8265864214768883 0.04336224946720436
0.8171966420818224 0.04506137470937801
0.8076157952903136 0.04677202449234986
0.7978496522462164 0.04848637212657159
0.7879040957089227 0.050196109093229226
0.7777851165098009 0.05189265632506888
0.7674988099435485 0.05356737106888222
0.7570513720966108 0.05521174242205491
0.746449096114892 0.05681756976600066
0.7356983684129987 0.05837711953632048
0.7248056648273034 0.05988325700586268
0.713777546715141 0.061329550956730025
0.7026206570024947 0.06271035023814751
0.691341716182545 0.06402083222007399
0.6799475182674938 0.06525702404137194
0.6684449266961098 0.06641579831092892
0.6568408701994456 0.06749484555321858
0.645142338627231 0.06849262620438734
0.6333563787374491 0.06940830537116233
0.6214900899516319 0.0702416738721591
0.6095506200784349 0.07099305929627533
0.5975451610080642 0.07166323093851444
0.5854809443801506 0.07225330250814457
0.5733652372276805 0.07276463644209792
0.5612053375996082 0.07319875349006577
0.54900857016478 0.07355725095857293
0.5367822817998334 0.07384173260316151
0.5245338371637088 0.07405375263894362
0.512270614261456 0.07419477570520712
0.4999999999999999 0.07426615388298335
0.4877293857385438 0.0742691210484137
0.475466162836291 0.0742048039816714
0.46321771820016633 0.0740742487817053
0.4509914298352198 0.07387846030799546
0.43879466240039156 0.07361845163191129
0.42663476277231926 0.07329529988178661
0.41451905561984914 0.07291020445268723
0.4024548389919357 0.07246454336075102
0.3904493799215649 0.07195992357743872
0.3785099100483679 0.07139822149037137
0.36664362126255073 0.0707816101967974
0.35485766137276875 0.07011257111743446
0.3431591298005543 0.06939388837961803
0.33155507330389 0.06862862550151308
0.320052481732506 0.06782008504424661
0.30865828381745486 0.06697175300994433
0.29737934299750524 0.06608723077306139
0.28622245328485874 0.0651701581666856
0.27519433517269654 0.06422413194136989
0.26430163158700104 0.06325262412355638
0.2535509038851079 0.062258904795480685
0.2429486279033891 0.06124597349279882
0.23250119005645137 0.060216502788136894
0.2222148834901989 0.05917279673968612
0.2120959042910774 0.058116765796183384
0.20215034775378343 0.057049918542317196
0.19238420470968637 0.055973369432308684
0.18280335791817703 0.05488786048937423
0.17341357852311146 0.05379379393772196
0.16422052257649067 0.052691271964677835
0.15522972763146647 0.05158013934995979
0.14644660940672616 0.0504600245913697
0.1378764585242665 0.049330375419240714
0.12952443732252045 0.048190485215300734
0.12139557674675777 0.0470395077959419
0.11349477331863145 0.04587645921938081
0.10582678618669683 0.04470020664264604
0.09839623425967753 0.04350944568319816
0.09120759342420814 0.042302669117903174
0.08426519384872727 0.04107813096524433
0.07757321737514639 0.03983381093951803
0.07113569499986394 0.03856738484933839
0.06495650444564427 0.03727620667199023
0.059039367825822475 0.03595730773455541
0.05338784940224234 0.03460741767013326
0.048005353438278275 0.033223010625311945
0.042895122148234655 0.0318003786390985
0.038060233744356575 0.030335732289139994
0.03350360058263052 0.02882532672717939
0.029227967408489597 0.027265609236803445
0.025235909703481607 0.02565338258351534
0.021529832133895532 0.023985976827226516
0.018111967102280024 0.022261421054054455
0.014984373402728013 0.020478605758728684
0.012148934980735715 0.018637426441318765
0.009607359798384785 0.016738899406554535
0.007361178805529334 0.01478524176536933
0.005411745017609493 0.012779909191158505
0.0037602327006450165 0.010727586994625136
0.0024076366639015356 0.008634132435390806
0.0013547716606548965 0.006506468744907995
0.0006022718974137975 0.004352433936765832
0.00015059065189787502 0.0021805899648466055
0.0 0.0
0.00015059065189787502 -0.0014323824574863694
0.0006022718974137975 -0.0028593758067680915
0.0013547716606548965 -0.004275238137944743
0.0024076366639015356 -0.005674657952672576
0.0037602327006450165 -0.007052942547813361
0.005411745017609493 -0.008406175680920294
0.007361178805529334 -0.009731336965256744
0.009607359798384785 -0.011026377540469937
0.012148934980735715 -0.012290248946859816
0.014984373402728013 -0.013522884657595316
0.018111967102280024 -0.014725136247905678
0.021529832133895532 -0.015898668558196417
0.025235909703481607 -0.017045820304221374
0.029227967408489597 -0.018169438285019664
0.03350360058263052 -0.01927269454640577
0.038060233744356575 -0.02035889651280768
0.042895122148234655 -0.021431300175274268
0.048005353438278275 -0.022492935925602305
0.05338784940224234 -0.02354645559692042
0.059039367825822475 -0.02459400778198474
0.06495650444564427 -0.025637146650374542
0.07113569499986394 -0.026676777393009093
0.07757321737514639 -0.027713139217405546
0.08426519384872727 -0.028745824634280066
0.09120759342420814 -0.029773831745446178
0.09839623425967753 -0.03079564448206857
0.10582678618669683 -0.03180933434929483
0.11349477331863145 -0.03281267628101908
0.12139557674675777 -0.03380327074070303
0.12952443732252045 -0.03477866423310577
0.1378764585242665 -0.03573646089835247
0.14644660940672616 -0.03667441879540827
0.15522972763146647 -0.03759052577242846
0.16422052257649067 -0.03848305137203319
0.17341357852311146 -0.039350572921986834
0.18280335791817703 -0.04019197570137776
0.19238420470968637 -0.041006428735799155
0.20215034775378343 -0.0417933392575059
0.2120959042910774 -0.04255229007870034
0.2222148834901989 -0.04328296499951139
0.23250119005645137 -0.04398506786330259
0.2429486279033891 -0.04465824096433352
0.2535509038851079 -0.045301988217729794
0.26430163158700104 -0.04591560785657926
0.27519433517269654 -0.046498138486055614
0.28622245328485874 -0.04704832117824658
0.29737934299750524 -0.047564579024598735
0.30865828381745486 -0.04804501427198327
0.320052481732506 -0.04848742194845607
0.33155507330389 -0.04888931782292377
0.3431591298005543 -0.0492479777121537
0.35485766137276875 -0.04956048460280811
0.36664362126255073 -0.049823779826733604
0.3785099100483679 -0.05003471462130639
0.3904493799215649 -0.050190098805226034
0.4024548389919357 -0.05028674396269382
0.41451905561984914 -0.05032149939454101
0.42663476277231926 -0.050291280087635226
0.43879466240039156 -0.05019308698852713
0.4509914298352198 -0.05002402085565502
0.46321771820016633 -0.049781291822126116
0.475466162836291 -0.04946222745388196
0.4877293857385438 -0.04906428247745393
0.4999999999999999 -0.048585053439311646
0.512270614261456 -0.04802230133012511
0.5245338371637088 -0.04737398467189359
0.5367822817998334 -0.0466383047578872
0.54900857016478 -0.04581376371077842
0.5612053375996082 -0.04489923485746487
0.5733652372276805 -0.043894043697120716
0.5854809443801506 -0.04279805655589493
0.5975451610080642 -0.04161177297123217
0.6095506200784349 -0.04033641701781512
0.6214900899516319 -0.03897402224885422
0.6333563787374491 -0.03752750473485067
0.645142338627231 -0.03600071886736814
0.6568408701994456 -0.03439849116165379
0.6684449266961098 -0.032726628215632554
0.6799475182674938 -0.030991896213909634
0.691341716182545 -0.029201970830442656
0.7026206570024947 -0.027365357990007364
0.713777546715141 -0.025491287591080294
0.7248056648273034 -0.023589583860077316
0.7356983684129987 -0.02167051738960795
0.746449096114892 -0.019744645011705926
0.7570513720966108 -0.017822644387794788
0.7674988099435485 -0.015915150500413738
0.7777851165098009 -0.014032601075239758
0.7879040957089227 -0.012185097344284067
0.7978496522462164 -0.010382285512658638
0.8076157952903136 -0.008633262872870985
0.8171966420818224 -0.006946510810292741
0.8265864214768883 -0.00532985507122671
0.8357794774235092 -0.003790451745887372
0.8447702723685334 -0.0023347955844818676
0.8535533905932737 -0.000968745645503512
0.8621235414757333 0.00030243800939072987
0.8704755626774794 0.0014740537097383427
0.8786044232532422 0.002541921137539511
0.8865052266813687 0.003502355124975348
0.894173213813303 0.004352156794199242
0.9016037657403225 0.005088627256647914
0.9087924065757916 0.005709607344716495
0.9157348061512727 0.0062135447483720515
0.9224267826248536 0.006599587601336171
0.928864305000136 0.006867701153543712
0.9350434955543556 0.007018801836975979
0.9409606321741775 0.007054900939653654
0.9466121505977576 0.006979248396946507
0.9519946465617215 0.006796466020362484
0.9571048778517655 0.00651265891326634
0.9619397662556433 0.006135493936650433
0.9664963994173694 0.005674234911548299
0.9707720325915102 0.005139725759985259
0.9747640902965183 0.004544314932157742
0.9784701678661044 0.0039017171418390256
0.98188803289772 0.0032268114974901255
0.985015626597272 0.0025353784081743715
0.9878510650192642 0.0018437809778397464
0.9903926402016152 0.0011685997880837794
0.9926388211944706 0.0005262328212951699
0.9945882549823906 -6.75253785416747e-05
0.9962397672993549 -0.0005979095169175283
0.9975923633360985 -0.0010515976112704772
0.9986452283393451 -0.0014170964864793432
0.9993977281025862 -0.0016850826415627388
0.9998494093481021 -0.0018486840106867002
1.0 -0.0019036904813904214
