1.0 0.0016143206121205405
0.9998494093481021 0.0016940089586260226
0.9993977281025862 0.0019316067643125685
0.9986452283393451 0.0023227684858406652
0.9975923633360985 0.0028604361367244426
0.9962397672993549 0.003535107174155427
0.9945882549823906 0.004335192040483022
0.9926388211944706 0.0052474449590498235
0.9903926402016152 0.006257448398027813
0.9878510650192642 0.007350129434672175
0.985015626597272 0.00851028517529105
0.98188803289772 0.009723094450534998
0.9784701678661044 0.01097459418540611
0.9747640902965183 0.012252101052223484
0.9707720325915102 0.013544562111866078
0.9664963994173694 0.014842821948230694
0.9619397662556433 0.01613979808420253
0.9571048778517655 0.01743056099621933
0.9519946465617215 0.018712319575246647
0.9466121505977576 0.01998431718020638
0.9409606321741775 0.02124764728341669
0.9350434955543556 0.022505000937759534
0.928864305000136 0.023760360765968117
0.9224267826248536 0.025018657795862285
0.9157348061512727 0.026285408204951847
0.9087924065757916 0.027566346907542286
0.9016037657403225 0.028867073978261222
0.894173213813303 0.030192728259382802
0.8865052266813687 0.031547700279254035
0.8786044232532422 0.03293539397155813
0.8704755626774794 0.034358043797590845
0.8621235414757333 0.035816590904482325
0.8535533905932737 0.03731061906033949
0.8447702723685334 0.03883834843360945
0.8357794774235092 0.04039668294461105
0.8265864214768883 0.041981304998524545
0.8171966420818224 0.04358680996542433
0.8076157952903136 0.045206871826221094
0.7978496522462164 0.04683443094548185
0.7879040957089227 0.04846189492849566
0.7777851165098009 0.05008134391503222
0.7674988099435485 0.051684732385353045
0.7570513720966108 0.0532640805260757
0.746449096114892 0.05481164934309307
0.7356983684129987 0.056320094938077374
0.7248056648273034 0.05778259861441889
0.713777546715141 0.059192970689595954
0.7026206570024947 0.06054572701927716
0.691341716182545 0.06183613825333489
0.6799475182674938 0.06306025272813337
0.6684449266961098 0.06421489464717334
0.6568408701994456 0.06529763981655057
0.645142338627231 0.06630677169165472
0.6333563787374491 0.06724122086880194
0.6214900899516319 0.06810049143163527
0.6095506200784349 0.06888457774638078
0.5975451610080642 0.06959387539781288
0.5854809443801506 0.07022908997006048
0.5733652372276805 0.07079114730013354
0.5612053375996082 0.07128110866137644
0.54900857016478 0.07170009406208197
0.5367822817998334 0.0720492164656402
0.5245338371637088 0.07232952925097158
0.512270614261456 0.07254198863963594
0.4999999999999999 0.07268743213063991
0.4877293857385438 0.072766573225988
0.475466162836291 0.07278001192865914
0.46321771820016633 0.07272825968708824
0.4509914298352198 0.0726117766895967
0.43879466240039156 0.07243101872506459
0.42663476277231926 0.072186490268874
0.41451905561984914 0.07187880006826765
0.4024548389919357 0.0715087153234474
0.3904493799215649 0.07107721061333139
0.3785099100483679 0.07058550800697203
0.36664362126255073 0.07003510532608799
0.35485766137276875 0.06942779025690132
0.3431591298005543 0.06876563891009409
0.33155507330389 0.06805099844143936
0.320052481732506 0.06728645440670356
0.30865828381745486 0.06647478456026902
0.29737934299750524 0.06561890174357966
0.28622245328485874 0.0647217892770543
0.27519433517269654 0.06378643280724804
0.26430163158700104 0.06281575282415731
0.2535509038851079 0.06181254202491228
0.2429486279033891 0.06077941135459134
0.23250119005645137 0.05971874792044514
0.2222148834901989 0.05863268709283078
0.2120959042910774 0.05752310003531046
0.20215034775378343 0.056391596724681414
0.19238420470968637 0.05523954331722154
0.18280335791817703 0.05406809158281499
0.17341357852311146 0.05287821715417238
0.16422052257649067 0.05167076260499442
0.15522972763146647 0.050446480943566865
0.14644660940672616 0.04920607503035822
0.1378764585242665 0.04795022871753546
0.12952443732252045 0.046679626154910114
0.12139557674675777 0.045394956672665944
0.11349477331863145 0.04409690387223976
0.10582678618669683 0.04278611894686447
0.09839623425967753 0.04146317971029108
0.09120759342420814 0.04012853822488995
0.08426519384872727 0.03878246117671171
0.07757321737514639 0.037424968140821566
0.07113569499986394 0.03605577352672835
0.06495650444564427 0.03467423822536656
0.059039367825822475 0.03327933675877146
0.05338784940224234 0.03186964505648652
0.048005353438278275 0.03044335287763941
0.042895122148234655 0.02899830342581744
0.038060233744356575 0.027532060955670682
0.03350360058263052 0.026042005259128566
0.029227967408489597 0.024525449974446917
0.025235909703481607 0.02297977981896548
0.021529832133895532 0.02140260023954292
0.018111967102280024 0.01979189172375245
0.014984373402728013 0.01814616021929875
0.012148934980735715 0.016464574839048507
0.009607359798384785 0.014747084320329854
0.007361178805529334 0.01299450455775228
0.005411745017609493 0.011208570898406602
0.0037602327006450165 0.00939195070036135
0.0024076366639015356 0.00754821380186336
0.0013547716606548965 0.005681760897069932
0.0006022718974137975 0.0037977122163645994
0.00015059065189787502 0.0019017612115912127
0.0 0.0
0.00015059065189787502 -0.0017683080788262117
0.0006022718974137975 -0.0035265283475391174
0.0013547716606548965 -0.005264398657338235
0.0024076366639015356 -0.006972267193487393
0.0037602327006450165 -0.008641364283740335
0.005411745017609493 -0.01026403596048335
0.007361178805529334 -0.011833929673455151
0.009607359798384785 -0.013346125012226304
0.012148934980735715 -0.01479720509989829
0.014984373402728013 -0.01618526730293738
0.018111967102280024 -0.017509874899098145
0.021529832133895532 -0.018771954189637816
0.025235909703481607 -0.019973644078185755
0.029227967408489597 -0.021118107231680838
0.03350360058263052 -0.0222093134817052
0.038060233744356575 -0.02325180704437742
0.042895122148234655 -0.024250469398649457
0.048005353438278275 -0.02521028927068943
0.05338784940224234 -0.026136150168725322
0.059039367825822475 -0.02703264437605803
0.06495650444564427 -0.02790392034733478
0.07113569499986394 -0.02875356819447146
0.07757321737514639 -0.0295845455376734
0.08426519384872727 -0.030399143582487947
0.09120759342420814 -0.031198991009897478
0.09839623425967753 -0.031985091263965426
0.10582678618669683 -0.03275788720017257
0.11349477331863145 -0.03351734589956532
0.12139557674675777 -0.034263055809545355
0.12952443732252045 -0.03499432825774636
0.1378764585242665 -0.035710295782953615
0.14644660940672616 -0.03641000058635375
0.15522972763146647 -0.037092467649628445
0.16422052257649067 -0.037756758593650026
0.17341357852311146 -0.0384020040481688
0.18280335791817703 -0.03902741404751906
0.19238420470968637 -0.03963226764013152
0.20215034775378343 -0.04021588439009697
0.2120959042910774 -0.040777581663331695
0.2222148834901989 -0.0413166224576411
0.23250119005645137 -0.041832159010366694
0.2429486279033891 -0.042323177483470475
0.2535509038851079 -0.04278844869714952
0.26430163158700104 -0.043226489200126006
0.27519433517269654 -0.04363553599219278
0.28622245328485874 -0.044013537035642834
0.29737934299750524 -0.044358158402404174
0.30865828381745486 -0.044666807603754355
0.320052481732506 -0.04493667143797976
0.33155507330389 -0.045164765657642963
0.3431591298005543 -0.04534799297612315
0.35485766137276875 -0.04548320545611294
0.36664362126255073 -0.04556726718000136
0.3785099100483679 -0.04559711329687021
0.3904493799215649 -0.04556980205073997
0.4024548389919357 -0.045482557173491034
0.41451905561984914 -0.04533279900720433
0.42663476277231926 -0.04511816382315188
0.43879466240039156 -0.0448365119381179
0.4509914298352198 -0.04448592630086594
0.46321771820016633 -0.04406470414495564
0.475466162836291 -0.04357134500269443
0.4877293857385438 -0.04300453878982296
0.4999999999999999 -0.042363157764160914
0.512270614261456 -0.04164625592093385
0.5245338371637088 -0.040853078825499725
0.5367822817998334 -0.039983086038195864
0.54900857016478 -0.0390359872158629
0.5612053375996082 -0.03801179175822324
0.5733652372276805 -0.03691087059525939
0.5854809443801506 -0.03573402748069382
0.5975451610080642 -0.03448257606233854
0.6095506200784349 -0.033158418130204544
0.6214900899516319 -0.0317641178710863
0.6333563787374491 -0.030302966736976047
0.645142338627231 -0.028779033692889824
0.6568408701994456 -0.027197196149351486
0.6684449266961098 -0.025563147780131294
0.6799475182674938 -0.02388338062479412
0.691341716182545 -0.02216514030292387
0.7026206570024947 -0.020416354728986952
0.713777546715141 -0.018645538308026705
0.7248056648273034 -0.016861675102231525
0.7356983684129987 -0.015074085779175198
0.746449096114892 -0.013292284186974887
0.7570513720966108 -0.011525830070039633
0.7674988099435485 -0.009784184685349593
0.7777851165098009 -0.00807657587520167
0.7879040957089227 -0.006411878500662279
0.7978496522462164 -0.004798515074463317
0.8076157952903136 -0.003244380016385254
0.8171966420818224 -0.0017567892780643573
0.8265864214768883 -0.0003424552580383799
0.8357794774235092 0.0009925149242216702
0.8447702723685334 0.0022426014750139625
0.8535533905932737 0.0034028394919855083
0.8621235414757333 0.0044687784205409255
0.8704755626774794 0.005436440507538717
0.8786044232532422 0.006302285586134512
0.8865052266813687 0.007063189210322207
0.894173213813303 0.007716440299623935
0.9016037657403225 0.008259763089995268
0.9087924065757916 0.008691366388098786
0.9157348061512727 0.00901002099600594
0.9224267826248536 0.009215163841202797
0.928864305000136 0.009307024959719613
0.9350434955543556 0.009286771194586369
0.9409606321741775 0.009156658443265527
0.9466121505977576 0.00892018266115757
0.9519946465617215 0.008582218728416434
0.9571048778517655 0.008149135810142347
0.9619397662556433 0.007628878045977082
0.9664963994173694 0.007031000314334111
0.9707720325915102 0.006366650406441573
0.9747640902965183 0.005648491151179248
0.9784701678661044 0.004890558749056591
0.98188803289772 0.004108056664282901
0.985015626597272 0.0033170877230268812
0.9878510650192642 0.002534330391915242
0.9903926402016152 0.0017766683754074958
0.9926388211944706 0.0010607854903968378
0.9945882549823906 0.00040274008339950427
0.9962397672993549 -0.00018246509193011666
0.9975923633360985 -0.0006813007287731934
0.9986452283393451 -0.0010820996817225066
0.9993977281025862 -0.0013754004561422435
0.9998494093481021 -0.0015542309918153792
1.0 -0.0016143206121205405
