1.0 0.0014803122553318346
0.9998494093481021 0.001565808341301978
0.9993977281025862 0.0018208084023562262
0.9986452283393451 0.002240903662899762
0.9975923633360985 0.0028189296080595515
0.9962397672993549 0.0035452321686926403
0.9945882549823906 0.004408022903826624
0.9926388211944706 0.005393806810904201
0.9903926402016152 0.006487863226156703
0.9878510650192642 0.0076747581194878635
0.985015626597272 0.008938865039235057
0.98188803289772 0.010264872058226389
0.9784701678661044 0.0116382532859067
0.9747640902965183 0.013045685753180748
0.9707720325915102 0.014475395603574252
0.9664963994173694 0.01591742134789649
0.9619397662556433 0.01736378623844371
0.9571048778517655 0.018808576352428323
0.9519946465617215 0.02024792549774027
0.9466121505977576 0.021679912332114967
0.9409606321741775 0.02310437890722091
0.9350434955543556 0.02452268303446113
0.928864305000136 0.025937399285157463
0.9224267826248536 0.027351984999087506
0.9157348061512727 0.0287704283485829
0.9087924065757916 0.030196895307935595
0.9016037657403225 0.031635391374042574
0.894173213813303 0.03308945217879051
0.8865052266813687 0.034561874863046
0.8786044232532422 0.036054499404201364
0.8704755626774794 0.037568046172554916
0.8621235414757333 0.03910201300478011
0.8535533905932737 0.04065463218351805
0.8447702723685334 0.04222288504011325
0.8357794774235092 0.043802569566542986
0.8265864214768883 0.04538841451649985
0.8171966420818224 0.046974232046034736
0.8076157952903136 0.04855310001084981
0.7978496522462164 0.05011756459028095
0.7879040957089227 0.05165985391169804
0.7777851165098009 0.053172093747810734
0.7674988099435485 0.05464651708355175
0.7570513720966108 0.056075660321731474
0.746449096114892 0.05745254003906433
0.7356983684129987 0.05877080544219274
0.7248056648273034 0.06002486294115064
0.713777546715141 0.06120997050100001
0.7026206570024947 0.06232230060984781
0.691341716182545 0.06335897178500188
0.6799475182674938 0.0643180495125866
0.6684449266961098 0.06519851837335766
0.6568408701994456 0.0660002278496828
0.645142338627231 0.06672381494061906
0.6333563787374491 0.06737060723963229
0.6214900899516319 0.06794251055704156
0.6095506200784349 0.06844188549750067
0.5975451610080642 0.06887141762804198
0.5854809443801506 0.06923398598624493
0.5733652372276805 0.06953253466935355
0.5612053375996082 0.06976995210045972
0.54900857016478 0.06994896227488619
0.5367822817998334 0.07007203184001985
0.5245338371637088 0.07014129625291411
0.512270614261456 0.07015850749875943
0.4999999999999999 0.07012500495725216
0.4877293857385438 0.07004171000190805
0.475466162836291 0.06990914384962642
0.46321771820016633 0.06972746709422856
0.4509914298352198 0.06949653831533728
0.43879466240039156 0.06921598821347204
0.42663476277231926 0.06888530494351112
0.41451905561984914 0.06850392575620774
0.4024548389919357 0.06807132975563196
0.3904493799215649 0.0675871265693367
0.3785099100483679 0.06705113602007558
0.36664362126255073 0.06646345447548675
0.35485766137276875 0.06582450440706332
0.3431591298005543 0.06513506476388088
0.33155507330389 0.06439628099448154
0.320052481732506 0.06360965485313658
0.30865828381745486 0.06277701541736187
0.29737934299750524 0.06190047393289633
0.28622245328485874 0.06098236610576359
0.27519433517269654 0.0600251862049331
0.26430163158700104 0.059031517766865306
0.2535509038851079 0.0580039657701076
0.2429486279033891 0.056945094864522455
0.23250119005645137 0.05585737761286299
0.2222148834901989 0.05474315577569981
0.2120959042910774 0.053604616511348534
0.20215034775378343 0.05244378405695985
0.19238420470968637 0.05126252610508542
0.18280335791817703 0.05006257279755668
0.17341357852311146 0.04884554512915154
0.16422052257649067 0.04761298868098809
0.15522972763146647 0.0463664080640003
0.14644660940672616 0.04510729729844394
0.1378764585242665 0.04383716160968605
0.12952443732252045 0.042557526775792845
0.12139557674675777 0.041269933179253586
0.11349477331863145 0.039975913024629446
0.10582678618669683 0.038676950691951456
0.09839623425967753 0.03737442778960169
0.09120759342420814 0.036069556026890465
0.08426519384872727 0.034763302420778644
0.07757321737514639 0.03345631246631878
0.07113569499986394 0.03214883763656952
0.06495650444564427 0.030840673860265178
0.059039367825822475 0.029531117411153628
0.05338784940224234 0.02821894392410034
0.048005353438278275 0.02690241505953958
0.042895122148234655 0.02557931573557355
0.038060233744356575 0.02424702293429256
0.03350360058263052 0.022902604990095558
0.029227967408489597 0.02154294812501234
0.025235909703481607 0.020164904959189083
0.021529832133895532 0.018765457940927363
0.018111967102280024 0.017341889243629578
0.014984373402728013 0.01589194777702729
0.012148934980735715 0.014414003635733691
0.009607359798384785 0.012907180600063548
0.007361178805529334 0.011371458211168837
0.005411745017609493 0.00980773642150058
0.0037602327006450165 0.00821785778904063
0.0024076366639015356 0.006604584521452527
0.0013547716606548965 0.004971530238942755
0.0006022718974137975 0.003323048949498407
0.00015059065189787502 0.0016640862482299639
0.0 0.0
0.00015059065189787502 -0.0016249743958865587
0.0006022718974137975 -0.0032437279147840728
0.0013547716606548965 -0.00484980840527427
0.0024076366639015356 -0.0064371831506848
0.0037602327006450165 -0.008000424320675626
0.005411745017609493 -0.009534866581020238
0.007361178805529334 -0.011036729890630757
0.009607359798384785 -0.012503202324806555
0.012148934980735715 -0.013932479825786506
0.014984373402728013 -0.01532376198015869
0.018111967102280024 -0.01667720513492999
0.021529832133895532 -0.017993836267881477
0.025235909703481607 -0.019275432908565763
0.029227967408489597 -0.020524375963498747
0.03350360058263052 -0.021743483452255297
0.038060233744356575 -0.022935833854297948
0.042895122148234655 -0.02410458797092215
0.048005353438278275 -0.025252817922997533
0.05338784940224234 -0.02638335116191264
0.059039367825822475 -0.02749863622324521
0.06495650444564427 -0.028600635477676717
0.07113569499986394 -0.029690748426555398
0.07757321737514639 -0.030769767256757594
0.08426519384872727 -0.03183786452236346
0.09120759342420814 -0.03289461106833306
0.09839623425967753 -0.03393902075429019
0.10582678618669683 -0.03496961726040159
0.11349477331863145 -0.03598451732814184
0.12139557674675777 -0.03698152424899936
0.12952443732252045 -0.03795822528085976
0.1378764585242665 -0.038912086935789174
0.14644660940672616 -0.03984054271021825
0.15522972763146647 -0.04074106876293887
0.16422052257649067 -0.04161124421370618
0.17341357852311146 -0.04244879404865476
0.18280335791817703 -0.04325161398446613
0.19238420470968637 -0.04401777796711625
0.20215034775378343 -0.04474553017475173
0.2120959042910774 -0.04543326438109102
0.2222148834901989 -0.046079494255571896
0.23250119005645137 -0.04668281858941197
0.2429486279033891 -0.047241885525609824
0.2535509038851079 -0.047755359641845595
0.26430163158700104 -0.04822189521695986
0.27519433517269654 -0.04864011825305592
0.28622245328485874 -0.04900861889152671
0.29737934299750524 -0.04932595482923246
0.30865828381745486 -0.04959066529331279
0.320052481732506 -0.04980129415226338
0.33155507330389 -0.049956419903412486
0.3431591298005543 -0.05005468964768477
0.35485766137276875 -0.05009485379014698
0.36664362126255073 -0.050075798118146594
0.3785099100483679 -0.04999657011485439
0.3904493799215649 -0.04985639684929329
0.4024548389919357 -0.04965469250775082
0.41451905561984914 -0.0493910545403961
0.42663476277231926 -0.049065248420806395
0.43879466240039156 -0.04867718207514284
0.4509914298352198 -0.048226872048243115
0.46321771820016633 -0.047714404354555394
0.475466162836291 -0.04713989363957293
0.4877293857385438 -0.046503444693040456
0.4999999999999999 -0.045805120467881585
0.512270614261456 -0.0450449205494699
0.5245338371637088 -0.04422277349296961
0.5367822817998334 -0.04333854563009066
0.54900857016478 -0.042392067890903655
0.5612053375996082 -0.041383180960391446
0.5733652372276805 -0.04031179777653025
0.5854809443801506 -0.039177981068832475
0.5975451610080642 -0.03798203242754794
0.6095506200784349 -0.03672458837365218
0.6214900899516319 -0.03540671814683739
0.6333563787374491 -0.03403001750449258
0.645142338627231 -0.03259669276894058
0.6568408701994456 -0.031109629687742495
0.6684449266961098 -0.02957244237073612
0.6799475182674938 -0.027989498599213514
0.691341716182545 -0.026365919104437512
0.7026206570024947 -0.02470754990119926
0.713777546715141 -0.023020908338845167
0.7248056648273034 -0.02131310509013984
0.7356983684129987 -0.019591745729245408
0.746449096114892 -0.017864816752181066
0.7570513720966108 -0.016140561778258802
0.7674988099435485 -0.014427354171341384
0.7777851165098009 -0.012733572393032447
0.7879040957089227 -0.011067484032945014
0.7978496522462164 -0.00943714367170305
0.8076157952903136 -0.00785030856840535
0.8171966420818224 -0.006314374701868955
0.8265864214768883 -0.004836334033269683
0.8357794774235092 -0.003422752113029792
0.8447702723685334 -0.002079763452474144
0.8535533905932737 -0.0008130805473075535
0.8621235414757333 0.00037198880619567333
0.8704755626774794 0.0014705221181575733
0.8786044232532422 0.0024779673403274075
0.8865052266813687 0.0033901390084077766
0.894173213813303 0.004203231214873597
0.9016037657403225 0.0049138520738949585
0.9087924065757916 0.005519082730692474
0.9157348061512727 0.006016562003008737
0.9224267826248536 0.006404595542634492
0.928864305000136 0.006682286111376409
0.9350434955543556 0.006849679332031203
0.9409606321741775 0.006907917256870617
0.9466121505977576 0.006859390442115041
0.9519946465617215 0.006707878057426538
0.9571048778517655 0.00645866499830826
0.9619397662556433 0.006118625075784837
0.9664963994173694 0.005696260161255055
0.9707720325915102 0.005201686651331633
0.9747640902965183 0.004646562730760414
0.9784701678661044 0.004043952553042256
0.98188803289772 0.003408126494029791
0.985015626597272 0.002754299900817616
0.9878510650192642 0.0020983160747367613
0.9903926402016152 0.0014562824028138226
0.9926388211944706 0.0008441713993070322
0.9945882549823906 0.00027740076507374624
0.9962397672993549 -0.00022959172994017007
0.9975923633360985 -0.0006637617997004992
0.9986452283393451 -0.0010138437853218915
0.9993977281025862 -0.001270691295614875
0.9998494093481021 -0.0014275588355702514
1.0 -0.0014803122553318346
