1.0 0.0013708479815930797
0.9998494093481021 0.0014427860564785815
0.9993977281025862 0.0016571861969480344
0.9986452283393451 0.0020098607163782805
0.9975923633360985 0.002494009477045701
0.9962397672993549 0.0031004801213736885
0.9945882549823906 0.00381811531265303
0.9926388211944706 0.004634170981184831
0.9903926402016152 0.005534786470331472
0.9878510650192642 0.006505485360675189
0.985015626597272 0.0075316847162107126
0.98188803289772 0.00859919058007773
0.9784701678661044 0.009694658722401429
0.9747640902965183 0.010806001823493403
0.9707720325915102 0.011922727322743848
0.9664963994173694 0.013036193893735887
0.9619397662556433 0.014139778703827878
0.9571048778517655 0.015228952047121859
0.9519946465617215 0.016301260364045903
0.9466121505977576 0.017356222848616442
0.9409606321741775 0.018395150587975695
0.9350434955543556 0.01942090030356471
0.928864305000136 0.020437577137023842
0.9224267826248536 0.021450202462240275
0.9157348061512727 0.022464363374088157
0.9087924065757916 0.02348586032044684
0.9016037657403225 0.024520368369427226
0.894173213813303 0.025573125940714658
0.8865052266813687 0.02664866261235366
0.8786044232532422 0.02775057499752252
0.8704755626774794 0.02888135683609038
0.8621235414757333 0.03004228652946557
0.8535533905932737 0.031233372521075456
0.8447702723685334 0.03245335432703469
0.8357794774235092 0.03369975476517823
0.8265864214768883 0.03496897709880797
0.8171966420818224 0.03625643945515643
0.8076157952903136 0.037556738016418886
0.7978496522462164 0.03886383010186064
0.7879040957089227 0.040171228325443106
0.7777851165098009 0.04147219746632175
0.7674988099435485 0.04275994645654625
0.7570513720966108 0.044027808890483695
0.746449096114892 0.045269406611398354
0.7356983684129987 0.04647879215397196
0.7248056648273034 0.0476505670479094
0.713777546715141 0.0487799741600514
0.7026206570024947 0.04986296332779348
0.691341716182545 0.05089623048709291
0.6799475182674938 0.051877231309920266
0.6684449266961098 0.052804171036713164
0.6568408701994456 0.05367597272653291
0.645142338627231 0.054492226564558516
0.6333563787374491 0.05525312317936344
0.6214900899516319 0.05595937414683412
0.6095506200784349 0.05661212300648603
0.5975451610080642 0.057212850197637125
0.5854809443801506 0.057763275340384466
0.5733652372276805 0.058265260237417224
0.5612053375996082 0.058720715851117655
0.54900857016478 0.05913151630759108
0.5367822817998334 0.05949942268667978
0.5245338371637088 0.059826018968611075
0.512270614261456 0.06011266202256654
0.4999999999999999 0.060360446945891995
0.4877293857385438 0.060570188408871246
0.475466162836291 0.06074241795162412
0.46321771820016633 0.06087739644761668
0.4509914298352198 0.06097514023005006
0.43879466240039156 0.06103545871491271
0.42663476277231926 0.061058000790864334
0.41451905561984914 0.06104230682217882
0.4024548389919357 0.06098786286150608
0.3904493799215649 0.06089415361952909
0.3785099100483679 0.06076071090155666
0.36664362126255073 0.06058715459504542
0.35485766137276875 0.060373223859793095
0.3431591298005543 0.06011879690164149
0.33155507330389 0.05982389855480065
0.320052481732506 0.05948869580030099
0.30865828381745486 0.05911348224451365
0.29737934299750524 0.05869865340571556
0.28622245328485874 0.05824467534466108
0.27519433517269654 0.057752049671324884
0.26430163158700104 0.057221278221367695
0.2535509038851079 0.056652830696083394
0.2429486279033891 0.05604711829170952
0.23250119005645137 0.055404475821961056
0.2222148834901989 0.0547251540959934
0.2120959042910774 0.05400932340591418
0.20215034775378343 0.05325708797183885
0.19238420470968637 0.052468510167107546
0.18280335791817703 0.05164364238496885
0.17341357852311146 0.05078256359222942
0.16422052257649067 0.04988541701812868
0.15522972763146647 0.04895244510656032
0.14644660940672616 0.04798401785562821
0.1378764585242665 0.04698065099576408
0.12952443732252045 0.04594301110601138
0.12139557674675777 0.0448719057015301
0.11349477331863145 0.043768257483812294
0.10582678618669683 0.04263306324813933
0.09839623425967753 0.04146733929521181
0.09120759342420814 0.04027205649227287
0.08426519384872727 0.03904806926955992
0.07757321737514639 0.037796043724073365
0.07113569499986394 0.036516390552942014
0.06495650444564427 0.03520920869328911
0.059039367825822475 0.033874245271612695
0.05338784940224234 0.032510876760837255
0.048005353438278275 0.031118115136556043
0.042895122148234655 0.02969464137531628
0.038060233744356575 0.028238866934069448
0.03350360058263052 0.026749021999819635
0.029227967408489597 0.025223267425302034
0.025235909703481607 0.023659825499535315
0.021529832133895532 0.022057123167622372
0.018111967102280024 0.02041394012639198
0.014984373402728013 0.018729553475002207
0.012148934980735715 0.01700387035838644
0.009607359798384785 0.015237540339369386
0.007361178805529334 0.013432040069346987
0.005411745017609493 0.011589724158033481
0.0037602327006450165 0.009713837895863976
0.0024076366639015356 0.00780848955423407
0.0013547716606548965 0.005878582251640366
0.0006022718974137975 0.003929707685962299
0.00015059065189787502 0.001968006247353232
0.0 0.0
0.00015059065189787502 -0.0019645859447896055
0.0006022718974137975 -0.003921161992905842
0.0013547716606548965 -0.005861536391548111
0.0024076366639015356 -0.007777969584495493
0.0037602327006450165 -0.00966337573284967
0.005411745017609493 -0.01151149601155077
0.007361178805529334 -0.01331703655198295
0.009607359798384785 -0.015075765688829864
0.012148934980735715 -0.016784567209259128
0.014984373402728013 -0.018441448481652047
0.018111967102280024 -0.020045504539773745
0.021529832133895532 -0.021596841296954515
0.025235909703481607 -0.023096462951010796
0.029227967408489597 -0.024546130215295284
0.03350360058263052 -0.025948197194546208
0.038060233744356575 -0.027305435459812323
0.042895122148234655 -0.028620854134912166
0.048005353438278275 -0.02989752458585609
0.05338784940224234 -0.03113841763028114
0.059039367825822475 -0.032346260107793144
0.06495650444564427 -0.03352341624797073
0.07113569499986394 -0.03467179763190731
0.07757321737514639 -0.035792803768459135
0.08426519384872727 -0.03688729350598991
0.09120759342420814 -0.037955585781118135
0.09839623425967753 -0.03899748666665836
0.10582678618669683 -0.04001233840670999
0.11349477331863145 -0.04099908518404464
0.12139557674675777 -0.04195634979749401
0.12952443732252045 -0.04288251525412805
0.1378764585242665 -0.04377580549646208
0.14644660940672616 -0.044634360058133093
0.15522972763146647 -0.04545629831989825
0.16422052257649067 -0.046239770150840125
0.17341357852311146 -0.04698299098361369
0.18280335791817703 -0.04768426069639925
0.19238420470968637 -0.048341966965684546
0.20215034775378343 -0.04895457492576704
0.2120959042910774 -0.049520605946261426
0.2222148834901989 -0.050038609056834535
0.23250119005645137 -0.050507128967174963
0.2429486279033891 -0.050924674730072825
0.2535509038851079 -0.051289692879493816
0.26430163158700104 -0.05160054836904325
0.27519433517269654 -0.05185551588473362
0.28622245328485874 -0.05205278317168732
0.29737934299750524 -0.05219046697161606
0.30865828381745486 -0.05226664109759104
0.320052481732506 -0.05227937515659807
0.33155507330389 -0.052226781545491506
0.3431591298005543 -0.05210706765858675
0.35485766137276875 -0.05191858980641491
0.36664362126255073 -0.05165990518742356
0.3785099100483679 -0.051329818388827796
0.3904493799215649 -0.05092741930865227
0.4024548389919357 -0.050452110056378445
0.41451905561984914 -0.049903619253785274
0.42663476277231926 -0.04928200315462394
0.43879466240039156 -0.0485876340553592
0.4509914298352198 -0.04782117749812604
0.46321771820016633 -0.046983560691161115
0.475466162836291 -0.046075935318123366
0.4877293857385438 -0.045099638415242185
0.4999999999999999 -0.04405615522050914
0.512270614261456 -0.04294708781908834
0.5245338371637088 -0.041774133023184085
0.5367822817998334 -0.040539072255111996
0.54900857016478 -0.03924377529324568
0.5612053375996082 -0.037890218654609266
0.5733652372276805 -0.036480518202437036
0.5854809443801506 -0.03501697436842993
0.5975451610080642 -0.03350212725710453
0.6095506200784349 -0.03193881793943937
0.6214900899516319 -0.030330251521045296
0.6333563787374491 -0.028680057146745784
0.645142338627231 -0.02699234001882177
0.6568408701994456 -0.025271720776550773
0.6684449266961098 -0.02352335820082414
0.6799475182674938 -0.021752952134858592
0.691341716182545 -0.019966724692022365
0.7026206570024947 -0.018171379176279034
0.713777546715141 -0.01637403757657257
0.7248056648273034 -0.014582158911980921
0.7356983684129987 -0.012803441996558867
0.746449096114892 -0.01104571726437471
0.7570513720966108 -0.0093168330623025
0.7674988099435485 -0.007624542216196069
0.7777851165098009 -0.005976394665392204
0.7879040957089227 -0.004379641529626264
0.7978496522462164 -0.0028411551399575526
0.8076157952903136 -0.001367368379358014
0.8171966420818224 3.576478547805866e-05
0.8265864214768883 0.0013627873438487271
0.8357794774235092 0.002608737325077777
0.8447702723685334 0.0037691290520880183
0.8535533905932737 0.0048399221605378
0.8621235414757333 0.005817484152858018
0.8704755626774794 0.0066985530329256825
0.8786044232532422 0.007480206871154772
0.8865052266813687 0.00815984693609382
0.894173213813303 0.008735200286087028
0.9016037657403225 0.009204346468374421
0.9087924065757916 0.00956577128426905
0.9157348061512727 0.00981844854193529
0.9224267826248536 0.009961948454905847
0.928864305000136 0.009996568997704847
0.9350434955543556 0.009923484254660109
0.9409606321741775 0.009744901751239978
0.9466121505977576 0.009464219087987759
0.9519946465617215 0.009086169036184802
0.9571048778517655 0.008616941705342922
0.9619397662556433 0.008064272524256958
0.9664963994173694 0.007437485617994307
0.9707720325915102 0.0067474836977418195
0.9747640902965183 0.006006677749886374
0.9784701678661044 0.005228852514667245
0.98188803289772 0.004428966846448995
0.985015626597272 0.003622891381579008
0.9878510650192642 0.0028270893210385105
0.9903926402016152 0.0020582493704003925
0.9926388211944706 0.001332882778908417
0.9945882549823906 0.0006668988075863602
0.9962397672993549 7.517468372800315e-05
0.9975923633360985 -0.0004288629483162951
0.9986452283393451 -0.0008336279639987144
0.9993977281025862 -0.0011297197313141136
0.9998494093481021 -0.001310208376763404
1.0 -0.0013708479815930797
