1.0 0.0016642494669097078
0.9998494093481021 0.0017473448748677048
0.9993977281025862 0.001995148673666771
0.9986452283393451 0.0024032686757704596
0.9975923633360985 0.00296456563161155
0.9962397672993549 0.0036694159897752163
0.9945882549823906 0.004506062570481672
0.9926388211944706 0.005461037048366386
0.9903926402016152 0.0065196350212228795
0.9878510650192642 0.007666422314474185
0.985015626597272 0.008885750134308916
0.98188803289772 0.010162256771872765
0.9784701678661044 0.011481334750182723
0.9747640902965183 0.012829544508104779
0.9707720325915102 0.014194958791547363
0.9664963994173694 0.015567425686236857
0.9619397662556433 0.01693874246160986
0.9571048778517655 0.018302736864772334
0.9519946465617215 0.019655256965459264
0.9466121505977576 0.020994074874898568
0.9409606321741775 0.022318713433147615
0.9350434955543556 0.02363020810404719
0.928864305000136 0.02493081870009779
0.9224267826248536 0.026223707095255573
0.9157348061512727 0.027512597736890743
0.9087924065757916 0.028801437554476294
0.9016037657403225 0.03009407084445151
0.894173213813303 0.031393942991262344
0.8865052266813687 0.032703844599164304
0.8786044232532422 0.034025704915617475
0.8704755626774794 0.035360440494160685
0.8621235414757333 0.0367078620425044
0.8535533905932737 0.0380666394908616
0.8447702723685334 0.039434322638818284
0.8357794774235092 0.0408074124137732
0.8265864214768883 0.04218147588764987
0.8171966420818224 0.043551296806182103
0.8076157952903136 0.04491105250884032
0.7978496522462164 0.04625450774881137
0.7879040957089227 0.047575216025709695
0.7777851165098009 0.0488667195613449
0.7674988099435485 0.05012273990754265
0.7570513720966108 0.05133735229210915
0.746449096114892 0.05250513809899093
0.7356983684129987 0.05362131125889733
0.7248056648273034 0.05468181572221669
0.713777546715141 0.05568339253342152
0.7026206570024947 0.05662361627532701
0.691341716182545 0.05750090176692989
0.6799475182674938 0.05831448285838837
0.6684449266961098 0.05906436596160309
0.6568408701994456 0.05975126158534543
0.645142338627231 0.060376497617529806
0.6333563787374491 0.0609419184257043
0.6214900899516319 0.0614497740430989
0.6095506200784349 0.061902603783611426
0.5975451610080642 0.062303118594380404
0.5854809443801506 0.0626540863152714
0.5733652372276805 0.06295822377373086
0.5612053375996082 0.06321809930185081
0.54900857016478 0.06343604882026987
0.5367822817998334 0.0636141080920936
0.5245338371637088 0.06375396311405192
0.512270614261456 0.06385691989154345
0.4999999999999999 0.0639238940556392
0.4877293857385438 0.06395541994758464
0.475466162836291 0.06395167795130459
0.46321771820016633 0.06391253803475903
0.4509914298352198 0.06383761670913553
0.43879466240039156 0.06372634397506698
0.42663476277231926 0.06357803634017557
0.41451905561984914 0.0633919717000892
0.4024548389919357 0.06316746180483361
0.3904493799215649 0.06290391820147759
0.3785099100483679 0.06260090795490873
0.36664362126255073 0.0622581960883764
0.35485766137276875 0.06187577252414793
0.3431591298005543 0.06145386229685816
0.33155507330389 0.06099291889902821
0.320052481732506 0.060493601730991164
0.30865828381745486 0.05995673969181827
0.29737934299750524 0.0593832838892703
0.28622245328485874 0.05877425319608986
0.27519433517269654 0.058130676878645184
0.26430163158700104 0.057453538729247966
0.2535509038851079 0.056743727022261
0.2429486279033891 0.05600199418550202
0.23250119005645137 0.055228929354884465
0.2222148834901989 0.05442494600675875
0.2120959042910774 0.053590285704216006
0.20215034775378343 0.052725037731897864
0.19238420470968637 0.05182917312033703
0.18280335791817703 0.05090259037124294
0.17341357852311146 0.049945169182052204
0.16422052257649067 0.04895682771393487
0.15522972763146647 0.047937578517939616
0.14644660940672616 0.046887578172495926
0.1378764585242665 0.045807166009155
0.12952443732252045 0.044696888000895496
0.12139557674675777 0.04355750291866355
0.11349477331863145 0.04238996916071535
0.10582678618669683 0.04119541213713415
0.09839623425967753 0.039975073643556513
0.09120759342420814 0.03873024616957489
0.08426519384872727 0.0374621964435782
0.07757321737514639 0.03617208360973073
0.07113569499986394 0.03486087817302516
0.06495650444564427 0.033529288166619105
0.059039367825822475 0.03217769885248004
0.05338784940224234 0.030806131654709062
0.048005353438278275 0.029414226971654377
0.042895122148234655 0.028001254077741355
0.038060233744356575 0.026566149597850006
0.03350360058263052 0.025107584128695577
0.029227967408489597 0.023624054621695367
0.025235909703481607 0.022113998266098462
0.021529832133895532 0.020575921953167632
0.018111967102280024 0.019008540083390743
0.014984373402728013 0.017410912599637052
0.012148934980735715 0.015782574761995124
0.009607359798384785 0.014123650362821006
0.007361178805529334 0.012434940814038153
0.005411745017609493 0.01071798378575858
0.0037602327006450165 0.008975076762685401
0.0024076366639015356 0.007209262908090166
0.0013547716606548965 0.0054242788555978715
0.0006022718974137975 0.0036244663420430595
0.00015059065189787502 0.0018146517999548327
0.0 0.0
0.00015059065189787502 -0.0015681446675308117
0.0006022718974137975 -0.003131482257120321
0.0013547716606548965 -0.0046848835337915985
0.0024076366639015356 -0.006223569184928012
0.0037602327006450165 -0.0077432640183262595
0.005411745017609493 -0.009240327308534597
0.007361178805529334 -0.010711853340709388
0.009607359798384785 -0.01215573776864053
0.012148934980735715 -0.013570707189637479
0.014984373402728013 -0.01495631124330971
0.018111967102280024 -0.016312878457534343
0.021529832133895532 -0.01764143888682847
0.025235909703481607 -0.018943618215972003
0.029227967408489597 -0.020221509347197637
0.03350360058263052 -0.02147752848180427
0.038060233744356575 -0.02271426329701351
0.042895122148234655 -0.02393432098043391
0.048005353438278275 -0.025140183616901908
0.05338784940224234 -0.026334077749881377
0.059039367825822475 -0.027517863909358047
0.06495650444564427 -0.028692950577674552
0.07113569499986394 -0.02986023553725324
0.07757321737514639 -0.031020075903521994
0.08426519384872727 -0.03217228649131177
0.09120759342420814 -0.03331616459109079
0.09839623425967753 -0.03445053783312969
0.10582678618669683 -0.03557383067108775
0.11349477331863145 -0.0366841441825762
0.12139557674675777 -0.037779343403497305
0.12952443732252045 -0.03885714630322129
0.1378764585242665 -0.03991520876343076
0.14644660940672616 -0.04095120051659942
0.15522972763146647 -0.041962867882012235
0.16422052257649067 -0.04294808024242913
0.17341357852311146 -0.0439048584548996
0.18280335791817703 -0.044831384699544306
0.19238420470968637 -0.045725994553423736
0.20215034775378343 -0.04658715325005611
0.2120959042910774 -0.04741341907529444
0.2222148834901989 -0.04820339759777208
0.23250119005645137 -0.04895569089537303
0.2429486279033891 -0.049668846096828076
0.2535509038851079 -0.05034130740949761
0.26430163158700104 -0.050971375371574694
0.27519433517269654 -0.05155717638937128
0.28622245328485874 -0.05209664475418561
0.29737934299750524 -0.05258751834660475
0.30865828381745486 -0.053027348204102716
0.320052481732506 -0.05341352112722785
0.33155507330389 -0.05374329360347734
0.3431591298005543 -0.054013834600083875
0.35485766137276875 -0.05422227426783133
0.36664362126255073 -0.05436575534107317
0.3785099100483679 -0.05444148402838488
0.3904493799215649 -0.05444677745748851
0.4024548389919357 -0.054379105241237215
0.41451905561984914 -0.05423612342473551
0.42663476277231926 -0.054015699898757534
0.43879466240039156 -0.053715931252969855
0.4509914298352198 -0.053335151920416476
0.46321771820016633 -0.05287193725905832
0.475466162836291 -0.052325102859593936
0.4877293857385438 -0.05169370280515829
0.4999999999999999 -0.05097702979713296
0.512270614261456 -0.050174619980374896
0.5245338371637088 -0.04928626494963206
0.5367822817998334 -0.04831203281699539
0.54900857016478 -0.047252299408339075
0.5612053375996082 -0.04610778969278805
0.5733652372276805 -0.044879628504909654
0.5854809443801506 -0.04356939857469432
0.5975451610080642 -0.04217920291839269
0.6095506200784349 -0.040711727843458556
0.6214900899516319 -0.03917030225337914
0.6333563787374491 -0.03755894865829134
0.645142338627231 -0.03588242134078071
0.6568408701994456 -0.03414622750619459
0.6684449266961098 -0.03235662795180446
0.6799475182674938 -0.030520614783467348
0.691341716182545 -0.02864586493370175
0.7026206570024947 -0.026740669613840508
0.713777546715141 -0.02481384127353689
0.7248056648273034 -0.02287460104376722
0.7356983684129987 -0.020932450903850153
0.746449096114892 -0.01899703584426756
0.7570513720966108 -0.017078002013629308
0.7674988099435485 -0.015184857177754018
0.7777851165098009 -0.01332683974374685
0.7879040957089227 -0.011512802102330084
0.7978496522462164 -0.009751113137366544
0.8076157952903136 -0.008049583491641537
0.8171966420818224 -0.0064154156385545355
0.8265864214768883 -0.0048551790889055715
0.8357794774235092 -0.0033748092753813075
0.8447702723685334 -0.0019796269285176677
0.8535533905932737 -0.000674373211468342
0.8621235414757333 0.0005367453664869089
0.8704755626774794 0.0016500090856245504
0.8786044232532422 0.0026621414001727108
0.8865052266813687 0.003570276619340928
0.894173213813303 0.004371945245277148
0.9016037657403225 0.005065082127944397
0.9087924065757916 0.005648060943178139
0.9157348061512727 0.006119756485458022
0.9224267826248536 0.006479634011782512
0.928864305000136 0.006727862519184547
0.9350434955543556 0.00686544654000487
0.9409606321741775 0.006894368952905485
0.9466121505977576 0.0068177355831056516
0.9519946465617215 0.006639911134318666
0.9571048778517655 0.006366635362598569
0.9619397662556433 0.006005108439752427
0.9664963994173694 0.005564035192239539
0.9707720325915102 0.005053619328608425
0.9747640902965183 0.004485500828996427
0.9784701678661044 0.0038726322672488363
0.98188803289772 0.0032290928366923138
0.985015626597272 0.002569842092483867
0.9878510650192642 0.0019104187251185786
0.9903926402016152 0.0012665928506842515
0.9926388211944706 0.0006539831560649567
0.9945882549823906 8.765259804040834e-05
0.9962397672993549 -0.0004183019242800501
0.9975923633360985 -0.0008511495378793183
0.9986452283393451 -0.001199898478956726
0.9993977281025862 -0.0014556264753522402
0.9998494093481021 -0.0016117541508152559
1.0 -0.0016642494669097078
