1.0 0.0018097529472678388
0.9998494093481021 0.0018898004852185833
0.9993977281025862 0.0021284860250911615
0.9986452283393451 0.0025214932536244956
0.9975923633360985 0.003061808799592978
0.9962397672993549 0.0037399841866927012
0.9945882549823906 0.004544485492114923
0.9926388211944706 0.00546211470757028
0.9903926402016152 0.006478483689494722
0.9878510650192642 0.007578519455099266
0.985015626597272 0.00874697852788326
0.98188803289772 0.009968948096927114
0.9784701678661044 0.01123031290381281
0.9747640902965183 0.012518168925502265
0.9707720325915102 0.013821167944038653
0.9664963994173694 0.015129780803759357
0.9619397662556433 0.01643647134068888
0.9571048778517655 0.017735777394578007
0.9519946465617215 0.019024299744109532
0.9466121505977576 0.020300604011093636
0.9409606321741775 0.021565044352496014
0.9350434955543556 0.02281952092483009
0.928864305000136 0.024067185530014384
0.9224267826248536 0.025312111448465124
0.9157348061512727 0.02655894419696466
0.9087924065757916 0.027812549828013143
0.9016037657403225 0.029077676472103308
0.894173213813303 0.030358643212629065
0.8865052266813687 0.03165906820454601
0.8786044232532422 0.032981645354056205
0.8704755626774794 0.03432797603067095
0.8621235414757333 0.03569845934940711
0.8535533905932737 0.03709224169534593
0.8447702723685334 0.038507223504010764
0.8357794774235092 0.039940118973782565
0.8265864214768883 0.04138656245710998
0.8171966420818224 0.04284125381081465
0.8076157952903136 0.044298134006378956
0.7978496522462164 0.04575058180342661
0.7879040957089227 0.04719162224266886
0.7777851165098009 0.0486141380666936
0.7674988099435485 0.05001107586154467
0.7570513720966108 0.0513756396539003
0.746449096114892 0.052701465820002326
0.7356983684129987 0.0539827743884269
0.7248056648273034 0.05521449308177328
0.713777546715141 0.05639235168549535
0.7026206570024947 0.057512945511073894
0.691341716182545 0.058573767804304136
0.6799475182674938 0.05957321191883393
0.6684449266961098 0.06051054492208342
0.6568408701994456 0.061385855025349836
0.645142338627231 0.06219997583756958
0.6333563787374491 0.06295439094056511
0.6214900899516319 0.06365112268000492
0.6095506200784349 0.06429260936570531
0.5975451610080642 0.06488157527851134
0.5854809443801506 0.06542089798583234
0.5733652372276805 0.0659134774672771
0.5612053375996082 0.06636211143659702
0.54900857016478 0.06676938100665604
0.5367822817998334 0.06713755047259747
0.5245338371637088 0.06746848448124809
0.512270614261456 0.06776358521513653
0.4999999999999999 0.06802375145870997
0.4877293857385438 0.0682493605532478
0.475466162836291 0.06844027331601567
0.46321771820016633 0.0685958610375613
0.4509914298352198 0.06871505272482278
0.43879466240039156 0.06879639987718655
0.42663476277231926 0.06883815531883575
0.41451905561984914 0.06883836201162817
0.4024548389919357 0.06879494737922262
0.3904493799215649 0.06870581851539716
0.3785099100483679 0.06856895374377737
0.36664362126255073 0.06838248634280647
0.35485766137276875 0.06814477683198711
0.3431591298005543 0.06785447099968775
0.33155507330389 0.06751054179050883
0.320052481732506 0.06711231420054745
0.30865828381745486 0.06665947338296928
0.29737934299750524 0.06615205717193257
0.28622245328485874 0.06559043512006606
0.27519433517269654 0.06497527685083601
0.26430163158700104 0.06430751300222132
0.2535509038851079 0.0635882922488525
0.2429486279033891 0.06281893782261035
0.23250119005645137 0.06200090661441524
0.2222148834901989 0.06113575336161227
0.2120959042910774 0.06022510165454202
0.20215034775378343 0.059270622597304506
0.19238420470968637 0.05827402100754129
0.18280335791817703 0.05723702812007639
0.17341357852311146 0.05616139895051224
0.16422052257649067 0.0550489118511341
0.15522972763146647 0.053901367413014295
0.14644660940672616 0.052720583776637284
0.1378764585242665 0.05150838562760652
0.12952443732252045 0.05026658466806862
0.12139557674675777 0.048996950137138305
0.11349477331863145 0.0477011689499214
0.10582678618669683 0.04638079615969939
0.09839623425967753 0.045037197631587686
0.09120759342420814 0.04367148795033792
0.08426519384872727 0.042284467570914405
0.07757321737514639 0.04087656396590457
0.07113569499986394 0.039447781950953026
0.06495650444564427 0.03799766842143236
0.059039367825822475 0.036525296379828764
0.05338784940224234 0.035029272372732546
0.048005353438278275 0.033507770318577185
0.042895122148234655 0.031958593251811926
0.038060233744356575 0.030379262821921174
0.03350360058263052 0.028767134573593218
0.029227967408489597 0.027119535218335385
0.025235909703481607 0.025433916414526758
0.021529832133895532 0.023708018125555407
0.018111967102280024 0.021940033535269087
0.014984373402728013 0.020128766856849896
0.012148934980735715 0.01827377523816421
0.009607359798384785 0.016375486373614977
0.007361178805529334 0.014435284373755606
0.005411745017609493 0.012455557877452112
0.0037602327006450165 0.010439706241109802
0.0024076366639015356 0.008392101799791218
0.0013547716606548965 0.006318008537427564
0.0006022718974137975 0.004223459884802662
0.00015059065189787502 0.002115100636639352
0.0 0.0
0.00015059065189787502 -0.0013162588426686838
0.0006022718974137975 -0.0026294093053285832
0.0013547716606548965 -0.003935969652839043
0.0024076366639015356 -0.0052327925379628435
0.0037602327006450165 -0.00651720949227152
0.005411745017609493 -0.007787149421213693
0.007361178805529334 -0.009041224755051305
0.009607359798384785 -0.01027878071674258
0.012148934980735715 -0.01149990522145215
0.014984373402728013 -0.012705399100324845
0.018111967102280024 -0.013896708516979663
0.021529832133895532 -0.015075823493370494
0.025235909703481607 -0.016245148265234998
0.029227967408489597 -0.017407350644838556
0.03350360058263052 -0.0185651986000975
0.038060233744356575 -0.019721392810544407
0.042895122148234655 -0.020878404007188742
0.048005353438278275 -0.02203832345066238
0.05338784940224234 -0.023202733985288684
0.059039367825822475 -0.024372607788208336
0.06495650444564427 -0.0255482352977777
0.07113569499986394 -0.02672918795698284
0.07757321737514639 -0.027914315459407472
0.08426519384872727 -0.02910177625500405
0.09120759342420814 -0.030289098274725083
0.09839623425967753 -0.03147326527069546
0.10582678618669683 -0.03265082292906335
0.11349477331863145 -0.03381799806115701
0.12139557674675777 -0.03497082375482273
0.12952443732252045 -0.03610526338405483
0.1378764585242665 -0.03721732681578051
0.14644660940672616 -0.0383031729762807
0.15522972763146647 -0.03935919408158162
0.16422052257649067 -0.04038207821325732
0.17341357852311146 -0.04136884843782196
0.18280335791817703 -0.04231687822247848
0.19238420470968637 -0.043223884391238004
0.20215034775378343 -0.04408790019933388
0.2120959042910774 -0.044907232199665865
0.2222148834901989 -0.04568040537024516
0.23250119005645137 -0.04640610142582919
0.2429486279033891 -0.047083095333980786
0.2535509038851079 -0.04771019480430673
0.26430163158700104 -0.0482861869519833
0.27519433517269654 -0.04880979550618113
0.28622245328485874 -0.04927965091081577
0.29737934299750524 -0.04969427453095696
0.30865828381745486 -0.05005207702066023
0.320052481732506 -0.05035136981373768
0.33155507330389 -0.05059038774805346
0.3431591298005543 -0.05076732009387165
0.35485766137276875 -0.05088034677800481
0.36664362126255073 -0.05092767640783499
0.3785099100483679 -0.050907582809961195
0.3904493799215649 -0.05081843719164225
0.4024548389919357 -0.05065873367214249
0.41451905561984914 -0.05042710675962309
0.42663476277231926 -0.05012234029692738
0.43879466240039156 -0.049743368386834186
0.4509914298352198 -0.04928926975116356
0.46321771820016633 -0.04875925779853304
0.475466162836291 -0.04815266930156529
0.4877293857385438 -0.04746895495933249
0.4999999999999999 -0.04670767520698545
0.512270614261456 -0.04586850441596154
0.5245338371637088 -0.04495124611240066
0.5367822817998334 -0.04395586105917754
0.54900857016478 -0.04288250905039626
0.5612053375996082 -0.04173160412630454
0.5733652372276805 -0.040503881714466006
0.5854809443801506 -0.03920047502998815
0.5975451610080642 -0.03782299701467615
0.6095506200784349 -0.036373623247234685
0.6214900899516319 -0.03485517068681852
0.6333563787374491 -0.03327116687509047
0.645142338627231 -0.031625904349817
0.6568408701994456 -0.029924475522850352
0.6684449266961098 -0.028172784127445664
0.6799475182674938 -0.026377530498629866
0.691341716182545 -0.02454616934674552
0.7026206570024947 -0.02268684023012519
0.713777546715141 -0.020808272526431602
0.7248056648273034 -0.018919668235193317
0.7356983684129987 -0.017030567308908496
0.746449096114892 -0.015150701307626318
0.7570513720966108 -0.013289841918534632
0.7674988099435485 -0.011457651216083869
0.7777851165098009 -0.009663540424682305
0.7879040957089227 -0.007916543380179983
0.7978496522462164 -0.006225209894670203
0.8076157952903136 -0.0045975228683916266
0.8171966420818224 -0.003040841346881996
0.8265864214768883 -0.0015618698975219565
0.8357794774235092 -0.00016665279946245434
0.8447702723685334 0.0011394102653622263
0.8535533905932737 0.0023515319357001823
0.8621235414757333 0.0034654945053286786
0.8704755626774794 0.0044776039217989255
0.8786044232532422 0.005384647860793557
0.8865052266813687 0.00618386510139969
0.894173213813303 0.006872932689358444
0.9016037657403225 0.007449976113245848
0.9087924065757916 0.007913605997488646
0.9157348061512727 0.008262982734343659
0.9224267826248536 0.008497908160517414
0.928864305000136 0.008618940979445214
0.9350434955543556 0.008627530295271777
0.9409606321741775 0.00852615951866028
0.9466121505977576 0.008318491178245919
0.9519946465617215 0.008009501956567449
0.9571048778517655 0.007605596669523647
0.9619397662556433 0.007114689992369074
0.9664963994173694 0.006546245530859477
0.9707720325915102 0.005911263327678299
0.9747640902965183 0.005222209022231406
0.9784701678661044 0.004492880545601343
0.98188803289772 0.0037382112952123138
0.985015626597272 0.0029740120304888387
0.9878510650192642 0.0022166570774832667
0.9903926402016152 0.0014827236350418284
0.9926388211944706 0.0007885958489718154
0.9945882549823906 0.00015004769022694737
0.9962397672993549 -0.00041817960958742423
0.9975923633360985 -0.0009027888600068912
0.9986452283393451 -0.0012923101291717441
0.9993977281025862 -0.0015774397985337948
0.9998494093481021 -0.001751320953589999
1.0 -0.0018097529472678388
