1.0 0.001581902675475414
0.9998494093481021 0.0016672875036547793
0.9993977281025862 0.001921941706628279
0.9986452283393451 0.0023414203066421534
0.9975923633360985 0.0029184986208880704
0.9962397672993549 0.003643438686177968
0.9945882549823906 0.004504344752602911
0.9926388211944706 0.005487591459634761
0.9903926402016152 0.006578305144848331
0.9878510650192642 0.007760876587854812
0.985015626597272 0.009019482458616331
0.98188803289772 0.010338592855126024
0.9784701678661044 0.011703443551012795
0.9747640902965183 0.013100453837951904
0.9707720325915102 0.01451757399482706
0.9664963994173694 0.015944550254283367
0.9619397662556433 0.017373099443751587
0.9571048778517655 0.018796990009596407
0.9519946465617215 0.02021203064321282
0.9466121505977576 0.02161597198072153
0.9409606321741775 0.02300833063153243
0.9350434955543556 0.024390147929021434
0.928864305000136 0.025763698156804894
0.9224267826248536 0.027132162504438728
0.9157348061512727 0.028499285617014987
0.9087924065757916 0.02986903134556655
0.9016037657403225 0.031245253248052364
0.894173213813303 0.03263139364285947
0.8865052266813687 0.03403022271831046
0.8786044232532422 0.035443626513474505
0.8704755626774794 0.03687244967813627
0.8621235414757333 0.038316395962293616
0.8535533905932737 0.039773986535759455
0.8447702723685334 0.04124257363404748
0.8357794774235092 0.04271840477870466
0.8265864214768883 0.044196731008577295
0.8171966420818224 0.04567195123017294
0.8076157952903136 0.047137783964869825
0.7978496522462164 0.04858745742296455
0.7879040957089227 0.05001390892878257
0.7777851165098009 0.051409985196997986
0.7674988099435485 0.05276863574440815
0.7570513720966108 0.0540830927337228
0.746449096114892 0.055347031706281774
0.7356983684129987 0.056554708894229075
0.7248056648273034 0.05770107204441121
0.713777546715141 0.05878184288360957
0.7026206570024947 0.059793570469100256
0.691341716182545 0.060733655675295484
0.6799475182674938 0.06160034795418796
0.6684449266961098 0.062392716272409554
0.6568408701994456 0.06311059677585867
0.645142338627231 0.06375452027262415
0.6333563787374491 0.06432562306537772
0.6214900899516319 0.06482554501225665
0.6095506200784349 0.0652563189530321
0.5975451610080642 0.06562025580236795
0.5854809443801506 0.06591982967643416
0.5733652372276805 0.06615756737128627
0.5612053375996082 0.06633594633753455
0.54900857016478 0.06645730498287598
0.5367822817998334 0.06652376867268975
0.5245338371637088 0.06653719418637778
0.512270614261456 0.06649913462991867
0.4999999999999999 0.06641082592067402
0.4877293857385438 0.06627319497817633
0.475466162836291 0.06608688871529494
0.46321771820016633 0.06585232187863717
0.4509914298352198 0.06556974079329303
0.43879466240039156 0.06523929918648334
0.42663476277231926 0.06486114155762515
0.41451905561984914 0.06443548908309732
0.4024548389919357 0.06396272283604744
0.3904493799215649 0.06344345919322573
0.3785099100483679 0.06287861270172848
0.36664362126255073 0.06226944237753909
0.35485766137276875 0.06161757837227806
0.3431591298005543 0.06092502712161237
0.33155507330389 0.06019415440765132
0.320052481732506 0.05942764714432961
0.30865828381745486 0.058628456037436154
0.29737934299750524 0.057799722486509386
0.28622245328485874 0.0569446940968795
0.27519433517269654 0.05606663388177357
0.26430163158700104 0.05516872860032029
0.2535509038851079 0.054254001664840915
0.2429486279033891 0.05332523565427332
0.23250119005645137 0.05238490871261078
0.2222148834901989 0.051435148042105805
0.2120959042910774 0.050477702395672695
0.20215034775378343 0.04951393402618861
0.19238420470968637 0.04854482907020423
0.18280335791817703 0.04757102394322432
0.17341357852311146 0.046592844113319036
0.16422052257649067 0.04561035069778774
0.15522972763146647 0.044623389772659464
0.14644660940672616 0.04363163914947786
0.1378764585242665 0.042634647679443326
0.12952443732252045 0.041631862879242316
0.12139557674675777 0.04062264378967174
0.11349477331863145 0.039606257400059
0.10582678618669683 0.03858185859477004
0.09839623425967753 0.037548455279858645
0.09120759342420814 0.036504861994793254
0.08426519384872727 0.035449646772269736
0.07757321737514639 0.034381077154007435
0.07113569499986394 0.03329707199704843
0.06495650444564427 0.03219516593619255
0.059039367825822475 0.03107249306107463
0.05338784940224234 0.029925795517127596
0.048005353438278275 0.028751461384713725
0.042895122148234655 0.027545594405390318
0.038060233744356575 0.026304116018505293
0.03350360058263052 0.025022897882548977
0.029227967408489597 0.023697920739726618
0.025235909703481607 0.022325453302468615
0.021529832133895532 0.020902242956502982
0.018111967102280024 0.01942570863062232
0.014984373402728013 0.017894125296183803
0.012148934980735715 0.01630678931233496
0.009607359798384785 0.014664154266823583
0.007361178805529334 0.012967928072301611
0.005411745017609493 0.011221123813374864
0.0037602327006450165 0.009428059105833853
0.0024076366639015356 0.007594301394340846
0.0013547716606548965 0.00572655951688271
0.0006022718974137975 0.0038325248234931998
0.00015059065189787502 0.0019206679665559653
0.0 0.0
0.00015059065189787502 -0.0017051988204308238
0.0006022718974137975 -0.0034055558558911056
0.0013547716606548965 -0.005095929275712319
0.0024076366639015356 -0.006771522171044835
0.0037602327006450165 -0.008428035197796216
0.005411745017609493 -0.010061796420297087
0.007361178805529334 -0.011669862611620667
0.009607359798384785 -0.013250087723983315
0.012148934980735715 -0.014801155907196719
0.014984373402728013 -0.016322578233337184
0.018111967102280024 -0.017814654084467477
0.021529832133895532 -0.019278399879980423
0.025235909703481607 -0.020715449368818716
0.029227967408489597 -0.022127931007915075
0.03350360058263052 -0.023518328925249424
0.038060233744356575 -0.02488933457632664
0.042895122148234655 -0.02624369642039858
0.048005353438278275 -0.02758407476383279
0.05338784940224234 -0.028912908361743508
0.059039367825822475 -0.03023229847569298
0.06495650444564427 -0.031543914913916046
0.07113569499986394 -0.03284892720502741
0.07757321737514639 -0.034147962560799924
0.08426519384872727 -0.035441090757823056
0.09120759342420814 -0.0367278346009206
0.09839623425967753 -0.038007203306816235
0.10582678618669683 -0.03927774503784318
0.11349477331863145 -0.040537613980856084
0.12139557674675777 -0.041784646846162586
0.12952443732252045 -0.04301644347520131
0.1378764585242665 -0.04423044639265972
0.14644660940672616 -0.04542401459685371
0.15522972763146647 -0.04659448761064203
0.16422052257649067 -0.04773923675708973
0.17341357852311146 -0.04885570171061938
0.18280335791817703 -0.049941411529176305
0.19238420470968637 -0.05099399051736746
0.20215034775378343 -0.05201115032885485
0.2120959042910774 -0.05299067062058313
0.2222148834901989 -0.053930371265993614
0.23250119005645137 -0.05482807957926686
0.2429486279033891 -0.05568159617609717
0.2535509038851079 -0.056488662996162745
0.26430163158700104 -0.057246936655229654
0.27519433517269654 -0.057953969715450984
0.28622245328485874 -0.05860720171078581
0.29737934299750524 -0.05920396090193752
0.30865828381745486 -0.05974147683013546
0.320052481732506 -0.060216902861832164
0.33155507330389 -0.060627347134250116
0.3431591298005543 -0.060969909684050486
0.35485766137276875 -0.061241723115301086
0.36664362126255073 -0.06143999396980967
0.3785099100483679 -0.061562042016149135
0.3904493799215649 -0.061605334967679344
0.4024548389919357 -0.06156751665021651
0.41451905561984914 -0.06144642732536034
0.42663476277231926 -0.06124011568049056
0.43879466240039156 -0.06094684285570673
0.4509914298352198 -0.060565079720931024
0.46321771820016633 -0.06009349937250257
0.475466162836291 -0.05953096742272878
0.4877293857385438 -0.05887653305329543
0.4999999999999999 -0.05812942395418429
0.512270614261456 -0.05728904815191062
0.5245338371637088 -0.05635500534272282
0.5367822817998334 -0.055327109706948895
0.54900857016478 -0.0542054253288795
0.5612053375996082 -0.05299031433892924
0.5733652372276805 -0.05168249680163454
0.5854809443801506 -0.05028312027364985
0.5975451610080642 -0.048793835933034095
0.6095506200784349 -0.04721687731491192
0.6214900899516319 -0.04555513705065214
0.6333563787374491 -0.043812236655531626
0.645142338627231 -0.041992584382257184
0.6568408701994456 -0.04010141647136827
0.6684449266961098 -0.038144817777052226
0.6799475182674938 -0.03612971869660307
0.691341716182545 -0.03406386652919205
0.7026206570024947 -0.03195577076074322
0.713777546715141 -0.029814623227568088
0.7248056648273034 -0.02765019555405094
0.7356983684129987 -0.02547271758881342
0.746449096114892 -0.023292741683966122
0.7570513720966108 -0.021120998489513466
0.7674988099435485 -0.01896825040404724
0.7777851165098009 -0.016845148891166346
0.7879040957089227 -0.01476210152326611
0.7978496522462164 -0.012729153864131343
0.8076157952903136 -0.010755890191778868
0.8171966420818224 -0.008851355662771019
0.8265864214768883 -0.00702400092113367
0.8357794774235092 -0.005281648468585767
0.8447702723685334 -0.003631478457451331
0.8535533905932737 -0.0020800300648013068
0.8621235414757333 -0.000633213370901027
0.8704755626774794 0.000703674202960304
0.8786044232532422 0.0019259332648594754
0.8865052266813687 0.003029455926387839
0.894173213813303 0.004010733092728846
0.9016037657403225 0.004866880204763611
0.9087924065757916 0.005595684554268255
0.9157348061512727 0.006195675425747536
0.9224267826248536 0.006666216212921742
0.928864305000136 0.007007615450125236
0.9350434955543556 0.007221251537523978
0.9409606321741775 0.0073097039761741865
0.9466121505977576 0.007276882309956587
0.9519946465617215 0.007128142825306302
0.9571048778517655 0.006870382489874712
0.9619397662556433 0.006512099688126679
0.9664963994173694 0.006063412066914343
0.9707720325915102 0.0055360232267198705
0.9747640902965183 0.004943132031243559
0.9784701678661044 0.004299280865452526
0.98188803289772 0.003620142120368418
0.985015626597272 0.0029222453633769505
0.9878510650192642 0.0022226508877768005
0.9903926402016152 0.0015385784378205243
0.9926388211944706 0.0008870026912137507
0.9945882549823906 0.00028422937933335465
0.9962397672993549 -0.0002545324097465826
0.9975923633360985 -0.0007155852811216454
0.9986452283393451 -0.0010871293687746185
0.9993977281025862 -0.001359603128511484
0.9998494093481021 -0.001525964815409211
1.0 -0.001581902675475414
