1.0 0.0012441748857348796
0.9998494093481021 0.0013189679004513893
0.9993977281025862 0.001541922145242762
0.9986452283393451 0.0019088181484870081
0.9975923633360985 0.0024128039650141127
0.9962397672993549 0.0030446570420048138
0.9945882549823906 0.0037931335250542394
0.9926388211944706 0.0046453888000894455
0.9903926402016152 0.005587449938748693
0.9878510650192642 0.006604718591351091
0.985015626597272 0.007682481850305718
0.98188803289772 0.008806408722680079
0.9784701678661044 0.009963011074831139
0.9747640902965183 0.011140050154798922
0.9707720325915102 0.012326872915454824
0.9664963994173694 0.013514666164371143
0.9619397662556433 0.014696620833692674
0.9571048778517655 0.01586800315492095
0.9519946465617215 0.017026133995389835
0.9466121505977576 0.0181702818315338
0.9409606321741775 0.019301478588682447
0.9350434955543556 0.020422270692821896
0.928864305000136 0.02153642002506202
0.9224267826248536 0.022648570962324
0.9157348061512727 0.023763900297725776
0.9087924065757916 0.024887766581855545
0.9016037657403225 0.02602537437897282
0.894173213813303 0.02718146719761217
0.8865052266813687 0.028360060571715657
0.8786044232532422 0.029564224095794865
0.8704755626774794 0.030795918325083847
0.8621235414757333 0.03205588950757708
0.8535533905932737 0.03334362227652364
0.8447702723685334 0.034657347836986166
0.8357794774235092 0.03599410293969538
0.8265864214768883 0.03734983313010202
0.8171966420818224 0.038719532437923684
0.8076157952903136 0.04009741084786524
0.7978496522462164 0.041477080550902407
0.7879040957089227 0.04285175207729747
0.7777851165098009 0.044214431897132256
0.7674988099435485 0.045558113867780865
0.7570513720966108 0.0468759579297155
0.746449096114892 0.04816145062105443
0.7356983684129987 0.049408543221092255
0.7248056648273034 0.05061176457690608
0.713777546715141 0.0517663068607458
0.7026206570024947 0.05286808360910676
0.691341716182545 0.05391376038114195
0.6799475182674938 0.05490075923135577
0.6684449266961098 0.0558272389170002
0.6568408701994456 0.056692053359696105
0.645142338627231 0.05749469136340896
0.6333563787374491 0.058235200968187635
0.6214900899516319 0.05891410210064326
0.6095506200784349 0.059532291374030315
0.5975451610080642 0.0600909429942566
0.5854809443801506 0.06059140973955494
0.5733652372276805 0.06103512789320675
0.5612053375996082 0.06142352981059799
0.54900857016478 0.06175796748402603
0.5367822817998334 0.06203965002383673
0.5245338371637088 0.06226959740092712
0.512270614261456 0.062448612099575286
0.4999999999999999 0.06257726952681687
0.4877293857385438 0.06265592714156763
0.475466162836291 0.06268475134010876
0.46321771820016633 0.06266376021006102
0.4509914298352198 0.06259287939469414
0.43879466240039156 0.06247200754847474
0.42663476277231926 0.06230108726715772
0.41451905561984914 0.06208017698985239
0.4024548389919357 0.06180951923463269
0.3904493799215649 0.061489600667597365
0.3785099100483679 0.06112119992472175
0.36664362126255073 0.06070541979401122
0.35485766137276875 0.060243701290170704
0.3431591298005543 0.05973781826426221
0.33155507330389 0.05918985241945637
0.320052481732506 0.05860214987174216
0.30865828381745486 0.057977261615285304
0.29737934299750524 0.057317871339322465
0.28622245328485874 0.05662671491622382
0.27519433517269654 0.055906496470129144
0.26430163158700104 0.05515980619187827
0.2535509038851079 0.05438904496103473
0.2429486279033891 0.05359636036759182
0.23250119005645137 0.05278359791938698
0.2222148834901989 0.05195227012738017
0.2120959042910774 0.0511035448540796
0.20215034775378343 0.050238252883270475
0.19238420470968637 0.049356913226629516
0.18280335791817703 0.048459773334086576
0.17341357852311146 0.047546860225536156
0.16422052257649067 0.046618037705469795
0.15522972763146647 0.04567306433361056
0.14644660940672616 0.044711646752304074
0.1378764585242665 0.04373348333355816
0.12952443732252045 0.04273829389085806
0.12139557674675777 0.04172583235618648
0.11349477331863145 0.0406958807738602
0.10582678618669683 0.039648224607394575
0.09839623425967753 0.038582611072817255
0.09120759342420814 0.037498693871048906
0.08426519384872727 0.036395969162248916
0.07757321737514639 0.0352737087850146
0.07113569499986394 0.034130897470573164
0.06495650444564427 0.03296618106134245
0.059039367825822475 0.03177783247278621
0.05338784940224234 0.030563741333417566
0.048005353438278275 0.02932143193535562
0.042895122148234655 0.02804811240001088
0.038060233744356575 0.026740755916803124
0.03350360058263052 0.025396212680586377
0.029227967408489597 0.024011348886798362
0.025235909703481607 0.022583207000839045
0.021529832133895532 0.0211091796546544
0.018111967102280024 0.019587188078914183
0.014984373402728013 0.01801585506831379
0.012148934980735715 0.016394662181312154
0.009607359798384785 0.014724081234661337
0.007361178805529334 0.013005671164035193
0.005411745017609493 0.011242132937019712
0.0037602327006450165 0.009437317333738156
0.0024076366639015356 0.0075961829270567004
0.0013547716606548965 0.005724704343951821
0.0006022718974137975 0.0038297336995238404
0.00015059065189787502 0.0019188207862396174
0.0 0.0
0.00015059065189787502 -0.0015520532921942552
0.0006022718974137975 -0.003099739134074399
0.0013547716606548965 -0.004638504629198438
0.0024076366639015356 -0.006164166167079264
0.0037602327006450165 -0.007673070961507946
0.005411745017609493 -0.009162232133229224
0.007361178805529334 -0.01062943077431625
0.009607359798384785 -0.012073280197620505
0.012148934980735715 -0.013493249584519267
0.014984373402728013 -0.014889646383645408
0.018111967102280024 -0.01626355896153109
0.021529832133895532 -0.017616763042801537
0.025235909703481607 -0.01895159728995721
0.029227967408489597 -0.02027081486231308
0.03350360058263052 -0.021577418881588314
0.038060233744356575 -0.022874490363568287
0.042895122148234655 -0.02416501732406424
0.048005353438278275 -0.025451733434529836
0.05338784940224234 -0.026736973817723553
0.059039367825822475 -0.02802255439227751
0.06495650444564427 -0.02930967967475237
0.07113569499986394 -0.030598882223780488
0.07757321737514639 -0.031889995069509854
0.08426519384872727 -0.03318215662364145
0.09120759342420814 -0.03447384581955515
0.09839623425967753 -0.035762943688165405
0.10582678618669683 -0.03704681631826443
0.11349477331863145 -0.03832241324547737
0.12139557674675777 -0.03958637480345896
0.12952443732252045 -0.040835141870968004
0.1378764585242665 -0.04206506174933829
0.14644660940672616 -0.043272484572178985
0.15522972763146647 -0.044453845626355855
0.16422052257649067 -0.04560573017594816
0.17341357852311146 -0.04672491874169756
0.18280335791817703 -0.047808412203406106
0.19238420470968637 -0.048853437467228054
0.20215034775378343 -0.04985743568496087
0.2120959042910774 -0.050818036050863165
0.2222148834901989 -0.0517330189721594
0.23250119005645137 -0.0526002728712539
0.2429486279033891 -0.053417749012239384
0.2535509038851079 -0.054183418556175936
0.26430163158700104 -0.05489523556588632
0.27519433517269654 -0.055551108948761384
0.28622245328485874 -0.05614888540878494
0.29737934299750524 -0.056686344451789696
0.30865828381745486 -0.057161205432056106
0.320052481732506 -0.0575711456251945
0.33155507330389 -0.057913827437577774
0.3431591298005543 -0.05818693218114224
0.35485766137276875 -0.05838819740320689
0.36664362126255073 -0.05851545459404805
0.3785099100483679 -0.05856666420909296
0.3904493799215649 -0.05853994532484261
0.4024548389919357 -0.058433597864386705
0.41451905561984914 -0.05824611612785198
0.42663476277231926 -0.05797619327922898
0.43879466240039156 -0.05762271739824498
0.4509914298352198 -0.05718476062497416
0.46321771820016633 -0.05666156372853356
0.475466162836291 -0.056052519050281864
0.4877293857385438 -0.05535715515046897
0.4999999999999999 -0.05457512658696296
0.512270614261456 -0.05370621205800806
0.5245338371637088 -0.052750323652900374
0.5367822817998334 -0.05170752920251226
0.54900857016478 -0.050578088754181696
0.5612053375996082 -0.049362505078846146
0.5733652372276805 -0.04806158693196391
0.5854809443801506 -0.04667652262099502
0.5975451610080642 -0.04520896036978403
0.6095506200784349 -0.04366109109789381
0.6214900899516319 -0.04203572862337845
0.6333563787374491 -0.040336382006413776
0.645142338627231 -0.038567314813085375
0.6568408701994456 -0.03673358650351145
0.6684449266961098 -0.034841071920590175
0.6799475182674938 -0.032896455933833585
0.691341716182545 -0.030907201612627916
0.7026206570024947 -0.02888149178123651
0.713777546715141 -0.026828145346483395
0.7248056648273034 -0.024756511283562065
0.7356983684129987 -0.02267634451091843
0.746449096114892 -0.020597668984131366
0.7570513720966108 -0.018530634108008457
0.7674988099435485 -0.016485370943315408
0.7777851165098009 -0.014471854632946177
0.7879040957089227 -0.01249977898424893
0.7978496522462164 -0.010578448242447615
0.8076157952903136 -0.008716689827211752
0.8171966420818224 -0.0069227902600345345
0.8265864214768883 -0.005204454786060936
0.8357794774235092 -0.003568789408197796
0.8447702723685334 -0.0020223023297391137
0.8535533905932737 -0.0005709202701883727
0.8621235414757333 0.0007799861057007482
0.8704755626774794 0.0020255742237986745
0.8786044232532422 0.003161506016254337
0.8865052266813687 0.0041839354428073895
0.894173213813303 0.005089513119301321
0.9016037657403225 0.00587541282213436
0.9087924065757916 0.006539382958898424
0.9157348061512727 0.0070798240670188264
0.9224267826248536 0.007495891147170582
0.928864305000136 0.007787617300361804
0.9350434955543556 0.007956052872109855
0.9409606321741775 0.00800341227109326
0.9466121505977576 0.00793321897151612
0.9519946465617215 0.007750438058197196
0.9571048778517655 0.007461585133647537
0.9619397662556433 0.007074800544744652
0.9664963994173694 0.006599878730315854
0.9707720325915102 0.006048244023975507
0.9747640902965183 0.005432866409314566
0.9784701678661044 0.004768113416356481
0.98188803289772 0.004069537432488937
0.985015626597272 0.003353601012910227
0.9878510650192642 0.00263734613111401
0.9903926402016152 0.001938016517124747
0.9926388211944706 0.0012726451015636468
0.9945882549823906 0.0006576209436005374
0.9962397672993549 0.00010825172257683058
0.9975923633360985 -0.00036166119624106083
0.9986452283393451 -0.0007402180221284892
0.9993977281025862 -0.0010177698015218354
0.9998494093481021 -0.001187206973191512
1.0 -0.0012441748857348796
