1.0 0.0019150836549859135
0.9998494093481021 0.0019881043485752733
0.9993977281025862 0.002205770543863484
0.9986452283393451 0.0025639492281729916
0.9975923633360985 0.003055931607207113
0.9962397672993549 0.00367269353234985
0.9945882549823906 0.004403242758283225
0.9926388211944706 0.005235036793907455
0.9903926402016152 0.006154451974793921
0.9878510650192642 0.007147282257611086
0.985015626597272 0.008199245214570338
0.98188803289772 0.009296472824791227
0.9784701678661044 0.010425965891635795
0.9747640902965183 0.011575993171591118
0.9707720325915102 0.012736419437629454
0.9664963994173694 0.013898950529557454
0.9619397662556433 0.015057287744120244
0.9571048778517655 0.01620718844779267
0.9519946465617215 0.017346434309890416
0.9466121505977576 0.01847471281722333
0.9409606321741775 0.01959342153147718
0.9350434955543556 0.020705407708842962
0.928864305000136 0.021814658283615597
0.9224267826248536 0.02292595673837683
0.9157348061512727 0.024044524009781115
0.9087924065757916 0.025175660328959543
0.9016037657403225 0.026324403834685633
0.894173213813303 0.02749522003214662
0.8865052266813687 0.028691733839032257
0.8786044232532422 0.02991651322424242
0.8704755626774794 0.031170910474310764
0.8621235414757333 0.03245496409017416
0.8535533905932737 0.03376736138346419
0.8447702723685334 0.03510545914932563
0.8357794774235092 0.03646535745810883
0.8265864214768883 0.03784201971664333
0.8171966420818224 0.039229430753581936
0.8076157952903136 0.040620783801847395
0.7978496522462164 0.04200868687298828
0.7879040957089227 0.043385379104926354
0.7777851165098009 0.04474294815649944
0.7674988099435485 0.046073540544706144
0.7570513720966108 0.047369557890724986
0.746449096114892 0.04862383327385232
0.7356983684129987 0.049829783207789885
0.7248056648273034 0.05098153207928563
0.713777546715141 0.05207400716531116
0.7026206570024947 0.05310300352626118
0.691341716182545 0.054065219128319644
0.6799475182674938 0.05495826146125517
0.6684449266961098 0.0557806276835205
0.6568408701994456 0.05653166094885689
0.645142338627231 0.057211486057858266
0.6333563787374491 0.05782092794713309
0.6214900899516319 0.058361416790627604
0.6095506200784349 0.05883488365265855
0.5975451610080642 0.05924365070652164
0.5854809443801506 0.05959032001785635
0.5733652372276805 0.05987766478567539
0.5612053375996082 0.060108526730533234
0.54900857016478 0.0602857230120611
0.5367822817998334 0.06041196564168296
0.5245338371637088 0.06048979582917519
0.512270614261456 0.06052153506834268
0.4999999999999999 0.060509254039844355
0.4877293857385438 0.06045475960942664
0.475466162836291 0.06035959935787169
0.46321771820016633 0.060225082233326246
0.4509914298352198 0.060052313112016385
0.43879466240039156 0.05984223833769264
0.42663476277231926 0.05959569873131118
0.41451905561984914 0.05931348616414702
0.4024548389919357 0.05899639960532917
0.3904493799215649 0.05864529661248564
0.3785099100483679 0.05826113654079312
0.36664362126255073 0.05784501229347714
0.35485766137276875 0.05739816820040196
0.3431591298005543 0.05692200254864995
0.33155507330389 0.05641805434292119
0.320052481732506 0.05588797497579314
0.30865828381745486 0.05533348656311689
0.29737934299750524 0.05475632967133101
0.28622245328485874 0.054158203958759185
0.27519433517269654 0.05354070580954612
0.26430163158700104 0.05290526730953524
0.2535509038851079 0.05225310087040017
0.2429486279033891 0.05158515344647404
0.23250119005645137 0.05090207362654879
0.2222148834901989 0.05020419396232284
0.2120959042910774 0.04949152977903376
0.20215034775378343 0.048763794481945705
0.19238420470968637 0.04802043011602543
0.18280335791817703 0.047260650751410484
0.17341357852311146 0.046483495247831165
0.16422052257649067 0.045687885181006374
0.15522972763146647 0.04487268326071632
0.14644660940672616 0.04403674747909571
0.1378764585242665 0.04317897651756721
0.12952443732252045 0.042298342601862576
0.12139557674675777 0.04139390898791223
0.11349477331863145 0.040464830521223405
0.10582678618669683 0.03951033715010927
0.09839623425967753 0.038529701783367655
0.09120759342420814 0.03752219535098124
0.08426519384872727 0.03648703323642995
0.07757321737514639 0.03542331829333157
0.07113569499986394 0.03432998634556635
0.06495650444564427 0.033205760330550484
0.059039367825822475 0.03204911904103027
0.05338784940224234 0.03085828574600102
0.048005353438278275 0.029631240855063266
0.042895122148234655 0.02836576129519016
0.038060233744356575 0.02705948748690096
0.03350360058263052 0.02571001685464992
0.029227967408489597 0.024315020816507375
0.025235909703481607 0.022872380310648505
0.021529832133895532 0.021380333267662983
0.018111967102280024 0.01983762615241798
0.014984373402728013 0.018243660879421295
0.012148934980735715 0.01659862812394025
0.009607359798384785 0.014903618344698335
0.007361178805529334 0.013160702701160092
0.005411745017609493 0.011372977448201003
0.0037602327006450165 0.009544567245061484
0.0024076366639015356 0.007680585013266353
0.0013547716606548965 0.0057870483838120945
0.0006022718974137975 0.0038707552354473778
0.00015059065189787502 0.0019391231855370953
0.0 0.0
0.00015059065189787502 -0.0016497029842992355
0.0006022718974137975 -0.0032942094108799626
0.0013547716606548965 -0.004927952042389747
0.0024076366639015356 -0.00654576611841305
0.0037602327006450165 -0.008143066093189814
0.005411745017609493 -0.009715994247137014
0.007361178805529334 -0.0112615341781922
0.009607359798384785 -0.012777584044439527
0.012148934980735715 -0.014262986553832204
0.014984373402728013 -0.015717514960116828
0.018111967102280024 -0.01714181659922429
0.021529832133895532 -0.018537317660701016
0.025235909703481607 -0.019906094815235965
0.029227967408489597 -0.021250720907699912
0.03350360058263052 -0.022574093091678155
0.038060233744356575 -0.02387925246795715
0.042895122148234655 -0.02516920446603194
0.048005353438278275 -0.026446748874613762
0.05338784940224234 -0.027714327614076887
0.059039367825822475 -0.028973897107957777
0.06495650444564427 -0.0302268305327998
0.07113569499986394 -0.03147385340507811
0.07757321737514639 -0.03271501401212744
0.08426519384872727 -0.033949688227734455
0.09120759342420814 -0.0351766163873485
0.09839623425967753 -0.03639396823895801
0.10582678618669683 -0.03759943062478176
0.11349477331863145 -0.0387903115569011
0.12139557674675777 -0.039963653773415965
0.12952443732252045 -0.041116350720565964
0.1378764585242665 -0.042245258193140886
0.14644660940672616 -0.04334729554673056
0.15522972763146647 -0.04441953141368404
0.16422052257649067 -0.04545925013337309
0.17341357852311146 -0.046463996555675895
0.18280335791817703 -0.047431598395723036
0.19238420470968637 -0.048360166807656195
0.20215034775378343 -0.04924807721030785
0.2120959042910774 -0.05009393355437934
0.2222148834901989 -0.05089652010138225
0.23250119005645137 -0.05165474534234272
0.2429486279033891 -0.052367582895299254
0.2535509038851079 -0.05303401408543305
0.26430163158700104 -0.05365297645445399
0.27519433517269654 -0.05422332171234082
0.28622245328485874 -0.054743785698344496
0.29737934299750524 -0.05521297183611764
0.30865828381745486 -0.05562934843428581
0.320052481732506 -0.055991259084556454
0.33155507330389 -0.05629694442577899
0.3431591298005543 -0.056544572745094016
0.35485766137276875 -0.05673227633203078
0.36664362126255073 -0.05685819022462415
0.3785099100483679 -0.056920490003283225
0.3904493799215649 -0.0569174255907786
0.4024548389919357 -0.056847348576142806
0.41451905561984914 -0.056708731347869426
0.42663476277231926 -0.05650017723315543
0.43879466240039156 -0.0562204218196998
0.4509914298352198 -0.05586832660403205
0.46321771820016633 -0.05544286698544666
0.475466162836291 -0.05494311733395354
0.4877293857385438 -0.05436823634300994
0.4999999999999999 -0.053717456088830745
0.512270614261456 -0.05299007813382446
0.5245338371637088 -0.05218547963061422
0.5367822817998334 -0.05130313172646803
0.54900857016478 -0.05034263167866908
0.5612053375996082 -0.049303749031055014
0.5733652372276805 -0.04818648504681883
0.5854809443801506 -0.046991143428009
0.5975451610080642 -0.04571840926633478
0.6095506200784349 -0.04436943224775957
0.6214900899516319 -0.042945909450098574
0.6333563787374491 -0.04145016268803958
0.645142338627231 -0.039885205313076544
0.6568408701994456 -0.038254793682573
0.6684449266961098 -0.03656345916300896
0.6799475182674938 -0.034816517492591056
0.691341716182545 -0.03302005353959557
0.7026206570024947 -0.031180880877046374
0.713777546715141 -0.029306477058886796
0.7248056648273034 -0.027404896926570478
0.7356983684129987 -0.025484667595459757
0.746449096114892 -0.023554669871044282
0.7570513720966108 -0.021624011642217254
0.7674988099435485 -0.019701899228484893
0.7777851165098009 -0.017797512680310667
0.7879040957089227 -0.015919890635085435
0.7978496522462164 -0.014077829533402713
0.8076157952903136 -0.012279800848584927
0.8171966420818224 -0.010533888550739594
0.8265864214768883 -0.00884774741136364
0.8357794774235092 -0.007228581068321292
0.8447702723685334 -0.005683137135363313
0.8535533905932737 -0.004217715177386073
0.8621235414757333 -0.0028381821965352437
0.8704755626774794 -0.0015499894831292218
0.8786044232532422 -0.0003581843537784194
0.8865052266813687 0.0007325895278936399
0.894173213813303 0.0017181088633627419
0.9016037657403225 0.0025946088983697622
0.9087924065757916 0.0033588458893259445
0.9157348061512727 0.0040081847219382094
0.9224267826248536 0.004540710369630003
0.928864305000136 0.004955359619053409
0.9350434955543556 0.005252067297862029
0.9409606321741775 0.005431919269113469
0.9466121505977576 0.005497302852434135
0.9519946465617215 0.005452044221947134
0.9571048778517655 0.005301521815856929
0.9619397662556433 0.005052744939394413
0.9664963994173694 0.004714387579012007
0.9707720325915102 0.004296768956310676
0.9747640902965183 0.0038117744774254364
0.9784701678661044 0.0032727133793429776
0.98188803289772 0.0026941124053131687
0.985015626597272 0.0020914480955457025
0.9878510650192642 0.0014808235763688817
0.9903926402016152 0.0008785988824591292
0.9926388211944706 0.0003009866673194352
0.9945882549823906 -0.00023637252385751172
0.9962397672993549 -0.0007188395730257906
0.9975923633360985 -0.0011331939404685071
0.9986452283393451 -0.0014680218033785808
0.9993977281025862 -0.0017140591022551113
0.9998494093481021 -0.001864475006551679
1.0 -0.0019150836549859135
