1.0 0.001704417799791268
0.9998494093481021 0.0017826975090577501
0.9993977281025862 0.00201604969896275
0.9986452283393451 0.0024000696853058888
0.9975923633360985 0.0029276008142654145
0.9962397672993549 0.0035890021884416104
0.9945882549823906 0.00437250596269308
0.9926388211944706 0.005264647796331499
0.9903926402016152 0.0062507508682998585
0.9878510650192642 0.007315441693007373
0.985015626597272 0.008443174915927908
0.98188803289772 0.009618744356693137
0.9784701678661044 0.010827758776174758
0.9747640902965183 0.012057063084818999
0.9707720325915102 0.01329508883932355
0.9664963994173694 0.014532121705416876
0.9619397662556433 0.015760477874535724
0.9571048778517655 0.016974585970582254
0.9519946465617215 0.018170975523684588
0.9466121505977576 0.019348177384357797
0.9409606321741775 0.0205065452898352
0.9350434955543556 0.02164801099500192
0.928864305000136 0.022775787807005624
0.9224267826248536 0.02389403892814472
0.9157348061512727 0.025007527680956113
0.9087924065757916 0.026121266478848947
0.9016037657403225 0.02724018037918028
0.894173213813303 0.028368799318628603
0.8865052266813687 0.02951099082099467
0.8786044232532422 0.030669742245517294
0.8704755626774794 0.03184699868128175
0.8621235414757333 0.03304355956273449
0.8535533905932737 0.034259034145330526
0.8447702723685334 0.0354918532829223
0.8357794774235092 0.03673933260785422
0.8265864214768883 0.037997780318423546
0.8171966420818224 0.039262641380802384
0.8076157952903136 0.04052866907477816
0.7978496522462164 0.04179011444459298
0.7879040957089227 0.04304092432024933
0.7777851165098009 0.0442749390914617
0.7674988099435485 0.04548608227085152
0.7570513720966108 0.04666853499096325
0.746449096114892 0.04781688985471756
0.7356983684129987 0.048926279918052866
0.7248056648273034 0.04999247995216321
0.713777546715141 0.05101197844838918
0.7026206570024947 0.05198202004311894
0.691341716182545 0.05290061911958707
0.6799475182674938 0.053766546269061105
0.6684449266961098 0.054579290058916714
0.6568408701994456 0.055338997162747754
0.645142338627231 0.05604639436793824
0.6333563787374491 0.05670269630264311
0.6214900899516319 0.05730950293108728
0.6095506200784349 0.057868690965897154
0.5975451610080642 0.05838230334775004
0.5854809443801506 0.05885244085065181
0.5733652372276805 0.0592811596862517
0.5612053375996082 0.05967037870035268
0.54900857016478 0.06002179937542407
0.5367822817998334 0.06033684137156214
0.5245338371637088 0.06061659575524687
0.512270614261456 0.06086179738605032
0.4999999999999999 0.06107281716894604
0.4877293857385438 0.06124967405503116
0.475466162836291 0.061392065815684814
0.46321771820016633 0.061499416761448746
0.4509914298352198 0.06157093977009423
0.43879466240039156 0.061605709274525244
0.42663476277231926 0.061602741286375544
0.41451905561984914 0.06156107613759906
0.4024548389919357 0.061479859444626375
0.3904493799215649 0.061358416861230634
0.3785099100483679 0.061196318496522115
0.36664362126255073 0.06099342942684931
0.35485766137276875 0.06074994350134654
0.3431591298005543 0.060466398590631625
0.33155507330389 0.060143672502433125
0.320052481732506 0.059782959921139904
0.30865828381745486 0.059385731847777005
0.29737934299750524 0.05895368004809935
0.28622245328485874 0.058488649888232463
0.27519433517269654 0.05799256558745259
0.26430163158700104 0.05746735229818994
0.2535509038851079 0.05691485950429943
0.2429486279033891 0.056336790001344915
0.23250119005645137 0.05573463820093116
0.2222148834901989 0.055109640721076394
0.2120959042910774 0.05446274124254708
0.20215034775378343 0.05379457049978092
0.19238420470968637 0.05310544111872884
0.18280335791817703 0.052395355902104104
0.17341357852311146 0.05166402718306441
0.16422052257649067 0.05091090410080094
0.15522972763146647 0.05013520416053111
0.14644660940672616 0.04933594527037628
0.1378764585242665 0.048511974618525806
0.12952443732252045 0.04766199125927335
0.12139557674675777 0.04678456008232691
0.11349477331863145 0.045878115887451665
0.10582678618669683 0.04494095749587326
0.09839623425967753 0.04397123310503513
0.09120759342420814 0.04296691932953359
0.08426519384872727 0.04192579746265698
0.07757321737514639 0.040845431341419214
0.07113569499986394 0.03972315171984491
0.06495650444564427 0.03855605218906529
0.059039367825822475 0.037341001394507606
0.05338784940224234 0.03607467558712099
0.048005353438278275 0.03475361443652974
0.042895122148234655 0.03337430158985366
0.038060233744356575 0.03193326976913083
0.03350360058263052 0.03042722837347479
0.029227967408489597 0.028853209714764617
0.025235909703481607 0.02720872829937509
0.021529832133895532 0.02549194610152985
0.018111967102280024 0.02370183567199451
0.014984373402728013 0.02183833228343215
0.012148934980735715 0.019902466196605396
0.009607359798384785 0.017896466571478423
0.007361178805529334 0.015823829538745837
0.005411745017609493 0.013689344447368726
0.0037602327006450165 0.011499074233793155
0.0024076366639015356 0.009260288109385057
0.0013547716606548965 0.006981347201106296
0.0006022718974137975 0.004671546258367662
0.00015059065189787502 0.0023409169028930795
0.0 0.0
0.00015059065189787502 -0.0020015764279741207
0.0006022718974137975 -0.003994629770626649
0.0013547716606548965 -0.005970361390841815
0.0024076366639015356 -0.007920438860926067
0.0037602327006450165 -0.009837205509977225
0.005411745017609493 -0.011713862814464165
0.007361178805529334 -0.013544618667019432
0.009607359798384785 -0.015324796201098844
0.012148934980735715 -0.01705089972931622
0.014984373402728013 -0.0187206363702506
0.018111967102280024 -0.020332893985218745
0.021529832133895532 -0.02188767801538275
0.025235909703481607 -0.023386011598748722
0.029227967408489597 -0.024829804865641097
0.03350360058263052 -0.0262217004859957
0.038060233744356575 -0.02756490331862292
0.042895122148234655 -0.02886300236095089
0.048005353438278275 -0.030119793111801556
0.05338784940224234 -0.031339107958185966
0.059039367825822475 -0.03252466132173589
0.06495650444564427 -0.033679915113277434
0.07113569499986394 -0.03480796862351644
0.07757321737514639 -0.03591147541348575
0.08426519384872727 -0.036992588155723004
0.09120759342420814 -0.03805293081147794
0.09839623425967753 -0.03909359610018588
0.10582678618669683 -0.040115165003474916
0.11349477331863145 -0.04111774410993933
0.12139557674675777 -0.04210101599247527
0.12952443732252045 -0.04306429753933287
0.1378764585242665 -0.0440066012330455
0.14644660940672616 -0.044926694766050955
0.15522972763146647 -0.04582315505619226
0.16422052257649067 -0.04669441362065875
0.17341357852311146 -0.04753879131198481
0.18280335791817703 -0.04835452153549391
0.19238420470968637 -0.04913976217284023
0.20215034775378343 -0.04989259745302903
0.2120959042910774 -0.05061103187087076
0.2222148834901989 -0.051292978896587973
0.23250119005645137 -0.05193624760920657
0.2429486279033891 -0.05253853049952421
0.2535509038851079 -0.05309739552521736
0.26430163158700104 -0.05361028508047117
0.27519433517269654 -0.054074523903286556
0.28622245328485874 -0.0544873371388063
0.29737934299750524 -0.05484587887171665
0.30865828381745486 -0.05514727050700768
0.320052481732506 -0.05538864748975413
0.33155507330389 -0.055567212081066596
0.3431591298005543 -0.05568028931015012
0.35485766137276875 -0.05572538284944032
0.36664362126255073 -0.05570022744224794
0.3785099100483679 -0.055602834662265455
0.3904493799215649 -0.055431529193589256
0.4024548389919357 -0.055184973460811804
0.41451905561984914 -0.05486217926563687
0.42663476277231926 -0.054462506039115836
0.43879466240039156 -0.05398564632634292
0.4509914298352198 -0.05343160010729741
0.46321771820016633 -0.05280064044768261
0.475466162836291 -0.05209327369703337
0.4877293857385438 -0.051310197949005716
0.4999999999999999 -0.050452263707097725
0.512270614261456 -0.04952044063357283
0.5245338371637088 -0.048515793896715814
0.5367822817998334 -0.04743947299024494
0.54900857016478 -0.046292715018171574
0.5612053375996082 -0.04507686337658875
0.5733652372276805 -0.04379340159344165
0.5854809443801506 -0.04244400089068269
0.5975451610080642 -0.04103057889673852
0.6095506200784349 -0.0395553659451114
0.6214900899516319 -0.03802097462309466
0.6333563787374491 -0.03643046774485135
0.645142338627231 -0.03478741975854134
0.6568408701994456 -0.03309596677844945
0.6684449266961098 -0.0313608409564219
0.6799475182674938 -0.02958738574387482
0.691341716182545 -0.027781549694404144
0.7026206570024947 -0.025949857745654566
0.713777546715141 -0.024099360310150305
0.7248056648273034 -0.022237561901224442
0.7356983684129987 -0.02037233232208418
0.746449096114892 -0.018511804557775666
0.7570513720966108 -0.01666426434691652
0.7674988099435485 -0.014838036905738311
0.7777851165098009 -0.013041376387305539
0.7879040957089227 -0.011282363366537488
0.7978496522462164 -0.009568814958363852
0.8076157952903136 -0.00790821114224076
0.8171966420818224 -0.006307639548337769
0.8265864214768883 -0.004773759448726079
0.8357794774235092 -0.0033127840977369045
0.8447702723685334 -0.00193047899617828
0.8535533905932737 -0.000632172233282129
0.8621235414757333 0.0005772280992727334
0.8704755626774794 0.0016932152269668768
0.8786044232532422 0.00271166991569129
0.8865052266813687 0.0036288576489908533
0.894173213813303 0.004441442190176146
0.9016037657403225 0.005146519859781191
0.9087924065757916 0.005741677331063572
0.9157348061512727 0.006225073876908334
0.9224267826248536 0.006595546904020722
0.928864305000136 0.006852737419026976
0.9350434955543556 0.00699722993298363
0.9409606321741775 0.007030699375986543
0.9466121505977576 0.006956056005521883
0.9519946465617215 0.006777578177923367
0.9571048778517655 0.006501022313410071
0.9619397662556433 0.006133699490375909
0.9664963994173694 0.005684508884087791
0.9707720325915102 0.005163919707216457
0.9747640902965183 0.004583895360848989
0.9784701678661044 0.003957756070815992
0.98188803289772 0.0032999792358679014
0.985015626597272 0.002625939893729381
0.9878510650192642 0.0019515969414037294
0.9903926402016152 0.0012931338416522502
0.9926388211944706 0.0006665653252356145
0.9945882549823906 8.73238890255416e-05
0.9962397672993549 -0.00043015845129926547
0.9975923633360985 -0.0008728567796180265
0.9986452283393451 -0.0012295317917611537
0.9993977281025862 -0.0014910644593286455
0.9998494093481021 -0.0016507326500353073
1.0 -0.001704417799791268
