1.0 0.0015017192568533516
0.9998494093481021 0.0015761543213863231
0.9993977281025862 0.001798031739862644
0.9986452283393451 0.0021631231118124563
0.9975923633360985 0.0026645616245176097
0.9962397672993549 0.003293104003717311
0.9945882549823906 0.004037480057148988
0.9926388211944706 0.004884813704745257
0.9903926402016152 0.005821096262329385
0.9878510650192642 0.006831690607213031
0.985015626597272 0.007901843802326766
0.98188803289772 0.009017185827692457
0.9784701678661044 0.010164193239305846
0.9747640902965183 0.01133059876138888
0.9707720325915102 0.012505730880428974
0.9664963994173694 0.013680771265910965
0.9619397662556433 0.014848922077706928
0.9571048778517655 0.01600547969857865
0.9519946465617215 0.01714781591143979
0.9466121505977576 0.018275271792544102
0.9409606321741775 0.019388973402685167
0.9350434955543556 0.020491581550554496
0.928864305000136 0.021586990339010088
0.9224267826248536 0.02267999079718382
0.9157348061512727 0.023775916610729492
0.9087924065757916 0.02488028880099109
0.9016037657403225 0.025998475230338478
0.894173213813303 0.027135379125232294
0.8865052266813687 0.028295168543379837
0.8786044232532422 0.029481056022343927
0.8704755626774794 0.030695134702356755
0.8621235414757333 0.03193827418592583
0.8535533905932737 0.033210076442870336
0.8447702723685334 0.034508889336387946
0.8357794774235092 0.0358318729540362
0.8265864214768883 0.037175111968209676
0.8171966420818224 0.03853376578275213
0.8076157952903136 0.03990224727204501
0.7978496522462164 0.04127442048150736
0.7879040957089227 0.042643807701615445
0.7777851165098009 0.04400379679640168
0.7674988099435485 0.04534784049032311
0.7570513720966108 0.046669640412584944
0.746449096114892 0.04796330997972454
0.7356983684129987 0.049223511581806816
0.7248056648273034 0.05044556494821626
0.713777546715141 0.05162552493984112
0.7026206570024947 0.05276022829280016
0.691341716182545 0.05384730998650726
0.6799475182674938 0.05488519090170543
0.6684449266961098 0.05587303926083897
0.6568408701994456 0.056810709003084436
0.645142338627231 0.05769865874665262
0.6333563787374491 0.058537855343616677
0.6214900899516319 0.05932966625151507
0.6095506200784349 0.060075745044906176
0.5975451610080642 0.06077791438026809
0.5854809443801506 0.061438050617252916
0.5733652372276805 0.062057974093007374
0.5612053375996082 0.0626393487459324
0.54900857016478 0.06318359439120431
0.5367822817998334 0.06369181446314325
0.5245338371637088 0.0641647414617683
0.512270614261456 0.06460270167933706
0.4999999999999999 0.06500560004967883
0.4877293857385438 0.06537292517768355
0.475466162836291 0.06570377379433062
0.46321771820016633 0.06599689307645891
0.4509914298352198 0.06625073850741828
0.43879466240039156 0.06646354427496294
0.42663476277231926 0.0666334026464457
0.41451905561984914 0.0667583483656227
0.4024548389919357 0.06683644391081087
0.3904493799215649 0.0668658614619019
0.3785099100483679 0.06684495765286486
0.36664362126255073 0.06677233763204875
0.35485766137276875 0.06664690559532224
0.3431591298005543 0.0664678997630725
0.33155507330389 0.06623491069476128
0.320052481732506 0.0659478828174767
0.30865828381745486 0.06560710002467289
0.29737934299750524 0.06521315711297286
0.28622245328485874 0.06476691960618862
0.27519433517269654 0.06426947511181752
0.26430163158700104 0.06372207972342864
0.2535509038851079 0.06312610309550301
0.2429486279033891 0.06248297566669965
0.23250119005645137 0.06179414110407782
0.2222148834901989 0.06106101641483461
0.2120959042910774 0.06028496137161974
0.20215034775378343 0.059467257984984236
0.19238420470968637 0.05860909980459211
0.18280335791817703 0.05771158991674747
0.17341357852311146 0.05677574570558745
0.16422052257649067 0.055802507827737845
0.15522972763146647 0.054792750471128186
0.14644660940672616 0.05374728986611898
0.1378764585242665 0.052666888207832795
0.12952443732252045 0.05155225062599826
0.12139557674675777 0.05040401357248031
0.11349477331863145 0.04922272393471582
0.10582678618669683 0.04800880925456858
0.09839623425967753 0.04676254055196384
0.09120759342420814 0.04548399032875985
0.08426519384872727 0.04417298926770126
0.07757321737514639 0.04282908585756253
0.07113569499986394 0.041451513595805775
0.06495650444564427 0.04003917049097407
0.059039367825822475 0.038590615279789145
0.05338784940224234 0.037104084087307566
0.048005353438278275 0.035577530220028415
0.042895122148234655 0.03400868844680236
0.038060233744356575 0.03239516357070028
0.03350360058263052 0.030734541426226523
0.029227967408489597 0.02902451876300068
0.025235909703481607 0.027263046917130135
0.021529832133895532 0.025448482839706958
0.018111967102280024 0.023579740051477987
0.014984373402728013 0.021656431507880804
0.012148934980735715 0.019678996247718437
0.009607359798384785 0.01764880208964869
0.007361178805529334 0.015568217527989087
0.005411745017609493 0.013440647324001702
0.0037602327006450165 0.011270528019965462
0.0024076366639015356 0.009063281622625012
0.0013547716606548965 0.006825227890369964
0.0006022718974137975 0.004563457881648319
0.00015059065189787502 0.0022856735429364855
0.0 0.0
0.00015059065189787502 -0.0016923218463522779
0.0006022718974137975 -0.003376168772133251
0.0013547716606548965 -0.005042888080950316
0.0024076366639015356 -0.00668436389486283
0.0037602327006450165 -0.008293255155086167
0.005411745017609493 -0.009863198779102699
0.007361178805529334 -0.011388969264713509
0.009607359798384785 -0.012866588304919643
0.012148934980735715 -0.014293380563861811
0.014984373402728013 -0.015667974516237086
0.018111967102280024 -0.016990250015321944
0.021529832133895532 -0.018261236873728902
0.025235909703481607 -0.019482971072328003
0.029227967408489597 -0.02065831713115479
0.03350360058263052 -0.021790766582358904
0.038060233744356575 -0.022884223311689725
0.042895122148234655 -0.023942786749220513
0.048005353438278275 -0.02497054349614291
0.05338784940224234 -0.025971377012416006
0.059039367825822475 -0.02694880353242252
0.06495650444564427 -0.02790584052282032
0.07113569499986394 -0.028844911869745523
0.07757321737514639 -0.02976779171583451
0.08426519384872727 -0.030675586600203555
0.09120759342420814 -0.03156875342150082
0.09839623425967753 -0.032447148868026146
0.10582678618669683 -0.033310104442623965
0.11349477331863145 -0.03415652013089271
0.12139557674675777 -0.03498496916669919
0.12952443732252045 -0.035793806254466626
0.1378764585242665 -0.03658127199650231
0.14644660940672616 -0.03734558709882222
0.15522972763146647 -0.0380850311172523
0.16422052257649067 -0.03879800196294435
0.17341357852311146 -0.03948305400462479
0.18280335791817703 -0.040138914269089235
0.19238420470968637 -0.04076447783803837
0.20215034775378343 -0.04135878496340976
0.2120959042910774 -0.04192098358548049
0.2222148834901989 -0.04245028176988905
0.23250119005645137 -0.042945895038190116
0.2429486279033891 -0.04340699363590439
0.2535509038851079 -0.043832654474308556
0.26430163158700104 -0.044221821835734254
0.27519433517269654 -0.0445732800081185
0.28622245328485874 -0.0448856398922299
0.29737934299750524 -0.04515734039569755
0.30865828381745486 -0.04538666418828333
0.320052481732506 -0.04557176623762267
0.33155507330389 -0.045710712560246336
0.3431591298005543 -0.04580152588080717
0.35485766137276875 -0.045842234445180055
0.36664362126255073 -0.04583092010947802
0.3785099100483679 -0.04576576203105807
0.3904493799215649 -0.045645072798313015
0.4024548389919357 -0.045467324609267765
0.41451905561984914 -0.045231164080727006
0.42663476277231926 -0.04493541536100033
0.43879466240039156 -0.044579072342060634
0.4509914298352198 -0.04416128183085345
0.46321771820016633 -0.04368132045808937
0.475466162836291 -0.043138568800571556
0.4877293857385438 -0.042532486610616295
0.4999999999999999 -0.04186259314489769
0.512270614261456 -0.04112845635040936
0.5245338371637088 -0.04032969410762634
0.5367822817998334 -0.03946598988543266
0.54900857016478 -0.038537124086347324
0.5612053375996082 -0.03754302112980892
0.5733652372276805 -0.03648381102465101
0.5854809443801506 -0.03535990291508177
0.5975451610080642 -0.03417206694307345
0.6095506200784349 -0.03292151984262567
0.6214900899516319 -0.03161000904289854
0.6333563787374491 -0.03023988976345077
0.645142338627231 -0.028814189667894063
0.6568408701994456 -0.027336656107905945
0.6684449266961098 -0.025811781816110616
0.6799475182674938 -0.024244806045867342
0.691341716182545 -0.022641689537032068
0.7026206570024947 -0.02100906321889729
0.713777546715141 -0.01935415214146508
0.7248056648273034 -0.017684677644770407
0.7356983684129987 -0.01600874212560061
0.746449096114892 -0.014334701843411703
0.7570513720966108 -0.012671033940644694
0.7674988099435485 -0.011026204177654996
0.7777851165098009 -0.009408541766941487
0.7879040957089227 -0.00782612713326376
0.7978496522462164 -0.006286697454534261
0.8076157952903136 -0.0047975735117912035
0.8171966420818224 -0.0033656097802924993
0.8265864214768883 -0.001997167934245754
0.8357794774235092 -0.0006981121358436338
0.8447702723685334 0.0005261772374561891
0.8535533905932737 0.0016707762796097348
0.8621235414757333 0.002731182689617197
0.8704755626774794 0.0037032801445265303
0.8786044232532422 0.004583308972162974
0.8865052266813687 0.00536784992160232
0.894173213813303 0.006053827032949674
0.9016037657403225 0.006638534309790485
0.9087924065757916 0.007119689165297424
0.9157348061512727 0.007495513545730452
0.9224267826248536 0.007764841358444947
0.928864305000136 0.007927248489765358
0.9350434955543556 0.00798319944529181
0.9409606321741775 0.007934202635672183
0.9466121505977576 0.007782964709074066
0.9519946465617215 0.00753353322265162
0.9571048778517655 0.007191416446417015
0.9619397662556433 0.006763669266391783
0.9664963994173694 0.006258935022209379
0.9707720325915102 0.005687434657625634
0.9747640902965183 0.005060896718595999
0.9784701678661044 0.004392424401163483
0.98188803289772 0.003696298894611692
0.985015626597272 0.0029877215217157266
0.9878510650192642 0.002282500467559621
0.9903926402016152 0.0015966910244636335
0.9926388211944706 0.0009462010804360138
0.9945882549823906 0.0003463758748026881
0.9962397672993549 -0.00018842230469137125
0.9975923633360985 -0.0006452229116524463
0.9986452283393451 -0.0010128277684354164
0.9993977281025862 -0.0012821476450155483
0.9998494093481021 -0.0014464804804612025
1.0 -0.0015017192568533516
