1.0 0.001518625215527672
0.9998494093481021 0.0015942348179946012
0.9993977281025862 0.0018195686544098212
0.9986452283393451 0.002190198310860165
0.9975923633360985 0.0026989288277463903
0.9962397672993549 0.0033360683308233836
0.9945882549823906 0.00408978806514857
0.9926388211944706 0.004946556472532722
0.9903926402016152 0.005891627766039749
0.9878510650192642 0.006909563265207608
0.985015626597272 0.007984762662390683
0.98188803289772 0.009101982432216766
0.9784701678661044 0.01024681974835536
0.9747640902965183 0.011406142450408392
0.9707720325915102 0.012568448670573985
0.9664963994173694 0.013724143501791469
0.9619397662556433 0.014865724350097195
0.9571048778517655 0.01598787112769009
0.9519946465617215 0.01708744196769228
0.9466121505977576 0.01816337944294393
0.9409606321741775 0.019216536136886328
0.9350434955543556 0.020249431664784996
0.928864305000136 0.021265955740029263
0.9224267826248536 0.022271033532525346
0.9157348061512727 0.023270270334516847
0.9087924065757916 0.02426959244420802
0.9016037657403225 0.02527490025719862
0.894173213813303 0.026291747919011225
0.8865052266813687 0.027325061670943205
0.8786044232532422 0.028378906371419568
0.8704755626774794 0.02945630676392207
0.8621235414757333 0.03055912706038962
0.8535533905932737 0.03168800947750718
0.8447702723685334 0.03284236964728498
0.8357794774235092 0.034020444443267704
0.8265864214768883 0.03521938581075423
0.8171966420818224 0.03643539272250004
0.8076157952903136 0.037663872426738736
0.7978496522462164 0.03889962170709645
0.7879040957089227 0.040137018901568546
0.7777851165098009 0.04137021787502699
0.7674988099435485 0.042593335934880815
0.7570513720966108 0.04380062874049347
0.746449096114892 0.04498664649792222
0.7356983684129987 0.04614636706883615
0.7248056648273034 0.04727530297961971
0.713777546715141 0.048369580628303536
0.7026206570024947 0.04942599120129327
0.691341716182545 0.050442013891814456
0.6799475182674938 0.05141581293496966
0.6684449266961098 0.05234621073085402
0.6568408701994456 0.05323263991871239
0.645142338627231 0.05407507770108952
0.6333563787374491 0.05487396601176582
0.6214900899516319 0.055630121291443256
0.6095506200784349 0.05634463769658211
0.5975451610080642 0.05701878753297562
0.5854809443801506 0.05765392258647725
0.5733652372276805 0.05825137982477321
0.5612053375996082 0.058812394668852463
0.54900857016478 0.05933802468131723
0.5367822817998334 0.059829086090858866
0.5245338371637088 0.06028610506950064
0.512270614261456 0.060709285106338044
0.4999999999999999 0.06109849118824717
0.4877293857385438 0.06145325082023052
0.475466162836291 0.061772771218090425
0.46321771820016633 0.06205597131243083
0.4509914298352198 0.06230152654892865
0.43879466240039156 0.0625079238915928
0.42663476277231926 0.06267352396979484
0.41451905561984914 0.06279662698989431
0.4024548389919357 0.06287553888604677
0.3904493799215649 0.06290863423115517
0.3785099100483679 0.06289441267539697
0.36664362126255073 0.06283154612071513
0.35485766137276875 0.06271891445559297
0.3431591298005543 0.06255562843229219
0.33155507330389 0.06234103912341166
0.320052481732506 0.06207473429157562
0.30865828381745486 0.06175652288484239
0.29737934299750524 0.06138640966896493
0.28622245328485874 0.06096456266689804
0.27519433517269654 0.06049127654460546
0.26430163158700104 0.05996693532098181
0.2535509038851079 0.05939197776492283
0.2429486279033891 0.058766868568754134
0.23250119005645137 0.058092077868280814
0.2222148834901989 0.05736807094869366
0.2120959042910774 0.05659530908290635
0.20215034775378343 0.055774261459235475
0.19238420470968637 0.05490542714306795
0.18280335791817703 0.0539893650610785
0.17341357852311146 0.05302672917392021
0.16422052257649067 0.05201830538385624
0.15522972763146647 0.050965046364038355
0.14644660940672616 0.04986810043460169
0.1378764585242665 0.04872883086429987
0.12952443732252045 0.047548822538249456
0.12139557674675777 0.04632987377167791
0.11349477331863145 0.04507397211309049
0.10582678618669683 0.04378325419552483
0.09839623425967753 0.042459950974757577
0.09120759342420814 0.04110632094344775
0.08426519384872727 0.03972457503392623
0.07757321737514639 0.03831679782923985
0.07113569499986394 0.03688487031457848
0.06495650444564427 0.035430399660895964
0.059039367825822475 0.033954661404936116
0.05338784940224234 0.03245855886787696
0.048005353438278275 0.030942603759938944
0.042895122148234655 0.029406920699984396
0.038060233744356575 0.027851276911838207
0.03350360058263052 0.02627513673754818
0.029227967408489597 0.024677738940775573
0.025235909703481607 0.02305819317607582
0.021529832133895532 0.021415590585380874
0.018111967102280024 0.019749122354989417
0.014984373402728013 0.0180581993107446
0.012148934980735715 0.01634256530773001
0.009607359798384785 0.01460239731676639
0.007361178805529334 0.012838385724503774
0.005411745017609493 0.011051789415885463
0.0037602327006450165 0.009244461635414517
0.0024076366639015356 0.007418844338434141
0.0013547716606548965 0.0055779306360504285
0.0006022718974137975 0.0037251968843992622
0.00015059065189787502 0.0018645078426332612
0.0 0.0
0.00015059065189787502 -0.0018375536275079258
0.0006022718974137975 -0.003669822597789094
0.0013547716606548965 -0.005491228936524342
0.0024076366639015356 -0.007296515468116805
0.0037602327006450165 -0.009080887733424742
0.005411745017609493 -0.010840134648124295
0.007361178805529334 -0.012570722558000656
0.009607359798384785 -0.014269858717283356
0.012148934980735715 -0.015935521781679098
0.014984373402728013 -0.01756645858352415
0.018111967102280024 -0.019162148151335878
0.021529832133895532 -0.020722735558316965
0.025235909703481607 -0.0222489396469817
0.029227967408489597 -0.023741939902482512
0.03350360058263052 -0.025203248671669776
0.038060233744356575 -0.0266345755020609
0.042895122148234655 -0.028037690578239998
0.048005353438278275 -0.029414294057558778
0.05338784940224234 -0.030765897568578945
0.059039367825822475 -0.032093723271046204
0.06495650444564427 -0.03339862473993664
0.07113569499986394 -0.03468103259765283
0.07757321737514639 -0.035940926357747476
0.08426519384872727 -0.037177832446422365
0.09120759342420814 -0.03839084692103412
0.09839623425967753 -0.039578680090104346
0.10582678618669683 -0.040739719129853295
0.11349477331863145 -0.04187210394757658
0.12139557674675777 -0.042973811004941284
0.12952443732252045 -0.04404273960792849
0.1378764585242665 -0.04507679529773419
0.14644660940672616 -0.046073965421169254
0.15522972763146647 -0.047032382683675114
0.16422052257649067 -0.047950373440226
0.17341357852311146 -0.04882648859336632
0.18280335791817703 -0.0496595161690303
0.19238420470968637 -0.05044847585138371
0.20215034775378343 -0.051192596900700896
0.2120959042910774 -0.05189128188237979
0.2222148834901989 -0.052544059440385406
0.23250119005645137 -0.053150529908877385
0.2429486279033891 -0.053710307842944616
0.2535509038851079 -0.05422296555348533
0.26430163158700104 -0.05468798146184976
0.27519433517269654 -0.055104696574728634
0.28622245328485874 -0.055472281662930834
0.29737934299750524 -0.055789716866109645
0.30865828381745486 -0.056055784504964394
0.320052481732506 -0.05626907493292036
0.33155507330389 -0.05642800436989882
0.3431591298005543 -0.05653084289495634
0.35485766137276875 -0.05657575018551157
0.36664362126255073 -0.0565608162178593
0.3785099100483679 -0.05648410400924324
0.3904493799215649 -0.056343691590188
0.4024548389919357 -0.05613771073281626
0.41451905561984914 -0.055864380494789784
0.42663476277231926 -0.055522034322537904
0.43879466240039156 -0.055109140233213755
0.4509914298352198 -0.054624314396753
0.46321771820016633 -0.05406632919963973
0.475466162836291 -0.0534341175254922
0.4877293857385438 -0.052726775477241146
0.4999999999999999 -0.05194356604669155
0.512270614261456 -0.05108392628083087
0.5245338371637088 -0.050147480290016366
0.5367822817998334 -0.04913406000039985
0.54900857016478 -0.04804373490018916
0.5612053375996082 -0.0468768512126994
0.5733652372276805 -0.04563408000914512
0.5854809443801506 -0.044316472821451014
0.5975451610080642 -0.042925522405727216
0.6095506200784349 -0.041463225515546216
0.6214900899516319 -0.03993214393951413
0.6333563787374491 -0.03833545969678212
0.645142338627231 -0.03667702020756722
0.6568408701994456 -0.03496136948382942
0.6684449266961098 -0.03319376191607451
0.6799475182674938 -0.03138015604099615
0.691341716182545 -0.029527186714649746
0.7026206570024947 -0.027642115321222686
0.713777546715141 -0.025732758937445
0.7248056648273034 -0.023807400656990687
0.7356983684129987 -0.021874684464378857
0.746449096114892 -0.019943499044048865
0.7570513720966108 -0.018022855637900036
0.7674988099435485 -0.016121765460673024
0.7777851165098009 -0.014249122205879282
0.7879040957089227 -0.012413594809926523
0.7978496522462164 -0.01062353490072695
0.8076157952903136 -0.00888690227938249
0.8171966420818224 -0.0072112104355941484
0.8265864214768883 -0.005603492567633749
0.8357794774235092 -0.004070286971355331
0.8447702723685334 -0.0026176390950657736
0.8535533905932737 -0.0012511161456141239
0.8621235414757333 2.4171012850360664e-05
0.8704755626774794 0.0012035447051845693
0.8786044232532422 0.0022827424132981287
0.8865052266813687 0.0032579100936252045
0.894173213813303 0.004125612419376035
0.9016037657403225 0.004882864386532657
0.9087924065757916 0.005527187156138305
0.9157348061512727 0.006056689095498209
0.9224267826248536 0.006470170841810148
0.928864305000136 0.006767250979059614
0.9350434955543556 0.006948506741199935
0.9409606321741775 0.007015622183604607
0.9466121505977576 0.006971534645863373
0.9519946465617215 0.006820569191098126
0.9571048778517655 0.006568550153457812
0.9619397662556433 0.006222879026441447
0.9664963994173694 0.005792568711357226
0.9707720325915102 0.0052882256064009595
0.9747640902965183 0.004721973098362736
0.9784701678661044 0.004107312625757278
0.98188803289772 0.0034589214829532687
0.985015626597272 0.0027923897694327043
0.9878510650192642 0.0021239021766677442
0.9903926402016152 0.0014698734582292779
0.9926388211944706 0.0008465492600020668
0.9945882549823906 0.00026958632408425644
0.9962397672993549 -0.0002463722257845832
0.9975923633360985 -0.0006881098711803777
0.9986452283393451 -0.0010442212018080999
0.9993977281025862 -0.001305451920016402
0.9998494093481021 -0.0014649799040939257
1.0 -0.001518625215527672
