1.0 0.0017476889805792743
0.9998494093481021 0.0018310015136478444
0.9993977281025862 0.0020794880507695943
0.9986452283393451 0.002488850519209455
0.9975923633360985 0.0030521066125393514
0.9962397672993549 0.0037598526741976918
0.9945882549823906 0.0046006145316500185
0.9926388211944706 0.005561270157620487
0.9903926402016152 0.006627524900337128
0.9878510650192642 0.007784417877193717
0.985015626597272 0.009016837063849384
0.98188803289772 0.010310020671091585
0.9784701678661044 0.011650023560327953
0.9747640902965183 0.013024129621491081
0.9707720325915102 0.014421194087097421
0.9664963994173694 0.01583190350148382
0.9619397662556433 0.01724894529026336
0.9571048778517655 0.018667083347517478
0.9519946465617215 0.020083140537255906
0.9466121505977576 0.0214958932595482
0.9409606321741775 0.022905887050083402
0.9350434955543556 0.024315185386842332
0.928864305000136 0.02572706633261943
0.9224267826248536 0.027145683258245602
0.9157348061512727 0.02857570662985077
0.9087924065757916 0.030021963715726734
0.9016037657403225 0.03148909213244252
0.894173213813303 0.03298122150474309
0.8865052266813687 0.03450169529097151
0.8786044232532422 0.03605284217979177
0.8704755626774794 0.03763580356172748
0.8621235414757333 0.039250420589161894
0.8535533905932737 0.040895181421334886
0.8447702723685334 0.04256722654983103
0.8357794774235092 0.04426240773412593
0.8265864214768883 0.04597539413574597
0.8171966420818224 0.04769981778123487
0.8076157952903136 0.049428449533615214
0.7978496522462164 0.05115339630369939
0.7879040957089227 0.052866310253395624
0.7777851165098009 0.054558601177670425
0.7674988099435485 0.056221644028236456
0.7570513720966108 0.05784697457862253
0.746449096114892 0.05942646744176053
0.7356983684129987 0.060952491954763016
0.7248056648273034 0.06241804276572039
0.713777546715141 0.06381684322996246
0.7026206570024947 0.06514342089788178
0.691341716182545 0.06639315541750082
0.6799475182674938 0.0675623000614337
0.6684449266961098 0.06864797881183127
0.6568408701994456 0.06964816150123919
0.645142338627231 0.07056161992290143
0.6333563787374491 0.07138786810663475
0.6214900899516319 0.07212709012351609
0.6095506200784349 0.07278005885104047
0.5975451610080642 0.07334804911414963
0.5854809443801506 0.0738327485267088
0.5733652372276805 0.07423616919848383
0.5612053375996082 0.0745605632465512
0.54900857016478 0.07480834475690629
0.5367822817998334 0.07498202048049932
0.5245338371637088 0.07508413111781231
0.512270614261456 0.07511720455022852
0.4999999999999999 0.075083721822441
0.4877293857385438 0.0749860960815247
0.475466162836291 0.07482666405502532
0.46321771820016633 0.07460768902858796
0.4509914298352198 0.07433137369434914
0.43879466240039156 0.07399988071871823
0.42663476277231926 0.07361535845701966
0.41451905561984914 0.07317996895511854
0.4024548389919357 0.07269591525151893
0.3904493799215649 0.07216546504604043
0.3785099100483679 0.07159096804073932
0.36664362126255073 0.07097486468035315
0.35485766137276875 0.07031968460492252
0.3431591298005543 0.06962803384499842
0.33155507330389 0.06890257059688627
0.320052481732506 0.0681459702594298
0.30865828381745486 0.06736088123687366
0.29737934299750524 0.06654987375470038
0.28622245328485874 0.0657153845402837
0.27519433517269654 0.0648596606384704
0.26430163158700104 0.06398470582620766
0.2535509038851079 0.06309223303770055
0.2429486279033891 0.06218362590757667
0.23250119005645137 0.06125991199828792
0.2222148834901989 0.06032174953221163
0.2120959042910774 0.05936942854822191
0.20215034775378343 0.05840288641020455
0.19238420470968637 0.05742173658379992
0.18280335791817703 0.056425308644402115
0.17341357852311146 0.055412696659286796
0.16422052257649067 0.054382812467305114
0.15522972763146647 0.053334440015405216
0.14644660940672616 0.05226628683912364
0.1378764585242665 0.05117702900964743
0.12952443732252045 0.05006534640539064
0.12139557674675777 0.04892994597010399
0.11349477331863145 0.04776957163927904
0.10582678618669683 0.046583000780367485
0.09839623425967753 0.045369028214679065
0.09120759342420814 0.04412644007659651
0.08426519384872727 0.042853980824905144
0.07757321737514639 0.04155031756373311
0.07113569499986394 0.04021400638205295
0.06495650444564427 0.03884346562526901
0.059039367825822475 0.037436960838408785
0.05338784940224234 0.03599260556326179
0.048005353438278275 0.03450838125520456
0.042895122148234655 0.03298217836060332
0.038060233744356575 0.03141185913833861
0.03350360058263052 0.029795341214613174
0.029227967408489597 0.028130699237597038
0.025235909703481607 0.026416280462257476
0.021529832133895532 0.024650828758250334
0.018111967102280024 0.02283361049688776
0.014984373402728013 0.02096453512083619
0.012148934980735715 0.019044262991807295
0.009607359798384785 0.017074293377377446
0.007361178805529334 0.015057026176538183
0.005411745017609493 0.012995792160516075
0.0037602327006450165 0.010894848055950358
0.0024076366639015356 0.00875933463015972
0.0013547716606548965 0.00659519794063868
0.0006022718974137975 0.004409075957508185
0.00015059065189787502 0.002208154728011507
0.0 0.0
0.00015059065189787502 -0.0013072611046623611
0.0006022718974137975 -0.00260911204387397
0.0013547716606548965 -0.00389982844835949
0.0024076366639015356 -0.0051740997665707215
0.0037602327006450165 -0.006427209856600057
0.005411745017609493 -0.007655187479428957
0.007361178805529334 -0.008854919340421805
0.009607359798384785 -0.01002422041609173
0.012148934980735715 -0.011161858672329402
0.014984373402728013 -0.012267533788644702
0.018111967102280024 -0.013341812003319737
0.021529832133895532 -0.014386021541155862
0.025235909703481607 -0.01540211514365667
0.029227967408489597 -0.01639250787464025
0.03350360058263052 -0.017359899531615576
0.038060233744356575 -0.01830709159489839
0.042895122148234655 -0.01923680866670691
0.048005353438278275 -0.020151533801097313
0.05338784940224234 -0.02105336604664878
0.059039367825822475 -0.021943906992538762
0.06495650444564427 -0.022824181226380146
0.07113569499986394 -0.023694593499656705
0.07757321737514639 -0.024554923186127564
0.08426519384872727 -0.02540435444569362
0.09120759342420814 -0.026241538501115682
0.09839623425967753 -0.027064682714456556
0.10582678618669683 -0.027871659810540843
0.11349477331863145 -0.02866012970632469
0.12139557674675777 -0.029427666008061022
0.12952443732252045 -0.030171879340809366
0.1378764585242665 -0.03089053025368996
0.14644660940672616 -0.031581625446281604
0.15522972763146647 -0.03224349240821704
0.16422052257649067 -0.03287482915705919
0.17341357852311146 -0.0334747274877364
0.18280335791817703 -0.034042669893612994
0.19238420470968637 -0.03457850197055358
0.20215034775378343 -0.035082383566895685
0.2120959042910774 -0.03555472310646586
0.2222148834901989 -0.0359961003230917
0.23250119005645137 -0.036407183063808274
0.2429486279033891 -0.036788643832438475
0.2535509038851079 -0.037141081371805273
0.26430163158700104 -0.03746495186417313
0.27519433517269654 -0.03776051333100486
0.28622245328485874 -0.0380277856178118
0.29737934299750524 -0.03826652705231493
0.30865828381745486 -0.038476227563443995
0.320052481732506 -0.0386561168414928
0.33155507330389 -0.03880518509327435
0.3431591298005543 -0.03892221317220819
0.35485766137276875 -0.03900580839338362
0.36664362126255073 -0.03905444220546549
0.3785099100483679 -0.03906648608703536
0.3904493799215649 -0.039040242541432325
0.4024548389919357 -0.0389739688347936
0.41451905561984914 -0.038865892090406876
0.42663476277231926 -0.03871421543748631
0.43879466240039156 -0.03851711602415132
0.4509914298352198 -0.038272736750743136
0.46321771820016633 -0.03797917447344819
0.475466162836291 -0.037634468093555085
0.4877293857385438 -0.037236590325538825
0.4999999999999999 -0.03678344698994589
0.512270614261456 -0.0362728873915374
0.5245338371637088 -0.03570272873170728
0.5367822817998334 -0.035070796604172935
0.54900857016478 -0.034374982494220385
0.5612053375996082 -0.03361331792271315
0.5733652372276805 -0.03278406353800933
0.5854809443801506 -0.03188581015980873
0.5975451610080642 -0.03091758761629894
0.6095506200784349 -0.029878976279831042
0.6214900899516319 -0.02877021557270354
0.6333563787374491 -0.027592303439612928
0.645142338627231 -0.026347080898894103
0.6568408701994456 -0.02503729629581026
0.6684449266961098 -0.023666644764987876
0.6799475182674938 -0.022239779615951208
0.691341716182545 -0.020762293812058383
0.7026206570024947 -0.019240671326265543
0.713777546715141 -0.01768220982125936
0.7248056648273034 -0.01609491770487206
0.7356983684129987 -0.014487390044309387
0.746449096114892 -0.012868668984020618
0.7570513720966108 -0.01124809511805482
0.7674988099435485 -0.009635156657350541
0.7777851165098009 -0.008039343172004526
0.7879040957089227 -0.006470010175045353
0.7978496522462164 -0.0049362598758651574
0.8076157952903136 -0.003446842126627758
0.8171966420818224 -0.00201007799888039
0.8265864214768883 -0.0006338066669988935
0.8357794774235092 0.0006746455384723843
0.8447702723685334 0.0019084767828067885
0.8535533905932737 0.0030614064961512304
0.8621235414757333 0.0041276628902617175
0.8704755626774794 0.005101967657506931
0.8786044232532422 0.005979524604411675
0.8865052266813687 0.006756018763340766
0.894173213813303 0.007427631785764864
0.9016037657403225 0.007991078180040181
0.9087924065757916 0.008443665282132355
0.9157348061512727 0.008783377837421238
0.9224267826248536 0.00900898585008085
0.928864305000136 0.009120172066825631
0.9350434955543556 0.009117673257302276
0.9409606321741775 0.009003427487635439
0.9466121505977576 0.008780718000470613
0.9519946465617215 0.008454303238935866
0.9571048778517655 0.008030522080115577
0.9619397662556433 0.007517363537991232
0.9664963994173694 0.00692449107878563
0.9707720325915102 0.0062632132435054225
0.9747640902965183 0.0055463944313815265
0.9784701678661044 0.0047883023627009165
0.98188803289772 0.004004391774941758
0.985015626597272 0.00321102715030181
0.9878510650192642 0.00242515054639868
0.9903926402016152 0.0016639037190071503
0.9926388211944706 0.0009442165042568753
0.9945882549823906 0.00028237570100951505
0.9962397672993549 -0.0003064096791543596
0.9975923633360985 -0.0008084300538962566
0.9986452283393451 -0.0012118670103064542
0.9993977281025862 -0.0015071391366062589
0.9998494093481021 -0.0016871875392433914
1.0 -0.0017476889805792743
