1.0 0.0018673170966142542
0.9998494093481021 0.001943122370087846
0.9993977281025862 0.002169131898457292
0.9986452283393451 0.002541180716712002
0.9975923633360985 0.003052504404141558
0.9962397672993549 0.0036939961912930298
0.9945882549823906 0.0044545500285988835
0.9926388211944706 0.0053214737998414285
0.9903926402016152 0.006280953795981582
0.9878510650192642 0.007318549469874731
0.985015626597272 0.008419696466270964
0.98188803289772 0.009570196000507208
0.9784701678661044 0.010756669818424056
0.9747640902965183 0.011966962125553076
0.9707720325915102 0.013190472888992267
0.9664963994173694 0.014418410610339667
0.9619397662556433 0.01564395682998152
0.9571048778517655 0.016862339020088043
0.9519946465617215 0.01807081291871013
0.9466121505977576 0.019268559521709416
0.9409606321741775 0.020456505675606442
0.9350434955543556 0.021637080327976316
0.928864305000136 0.022813920859261663
0.9224267826248536 0.023991545454493717
0.9157348061512727 0.025175008139172148
0.9087924065757916 0.026369552913913005
0.9016037657403225 0.02758028243726425
0.894173213813303 0.028811855025505814
0.8865052266813687 0.03006822149468147
0.8786044232532422 0.0313524107184625
0.8704755626774794 0.032666369882589905
0.8621235414757333 0.03401086245087405
0.8535533905932737 0.03538542397865756
0.8447702723685334 0.03678837325948145
0.8357794774235092 0.03821687398709782
0.8265864214768883 0.03966704024609986
0.8171966420818224 0.04113407776617065
0.8076157952903136 0.04261245201045865
0.7978496522462164 0.04409607381002579
0.7879040957089227 0.045578493368396415
0.7777851165098009 0.04705309398528417
0.7674988099435485 0.04851327771250992
0.7570513720966108 0.04995263627405485
0.746449096114892 0.051365101868791674
0.7356983684129987 0.0527450738440202
0.7248056648273034 0.0540875186034541
0.713777546715141 0.055388041429297916
0.7026206570024947 0.05664293010311965
0.691341716182545 0.05784917126816317
0.6799475182674938 0.05900444136528847
0.6684449266961098 0.06010707468814669
0.6568408701994456 0.06115601164397491
0.645142338627231 0.06215073068630318
0.6333563787374491 0.06309116762183144
0.6214900899516319 0.06397762610474386
0.6095506200784349 0.0648106831361712
0.5975451610080642 0.06559109330012566
0.5854809443801506 0.06631969530184792
0.5733652372276805 0.06699732413763339
0.5612053375996082 0.067624731920485
0.54900857016478 0.06820252001424497
0.5367822817998334 0.06873108468999246
0.5245338371637088 0.06921057801311745
0.512270614261456 0.0696408851010857
0.4999999999999999 0.07002161826854443
0.4877293857385438 0.07035212791191625
0.475466162836291 0.07063152930017291
0.46321771820016633 0.07085874375836744
0.4509914298352198 0.07103255208709257
0.43879466240039156 0.07115165748891099
0.42663476277231926 0.07121475480731447
0.41451905561984914 0.07122060255813352
0.4024548389919357 0.07116809407555003
0.3904493799215649 0.071056324124855
0.3785099100483679 0.07088464756108705
0.36664362126255073 0.07065272703346513
0.35485766137276875 0.07036056733350705
0.3431591298005543 0.07000853473009545
0.33155507330389 0.06959736048576505
0.320052481732506 0.06912812865379192
0.30865828381745486 0.06860224915762557
0.29737934299750524 0.06802141799287788
0.28622245328485874 0.06738756710967961
0.27519433517269654 0.06670280707858686
0.26430163158700104 0.06596936597605059
0.2535509038851079 0.06518952801984121
0.2429486279033891 0.06436557533175892
0.23250119005645137 0.06349973581376857
0.2222148834901989 0.06259413952189118
0.2120959042910774 0.06165078515399934
0.20215034775378343 0.06067151739116948
0.19238420470968637 0.05965801491527675
0.18280335791817703 0.0586117880406716
0.17341357852311146 0.057534184116864756
0.16422052257649067 0.05642639824755249
0.15522972763146647 0.05528948648257802
0.14644660940672616 0.05412437851072389
0.1378764585242665 0.05293188702983921
0.12952443732252045 0.05171271139213064
0.12139557674675777 0.05046743378965231
0.11349477331863145 0.04919650711040008
0.10582678618669683 0.04790023459342139
0.09839623425967753 0.04657874246317349
0.09120759342420814 0.04523194774260983
0.08426519384872727 0.04385952434368702
0.07757321737514639 0.04246087123139662
0.07113569499986394 0.041035086883526174
0.06495650444564427 0.039580954371718345
0.059039367825822475 0.038096941141289496
0.05338784940224234 0.036581216964695684
0.048005353438278275 0.03503169261041367
0.042895122148234655 0.033446080555347396
0.038060233744356575 0.031821977647981656
0.03350360058263052 0.030156968093360277
0.029227967408489597 0.028448743584064056
0.025235909703481607 0.026695235953491044
0.021529832133895532 0.024894756486156383
0.018111967102280024 0.023046135081311626
0.014984373402728013 0.021148851910192223
0.012148934980735715 0.01920315408908176
0.009607359798384785 0.017210150237215772
0.007361178805529334 0.01517187659639223
0.005411745017609493 0.013091329622612563
0.0037602327006450165 0.010972461554013482
0.0024076366639015356 0.00882013732286872
0.0013547716606548965 0.006640053201608924
0.0006022718974137975 0.004438619629999557
0.00015059065189787502 0.0022228126347479775
0.0 0.0
0.00015059065189787502 -0.0017386890415161654
0.0006022718974137975 -0.0034674612595216913
0.0013547716606548965 -0.005176125910960964
0.0024076366639015356 -0.00685505709057543
0.0037602327006450165 -0.008495445815457133
0.005411745017609493 -0.010089517304084358
0.007361178805529334 -0.011630704734332305
0.009607359798384785 -0.013113773021932056
0.012148934980735715 -0.014534888726478607
0.014984373402728013 -0.01589163491930612
0.018111967102280024 -0.01718297258132407
0.021529832133895532 -0.018409152685597483
0.025235909703481607 -0.019571585416005448
0.029227967408489597 -0.020672674855807472
0.03350360058263052 -0.0217156288508065
0.038060233744356575 -0.022704254545378336
0.042895122148234655 -0.023642750275730096
0.048005353438278275 -0.024535504089891035
0.05338784940224234 -0.025386908190398162
0.059039367825822475 -0.026201197138222356
0.06495650444564427 -0.02698231581732684
0.07113569499986394 -0.027733821061019084
0.07757321737514639 -0.02845881861911599
0.08426519384872727 -0.029159934937907757
0.09120759342420814 -0.029839321167078905
0.09839623425967753 -0.0304986850200144
0.10582678618669683 -0.03113934469664209
0.11349477331863145 -0.03176229810509896
0.12139557674675777 -0.032368300133548744
0.12952443732252045 -0.0329579407373917
0.1378764585242665 -0.03353171709846791
0.14644660940672616 -0.03409009403001135
0.15522972763146647 -0.034633548066324515
0.16422052257649067 -0.035162592191322645
0.17341357852311146 -0.035677779813763445
0.18280335791817703 -0.03617968827197247
0.19238420470968637 -0.03666888373228895
0.20215034775378343 -0.03714587072825
0.2120959042910774 -0.03761103068334941
0.2222148834901989 -0.03806455450294636
0.23250119005645137 -0.03850637467064752
0.2429486279033891 -0.038936102229665426
0.2535509038851079 -0.03935297358712839
0.26430163158700104 -0.03975581129262293
0.27519433517269654 -0.04014300187800263
0.28622245328485874 -0.04051249258825529
0.29737934299750524 -0.040861807479234395
0.30865828381745486 -0.041188082008266166
0.320052481732506 -0.04148811399646232
0.33155507330389 -0.041758427785969714
0.3431591298005543 -0.04199534762471253
0.35485766137276875 -0.042195075838128274
0.36664362126255073 -0.042353771220534124
0.3785099100483679 -0.04246762330076578
0.3904493799215649 -0.042532918684495165
0.4024548389919357 -0.04254609650218826
0.41451905561984914 -0.042503791029789705
0.42663476277231926 -0.04240286071648629
0.43879466240039156 -0.04224040405876355
0.4509914298352198 -0.04201376390849096
0.46321771820016633 -0.04172052280550606
0.475466162836291 -0.04135849270370056
0.4877293857385438 -0.04092570295230929
0.4999999999999999 -0.04042039056065341
0.512270614261456 -0.03984099659903499
0.5245338371637088 -0.03918617208047749
0.5367822817998334 -0.038454795862286714
0.54900857016478 -0.037646006060398696
0.5612053375996082 -0.03675924525930668
0.5733652372276805 -0.035794318515461825
0.5854809443801506 -0.03475146188879829
0.5975451610080642 -0.033631418091837326
0.6095506200784349 -0.0324355149080724
0.6214900899516319 -0.031165741376874573
0.6333563787374491 -0.029824816427575968
0.645142338627231 -0.028416244703665418
0.6568408701994456 -0.02694435475576246
0.6684449266961098 -0.02541431557852269
0.6799475182674938 -0.023832128574876155
0.691341716182545 -0.022204593380603294
0.7026206570024947 -0.020539247483965916
0.713777546715141 -0.01884428112683412
0.7248056648273034 -0.01712843046752895
0.7356983684129987 -0.015400853315113153
0.746449096114892 -0.013670992813022047
0.7570513720966108 -0.011948435175847219
0.7674988099435485 -0.010242767908191069
0.7777851165098009 -0.008563444827099016
0.7879040957089227 -0.006919663667671756
0.7978496522462164 -0.005320261103646889
0.8076157952903136 -0.0037736287188885193
0.8171966420818224 -0.0022876519057054606
0.8265864214768883 -0.00086967194639788
0.8357794774235092 0.00047353022578166637
0.8447702723685334 0.0017357317659375353
0.8535533905932737 0.002911251805390152
0.8621235414757333 0.003994927285452687
0.8704755626774794 0.0049820872704319594
0.8786044232532422 0.0058685325278557115
0.8865052266813687 0.006650526900176278
0.894173213813303 0.007324806207110674
0.9016037657403225 0.00788860914400119
0.9087924065757916 0.008339732946192866
0.9157348061512727 0.008676614570521213
0.9224267826248536 0.008898435926137089
0.928864305000136 0.00900524940975675
0.9350434955543556 0.008998117816090575
0.9409606321741775 0.008879260753630616
0.9466121505977576 0.008652198140212503
0.9519946465617215 0.008321880303604028
0.9571048778517655 0.007894793763993282
0.9619397662556433 0.007379031987445732
0.9664963994173694 0.006784321292817981
0.9707720325915102 0.006121993648375529
0.9747640902965183 0.005404900246210744
0.9784701678661044 0.004647262391661697
0.98188803289772 0.0038644592570623105
0.985015626597272 0.0030727552641125018
0.9878510650192642 0.002288973099868685
0.9903926402016152 0.0015301214542274484
0.9926388211944706 0.000812989312559564
0.9945882549823906 0.00015372088175358463
0.9962397672993549 -0.0004326131675688185
0.9975923633360985 -0.0009324316006208284
0.9986452283393451 -0.0013340290682939174
0.9993977281025862 -0.0016279172959210153
0.9998494093481021 -0.0018071067826195616
1.0 -0.0018673170966142542
