1.0 0.0017209346058901795
0.9998494093481021 0.0018012880800874062
0.9993977281025862 0.002040871629275519
0.9986452283393451 0.002435310798347449
0.9975923633360985 0.0029774994214915645
0.9962397672993549 0.003657867464361848
0.9945882549823906 0.0044647383988783325
0.9926388211944706 0.005384759619743253
0.9903926402016152 0.006403386218041864
0.9878510650192642 0.007505396250168486
0.985015626597272 0.008675414579726762
0.98188803289772 0.009898422463013874
0.9784701678661044 0.011160231268021015
0.9747640902965183 0.012447900973966138
0.9707720325915102 0.013750087249508578
0.9664963994173694 0.01505730476375852
0.9619397662556433 0.016362098722326905
0.9571048778517655 0.017659121198655932
0.9519946465617215 0.018945113401409527
0.9466121505977576 0.020218799343872104
0.9409606321741775 0.021480700246082094
0.9350434955543556 0.02273288222416431
0.928864305000136 0.023978652266863097
0.9224267826248536 0.02522221907888008
0.9157348061512727 0.026468336048780638
0.9087924065757916 0.027721943392056983
0.9016037657403225 0.028987825491440907
0.894173213813303 0.030270297712203617
0.8865052266813687 0.031572934648180985
0.8786044232532422 0.03289834901542376
0.8704755626774794 0.0342480274270512
0.8621235414757333 0.03562222622807206
0.8535533905932737 0.03701992760586696
0.8447702723685334 0.0384388534653286
0.8357794774235092 0.03987553218618388
0.8265864214768883 0.0413254114520084
0.8171966420818224 0.04278300891096184
0.8076157952903136 0.04424209151911176
0.7978496522462164 0.04569587401891208
0.7879040957089227 0.047137227081187304
0.7777851165098009 0.04855888613012664
0.7674988099435485 0.049953652702895354
0.7570513720966108 0.051314581285143546
0.746449096114892 0.05263514582501319
0.7356983684129987 0.05390938147873067
0.7248056648273034 0.05513199850627682
0.713777546715141 0.05629846655356947
0.7026206570024947 0.05740506877967678
0.691341716182545 0.058448926380097556
0.6799475182674938 0.05942799500042801
0.6684449266961098 0.06034103532139457
0.6568408701994456 0.06118756072858813
0.645142338627231 0.061967765467244355
0.6333563787374491 0.06268243703657146
0.6214900899516319 0.06333285681252782
0.6095506200784349 0.06392069301398119
0.5975451610080642 0.06444789015291512
0.5854809443801506 0.06491655903887175
0.5733652372276805 0.06532887124145627
0.5612053375996082 0.0656869616500965
0.54900857016478 0.06599284240399769
0.5367822817998334 0.06624833099518027
0.5245338371637088 0.06645499477491766
0.512270614261456 0.0666141134256528
0.4999999999999999 0.06672666021063385
0.4877293857385438 0.06679330200429942
0.475466162836291 0.06681441726828483
0.46321771820016633 0.06679013030853355
0.4509914298352198 0.06672035937147801
0.43879466240039156 0.06660487545736161
0.42663476277231926 0.0664433681915256
0.41451905561984914 0.06623551474041738
0.4024548389919357 0.06598104762046438
0.3904493799215649 0.06567981734535648
0.3785099100483679 0.06533184619676712
0.36664362126255073 0.06493736997491487
0.35485766137276875 0.06449686536155515
0.3431591298005543 0.0640110614658634
0.33155507330389 0.06348093516613143
0.320052481732506 0.06290769093967312
0.30865828381745486 0.06229272691623522
0.29737934299750524 0.061637589822197754
0.28622245328485874 0.060943922234484714
0.27519433517269654 0.06021340607537167
0.26430163158700104 0.05944770650869809
0.2535509038851079 0.058648420320307884
0.2429486279033891 0.057817032478974156
0.23250119005645137 0.056954883900066214
0.2222148834901989 0.05606315251683929
0.2120959042910774 0.05514284866768149
0.20215034775378343 0.054194824612127275
0.19238420470968637 0.05321979678456674
0.18280335791817703 0.05221837827678326
0.17341357852311146 0.05119111809986146
0.16422052257649067 0.05013854309327095
0.15522972763146647 0.04906119798757296
0.14644660940672616 0.04795967912814759
0.1378764585242665 0.04683465774487784
0.12952443732252045 0.04568688939245803
0.12139557674675777 0.04451720724486919
0.11349477331863145 0.043326498236142215
0.10582678618669683 0.042115662506312726
0.09839623425967753 0.04088555812907973
0.09120759342420814 0.039636934550411514
0.08426519384872727 0.03837035943964722
0.07757321737514639 0.03708614463981978
0.07113569499986394 0.035784277512440364
0.06495650444564427 0.034464364138785425
0.059039367825822475 0.03312559052988941
0.05338784940224234 0.03176670720982631
0.048005353438278275 0.030386041305282583
0.042895122148234655 0.02898153866635101
0.038060233744356575 0.027550836656174697
0.03350360058263052 0.026091366201484358
0.029227967408489597 0.024600479628793328
0.025235909703481607 0.023075598864950652
0.021529832133895532 0.021514376895088564
0.018111967102280024 0.01991486407120562
0.014984373402728013 0.01827567005324347
0.012148934980735715 0.016596111913370914
0.009607359798384785 0.014876339278679047
0.007361178805529334 0.013117428323311163
0.005411745017609493 0.011321437903734386
0.0037602327006450165 0.009491423078073382
0.0024076366639015356 0.007631403547063733
0.0013547716606548965 0.005746287059713941
0.0006022718974137975 0.0038417503845639173
0.00015059065189787502 0.001924082895245817
0.0 0.0
0.00015059065189787502 -0.0016246338533462859
0.0006022718974137975 -0.0032412732743597045
0.0013547716606548965 -0.004841672889554232
0.0024076366639015356 -0.006418110023028869
0.0037602327006450165 -0.007963615963695787
0.005411745017609493 -0.009472172756638038
0.007361178805529334 -0.0109388669294965
0.009607359798384785 -0.012359993834467432
0.012148934980735715 -0.013733108866281967
0.014984373402728013 -0.015057024558397194
0.018111967102280024 -0.016331755307487084
0.021529832133895532 -0.017558414075504666
0.025235909703481607 -0.018739067725074866
0.029227967408489597 -0.019876559532992298
0.03350360058263052 -0.020974308799847647
0.038060233744356575 -0.02203609826510917
0.042895122148234655 -0.023065860215771738
0.048005353438278275 -0.02406747174931457
0.05338784940224234 -0.02504456866043509
0.059039367825822475 -0.02600038594078176
0.06495650444564427 -0.0269376310140659
0.07113569499986394 -0.027858393698462578
0.07757321737514639 -0.028764094629634997
0.08426519384872727 -0.029655471630429933
0.09120759342420814 -0.030532601411775998
0.09839623425967753 -0.031394952154842566
0.10582678618669683 -0.03224146105783712
0.11349477331863145 -0.033070629906313515
0.12139557674675777 -0.03388063118751149
0.12952443732252045 -0.03466941722860402
0.1378764585242665 -0.035434825275098766
0.14644660940672616 -0.03617467228828485
0.15522972763146647 -0.03688683445292299
0.16422052257649067 -0.03756930785162309
0.17341357852311146 -0.0382202483706512
0.18280335791817703 -0.038837990537914965
0.19238420470968637 -0.03942104654466026
0.20215034775378343 -0.039968088065014375
0.2120959042910774 -0.04047791457565596
0.2222148834901989 -0.040949412627449895
0.23250119005645137 -0.041381510893673236
0.2429486279033891 -0.04177313580525525
0.2535509038851079 -0.042123172199961284
0.26430163158700104 -0.042430432703417266
0.27519433517269654 -0.04269363859137292
0.28622245328485874 -0.04291141373784637
0.29737934299750524 -0.04308229202682859
0.30865828381745486 -0.04320473739393633
0.320052481732506 -0.04327717456337221
0.33155507330389 -0.04329802763922403
0.3431591298005543 -0.04326576306679274
0.35485766137276875 -0.04317893314658055
0.36664362126255073 -0.04303621628385747
0.3785099100483679 -0.0428364504876647
0.3904493799215649 -0.04257865726663753
0.4024548389919357 -0.0422620539538696
0.41451905561984914 -0.0418860535585887
0.42663476277231926 -0.04145025240397403
0.43879466240039156 -0.04095440697549136
0.4509914298352198 -0.040398402479131054
0.46321771820016633 -0.03978221650631627
0.475466162836291 -0.03910588184685085
0.4877293857385438 -0.03836945282605265
0.4999999999999999 -0.03757297953258133
0.512270614261456 -0.03671649394011453
0.5245338371637088 -0.03580001122589048
0.5367822817998334 -0.03482354859455327
0.54900857016478 -0.033787162691705286
0.5612053375996082 -0.03269100532140937
0.5733652372276805 -0.031535395761504006
0.5854809443801506 -0.030320906601832412
0.5975451610080642 -0.029048458813896085
0.6095506200784349 -0.027719420788099285
0.6214900899516319 -0.026335705423560462
0.6333563787374491 -0.024899859081405046
0.645142338627231 -0.023415136346246243
0.6568408701994456 -0.021885555085013848
0.6684449266961098 -0.02031592722156189
0.6799475182674938 -0.018711861906337442
0.691341716182545 -0.017079739275362365
0.7026206570024947 -0.015426654665102664
0.713777546715141 -0.013760334869737184
0.7248056648273034 -0.012089029679536087
0.7356983684129987 -0.010421383410379985
0.746449096114892 -0.00876629232187144
0.7570513720966108 -0.007132754639336508
0.7674988099435485 -0.0055297202812562354
0.7777851165098009 -0.003965947314624324
0.7879040957089227 -0.0024498716139624574
0.7978496522462164 -0.0009894952148708784
0.8076157952903136 0.00040770250961810945
0.8171966420818224 0.001734828374389626
0.8265864214768883 0.002985612967304819
0.8357794774235092 0.004154423541823911
0.8447702723685334 0.005236255280123695
0.8535533905932737 0.006226705600703672
0.8621235414757333 0.007121937473064183
0.8704755626774794 0.007918638568631606
0.8786044232532422 0.008613983448326291
0.8865052266813687 0.009205605821345495
0.894173213813303 0.009691587200480042
0.9016037657403225 0.010070467056836943
0.9087924065757916 0.010341277906993025
0.9157348061512727 0.010503606746299833
0.9224267826248536 0.010557681997773615
0.928864305000136 0.010504482820318614
0.9350434955543556 0.010345865366753382
0.9409606321741775 0.010084698555583164
0.9466121505977576 0.009725000265600844
0.9519946465617215 0.009272063705142402
0.9571048778517655 0.00873256314658462
0.9619397662556433 0.008114628315382183
0.9664963994173694 0.007427877506123557
0.9707720325915102 0.006683400948348029
0.9747640902965183 0.005893688002946686
0.9784701678661044 0.0050724943374580505
0.98188803289772 0.004234648173048593
0.985015626597272 0.003395797858448392
0.9878510650192642 0.0025721062301344248
0.9903926402016152 0.0017799002801038581
0.9926388211944706 0.0010352873930137496
0.9945882549823906 0.0003537516684003865
0.9962397672993549 -0.0002502545288801245
0.9975923633360985 -0.0007637077523656866
0.9986452283393451 -0.001175383258751426
0.9993977281025862 -0.0014761819854433485
0.9998494093481021 -0.0016594008326083817
1.0 -0.0017209346058901795
