1.0 0.001490001012634443
0.9998494093481021 0.0015685181932464807
0.9993977281025862 0.0018025761696549253
0.9986452283393451 0.002187749926467565
0.9975923633360985 0.0027168474563545983
0.9962397672993549 0.0033801753780674073
0.9945882549823906 0.004165893467144717
0.9926388211944706 0.005060441866205495
0.9903926402016152 0.006049021604728438
0.9878510650192642 0.007116106925258573
0.985015626597272 0.008245966881501282
0.98188803289772 0.009423173778556351
0.9784701678661044 0.010633077237626394
0.9747640902965183 0.01186222489709423
0.9707720325915102 0.013098713864724928
0.9664963994173694 0.014332460823113817
0.9619397662556433 0.01555538294114207
0.9571048778517655 0.016761486218318834
0.9519946465617215 0.01794686234275913
0.9466121505977576 0.019109599343869722
0.9409606321741775 0.020249615058055722
0.9350434955543556 0.02136842552540544
0.928864305000136 0.022468862766685905
0.9224267826248536 0.023554757871834666
0.9157348061512727 0.02463060593404917
0.9087924065757916 0.025701229108953314
0.9016037657403225 0.026771453034298183
0.894173213813303 0.027845810120291532
0.8865052266813687 0.028928280953002244
0.8786044232532422 0.03002208240305709
0.8704755626774794 0.031129508168338735
0.8621235414757333 0.032251824570654695
0.8535533905932737 0.03338922162903076
0.8447702723685334 0.03454081688311818
0.8357794774235092 0.03570470724928803
0.8265864214768883 0.03687806243845607
0.8171966420818224 0.038057252194741306
0.8076157952903136 0.03923799884142172
0.7978496522462164 0.04041554632909769
0.7879040957089227 0.04158483712874974
0.7777851165098009 0.04274068883789275
0.7674988099435485 0.04387796319630716
0.7570513720966108 0.044991721257271605
0.746449096114892 0.04607735964892573
0.7356983684129987 0.047130724111823286
0.7248056648273034 0.04814819774611468
0.713777546715141 0.04912676259118437
0.7026206570024947 0.05006403425236667
0.691341716182545 0.0509582702583873
0.6799475182674938 0.051808353667370216
0.6684449266961098 0.052613754137364785
0.6568408701994456 0.05337446924593087
0.645142338627231 0.05409094929332534
0.6333563787374491 0.05476400916739693
0.6214900899516319 0.055394731095840075
0.6095506200784349 0.05598436226961301
0.5975451610080642 0.05653421139173129
0.5854809443801506 0.05704554818481003
0.5733652372276805 0.05751950977088195
0.5612053375996082 0.05795701760787795
0.54900857016478 0.05835870831833299
0.5367822817998334 0.05872488126965367
0.5245338371637088 0.05905546515942398
0.512270614261456 0.059350005129460315
0.4999999999999999 0.059607671094194785
0.4877293857385438 0.05982728704873549
0.475466162836291 0.0600073801564533
0.46321771820016633 0.060146247451243064
0.4509914298352198 0.06024203707852234
0.43879466240039156 0.0602928401977085
0.42663476277231926 0.06029678903264798
0.41451905561984914 0.060252156135170355
0.4024548389919357 0.0601574497605922
0.3904493799215649 0.060011500368575846
0.3785099100483679 0.059813533666953106
0.36664362126255073 0.05956322629927582
0.35485766137276875 0.059260741208248084
0.3431591298005543 0.05890674083703787
0.33155507330389 0.05850237759238294
0.320052481732506 0.058049262308484874
0.30865828381745486 0.05754941273269357
0.29737934299750524 0.05700518521549227
0.28622245328485874 0.05641919374619364
0.27519433517269654 0.055794221161697036
0.26430163158700104 0.0551331277158229
0.2535509038851079 0.05443876220059198
0.2429486279033891 0.053713880453201766
0.23250119005645137 0.05296107538496083
0.2222148834901989 0.05218272167866756
0.2120959042910774 0.05138093708971421
0.20215034775378343 0.05055756094300052
0.19238420470968637 0.04971414904432031
0.18280335791817703 0.048851982927874835
0.17341357852311146 0.047972090244411875
0.16422052257649067 0.047075272249361
0.15522972763146647 0.046162133850600036
0.14644660940672616 0.04523311156951069
0.1378764585242665 0.04428849507551106
0.12952443732252045 0.04332843866008062
0.12139557674675777 0.042352960076212386
0.11349477331863145 0.041361925508502574
0.10582678618669683 0.04035502095824913
0.09839623425967753 0.03933171190962404
0.09120759342420814 0.03829119466038405
0.08426519384872727 0.037232344026822295
0.07757321737514639 0.03615366315050543
0.07113569499986394 0.03505324174546037
0.06495650444564427 0.03392872925757947
0.059039367825822475 0.032777329025142424
0.05338784940224234 0.03159581862991833
0.048005353438278275 0.03038060025042158
0.042895122148234655 0.02912778304785183
0.038060233744356575 0.027833297539269705
0.03350360058263052 0.02649303967592513
0.029227967408489597 0.02510304009878485
0.025235909703481607 0.023659651946338827
0.021529832133895532 0.02215974879540296
0.018111967102280024 0.020600922962014868
0.014984373402728013 0.01898167358898399
0.012148934980735715 0.017301573777111452
0.009607359798384785 0.015561406515681104
0.007361178805529334 0.013763260327328245
0.005411745017609493 0.011910577310785491
0.0037602327006450165 0.01000814854806039
0.0024076366639015356 0.008062054509615306
0.0013547716606548965 0.006079550983181774
0.0006022718974137975 0.004068903992253789
0.00015059065189787502 0.002039179976320582
0.0 0.0
0.00015059065189787502 -0.0017574662647016227
0.0006022718974137975 -0.003509285160530748
0.0013547716606548965 -0.0052495457286565956
0.0024076366639015356 -0.00697269908623196
0.0037602327006450165 -0.008673718703199721
0.005411745017609493 -0.010348236816717456
0.007361178805529334 -0.011992650979131787
0.009607359798384785 -0.013604196266984397
0.012148934980735715 -0.015180980427523806
0.014984373402728013 -0.016721981109491583
0.018111967102280024 -0.01822700621428577
0.021529832133895532 -0.01969662020942576
0.025235909703481607 -0.02113204087152795
0.029227967408489597 -0.02253501228479912
0.03350360058263052 -0.023907660943273047
0.038060233744356575 -0.02525234244037082
0.042895122148234655 -0.02657148645006208
0.048005353438278275 -0.027867447506070862
0.05338784940224234 -0.029142368489220923
0.059039367825822475 -0.030398062780663787
0.06495650444564427 -0.03163591979263478
0.07113569499986394 -0.032856837126674525
0.07757321737514639 -0.034061181021145234
0.08426519384872727 -0.03524877513021837
0.09120759342420814 -0.03641891612010095
0.09839623425967753 -0.03757041316414072
0.10582678618669683 -0.038701647244624764
0.11349477331863145 -0.039810645287990026
0.12139557674675777 -0.04089516361508379
0.12952443732252045 -0.04195277500080398
0.1378764585242665 -0.04298095380717032
0.14644660940672616 -0.04397715415776127
0.15522972763146647 -0.044938876916310384
0.16422052257649067 -0.04586372225763345
0.17341357852311146 -0.046749425801336876
0.18280335791817703 -0.04759387753609111
0.19238420470968637 -0.0483951240099666
0.20215034775378343 -0.04915135541845603
0.2120959042910774 -0.04986088021240908
0.2222148834901989 -0.050522090612024964
0.23250119005645137 -0.05113342290574917
0.2429486279033891 -0.05169331660927511
0.2535509038851079 -0.052200176455488835
0.26430163158700104 -0.052652340797590486
0.27519433517269654 -0.053048059370664646
0.28622245328485874 -0.053385482524254485
0.29737934299750524 -0.053662663075523954
0.30865828381745486 -0.05387757091304087
0.320052481732506 -0.05402811948169154
0.33155507330389 -0.05411220237382999
0.3431591298005543 -0.054127737506783714
0.35485766137276875 -0.054072715836091675
0.36664362126255073 -0.053945251274835994
0.3785099100483679 -0.05374362848062416
0.3904493799215649 -0.05346634543133538
0.4024548389919357 -0.053112148216598334
0.41451905561984914 -0.05268005618340435
0.42663476277231926 -0.05216937643486221
0.43879466240039156 -0.05157970762282357
0.4509914298352198 -0.050910933923242564
0.46321771820016633 -0.05016321096182721
0.475466162836291 -0.04933694619541405
0.4877293857385438 -0.04843277679006911
0.4999999999999999 -0.047451548323297246
0.512270614261456 -0.046394297646410884
0.5245338371637088 -0.045262242966326915
0.5367822817998334 -0.04405678365785927
0.54900857016478 -0.04277951153311905
0.5612053375996082 -0.041432234328041155
0.5733652372276805 -0.04001701108677855
0.5854809443801506 -0.038536198012697774
0.5975451610080642 -0.03699250229474384
0.6095506200784349 -0.03538904049339531
0.6214900899516319 -0.03372939735710825
0.6333563787374491 -0.03201768050039969
0.645142338627231 -0.030258566252525387
0.6568408701994456 -0.02845733220285773
0.6684449266961098 -0.02661987252295739
0.6799475182674938 -0.02475269300841769
0.691341716182545 -0.022862883904642983
0.7026206570024947 -0.020958069887978104
0.713777546715141 -0.01904633797919516
0.7248056648273034 -0.017136145572325442
0.7356983684129987 -0.015236212066924597
0.746449096114892 -0.013355398698778203
0.7570513720966108 -0.011502581986553798
0.7674988099435485 -0.009686526681471547
0.7777851165098009 -0.007915764178378845
0.7879040957089227 -0.006198482001588184
0.7978496522462164 -0.004542429228824722
0.8076157952903136 -0.002954841602579338
0.8171966420818224 -0.0014423886687156952
0.8265864214768883 -1.1143669677678028e-05
0.8357794774235092 0.0013334247855580923
0.8447702723685334 0.002586441929471349
0.8535533905932737 0.0037436011013720796
0.8621235414757333 0.004801128504689833
0.8704755626774794 0.005755744773043771
0.8786044232532422 0.006604630090768719
0.8865052266813687 0.0073453995368257825
0.894173213813303 0.007976094720098985
0.9016037657403225 0.00849519666627881
0.9087924065757916 0.008901663355216062
0.9157348061512727 0.009194993379884222
0.9224267826248536 0.009375315020013139
0.928864305000136 0.00944349773337479
0.9350434955543556 0.009401280817603818
0.9409606321741775 0.009251411941310421
0.9466121505977576 0.008997786534797794
0.9519946465617215 0.008645577801230124
0.9571048778517655 0.008201346466154873
0.9619397662556433 0.007673119400751928
0.9664963994173694 0.0070704269663844875
0.9707720325915102 0.006404290326246773
0.9747640902965183 0.005687152001610854
0.9784701678661044 0.004932745521103125
0.98188803289772 0.004155902990351995
0.985015626597272 0.003372302635349763
0.9878510650192642 0.0025981616647098964
0.9903926402016152 0.001849882962916446
0.9926388211944706 0.0011436669799879695
0.9945882549823906 0.0004951025478609826
0.9962397672993549 -8.12479197782939e-05
0.9975923633360985 -0.0005722524150769023
0.9986452283393451 -0.0009665859369389707
0.9993977281025862 -0.0012550638400714686
0.9998494093481021 -0.0014309176065020073
1.0 -0.001490001012634443
