1.0 0.001993425469526771
0.9998494093481021 0.0020709038782537516
0.9993977281025862 0.0023018553596245634
0.9986452283393451 0.0026818855668678163
0.9975923633360985 0.003203857554292992
0.9962397672993549 0.0038581630558147326
0.9945882549823906 0.004633084430678218
0.9926388211944706 0.005515230559204833
0.9903926402016152 0.0064900267318153786
0.9878510650192642 0.00754223636440589
0.985015626597272 0.008656491293780757
0.98188803289772 0.009817807496094285
0.9784701678661044 0.011012064302000583
0.9747640902965183 0.012226427465233936
0.9707720325915102 0.013449699631647388
0.9664963994173694 0.014672585662254975
0.9619397662556433 0.01588786466157583
0.9571048778517655 0.017090465206601894
0.9519946465617215 0.018277444911820134
0.9466121505977576 0.019447879861060106
0.9409606321741775 0.02060267336959984
0.9350434955543556 0.02174429682657913
0.928864305000136 0.0228764778687291
0.9224267826248536 0.024003852761885318
0.9157348061512727 0.025131600579496143
0.9087924065757916 0.026265076582196758
0.9016037657403225 0.027409461182684586
0.894173213813303 0.02856943913067946
0.8865052266813687 0.02974892121195358
0.8786044232532422 0.030950817984538317
0.8704755626774794 0.03217687204746731
0.8621235414757333 0.03342755222699438
0.8535533905932737 0.034702010036911826
0.8447702723685334 0.03599809596986556
0.8357794774235092 0.03731243072640215
0.8265864214768883 0.03864052447850693
0.8171966420818224 0.039976935752285
0.8076157952903136 0.04131546052477416
0.7978496522462164 0.042649341656121914
0.7879040957089227 0.04397148878671307
0.7777851165098009 0.045274699263538665
0.7674988099435485 0.04655187144956535
0.7570513720966108 0.04779620283329753
0.746449096114892 0.04900136660941051
0.7356983684129987 0.050161661764479976
0.7248056648273034 0.05127213310123296
0.713777546715141 0.05232865900828303
0.7026206570024947 0.05332800608096639
0.691341716182545 0.054267850887386955
0.6799475182674938 0.0551467702298742
0.6684449266961098 0.055964202164838266
0.6568408701994456 0.05672038081136133
0.645142338627231 0.05741624860456008
0.6333563787374491 0.05805335014051367
0.6214900899516319 0.058633712122364866
0.6095506200784349 0.059159714157287636
0.5975451610080642 0.05963395527353904
0.5854809443801506 0.06005912102452581
0.5733652372276805 0.06043785591859701
0.5612053375996082 0.06077264565348714
0.54900857016478 0.06106571323779552
0.5367822817998334 0.061318932546203964
0.5245338371637088 0.06153376218308973
0.512270614261456 0.061711201730858735
0.4999999999999999 0.06185177155365492
0.4877293857385438 0.061955516342658584
0.475466162836291 0.06202203156393669
0.46321771820016633 0.062050510949845185
0.4509914298352198 0.06203981221222331
0.43879466240039156 0.06198853730460091
0.42663476277231926 0.06189512287467826
0.41451905561984914 0.06175793607530834
0.4024548389919357 0.06157537068035323
0.3904493799215649 0.06134593850590394
0.3785099100483679 0.061068351475772796
0.36664362126255073 0.060741590282788305
0.35485766137276875 0.06036495645509317
0.3431591298005543 0.05993810569203327
0.33155507330389 0.05946106152414383
0.320052481732506 0.05893420960092147
0.30865828381745486 0.05835827413606705
0.29737934299750524 0.057734279158794005
0.28622245328485874 0.057063498152440544
0.27519433517269654 0.05634739633961301
0.26430163158700104 0.055587570244359154
0.2535509038851079 0.05478568919523054
0.2429486279033891 0.05394344312128643
0.23250119005645137 0.0530625003542272
0.2222148834901989 0.052144478226864674
0.2120959042910774 0.05119092811640061
0.20215034775378343 0.05020333530402817
0.19238420470968637 0.04918313270614944
0.18280335791817703 0.048131726278449735
0.17341357852311146 0.04705052880156802
0.16422052257649067 0.04594099791584351
0.15522972763146647 0.0448046737554406
0.14644660940672616 0.04364321138904757
0.1378764585242665 0.04245840352790662
0.12952443732252045 0.04125218960487723
0.12139557674675777 0.040026648323060285
0.11349477331863145 0.03878397205346613
0.10582678618669683 0.03752642293848077
0.09839623425967753 0.036256272123695664
0.09120759342420814 0.034975725076920004
0.08426519384872727 0.033686837340106975
0.07757321737514639 0.03239142618498595
0.07113569499986394 0.03109098440983095
0.06495650444564427 0.02978660285008203
0.059039367825822475 0.028478908036255426
0.05338784940224234 0.027168020809310644
0.048005353438278275 0.025853540622355377
0.042895122148234655 0.024534558778667222
0.038060233744356575 0.023209702070800312
0.03350360058263052 0.02187720631034601
0.029227967408489597 0.020535017206205552
0.025235909703481607 0.019180914102377728
0.021529832133895532 0.017812650363488648
0.018111967102280024 0.016428102824606255
0.014984373402728013 0.015025421806734877
0.012148934980735715 0.013603172816683247
0.009607359798384785 0.012160461240170211
0.007361178805529334 0.01069703210150605
0.005411745017609493 0.009213338263684272
0.0037602327006450165 0.007710572203297389
0.0024076366639015356 0.006190658606601959
0.0013547716606548965 0.00465620736189711
0.0006022718974137975 0.003110428918218384
0.00015059065189787502 0.001557016284063216
0.0 0.0
0.00015059065189787502 -0.001714624759717045
0.0006022718974137975 -0.003421363896291346
0.0013547716606548965 -0.0051119804983022505
0.0024076366639015356 -0.0067787252441177965
0.0037602327006450165 -0.008414553548995996
0.005411745017609493 -0.010013312087189693
0.007361178805529334 -0.01156988699997535
0.009607359798384785 -0.013080308072969164
0.012148934980735715 -0.01454180541129051
0.014984373402728013 -0.015952817532000455
0.018111967102280024 -0.017312952195519555
0.021529832133895532 -0.01862290357796873
0.025235909703481607 -0.019884331419840535
0.029227967408489597 -0.021099709464424507
0.03350360058263052 -0.022272151735621
0.038060233744356575 -0.023405225940060097
0.042895122148234655 -0.02450276348404194
0.048005353438278275 -0.025568675274658004
0.05338784940224234 -0.02660678166045751
0.059039367825822475 -0.02762066362254611
0.06495650444564427 -0.028613540738549235
0.07113569499986394 -0.029588179614380226
0.07757321737514639 -0.030546834528818297
0.08426519384872727 -0.031491220084368
0.09120759342420814 -0.03242251382227725
0.09839623425967753 -0.03334138514693687
0.10582678618669683 -0.03424804560517566
0.11349477331863145 -0.03514231464695362
0.12139557674675777 -0.03602369449736107
0.12952443732252045 -0.03689144770929753
0.1378764585242665 -0.03774467132710146
0.14644660940672616 -0.03858236233242949
0.15522972763146647 -0.03940347010018746
0.16422052257649067 -0.04020693288106937
0.17341357852311146 -0.040991696752350676
0.18280335791817703 -0.041756716938056916
0.19238420470968637 -0.042500942792405634
0.20215034775378343 -0.04322328897301804
0.2120959042910774 -0.04392259632307232
0.2222148834901989 -0.04459758667339134
0.23250119005645137 -0.04524681612805382
0.2429486279033891 -0.04586863139686008
0.2535509038851079 -0.046461133396378196
0.26430163158700104 -0.0470221516937497
0.27519433517269654 -0.04754923247030307
0.28622245328485874 -0.0480396416083063
0.29737934299750524 -0.04849038333810202
0.30865828381745486 -0.0488982337136827
0.320052481732506 -0.04925978710037918
0.33155507330389 -0.0495715129389763
0.3431591298005543 -0.049829819363108055
0.35485766137276875 -0.050031119839999506
0.36664362126255073 -0.05017189890582992
0.3785099100483679 -0.050248773280159906
0.3904493799215649 -0.05025854514945175
0.4024548389919357 -0.05019824516615625
0.41451905561984914 -0.05006516365665015
0.42663476277231926 -0.0498568695935078
0.43879466240039156 -0.04957121798122681
0.4509914298352198 -0.049206347342824155
0.46321771820016633 -0.04876066989449866
0.475466162836291 -0.048232857683403935
0.4877293857385438 -0.04762182838136863
0.4999999999999999 -0.04692673453676246
0.512270614261456 -0.04614695987208891
0.5245338371637088 -0.04528212568501601
0.5367822817998334 -0.0443321095981765
0.54900857016478 -0.04329707786290163
0.5612053375996082 -0.042177531227184525
0.5733652372276805 -0.04097436311503856
0.5854809443801506 -0.03968892762676718
0.5975451610080642 -0.03832311375187662
0.6095506200784349 -0.036879421276603944
0.6214900899516319 -0.03536103324176618
0.6333563787374491 -0.03377187952084279
0.645142338627231 -0.032116686176896704
0.6568408701994456 -0.03040100572814441
0.6684449266961098 -0.028631224286543983
0.6799475182674938 -0.026814542686026097
0.691341716182545 -0.02495893011737309
0.7026206570024947 -0.023073050346077498
0.713777546715141 -0.021166162204800665
0.7248056648273034 -0.0192479976134169
0.7356983684129987 -0.01732862177778424
0.746449096114892 -0.015418281352378625
0.7570513720966108 -0.013527247136341689
0.7674988099435485 -0.011665658243866374
0.7777851165098009 -0.009843374611640162
0.7879040957089227 -0.008069844171928802
0.7978496522462164 -0.006353990054902715
0.8076157952903136 -0.004704121843614616
0.8171966420818224 -0.00312787327282053
0.8265864214768883 -0.0016321669443372195
0.8357794774235092 -0.0002232047485645882
0.8447702723685334 0.0010935191361226488
0.8535533905932737 0.002313187418028106
0.8621235414757333 0.003431617102368087
0.8704755626774794 0.004445212092355773
0.8786044232532422 0.005350918337626821
0.8865052266813687 0.006146188749763695
0.894173213813303 0.006828964419686179
0.9016037657403225 0.0073976774650220635
0.9087924065757916 0.007851279170045888
0.9157348061512727 0.008189295052280728
0.9224267826248536 0.008411906222024182
0.928864305000136 0.008520054037934767
0.9350434955543556 0.008515562758977515
0.9409606321741775 0.008401272807793028
0.9466121505977576 0.008181175541765728
0.9519946465617215 0.007860539206236408
0.9571048778517655 0.007446015122679479
0.9619397662556433 0.006945713211858327
0.9664963994173694 0.006369236696634248
0.9707720325915102 0.005727667257046688
0.9747640902965183 0.005033493964235527
0.9784701678661044 0.004300481901914091
0.98188803289772 0.003543479361116188
0.985015626597272 0.002778165704509031
0.9878510650192642 0.002020745260632914
0.9903926402016152 0.0012875957378941072
0.9926388211944706 0.0005948824581367678
0.9945882549823906 -4.184797016366622e-05
0.9962397672993549 -0.0006080792338329073
0.9975923633360985 -0.001090725907602571
0.9986452283393451 -0.0014785066893469856
0.9993977281025862 -0.0017622746254984643
0.9998494093481021 -0.0019352902044782133
1.0 -0.001993425469526771
