1.0 0.0014312671501206442
0.9998494093481021 0.0015075602667537415
0.9993977281025862 0.001735020513294245
0.9986452283393451 0.0021094455575846995
0.9975923633360985 0.0026240121900061785
0.9962397672993549 0.00326953843655952
0.9945882549823906 0.004034833191687083
0.9926388211944706 0.0049071171378497055
0.9903926402016152 0.005872495570997825
0.9878510650192642 0.006916461602020823
0.985015626597272 0.00802440715316493
0.98188803289772 0.00918211925293255
0.9784701678661044 0.010376240327940565
0.9747640902965183 0.011594673410214596
0.9707720325915102 0.012826916283800954
0.9664963994173694 0.014064312400766266
0.9619397662556433 0.015300210685673298
0.9571048778517655 0.01653003088156073
0.9519946465617215 0.017751235625695763
0.9466121505977576 0.018963214744673502
0.9409606321741775 0.020167091112202253
0.9350434955543556 0.021365460638528986
0.928864305000136 0.02256208141942429
0.9224267826248536 0.02376152867463216
0.9157348061512727 0.024968832811585025
0.9087924065757916 0.026189117771805437
0.9016037657403225 0.027427255814211602
0.894173213813303 0.02868755316254901
0.8865052266813687 0.02997347862775222
0.8786044232532422 0.03128744456810174
0.8704755626774794 0.032630646541296125
0.8621235414757333 0.03400296490580559
0.8535533905932737 0.03540292860868865
0.8447702723685334 0.03682773860087709
0.8357794774235092 0.03827334587171512
0.8265864214768883 0.03973457708559116
0.8171966420818224 0.04120529929556699
0.8076157952903136 0.042678614229578304
0.7978496522462164 0.0441470721900554
0.7879040957089227 0.045602895645572114
0.7777851165098009 0.047038203068112024
0.7674988099435485 0.048445224409258955
0.7570513720966108 0.04981650072992454
0.746449096114892 0.05114506181366045
0.7356983684129987 0.05242457701748443
0.7248056648273034 0.053649476067578764
0.713777546715141 0.05481503792208055
0.7026206570024947 0.055917447144686376
0.691341716182545 0.05695381842069984
0.6799475182674938 0.0579221908756271
0.6684449266961098 0.05882149471278561
0.6568408701994456 0.05965149336894127
0.645142338627231 0.0604127049022844
0.6333563787374491 0.06110630668697674
0.6214900899516319 0.06173402770736467
0.6095506200784349 0.06229803283707035
0.5975451610080642 0.06280080346599277
0.5854809443801506 0.0632450187112898
0.5733652372276805 0.06363344122299251
0.5612053375996082 0.06396881127468403
0.54900857016478 0.06425375241682708
0.5367822817998334 0.0644906914671909
0.5245338371637088 0.06468179502377036
0.512270614261456 0.06482892401881908
0.4999999999999999 0.06493360710168695
0.4877293857385438 0.06499703286291833
0.475466162836291 0.06502006011893725
0.46321771820016633 0.06500324469799174
0.4509914298352198 0.06494688044078903
0.43879466240039156 0.06485105149273995
0.42663476277231926 0.06471569245787931
0.41451905561984914 0.06454065264274185
0.4024548389919357 0.06432576047037496
0.3904493799215649 0.0640708842091051
0.3785099100483679 0.06377598544419617
0.36664362126255073 0.06344116221570233
0.35485766137276875 0.06306667943050394
0.3431591298005543 0.06265298499438025
0.33155507330389 0.062200711052105326
0.320052481732506 0.061710660711266865
0.30865828381745486 0.06118378159410012
0.29737934299750524 0.060621128444846004
0.28622245328485874 0.060023817755059466
0.27519433517269654 0.05939297790117701
0.26430163158700104 0.058729698575440734
0.2535509038851079 0.05803498330733164
0.2429486279033891 0.05730970861135366
0.23250119005645137 0.056554592772004544
0.2222148834901989 0.05577017652175727
0.2120959042910774 0.054956816934766985
0.20215034775378343 0.05411469481462856
0.19238420470968637 0.0532438347760071
0.18280335791817703 0.05234413618931465
0.17341357852311146 0.051415412255483246
0.16422052257649067 0.05045743377747421
0.15522972763146647 0.0494699737562826
0.14644660940672616 0.048452848803364645
0.1378764585242665 0.04740595354804017
0.12952443732252045 0.046329284722672746
0.12139557674675777 0.04522295240085329
0.11349477331863145 0.04408717689181972
0.10582678618669683 0.04292227098554065
0.09839623425967753 0.04172860850997803
0.09120759342420814 0.040506581409014024
0.08426519384872727 0.03925654867869908
0.07757321737514639 0.03797878141882954
0.07113569499986394 0.03667340888714738
0.06495650444564427 0.03534037072456357
0.059039367825822475 0.033979380415800745
0.05338784940224234 0.03258990455238104
0.048005353438278275 0.031171161594575635
0.042895122148234655 0.02972214263466351
0.038060233744356575 0.028241655219926484
0.03350360058263052 0.026728389695175374
0.029227967408489597 0.025181005880418203
0.025235909703481607 0.023598236325321084
0.021529832133895532 0.02197900099252881
0.018111967102280024 0.020322527120928
0.014984373402728013 0.018628467294145672
0.012148934980735715 0.016897008451333354
0.009607359798384785 0.015128964759791443
0.007361178805529334 0.01332584792334649
0.005411745017609493 0.01148990959500618
0.0037602327006450165 0.009624152034628545
0.0024076366639015356 0.0077323049124401865
0.0013547716606548965 0.005818768096316664
0.0006022718974137975 0.0038885222502406404
0.00015059065189787502 0.0019470109835885876
0.0 0.0
0.00015059065189787502 -0.0014359856993983555
0.0006022718974137975 -0.0028666601047934483
0.0013547716606548965 -0.0042864888887662635
0.0024076366639015356 -0.005690343549435262
0.0037602327006450165 -0.007073678759360318
0.005411745017609493 -0.008432680469807349
0.007361178805529334 -0.009764377568979273
0.009607359798384785 -0.011066711882872083
0.012148934980735715 -0.012338563567657463
0.014984373402728013 -0.013579731341994916
0.018111967102280024 -0.014790869408276277
0.021529832133895532 -0.015973385176425808
0.025235909703481607 -0.01712930390471203
0.029227967408489597 -0.01826110799816806
0.03350360058263052 -0.019371559869130434
0.038060233744356575 -0.020463517907001454
0.042895122148234655 -0.021539755198192033
0.048005353438278275 -0.022602790187852044
0.05338784940224234 -0.023654737520181445
0.059039367825822475 -0.024697185901056695
0.06495650444564427 -0.025731108087564195
0.07113569499986394 -0.026756806134922324
0.07757321737514639 -0.02777389294513777
0.08426519384872727 -0.028781309090605486
0.09120759342420814 -0.029777371952920115
0.09839623425967753 -0.0307598525342334
0.10582678618669683 -0.03172607395926059
0.11349477331863145 -0.03267302476059044
0.12139557674675777 -0.03359747957084715
0.12952443732252045 -0.03449611984539498
0.1378764585242665 -0.03536564769175886
0.14644660940672616 -0.03620288674172637
0.15522972763146647 -0.03700486519955863
0.16422052257649067 -0.037768877645638556
0.17341357852311146 -0.03849252376660699
0.18280335791817703 -0.039173723811551986
0.19238420470968637 -0.03981071213095465
0.20215034775378343 -0.0404020115406427
0.2120959042910774 -0.04094639238113971
0.2222148834901989 -0.041442820947506294
0.23250119005645137 -0.041890402403773945
0.2429486279033891 -0.04228832335322641
0.2535509038851079 -0.04263579892153317
0.26430163158700104 -0.04293202855991835
0.27519433517269654 -0.04317616384836146
0.28622245328485874 -0.04336729045041512
0.29737934299750524 -0.04350442513004276
0.30865828381745486 -0.043586527481298626
0.320052481732506 -0.043612524837261975
0.33155507330389 -0.043581347801572384
0.3431591298005543 -0.04349197305698456
0.35485766137276875 -0.04334346960494964
0.36664362126255073 -0.04313504441066236
0.3785099100483679 -0.04286608357745385
0.3904493799215649 -0.04253618563651001
0.4024548389919357 -0.04214518427316691
0.41451905561984914 -0.041693158759857116
0.42663476277231926 -0.041180431452851725
0.43879466240039156 -0.04060755284981728
0.4509914298352198 -0.03997527580856479
0.46321771820016633 -0.03928452150757189
0.475466162836291 -0.03853634050829222
0.4877293857385438 -0.03773187279508993
0.4999999999999999 -0.03687231087743614
0.512270614261456 -0.035958869920132336
0.5245338371637088 -0.03499276842455027
0.5367822817998334 -0.03397522224534339
0.54900857016478 -0.032907453743470524
0.5612053375996082 -0.03179071671743127
0.5733652372276805 -0.030626336504297216
0.5854809443801506 -0.02941576339262692
0.5975451610080642 -0.02816063633450291
0.6095506200784349 -0.026862852972344822
0.6214900899516319 -0.02552464128474247
0.6333563787374491 -0.024148627763674883
0.645142338627231 -0.022737897000365725
0.6568408701994456 -0.021296037890633703
0.6684449266961098 -0.01982717235828032
0.6799475182674938 -0.018335963496082016
0.691341716182545 -0.016827601273894453
0.7026206570024947 -0.01530776537824975
0.713777546715141 -0.013782566229696668
0.7248056648273034 -0.012258466667826526
0.7356983684129987 -0.01074218809437745
0.746449096114892 -0.009240605924614329
0.7570513720966108 -0.0077606399336863354
0.7674988099435485 -0.006309145436272144
0.7777851165098009 -0.004892811168890387
0.7879040957089227 -0.003518069248310276
0.7978496522462164 -0.002191021680509028
0.8076157952903136 -0.0009173866461250027
0.8171966420818224 0.0002975337294537806
0.8265864214768883 0.0014488640983807337
0.8357794774235092 0.0025321468172456486
0.8447702723685334 0.0035433164512500507
0.8535533905932737 0.004478662690068213
0.8621235414757333 0.005334787658397584
0.8704755626774794 0.00610856434296324
0.8786044232532422 0.00679710311492895
0.8865052266813687 0.0073977330612385855
0.894173213813303 0.007908004043833062
0.9016037657403225 0.008325714111546173
0.9087924065757916 0.008648965160697882
0.9157348061512727 0.008876247674083956
0.9224267826248536 0.009006553088095063
0.928864305000136 0.009039509987472587
0.9350434955543556 0.008975538060781265
0.9409606321741775 0.008816011722072385
0.9466121505977576 0.008563423661333914
0.9519946465617215 0.008221537455248607
0.9571048778517655 0.00779551784997463
0.9619397662556433 0.007292027483776305
0.9664963994173694 0.006719279674038096
0.9707720325915102 0.0060870384324587055
0.9747640902965183 0.005406559033199254
0.9784701678661044 0.0046904651404299
0.98188803289772 0.003952561568049984
0.985015626597272 0.0032075850318292348
0.9878510650192642 0.002470898581142216
0.9903926402016152 0.0017581385746697432
0.9926388211944706 0.0010848259065310145
0.9945882549823906 0.00046595552595258085
0.9962397672993549 -8.442002001507118e-05
0.9975923633360985 -0.0005535963652358734
0.9986452283393451 -0.0009305956720753385
0.9993977281025862 -0.0012065015491589271
0.9998494093481021 -0.0013747361195281527
1.0 -0.0014312671501206442
