1.0 0.0017889443098041472
0.9998494093481021 0.0018669504384047934
0.9993977281025862 0.002099562042493829
0.9986452283393451 0.0024826127326881458
0.9975923633360985 0.0030093358289789655
0.9962397672993549 0.0036706215237573368
0.9945882549823906 0.004455359808590465
0.9926388211944706 0.005350853153403069
0.9903926402016152 0.006343279838019751
0.9878510650192642 0.007418186741870625
0.985015626597272 0.00856098939515576
0.98188803289772 0.009757457219138871
0.9784701678661044 0.010994163106650811
0.9747640902965183 0.01225887872819915
0.9707720325915102 0.013540900052140092
0.9664963994173694 0.014831291352483934
0.9619397662556433 0.016123040225785944
0.9571048778517655 0.01741112061095349
0.9519946465617215 0.01869246525986924
0.9466121505977576 0.019965853309344066
0.9409606321741775 0.021231722345869057
0.9350434955543556 0.02249191745794278
0.928864305000136 0.023749392103565147
0.9224267826248536 0.02500787709888416
0.9157348061512727 0.026271534625621384
0.9087924065757916 0.027544613878325845
0.9016037657403225 0.028831123893371936
0.894173213813303 0.03013453732620265
0.8865052266813687 0.03145753660985754
0.8786044232532422 0.03280181119636679
0.8704755626774794 0.034167911624054366
0.8621235414757333 0.035555163139118946
0.8535533905932737 0.036961638689756306
0.8447702723685334 0.038384188447280226
0.8357794774235092 0.03981852070690633
0.8265864214768883 0.04125932716607416
0.8171966420818224 0.042700444222254004
0.8076157952903136 0.04413504109382958
0.7978496522462164 0.04555582523459856
0.7879040957089227 0.04695525564546769
0.7777851165098009 0.04832575522532983
0.7674988099435485 0.04965991417100857
0.7570513720966108 0.050950677549273016
0.746449096114892 0.05219151143605563
0.7356983684129987 0.05337654336700414
0.7248056648273034 0.05450067419605689
0.713777546715141 0.05555965975396819
0.7026206570024947 0.05655016189022841
0.691341716182545 0.05746976953831593
0.6799475182674938 0.05831699134871252
0.6684449266961098 0.05909122218207211
0.6568408701994456 0.059792686351535354
0.645142338627231 0.060422360960101736
0.6333563787374491 0.060981883011106366
0.6214900899516319 0.06147344419224344
0.6095506200784349 0.06189967735896956
0.5975451610080642 0.06226353878022628
0.5854809443801506 0.06256819016219044
0.5733652372276805 0.06281688433355573
0.5612053375996082 0.06301285825452603
0.54900857016478 0.06315923669539437
0.5367822817998334 0.0632589495139746
0.5245338371637088 0.06331466494191533
0.512270614261456 0.06332874067103281
0.4999999999999999 0.06330319382241237
0.4877293857385438 0.06323969010169118
0.475466162836291 0.06313955162087599
0.46321771820016633 0.06300378203551123
0.4509914298352198 0.06283310684757586
0.43879466240039156 0.06262802600449549
0.42663476277231926 0.0623888753289489
0.41451905561984914 0.06211589288534609
0.4024548389919357 0.061809286162527344
0.3904493799215649 0.06146929595334236
0.3785099100483679 0.0610962530516748
0.36664362126255073 0.06069062436187382
0.35485766137276875 0.0602530457035531
0.3431591298005543 0.05978433945924632
0.33155507330389 0.05928551620195975
0.320052481732506 0.058757760491346345
0.30865828381745486 0.05820240207090956
0.29737934299750524 0.05762087466191924
0.28622245328485874 0.057014665363308355
0.27519433517269654 0.05638525827001528
0.26430163158700104 0.05573407626789897
0.2535509038851079 0.05506242502210747
0.2429486279033891 0.054371442938908644
0.23250119005645137 0.05366206036192027
0.2222148834901989 0.05293497049768805
0.2120959042910774 0.05219061360783469
0.20215034775378343 0.05142917492699258
0.19238420470968637 0.050650595650150246
0.18280335791817703 0.04985459526776437
0.17341357852311146 0.04904070259837006
0.16422052257649067 0.048208292154507976
0.15522972763146647 0.04735662204189112
0.14644660940672616 0.046484869477076834
0.1378764585242665 0.04559216023450628
0.12952443732252045 0.04467758889220262
0.12139557674675777 0.043740227602505816
0.11349477331863145 0.04277912221081035
0.10582678618669683 0.041793275801001874
0.09839623425967753 0.04078162106511371
0.09120759342420814 0.03974298417181468
0.08426519384872727 0.03867604393790065
0.07757321737514639 0.03757929099031942
0.07113569499986394 0.0364509921596972
0.06495650444564427 0.035289165508007994
0.059039367825822475 0.034091571128412025
0.05338784940224234 0.03285572216076303
0.048005353438278275 0.03157891937045369
0.042895122148234655 0.030258311200941614
0.038060233744356575 0.028890979519083027
0.03350360058263052 0.027474049437178346
0.029227967408489597 0.02600481974118497
0.025235909703481607 0.024480908711961125
0.021529832133895532 0.022900408623735765
0.018111967102280024 0.0212620410569909
0.014984373402728013 0.01956530446639492
0.012148934980735715 0.01781060526488016
0.009607359798384785 0.01599936405530131
0.007361178805529334 0.014134089557439819
0.005411745017609493 0.012218414199234735
0.0037602327006450165 0.010257087190586375
0.0024076366639015356 0.00825592306891605
0.0013547716606548965 0.0062217060671525895
0.0006022718974137975 0.0041620530611633216
0.00015059065189787502 0.0020852401537492537
0.0 0.0
0.00015059065189787502 -0.0015065341048562562
0.0006022718974137975 -0.0030087264792636945
0.0013547716606548965 -0.004501865171740504
0.0024076366639015356 -0.00598156745806351
0.0037602327006450165 -0.007443924441021666
0.005411745017609493 -0.0088856226591106
0.007361178805529334 -0.010304036999419612
0.009607359798384785 -0.011697290743517235
0.012148934980735715 -0.013064280320339149
0.014984373402728013 -0.014404664197629265
0.018111967102280024 -0.01571881720825967
0.021529832133895532 -0.0170077533749959
0.025235909703481607 -0.01827302186872091
0.029227967408489597 -0.01951658202480831
0.03350360058263052 -0.02074066428148915
0.038060233744356575 -0.02194762444513237
0.042895122148234655 -0.02313979880659712
0.048005353438278275 -0.02431936733147041
0.05338784940224234 -0.02548823145099957
0.059039367825822475 -0.026647911938658158
0.06495650444564427 -0.027799471038006323
0.07113569499986394 -0.028943461494600777
0.07757321737514639 -0.03007990353200361
0.08426519384872727 -0.031208289197482583
0.09120759342420814 -0.0323276119830159
0.09839623425967753 -0.0334364182902397
0.10582678618669683 -0.03453287622949092
0.11349477331863145 -0.03561485648105541
0.12139557674675777 -0.036680019538216105
0.12952443732252045 -0.03772590361090623
0.1378764585242665 -0.03875000778649923
0.14644660940672616 -0.039749865688826366
0.15522972763146647 -0.040723105796130754
0.16422052257649067 -0.0416674957051076
0.17341357852311146 -0.042580968881415764
0.18280335791817703 -0.043461633730619856
0.19238420470968637 -0.04430776607031779
0.20215034775378343 -0.045117787202166956
0.2120959042910774 -0.045890230700009284
0.2222148834901989 -0.0466237016907259
0.23250119005645137 -0.047316832769853434
0.2429486279033891 -0.04796824074736241
0.2535509038851079 -0.04857648816513614
0.26430163158700104 -0.049140052992670324
0.27519433517269654 -0.0496573091366297
0.28622245328485874 -0.05012651945433946
0.29737934299750524 -0.0505458419137622
0.30865828381745486 -0.05091334847204542
0.320052481732506 -0.051227055231099695
0.33155507330389 -0.0514849615467551
0.3431591298005543 -0.051685095082542404
0.35485766137276875 -0.051825559359979234
0.36664362126255073 -0.05190458019604153
0.3785099100483679 -0.05192054754631842
0.3904493799215649 -0.05187204967886018
0.4024548389919357 -0.051757897257917906
0.41451905561984914 -0.05157713576910508
0.42663476277231926 -0.05132904570343057
0.43879466240039156 -0.051013130962185925
0.4509914298352198 -0.050629096967791186
0.46321771820016633 -0.05017682088813874
0.475466162836291 -0.04965631713097916
0.4877293857385438 -0.04906770177965127
0.4999999999999999 -0.048411159877665526
0.512270614261456 -0.04768691940299431
0.5245338371637088 -0.04689523540113934
0.5367822817998334 -0.046036387089456496
0.54900857016478 -0.04511068984561317
0.5612053375996082 -0.04411852291103614
0.5733652372276805 -0.04306037245113176
0.5854809443801506 -0.0419368884028276
0.5975451610080642 -0.04074895239507815
0.6095506200784349 -0.03949775303509191
0.6214900899516319 -0.038184864088847886
0.6333563787374491 -0.036812320610834476
0.645142338627231 -0.03538268793715584
0.6568408701994456 -0.033899118667404825
0.6684449266961098 -0.032365393318203005
0.6799475182674938 -0.030785941204105258
0.691341716182545 -0.029165839235186213
0.7026206570024947 -0.027510787640439915
0.713777546715141 -0.02582706304222343
0.7248056648273034 -0.024121450720272556
0.7356983684129987 -0.02240115921291629
0.746449096114892 -0.020673721511585322
0.7570513720966108 -0.018946887928081663
0.7674988099435485 -0.017228516186291686
0.7777851165098009 -0.015526464368638465
0.7879040957089227 -0.013848492017468673
0.7978496522462164 -0.012202173966845649
0.8076157952903136 -0.010594830404005072
0.8171966420818224 -0.009033475302007774
0.8265864214768883 -0.007524783818531031
0.8357794774235092 -0.006075077629744574
0.8447702723685334 -0.0046903255817970415
0.8535533905932737 -0.0033761556160744
0.8621235414757333 -0.002137872771495724
0.8704755626774794 -0.0009804772858898235
0.8786044232532422 9.132351552556227e-05
0.8865052266813687 0.0010731156965774686
0.894173213813303 0.001960797035793301
0.9016037657403225 0.0027506175315662653
0.9087924065757916 0.003439244833198318
0.9157348061512727 0.004023855419216933
0.9224267826248536 0.004502250194731871
0.928864305000136 0.004872990942433195
0.9350434955543556 0.00513555188647101
0.9409606321741775 0.005290478666971464
0.9466121505977576 0.005339545420097722
0.9519946465617215 0.005285899542036075
0.9571048778517655 0.005134183186690499
0.9619397662556433 0.004890620674253978
0.9664963994173694 0.004563061800153905
0.9707720325915102 0.0041609725178866665
0.9747640902965183 0.003695366568998634
0.9784701678661044 0.003178674252519896
0.98188803289772 0.0026245475325165496
0.985015626597272 0.0020476039158037612
0.9878510650192642 0.0014631148128596136
0.9903926402016152 0.0008866472357325079
0.9926388211944706 0.0003336705022347463
0.9945882549823906 -0.00018085806480331776
0.9962397672993549 -0.0006429127768279236
0.9975923633360985 -0.0010398079669129271
0.9986452283393451 -0.0013605784342100578
0.9993977281025862 -0.0015963160015127948
0.9998494093481021 -0.0017404478117490126
1.0 -0.0017889443098041472
