1.0 0.00148077910917066
0.9998494093481021 0.0015606270087213635
0.9993977281025862 0.0017987210904503654
0.9986452283393451 0.0021907680898838404
0.9975923633360985 0.002729795247635456
0.9962397672993549 0.0034064153467462735
0.9945882549823906 0.004209180281070699
0.9926388211944706 0.005125006775464507
0.9903926402016152 0.006139654705262804
0.9878510650192642 0.00723823629880022
0.985015626597272 0.00840573345241386
0.98188803289772 0.009627500480089899
0.9784701678661044 0.010889730833642794
0.9747640902965183 0.01217986857704972
0.9707720325915102 0.013486948538434207
0.9664963994173694 0.014801852907852788
0.9619397662556433 0.016117476377499836
0.9571048778517655 0.017428796492168195
0.9519946465617215 0.018732850445160203
0.9466121505977576 0.02002862388042038
0.9409606321741775 0.02131686112970838
0.9350434955543556 0.022599809542076965
0.928864305000136 0.02388091301261412
0.9224267826248536 0.025164471398238575
0.9157348061512727 0.026455283182291803
0.9087924065757916 0.027758288530493044
0.9016037657403225 0.029078228830620063
0.894173213813303 0.030419337031305706
0.8865052266813687 0.0317850707295633
0.8786044232532422 0.03317789716372012
0.8704755626774794 0.03459913622271614
0.8621235414757333 0.03604886446033577
0.8535533905932737 0.03752588007122867
0.8447702723685334 0.03902772599400292
0.8357794774235092 0.04055076587930766
0.8265864214768883 0.04209030569110107
0.8171966420818224 0.043640752257048034
0.8076157952903136 0.045195799174871355
0.7978496522462164 0.04674863010863285
0.7879040957089227 0.04829212963658143
0.7777851165098009 0.04981909238087247
0.7674988099435485 0.05132242208204935
0.7570513720966108 0.05279531348982188
0.746449096114892 0.05423141133436399
0.7356983684129987 0.05562494212925536
0.7248056648273034 0.056970816055912935
0.713777546715141 0.05826469761913043
0.7026206570024947 0.059503045087725095
0.691341716182545 0.06068311990247769
0.6799475182674938 0.06180296822027443
0.6684449266961098 0.06286137755757903
0.6568408701994456 0.06385781209903665
0.645142338627231 0.06479233065818166
0.6333563787374491 0.0656654915329141
0.6214900899516319 0.06647824860749633
0.6095506200784349 0.06723184303434139
0.5975451610080642 0.06792769469990276
0.5854809443801506 0.06856729745335337
0.5733652372276805 0.06915212176452859
0.5612053375996082 0.06968352808547881
0.54900857016478 0.0701626937222487
0.5367822817998334 0.07059055548370975
0.5245338371637088 0.07096776976701798
0.512270614261456 0.07129469107205577
0.4999999999999999 0.07157136922207351
0.4877293857385438 0.07179756482229921
0.475466162836291 0.07197278173619918
0.46321771820016633 0.07209631462966522
0.4509914298352198 0.07216730896045226
0.43879466240039156 0.07218483020995847
0.42663476277231926 0.07214793870311173
0.41451905561984914 0.07205576607281725
0.4024548389919357 0.07190758932504844
0.3904493799215649 0.07170289856703504
0.3785099100483679 0.07144145478030364
0.36664362126255073 0.07112333454542132
0.35485766137276875 0.07074895933493483
0.3431591298005543 0.07031910785019503
0.33155507330389 0.06983491083925016
0.320052481732506 0.06929782883989814
0.30865828381745486 0.06870961428136378
0.29737934299750524 0.06807226028519492
0.28622245328485874 0.06738793926909617
0.27519433517269654 0.06665893502245293
0.26430163158700104 0.06588757224724201
0.2535509038851079 0.06507614761664052
0.2429486279033891 0.06422686618805848
0.23250119005645137 0.06334178652937393
0.2222148834901989 0.06242277720819527
0.2120959042910774 0.06147148640324459
0.20215034775378343 0.06048932538838566
0.19238420470968637 0.05947746558771714
0.18280335791817703 0.05843684788381005
0.17341357852311146 0.05736820195899222
0.16422052257649067 0.056272072733048524
0.15522972763146647 0.05514885048863253
0.14644660940672616 0.05399880108940299
0.1378764585242665 0.0528220928154894
0.12952443732252045 0.05161881676306471
0.12139557674675777 0.05038899845246486
0.11349477331863145 0.04913259921292671
0.10582678618669683 0.04784950699286858
0.09839623425967753 0.046539517399451995
0.09120759342420814 0.04520230690815246
0.08426519384872727 0.04383740120875181
0.07757321737514639 0.04244414248047477
0.07113569499986394 0.04102165994019651
0.06495650444564427 0.03956884822653452
0.059039367825822475 0.038084358035408925
0.05338784940224234 0.03656660290226136
0.048005353438278275 0.03501378515358587
0.042895122148234655 0.033423942874154546
0.038060233744356575 0.03179501832930702
0.03350360058263052 0.0301249467368252
0.029227967408489597 0.028411762706762083
0.025235909703481607 0.026653720172858147
0.021529832133895532 0.024849420336712145
0.018111967102280024 0.022997941136539798
0.014984373402728013 0.021098961119499812
0.012148934980735715 0.01915287039957592
0.009607359798384785 0.017160861652507943
0.007361178805529334 0.01512499483429853
0.005411745017609493 0.01304823047726932
0.0037602327006450165 0.010934427953889044
0.0024076366639015356 0.008788306913516869
0.0013547716606548965 0.006615372079941447
0.0006022718974137975 0.004421803624027644
0.00015059065189787502 0.0022143172669133668
0.0 0.0
0.00015059065189787502 -0.0019081671675539294
0.0006022718974137975 -0.003808457020654099
0.0013547716606548965 -0.005692768442312618
0.0024076366639015356 -0.007553435609862826
0.0037602327006450165 -0.009383422910336357
0.005411745017609493 -0.011176493712019193
0.007361178805529334 -0.012927346359650461
0.009607359798384785 -0.014631712395580053
0.012148934980735715 -0.016286413875825977
0.014984373402728013 -0.017889378645764085
0.018111967102280024 -0.019439614456205657
0.021529832133895532 -0.020937144727887835
0.025235909703481607 -0.02238291050812725
0.029227967408489597 -0.02377864461689109
0.03350360058263052 -0.025126725077327067
0.038060233744356575 -0.026430015615682416
0.042895122148234655 -0.027691701269420752
0.048005353438278275 -0.028915126957543464
0.05338784940224234 -0.030103646266221144
0.059039367825822475 -0.03126048673201171
0.06495650444564427 -0.03238863663085708
0.07113569499986394 -0.033490756786626844
0.07757321737514639 -0.0345691192921576
0.08426519384872727 -0.03562557338767166
0.09120759342420814 -0.036661537164439095
0.09839623425967753 -0.03767801234704636
0.10582678618669683 -0.038675618234846866
0.11349477331863145 -0.03965464001437481
0.12139557674675777 -0.04061508613153175
0.12952443732252045 -0.04155674925436571
0.1378764585242665 -0.04247926555999358
0.14644660940672616 -0.04338216761570123
0.15522972763146647 -0.044264926946974203
0.16422052257649067 -0.045126983429554124
0.17341357852311146 -0.04596775983135791
0.18280335791817703 -0.046786661078671875
0.19238420470968637 -0.04758305904321313
0.20215034775378343 -0.04835626476024068
0.2120959042910774 -0.0491054909201526
0.2222148834901989 -0.04982980816830471
0.23250119005645137 -0.050528099159353496
0.2429486279033891 -0.051199014422829
0.2535509038851079 -0.05184093390682487
0.26430163158700104 -0.05245193759864526
0.27519433517269654 -0.05302978791616415
0.28622245328485874 -0.05357192567881158
0.29737934299750524 -0.05407548047166812
0.30865828381745486 -0.05453729518614383
0.320052481732506 -0.05495396353355106
0.33155507330389 -0.05532187845679431
0.3431591298005543 -0.05563728867422971
0.35485766137276875 -0.05589636012832549
0.36664362126255073 -0.05609523891235948
0.3785099100483679 -0.05623011232338219
0.3904493799215649 -0.056297265030608924
0.4024548389919357 -0.05629312792660895
0.41451905561984914 -0.056214317997273805
0.42663476277231926 -0.05605766844391436
0.43879466240039156 -0.055820249244978457
0.4509914298352198 -0.05549937927876757
0.46321771820016633 -0.0550926319657932
0.475466162836291 -0.05459783706004746
0.4877293857385438 -0.05401308166418581
0.4999999999999999 -0.05333671372239911
0.512270614261456 -0.05256735113428231
0.5245338371637088 -0.051703899232725434
0.5367822817998334 -0.050745578700482595
0.54900857016478 -0.04969196510649269
0.5612053375996082 -0.0485430401855775
0.5733652372276805 -0.04729925383957384
0.5854809443801506 -0.04596159468916616
0.5975451610080642 -0.04453166594173248
0.6095506200784349 -0.04301176244620174
0.6214900899516319 -0.0414049441565244
0.6333563787374491 -0.03971510088080516
0.645142338627231 -0.037947003193236954
0.6568408701994456 -0.03610633474685877
0.6684449266961098 -0.03419970193745625
0.6799475182674938 -0.03223461789762536
0.691341716182545 -0.03021945908620354
0.7026206570024947 -0.028163394202594907
0.713777546715141 -0.02607628670324071
0.7248056648273034 -0.02396857372476961
0.7356983684129987 -0.021851125619318172
0.746449096114892 -0.01973509148171346
0.7570513720966108 -0.017631736907879687
0.7674988099435485 -0.015552280700498518
0.7777851165098009 -0.013507737287820912
0.7879040957089227 -0.011508771229322924
0.7978496522462164 -0.009565569362821933
0.8076157952903136 -0.0076877349472521655
0.8171966420818224 -0.005884206647174359
0.8265864214768883 -0.004163203486677354
0.8357794774235092 -0.0025321950868396562
0.8447702723685334 -0.0009978947178080175
0.8535533905932737 0.000433728928758302
0.8621235414757333 0.0017574266881363
0.8704755626774794 0.002968636996720197
0.8786044232532422 0.004063453994976527
0.8865052266813687 0.005038602542622318
0.894173213813303 0.0058914264737494
0.9016037657403225 0.006619895345873226
0.9087924065757916 0.007222633399630367
0.9157348061512727 0.007698972533501241
0.9224267826248536 0.008049028927923873
0.928864305000136 0.008273800665030027
0.9350434955543556 0.008375281436955337
0.9409606321741775 0.008356583373959102
0.9466121505977576 0.00822206030357454
0.9519946465617215 0.00797742150717665
0.9571048778517655 0.007629825378240397
0.9619397662556433 0.0071879423809529846
0.9664963994173694 0.006661977392970614
0.9707720325915102 0.006063642883279189
0.9747640902965183 0.005406076373029225
0.9784701678661044 0.004703698160105707
0.98188803289772 0.003972008226647995
0.985015626597272 0.0032273244329954136
0.9878510650192642 0.0024864673517659445
0.9903926402016152 0.0017664002228423618
0.9926388211944706 0.0010838353270076235
0.9945882549823906 0.0004548204097005711
0.9962397672993549 -0.00010567951159558969
0.9975923633360985 -0.0005841886667361661
0.9986452283393451 -0.0009690989519139567
0.9993977281025862 -0.001251004528000831
0.9998494093481021 -0.0014229784063457106
1.0 -0.00148077910917066
