1.0 0.0015711723177157702
0.9998494093481021 0.0016442975956358701
0.9993977281025862 0.0018622841978590647
0.9986452283393451 0.0022210191762712136
0.9975923633360985 0.002713827526192888
0.9962397672993549 0.0033317331567361986
0.9945882549823906 0.0040638069426681385
0.9926388211944706 0.004897585641233807
0.9903926402016152 0.005819542311094169
0.9878510650192642 0.006815586721260541
0.985015626597272 0.007871573184940875
0.98188803289772 0.008973793334575271
0.9784701678661044 0.01010943254543015
0.9747640902965183 0.011266970931260913
0.9707720325915102 0.01243651293792202
0.9664963994173694 0.013610033365590924
0.9619397662556433 0.014781531940249781
0.9571048778517655 0.01594709309288326
0.9519946465617215 0.017104852147196183
0.9466121505977576 0.01825487342831145
0.9409606321741775 0.01939894967196387
0.9350434955543556 0.0205403353549153
0.928864305000136 0.021683429043247295
0.9224267826248536 0.02283342147434002
0.9157348061512727 0.023995926810278928
0.9087924065757916 0.025176614335579703
0.9016037657403225 0.026380856878612257
0.894173213813303 0.027613410513824443
0.8865052266813687 0.028878137784317782
0.8786044232532422 0.030177783928922834
0.8704755626774794 0.031513812575323034
0.8621235414757333 0.03288630424419716
0.8535533905932737 0.034293917964254225
0.8447702723685334 0.03573391347316716
0.8357794774235092 0.03720222899937611
0.8265864214768883 0.038693607579732246
0.8171966420818224 0.04020176333072322
0.8076157952903136 0.041719578086098545
0.7978496522462164 0.043239318338849295
0.7879040957089227 0.044752862449985484
0.7777851165098009 0.04625192855608493
0.7674988099435485 0.0477282944500795
0.7570513720966108 0.04917400184184543
0.746449096114892 0.050581538738608635
0.7356983684129987 0.051943995132893
0.7248056648273034 0.0532551886669629
0.713777546715141 0.054509758387083815
0.7026206570024947 0.05570322605121519
0.691341716182545 0.056832025667236614
0.6799475182674938 0.05789350298733847
0.6684449266961098 0.05888588755309793
0.6568408701994456 0.059808240571822165
0.645142338627231 0.06066038241364915
0.6333563787374491 0.0614428038623678
0.6214900899516319 0.06215656544584844
0.6095506200784349 0.06280318922998125
0.5975451610080642 0.06338454739752461
0.5854809443801506 0.06390275176228913
0.5733652372276805 0.06436004809883221
0.5612053375996082 0.06475871880504079
0.54900857016478 0.06510099696484627
0.5367822817998334 0.06538899434598845
0.5245338371637088 0.06562464525994759
0.512270614261456 0.06580966753785047
0.4999999999999999 0.06594554115188522
0.4877293857385438 0.06603350425656376
0.475466162836291 0.06607456566378501
0.46321771820016633 0.06606953203096226
0.4509914298352198 0.06601904736721272
0.43879466240039156 0.0659236418852994
0.42663476277231926 0.06578378678241856
0.41451905561984914 0.06559995125309347
0.4024548389919357 0.0653726579476797
0.3904493799215649 0.06510253320612101
0.3785099100483679 0.06479034872260225
0.36664362126255073 0.06443705182326376
0.35485766137276875 0.06404378224289002
0.3431591298005543 0.06361187413079598
0.33155507330389 0.06314284295260536
0.320052481732506 0.06263835792586109
0.30865828381745486 0.06210020157069556
0.29737934299750524 0.06153021880835949
0.28622245328485874 0.06093025874015208
0.27519433517269654 0.06030211273540182
0.26430163158700104 0.05964745271036836
0.2535509038851079 0.058967773467118234
0.2429486279033891 0.05826434267790981
0.23250119005645137 0.05753816156139737
0.2222148834901989 0.05678993853628091
0.2120959042910774 0.056020077207570504
0.20215034775378343 0.05522867900621875
0.19238420470968637 0.05441555973998132
0.18280335791817703 0.05358027830171008
0.17341357852311146 0.05272217489890164
0.16422052257649067 0.051840415485584476
0.15522972763146647 0.050934038651557115
0.14644660940672616 0.05000200109357437
0.1378764585242665 0.04904321797562822
0.12952443732252045 0.04805659497468602
0.12139557674675777 0.047041049573931765
0.11349477331863145 0.0459955201551918
0.10582678618669683 0.04491896258431123
0.09839623425967753 0.0438103351921573
0.09120759342420814 0.042668574236009636
0.08426519384872727 0.04149256298656888
0.07757321737514639 0.04028109843590996
0.07113569499986394 0.03903286018559447
0.06495650444564427 0.03774638629509337
0.059039367825822475 0.03642006071582837
0.05338784940224234 0.03505211639984206
0.048005353438278275 0.0336406572770566
0.042895122148234655 0.032183701091549013
0.038060233744356575 0.0306792436501857
0.03350360058263052 0.029125343461119453
0.029227967408489597 0.027520224133338808
0.025235909703481607 0.02586239038592444
0.021529832133895532 0.02415075218900096
0.018111967102280024 0.02238475052935819
0.014984373402728013 0.020564477646269688
0.012148934980735715 0.018690784376772046
0.009607359798384785 0.016765367515123863
0.007361178805529334 0.01479083082699495
0.005411745017609493 0.012770714531407722
0.0037602327006450165 0.0107094896081515
0.0024076366639015356 0.00861251511425556
0.0013547716606548965 0.006485958688289431
0.0006022718974137975 0.004336682460629729
0.00015059065189787502 0.0021720985414349667
0.0 0.0
0.00015059065189787502 -0.0013781560544731239
0.0006022718974137975 -0.002754934273487198
0.0013547716606548965 -0.004128594713963095
0.0024076366639015356 -0.005497613550900343
0.0037602327006450165 -0.006860775716126659
0.005411745017609493 -0.008217249836055623
0.007361178805529334 -0.009566641132418622
0.009607359798384785 -0.010909019174761102
0.012148934980735715 -0.012244918767453806
0.014984373402728013 -0.013575313737571898
0.018111967102280024 -0.014901564878846772
0.021529832133895532 -0.016225344716604678
0.025235909703481607 -0.017548543009664914
0.029227967408489597 -0.018873157927603953
0.03350360058263052 -0.02020117857916972
0.038060233744356575 -0.021534464980365025
0.042895122148234655 -0.02287463161828775
0.048005353438278275 -0.024222940488927914
0.05338784940224234 -0.025580208883626603
0.059039367825822475 -0.026946736308550965
0.06495650444564427 -0.028322253799577656
0.07113569499986394 -0.029705897609789214
0.07757321737514639 -0.031096207875732126
0.08426519384872727 -0.0324911514933051
0.09120759342420814 -0.03388816713562684
0.09839623425967753 -0.03528422919890288
0.10582678618669683 -0.03667592653349432
0.11349477331863145 -0.038059551157378614
0.12139557674675777 -0.039431191792210725
0.12952443732252045 -0.04078682702338213
0.1378764585242665 -0.04212241316013998
0.14644660940672616 -0.04343396243584601
0.15522972763146647 -0.04471760799996623
0.16422052257649067 -0.04596965315558538
0.17341357852311146 -0.04718660342110485
0.18280335791817703 -0.04836518116752115
0.19238420470968637 -0.04950232372660756
0.20215034775378343 -0.05059516690684456
0.2120959042910774 -0.051641016727348305
0.2222148834901989 -0.052637312831760305
0.23250119005645137 -0.05358158743608283
0.2429486279033891 -0.05447142377681587
0.2535509038851079 -0.05530441785770688
0.26430163158700104 -0.056078146863383
0.27519433517269654 -0.05679014695230271
0.28622245328485874 -0.05743790231126174
0.29737934299750524 -0.05801884641216073
0.30865828381745486 -0.0585303754291117
0.320052481732506 -0.05896987282272132
0.33155507330389 -0.05933474324818734
0.3431591298005543 -0.059622453256570423
0.35485766137276875 -0.05983057578395897
0.36664362126255073 -0.05995683519518953
0.3785099100483679 -0.059999149683022945
0.3904493799215649 -0.05995566811644953
0.4024548389919357 -0.05982479896004471
0.41451905561984914 -0.059605229609183304
0.42663476277231926 -0.059295935347675736
0.43879466240039156 -0.05889617806824296
0.4509914298352198 -0.05840549582919348
0.46321771820016633 -0.057823685178790836
0.475466162836291 -0.057150778892689595
0.4877293857385438 -0.05638702227978836
0.4999999999999999 -0.05553285147250561
0.512270614261456 -0.054588877101372786
0.5245338371637088 -0.05355587645380654
0.5367822817998334 -0.05243479664709508
0.54900857016478 -0.051226770540835014
0.5612053375996082 -0.04993314612770684
0.5733652372276805 -0.048555529042115346
0.5854809443801506 -0.04709583669281108
0.5975451610080642 -0.04555636144201679
0.6095506200784349 -0.043939839302518505
0.6214900899516319 -0.042249519881150076
0.6333563787374491 -0.040489232824625854
0.645142338627231 -0.03866344586642811
0.6568408701994456 -0.03677730975446386
0.6684449266961098 -0.03483668585758531
0.6799475182674938 -0.0328481530794142
0.691341716182545 -0.03081899180143193
0.7026206570024947 -0.028757143864694665
0.713777546715141 -0.026671148995412456
0.7248056648273034 -0.02457005948823831
0.7356983684129987 -0.02246333628290271
0.746449096114892 -0.02036073070861641
0.7570513720966108 -0.018272157040574867
0.7674988099435485 -0.016207561544946656
0.7777851165098009 -0.014176793836252283
0.7879040957089227 -0.012189486113755093
0.7978496522462164 -0.010254945189772597
0.8076157952903136 -0.008382061210000437
0.8171966420818224 -0.006579235658568196
0.8265864214768883 -0.004854329726590596
0.8357794774235092 -0.003214632508397536
0.8447702723685334 -0.0016668468912871114
0.8535533905932737 -0.00021708954249182203
0.8621235414757333 0.0011290998144499324
0.8704755626774794 0.0023667455017775535
0.8786044232532422 0.0034914254650821068
0.8865052266813687 0.004499269369971963
0.894173213813303 0.005386970706006524
0.9016037657403225 0.006151817344179205
0.9087924065757916 0.006791743516501096
0.9157348061512727 0.007305404356251292
0.9224267826248536 0.007692272067191696
0.928864305000136 0.007952750613306522
0.9350434955543556 0.00808830368473239
0.9409606321741775 0.008101588751890295
0.9466121505977576 0.007996588413833949
0.9519946465617215 0.0077787291080202384
0.9571048778517655 0.007454976681553704
0.9619397662556433 0.007033898400094662
0.9664963994173694 0.00652568172303288
0.9707720325915102 0.0059421015931055785
0.9747640902965183 0.0052964300233827154
0.9784701678661044 0.004603284321574707
0.98188803289772 0.0038784132418323847
0.985015626597272 0.003138423539433209
0.9878510650192642 0.0024004526458612707
0.9903926402016152 0.0016817962933771211
0.9926388211944706 0.000999502713929829
0.9945882549823906 0.000369947345510909
0.9962397672993549 -0.0001915963474114935
0.9975923633360985 -0.0006713734071608459
0.9986452283393451 -0.0010575346317639538
0.9993977281025862 -0.001340478640685176
0.9998494093481021 -0.0015131344195553457
1.0 -0.0015711723177157702
