1.0 0.0015782349121117535
0.9998494093481021 0.0016608367257094094
0.9993977281025862 0.0019071405327202278
0.9986452283393451 0.00231269841316034
0.9975923633360985 0.002870284459776718
0.9962397672993549 0.0035701665967910108
0.9945882549823906 0.004400469373320618
0.9926388211944706 0.005347611088611126
0.9903926402016152 0.006396795365563416
0.9878510650192642 0.007532535064431587
0.985015626597272 0.008739185321840339
0.98188803289772 0.010001462551122808
0.9784701678661044 0.011304927424530466
0.9747640902965183 0.012636412091182702
0.9707720325915102 0.013984375026673289
0.9664963994173694 0.015339170775119409
0.9619397662556433 0.016693226211997578
0.9571048778517655 0.018041119585446956
0.9519946465617215 0.019379563237477273
0.9466121505977576 0.020707295325113763
0.9409606321741775 0.022024889836567276
0.9350434955543556 0.023334497543413088
0.928864305000136 0.024639533102983408
0.9224267826248536 0.025944325230610285
0.9157348061512727 0.027253747655567137
0.9087924065757916 0.028572848465737054
0.9016037657403225 0.02990649449088836
0.894173213813303 0.031259045672291666
0.8865052266813687 0.0326340720510664
0.8786044232532422 0.034034123237611326
0.8704755626774794 0.035460557172225494
0.8621235414757333 0.03691343182817653
0.8535533905932737 0.03839146041130951
0.8447702723685334 0.03989202772664779
0.8357794774235092 0.04141126284009037
0.8265864214768883 0.0429441610605408
0.8171966420818224 0.044484746670176885
0.8076157952903136 0.046026266770074056
0.7978496522462164 0.047561406084744344
0.7879040957089227 0.04908251255306059
0.7777851165098009 0.05058182397103949
0.7674988099435485 0.05205168677227288
0.7570513720966108 0.05348475915087472
0.746449096114892 0.05487419206077409
0.7356983684129987 0.05621378307605629
0.7248056648273034 0.05749809958798334
0.713777546715141 0.05872256927382226
0.7026206570024947 0.059883537142380275
0.691341716182545 0.06097828969757582
0.6799475182674938 0.062005047835651174
0.6684449266961098 0.06296293098870126
0.6568408701994456 0.06385189574376089
0.645142338627231 0.0646726527085782
0.6333563787374491 0.06542656577442496
0.6214900899516319 0.06611553815811898
0.6095506200784349 0.06674188970579245
0.5975451610080642 0.06730822992437457
0.5854809443801506 0.06781733108510418
0.5733652372276805 0.06827200552523999
0.5612053375996082 0.06867499096511483
0.54900857016478 0.06902884726134775
0.5367822817998334 0.06933586753635279
0.5245338371637088 0.06959800606334798
0.512270614261456 0.06981682465183438
0.4999999999999999 0.06999345858235863
0.4877293857385438 0.07012860239815168
0.475466162836291 0.070222515097753
0.46321771820016633 0.07027504351541106
0.4509914298352198 0.07028566195788076
0.43879466240039156 0.0702535255229171
0.42663476277231926 0.07017753399230896
0.41451905561984914 0.07005640280420133
0.4024548389919357 0.06988873739371629
0.3904493799215649 0.06967310716717322
0.3785099100483679 0.06940811555243902
0.36664362126255073 0.06909246294252903
0.35485766137276875 0.068724999904611
0.3431591298005543 0.0683047687319887
0.33155507330389 0.06783103223055369
0.320052481732506 0.06730328950220729
0.30865828381745486 0.06672127935826717
0.29737934299750524 0.06608497280604667
0.28622245328485874 0.06539455674395668
0.27519433517269654 0.06465041152358983
0.26430163158700104 0.06385308535104398
0.2535509038851079 0.06300326857831737
0.2429486279033891 0.062101770769902837
0.23250119005645137 0.06114950302892363
0.2222148834901989 0.060147467458680985
0.2120959042910774 0.05909675486347891
0.20215034775378343 0.05799855091514655
0.19238420470968637 0.05685415009681896
0.18280335791817703 0.05566497585627511
0.17341357852311146 0.05443260462998113
0.16422052257649067 0.053158790802331345
0.15522972763146647 0.05184548929726218
0.14644660940672616 0.050494872400185624
0.1378764585242665 0.04910933759607924
0.12952443732252045 0.04769150368183202
0.12139557674675777 0.046244193142521296
0.11349477331863145 0.044770399726014654
0.10582678618669683 0.04327324124375266
0.09839623425967753 0.041755898789469406
0.09120759342420814 0.040221544715290956
0.08426519384872727 0.03867326274744983
0.07757321737514639 0.037113964477741165
0.07113569499986394 0.03554630705895235
0.06495650444564427 0.03397261720693863
0.059039367825822475 0.03239482653458268
0.05338784940224234 0.03081442280424364
0.048005353438278275 0.02923242090242866
0.042895122148234655 0.027649356256022828
0.038060233744356575 0.02606530208951597
0.03350360058263052 0.024479910452350682
0.029227967408489597 0.02289247542318387
0.025235909703481607 0.021302015428366683
0.021529832133895532 0.019707370299170864
0.018111967102280024 0.018107307631548247
0.014984373402728013 0.01650063228325722
0.012148934980735715 0.0148862925041565
0.009607359798384785 0.013263476278321088
0.007361178805529334 0.01163169196443709
0.005411745017609493 0.00999082822718568
0.0037602327006450165 0.008341189502392763
0.0024076366639015356 0.0066835047533662945
0.0013547716606548965 0.005018908956490253
0.0006022718974137975 0.003348898489660983
0.00015059065189787502 0.0016752632715322526
0.0 0.0
0.00015059065189787502 -0.0014799531016294544
0.0006022718974137975 -0.0029559002569182415
0.0013547716606548965 -0.004423550978152498
0.0024076366639015356 -0.00587898675775792
0.0037602327006450165 -0.0073188230169762844
0.005411745017609493 -0.008740343536420548
0.007361178805529334 -0.010141600606924027
0.009607359798384785 -0.011521476022609136
0.012148934980735715 -0.012879700176686253
0.014984373402728013 -0.014216828789886407
0.018111967102280024 -0.0155341790705374
0.021529832133895532 -0.016833729244084578
0.025235909703481607 -0.018117987277160505
0.029227967408489597 -0.019389836152052625
0.03350360058263052 -0.02065236413878042
0.038060233744356575 -0.021908689108215102
0.042895122148234655 -0.02316178600510842
0.048005353438278275 -0.024414326160239856
0.05338784940224234 -0.025668536202428278
0.059039367825822475 -0.026926082998167497
0.06495650444564427 -0.0281879893870791
0.07113569499986394 -0.0294545836011237
0.07757321737514639 -0.03072548327162682
0.08426519384872727 -0.03199961296148963
0.09120759342420814 -0.03327525232754549
0.09839623425967753 -0.03455011042602774
0.10582678618669683 -0.03582142041132141
0.11349477331863145 -0.03708604801080212
0.12139557674675777 -0.03834060672657651
0.12952443732252045 -0.039581572730005336
0.1378764585242665 -0.04080539286029207
0.14644660940672616 -0.04200857997067563
0.15522972763146647 -0.04318779101801129
0.16422052257649067 -0.04433988467833348
0.17341357852311146 -0.04546195679430495
0.18280335791817703 -0.04655135351625517
0.19238420470968637 -0.04760566348376355
0.20215034775378343 -0.04862269171417592
0.2120959042910774 -0.0496004189366665
0.2222148834901989 -0.05053695087311366
0.23250119005645137 -0.05143046238054068
0.2429486279033891 -0.05227914141957307
0.2535509038851079 -0.05308113751005163
0.26430163158700104 -0.05383451871356723
0.27519433517269654 -0.054537240299443124
0.28622245328485874 -0.05518712717871585
0.29737934299750524 -0.05578187101462823
0.30865828381745486 -0.05631904172807554
0.320052481732506 -0.05679611200130879
0.33155507330389 -0.05721049242456673
0.3431591298005543 -0.057559574196662605
0.35485766137276875 -0.057840775832488006
0.36664362126255073 -0.058051590177216415
0.3785099100483679 -0.05818962818473565
0.3904493799215649 -0.05825265636907304
0.4024548389919357 -0.05823862554278192
0.41451905561984914 -0.05814568935684209
0.42663476277231926 -0.0579722121792858
0.43879466240039156 -0.057716766911905526
0.4509914298352198 -0.05737812436023672
0.46321771820016633 -0.05695523665890362
0.475466162836291 -0.05644721793901305
0.4877293857385438 -0.05585332584801786
0.4999999999999999 -0.05517294765602907
0.512270614261456 -0.05440559448897804
0.5245338371637088 -0.05355090672521932
0.5367822817998334 -0.0526086728086999
0.54900857016478 -0.05157886272103247
0.5612053375996082 -0.05046167618727
0.5733652372276805 -0.04925760444983366
0.5854809443801506 -0.04796750322329586
0.5975451610080642 -0.046592673331895144
0.6095506200784349 -0.045134944618291956
0.6214900899516319 -0.04359675807052402
0.6333563787374491 -0.04198124080088654
0.645142338627231 -0.04029226855975506
0.6568408701994456 -0.038534510888118184
0.6684449266961098 -0.03671345478722996
0.6799475182674938 -0.034835403868926
0.691341716182545 -0.032907451279007904
0.7026206570024947 -0.030937426172771995
0.713777546715141 -0.028933815066815024
0.7248056648273034 -0.02690566088849402
0.7356983684129987 -0.024862443888204237
0.746449096114892 -0.022813949672416456
0.7570513720966108 -0.020770130374741628
0.7674988099435485 -0.018740965347104094
0.7777851165098009 -0.016736327688530957
0.7879040957089227 -0.01476586242957904
0.7978496522462164 -0.012838881281029653
0.8076157952903136 -0.010964277590796287
0.8171966420818224 -0.009150463614265705
0.8265864214768883 -0.0074053304934705326
0.8357794774235092 -0.005736229577747163
0.8447702723685334 -0.0041499720284140056
0.8535533905932737 -0.0026528421570954307
0.8621235414757333 -0.0012506187664797692
0.8704755626774794 5.140200941900429e-05
0.8786044232532422 0.001248389159074725
0.8865052266813687 0.002335971103326468
0.894173213813303 0.003310247662889989
0.9016037657403225 0.004167824225397902
0.9087924065757916 0.004905870959849448
0.9157348061512727 0.005522207895101196
0.9224267826248536 0.006015414434386851
0.928864305000136 0.006384959563123657
0.9350434955543556 0.006631346776347184
0.9409606321741775 0.006756265759827376
0.9466121505977576 0.0067627412508726205
0.9519946465617215 0.006655268407742318
0.9571048778517655 0.006439923529506868
0.9619397662556433 0.0061244391552915025
0.9664963994173694 0.0057182334572735685
0.9707720325915102 0.005232385406992279
0.9747640902965183 0.004679549378081798
0.9784701678661044 0.004073805548887532
0.98188803289772 0.003430445549029648
0.985015626597272 0.0027656960908522595
0.9878510650192642 0.0020963866577576413
0.9903926402016152 0.0014395704971840741
0.9926388211944706 0.0008121110008439889
0.9945882549823906 0.00023024787836102133
0.9962397672993549 -0.00029084080213662047
0.9975923633360985 -0.0007374637316209624
0.9986452283393451 -0.0010978115941423694
0.9993977281025862 -0.0013623061644322018
0.9998494093481021 -0.001523888634918246
1.0 -0.0015782349121117535
