1.0 0.001438128630462805
0.9998494093481021 0.001515918493300195
0.9993977281025862 0.0017477959449304428
0.9986452283393451 0.0021293415228891654
0.9975923633360985 0.002653376652378847
0.9962397672993549 0.0033102353678433807
0.9945882549823906 0.004088127064180987
0.9926388211944706 0.004973573723640431
0.9903926402016152 0.00595190184193655
0.9878510650192642 0.007007767064871803
0.985015626597272 0.008125688445079429
0.98188803289772 0.009290569275625792
0.9784701678661044 0.010488182627930567
0.9747640902965183 0.011705601929867866
0.9707720325915102 0.012931560025497956
0.9664963994173694 0.014156723974945369
0.9619397662556433 0.015373877162397784
0.9571048778517655 0.016578004843105936
0.9519946465617215 0.017766283832183045
0.9466121505977576 0.0189379813831781
0.9409606321741775 0.02009427220903985
0.9350434955543556 0.02123798588170091
0.928864305000136 0.022373299370923406
0.9224267826248536 0.02350539115834242
0.9157348061512727 0.024640074150030663
0.9087924065757916 0.025783424522244528
0.9016037657403225 0.026941422729311087
0.894173213813303 0.028119621279832082
0.8865052266813687 0.029322851680026144
0.8786044232532422 0.030554980306312277
0.8704755626774794 0.031818720070343684
0.8621235414757333 0.033115501747165155
0.8535533905932737 0.03444540591074488
0.8447702723685334 0.035807153703139
0.8357794774235092 0.03719815227183256
0.8265864214768883 0.03861458873296135
0.8171966420818224 0.04005156501295222
0.8076157952903136 0.041503264912400896
0.7978496522462164 0.042963144218385686
0.7879040957089227 0.04442413463312832
0.7777851165098009 0.045878852634903135
0.7674988099435485 0.047319805072975084
0.7570513720966108 0.048739584244833385
0.746449096114892 0.05013104633104447
0.7356983684129987 0.05148746829358575
0.7248056648273034 0.05280267960796436
0.713777546715141 0.05407116643914399
0.7026206570024947 0.05528814704059543
0.691341716182545 0.0564496182224971
0.6799475182674938 0.05755237367995391
0.6684449266961098 0.05859399578692272
0.6568408701994456 0.05957282314681819
0.645142338627231 0.06048789675270138
0.6333563787374491 0.061338888057438284
0.6214900899516319 0.062126012596155536
0.6095506200784349 0.062849933046469
0.5975451610080642 0.06351165575953295
0.5854809443801506 0.06411242484614015
0.5733652372276805 0.06465361785246625
0.5612053375996082 0.06513664690278763
0.54900857016478 0.06556286891429407
0.5367822817998334 0.06593350809643196
0.5245338371637088 0.06624959343268162
0.512270614261456 0.06651191321128185
0.4999999999999999 0.06672098793621842
0.4877293857385438 0.06687706213287592
0.475466162836291 0.06698011469527429
0.46321771820016633 0.06702988654307504
0.4509914298352198 0.06702592351204072
0.43879466240039156 0.06696763164022652
0.42663476277231926 0.06685434138262376
0.41451905561984914 0.06668537683400343
0.4024548389919357 0.06646012580012121
0.3904493799215649 0.06617810655647731
0.3785099100483679 0.06583902738215561
0.36664362126255073 0.06544283544804151
0.35485766137276875 0.06498975235073844
0.3431591298005543 0.06448029447581405
0.33155507330389 0.06391527739184112
0.320052481732506 0.06329580455376763
0.30865828381745486 0.0626232416570248
0.29737934299750524 0.06189917895708409
0.28622245328485874 0.061125384681205416
0.27519433517269654 0.060303753247483174
0.26430163158700104 0.05943625232301282
0.2535509038851079 0.05852487276880801
0.2429486279033891 0.05757158522636155
0.23250119005645137 0.056578306514920185
0.2222148834901989 0.05554687816779905
0.2120959042910774 0.054479058399188596
0.20215034775378343 0.05337652763550457
0.19238420470968637 0.0522409065545936
0.18280335791817703 0.05107378444448331
0.17341357852311146 0.04987675471163992
0.16422052257649067 0.04865145361895173
0.15522972763146647 0.0473995978826442
0.14644660940672616 0.04612301665090188
0.1378764585242665 0.04482367364581817
0.12952443732252045 0.043503675867607644
0.12139557674675777 0.04216526620111013
0.11349477331863145 0.04081079846869402
0.10582678618669683 0.03944269485764506
0.09839623425967753 0.03806338711424666
0.09120759342420814 0.03667524433163605
0.08426519384872727 0.035280491453131696
0.07757321737514639 0.033881123662717456
0.07113569499986394 0.032478822550094814
0.06495650444564427 0.031074880251405895
0.059039367825822475 0.02967013763816398
0.05338784940224234 0.028264942047230207
0.048005353438278275 0.026859129037846978
0.042895122148234655 0.02545203128379432
0.038060233744356575 0.02404251604445168
0.03350360058263052 0.022629050816011798
0.029227967408489597 0.021209794867416237
0.025235909703481607 0.019782712546293067
0.021529832133895532 0.018345702627894863
0.018111967102280024 0.016896736693093595
0.014984373402728013 0.015433998658234
0.012148934980735715 0.013956017210993822
0.009607359798384785 0.012461783070290833
0.007361178805529334 0.010950843686386866
0.005411745017609493 0.009423369194393455
0.0037602327006450165 0.00788018506004167
0.0024076366639015356 0.006322768809942917
0.0013547716606548965 0.00475321039482232
0.0006022718974137975 0.00317413795311497
0.00015059065189787502 0.0015886128778340545
0.0 0.0
0.00015059065189787502 -0.001770820648214083
0.0006022718974137975 -0.0035352088009350338
0.0013547716606548965 -0.005286505750926637
0.0024076366639015356 -0.00701845752763354
0.0037602327006450165 -0.008725394441065152
0.005411745017609493 -0.010402384408872933
0.007361178805529334 -0.01204535346343021
0.009607359798384785 -0.013651168512148168
0.012148934980735715 -0.015217679337618046
0.014984373402728013 -0.016743718868822498
0.018111967102280024 -0.01822906281845695
0.021529832133895532 -0.019674351752144
0.025235909703481607 -0.02108098042719086
0.029227967408489597 -0.022450960718178245
0.03350360058263052 -0.023786765558414164
0.038060233744356575 -0.025091162016410894
0.042895122148234655 -0.02636704186609223
0.048005353438278275 -0.02761725779564231
0.05338784940224234 -0.028844472755992553
0.059039367825822475 -0.030051028923418165
0.06495650444564427 -0.03123884141021232
0.07113569499986394 -0.03240932028829922
0.07757321737514639 -0.033563322789710685
0.08426519384872727 -0.03470113581728036
0.09120759342420814 -0.03582248724010357
0.09839623425967753 -0.03692658295575615
0.10582678618669683 -0.03801216545694242
0.11349477331863145 -0.03907758870885814
0.12139557674675777 -0.04012090356892409
0.12952443732252045 -0.04113994778329661
0.1378764585242665 -0.042132434771358585
0.14644660940672616 -0.043096035933640225
0.15522972763146647 -0.04402845204264719
0.16422052257649067 -0.0449274703346472
0.17341357852311146 -0.04579100513533252
0.18280335791817703 -0.04661712113752049
0.19238420470968637 -0.0474040397168706
0.20215034775378343 -0.04815012983807686
0.2120959042910774 -0.04885388609462631
0.2222148834901989 -0.04951389717964582
0.23250119005645137 -0.050128808561168366
0.2429486279033891 -0.05069728331040024
0.2535509038851079 -0.05121796490587744
0.26430163158700104 -0.05168944543061033
0.27519433517269654 -0.05211024193367475
0.28622245328485874 -0.052478782898719455
0.29737934299750524 -0.05279340581808054
0.30865828381745486 -0.05305236588816172
0.320052481732506 -0.053253854896503305
0.33155507330389 -0.05339602853647812
0.3431591298005543 -0.05347703972543392
0.35485766137276875 -0.0534950750660151
0.36664362126255073 -0.05344839141048074
0.3785099100483679 -0.053335349576363544
0.3904493799215649 -0.05315444261028468
0.4024548389919357 -0.05290431657647829
0.41451905561984914 -0.05258378261078851
0.42663476277231926 -0.05219181986805481
0.43879466240039156 -0.051727569929137546
0.4509914298352198 -0.05119032414662757
0.46321771820016633 -0.05057950621955727
0.475466162836291 -0.04989465292766003
0.4877293857385438 -0.049135396367180305
0.4999999999999999 -0.04830145117149905
0.512270614261456 -0.047392610049244915
0.5245338371637088 -0.04640875053022041
0.5367822817998334 -0.045349855097759274
0.54900857016478 -0.04421604594855308
0.5612053375996082 -0.0430076345194766
0.5733652372276805 -0.04172518473177391
0.5854809443801506 -0.040369587711516774
0.5975451610080642 -0.03894214463998573
0.6095506200784349 -0.03744465345372952
0.6214900899516319 -0.035879494427151444
0.6333563787374491 -0.03424970929081225
0.645142338627231 -0.03255906850637562
0.6568408701994456 -0.03081212165077949
0.6684449266961098 -0.02901422654884492
0.6799475182674938 -0.027171553800600993
0.691341716182545 -0.02529106461872772
0.7026206570024947 -0.02338046134393068
0.713777546715141 -0.02144811154762495
0.7248056648273034 -0.019502948158764494
0.7356983684129987 -0.017554349459650724
0.746449096114892 -0.015612003984087632
0.7570513720966108 -0.013685766232813248
0.7674988099435485 -0.011785509627316202
0.7777851165098009 -0.009920983209951521
0.7879040957089227 -0.008101678249945248
0.7978496522462164 -0.006336710145832064
0.8076157952903136 -0.0046347198695288515
0.8171966420818224 -0.0030037977478378896
0.8265864214768883 -0.001451430719448029
0.8357794774235092 1.552754719197271e-05
0.8447702723685334 0.001390866013960343
0.8535533905932737 0.002669009020278986
0.8621235414757333 0.0038449976245764237
0.8704755626774794 0.004914465669364095
0.8786044232532422 0.00587361716545391
0.8865052266813687 0.006719211549703127
0.894173213813303 0.0074485628046704515
0.9016037657403225 0.008059557356117308
0.9087924065757916 0.008550694139690704
0.9157348061512727 0.008921148339076269
0.9224267826248536 0.009170858160647702
0.928864305000136 0.009300631762081703
0.9350434955543556 0.009312269245581354
0.9409606321741775 0.009208692614773886
0.9466121505977576 0.008994074925854202
0.9519946465617215 0.008673958669318256
0.9571048778517655 0.008255352804046894
0.9619397662556433 0.007746797902436918
0.9664963994173694 0.007158389586400669
0.9707720325915102 0.006501751829541966
0.9747640902965183 0.0057899537177058796
0.9784701678661044 0.005037365804469982
0.98188803289772 0.004259455139898912
0.985015626597272 0.0034725212310254393
0.9878510650192642 0.0026933784323414436
0.9903926402016152 0.0019389933763485927
0.9926388211944706 0.0012260888525646562
0.9945882549823906 0.0005707278567876708
0.9962397672993549 -1.2106786010337772e-05
0.9975923633360985 -0.0005089208849468452
0.9986452283393451 -0.0009080889717730902
0.9993977281025862 -0.0012001902744737366
0.9998494093481021 -0.0013782863743178621
1.0 -0.001438128630462805
