1.0 0.0016919666519058304
0.9998494093481021 0.0017701545730940992
0.9993977281025862 0.0020033272204246153
0.9986452283393451 0.002387364744348054
0.9975923633360985 0.0029155765313382256
0.9962397672993549 0.0035789561926929496
0.9945882549823906 0.004366521592660514
0.9926388211944706 0.005265724036367951
0.9903926402016152 0.006262907669211161
0.9878510650192642 0.007343798054101867
0.985015626597272 0.008493997888236886
0.98188803289772 0.009699467933013076
0.9784701678661044 0.010946972433370039
0.9747640902965183 0.012224470510690215
0.9707720325915102 0.013521438087376077
0.9664963994173694 0.014829108657967032
0.9619397662556433 0.01614062544501447
0.9571048778517655 0.017451101932305108
0.9519946465617215 0.018757592212508233
0.9466121505977576 0.020058976788696486
0.9409606321741775 0.021355773219057322
0.9350434955543556 0.022649884114152648
0.928864305000136 0.023944297351078656
0.9224267826248536 0.025242754871667487
0.9157348061512727 0.02654940704632875
0.9087924065757916 0.027868469325788812
0.9016037657403225 0.029203896831694977
0.894173213813303 0.030559090756863486
0.8865052266813687 0.03193664809283214
0.8786044232532422 0.03333816343537687
0.8704755626774794 0.03476408860914127
0.8621235414757333 0.03621365277346345
0.8535533905932737 0.03768484268708042
0.8447702723685334 0.03917444006620325
0.8357794774235092 0.040678110590035024
0.8265864214768883 0.04219053718156198
0.8171966420818224 0.043705588777762684
0.8076157952903136 0.04521651492705479
0.7978496522462164 0.046716156205694574
0.7879040957089227 0.04819716059343592
0.7777851165098009 0.049652196533203026
0.7674988099435485 0.0510741543437294
0.7570513720966108 0.05245632887137442
0.746449096114892 0.053792577666876465
0.7356983684129987 0.055077450465998275
0.7248056648273034 0.05630628725851872
0.713777546715141 0.05747528367787347
0.7026206570024947 0.05858152377805081
0.691341716182545 0.05962298144455382
0.6799475182674938 0.0605984926870344
0.6684449266961098 0.06150770187124796
0.6568408701994456 0.062350985567710814
0.645142338627231 0.06312935813324444
0.6333563787374491 0.06384436341473669
0.6214900899516319 0.06449795709005117
0.6095506200784349 0.06509238415739134
0.5975451610080642 0.06563005596804466
0.5854809443801506 0.06611343098162373
0.5733652372276805 0.06654490311742224
0.5612053375996082 0.06692670118680477
0.54900857016478 0.06726080242392601
0.5367822817998334 0.0675488625891454
0.5245338371637088 0.06779216450602302
0.512270614261456 0.06799158621648006
0.4999999999999999 0.06814758921183367
0.4877293857385438 0.06826022643782687
0.475466162836291 0.06832916900331704
0.46321771820016633 0.0683537497744311
0.4509914298352198 0.06833302134262184
0.43879466240039156 0.06826582525251841
0.42663476277231926 0.06815086890000596
0.41451905561984914 0.0679868061958027
0.4024548389919357 0.06777231796198457
0.3904493799215649 0.06750618810644521
0.3785099100483679 0.06718737190966093
0.36664362126255073 0.06681505325260534
0.35485766137276875 0.06638868829347026
0.3431591298005543 0.06590803392956848
0.33155507330389 0.06537316031277657
0.320052481732506 0.0647844476658636
0.30865828381745486 0.06414256861069402
0.29737934299750524 0.06344845810339123
0.28622245328485874 0.06270327381473248
0.27519433517269654 0.06190835034247324
0.26430163158700104 0.06106515095401703
0.2535509038851079 0.06017522060650062
0.2429486279033891 0.0592401437687846
0.23250119005645137 0.05826151008744684
0.2222148834901989 0.05724089022753138
0.2120959042910774 0.05617982332724032
0.20215034775378343 0.05507981649749397
0.19238420470968637 0.05394235574638026
0.18280335791817703 0.05276892669425938
0.17341357852311146 0.05156104254639367
0.16422052257649067 0.05032027607858023
0.15522972763146647 0.04904829192722882
0.14644660940672616 0.0477468753013699
0.1378764585242665 0.04641795337196168
0.12952443732252045 0.04506360604218027
0.12139557674675777 0.043686063535971084
0.11349477331863145 0.042287689213341674
0.10582678618669683 0.040870947162507235
0.09839623425967753 0.03943835534889734
0.09120759342420814 0.0379924263278669
0.08426519384872727 0.03653559865787862
0.07757321737514639 0.03507016309456891
0.07113569499986394 0.03359818832542105
0.06495650444564427 0.03212145135917306
0.059039367825822475 0.030641377675435857
0.05338784940224234 0.029158995856010374
0.048005353438278275 0.027674910675183618
0.042895122148234655 0.02618929756391227
0.038060233744356575 0.024701920048784874
0.03350360058263052 0.023212170287634053
0.029227967408489597 0.021719131280486553
0.025235909703481607 0.020221657835158502
0.021529832133895532 0.01871847201858847
0.018111967102280024 0.017208267726887532
0.014984373402728013 0.01568981824227137
0.012148934980735715 0.014162080274678666
0.009607359798384785 0.012624288044336346
0.007361178805529334 0.011076031453471986
0.005411745017609493 0.0095173132950403
0.0037602327006450165 0.007948581698939538
0.0024076366639015356 0.006370735541540398
0.0013547716606548965 0.004785102242186495
0.0006022718974137975 0.003193389127323918
0.00015059065189787502 0.0015976112405715341
0.0 0.0
0.00015059065189787502 -0.001440923314989178
0.0006022718974137975 -0.002876461596715161
0.0013547716606548965 -0.004300923118129534
0.0024076366639015356 -0.005709012484390895
0.0037602327006450165 -0.007096005075421987
0.005411745017609493 -0.008457894301593227
0.007361178805529334 -0.009791504960400156
0.009607359798384785 -0.01109456781717978
0.012148934980735715 -0.012365752615775227
0.014984373402728013 -0.013604658934170497
0.018111967102280024 -0.014811766507486541
0.021529832133895532 -0.01598834871957766
0.025235909703481607 -0.017136354796869487
0.029227967408489597 -0.018258267722074773
0.03350360058263052 -0.019356945941017657
0.038060233744356575 -0.02043545750965916
0.042895122148234655 -0.021496915396812453
0.048005353438278275 -0.022544322227972636
0.05338784940224234 -0.02358043186409117
0.059039367825822475 -0.02460763392021734
0.06495650444564427 -0.025627865729872225
0.07113569499986394 -0.026642554456228512
0.07757321737514639 -0.027652590155561558
0.08426519384872727 -0.02865832873012862
0.09120759342420814 -0.029659621980495578
0.09839623425967753 -0.03065587048391907
0.10582678618669683 -0.031646093870663715
0.11349477331863145 -0.03262901230637419
0.12139557674675777 -0.03360313265188161
0.12952443732252045 -0.03456683287006147
0.1378764585242665 -0.03551843876245653
0.14644660940672616 -0.036456287999910734
0.15522972763146647 -0.03737877759219847
0.16422052257649067 -0.03828439233445169
0.17341357852311146 -0.039171713274081595
0.18280335791817703 -0.04003940675669888
0.19238420470968637 -0.040886196030914576
0.20215034775378343 -0.04171081862607689
0.2120959042910774 -0.04251197368488638
0.2222148834901989 -0.043288264075089504
0.23250119005645137 -0.04403813838514499
0.2429486279033891 -0.04475983781745545
0.2535509038851079 -0.045451352544801954
0.26430163158700104 -0.046110391330751725
0.27519433517269654 -0.04673436719407796
0.28622245328485874 -0.047320400698500936
0.29737934299750524 -0.04786534116143615
0.30865828381745486 -0.048365804792923905
0.320052481732506 -0.04881822759082239
0.33155507330389 -0.049218929814832744
0.3431591298005543 -0.0495641881101692
0.35485766137276875 -0.04985031090303863
0.36664362126255073 -0.05007371257358899
0.3785099100483679 -0.050230982132403554
0.3904493799215649 -0.05031894266426535
0.4024548389919357 -0.05033469861512663
0.41451905561984914 -0.05027566902245071
0.42663476277231926 -0.050139605947456194
0.43879466240039156 -0.0499245985726352
0.4509914298352198 -0.04962906458811996
0.46321771820016633 -0.049251731518019905
0.475466162836291 -0.04879161145417461
0.4877293857385438 -0.04824797320647633
0.4999999999999999 -0.047620316102439136
0.512270614261456 -0.04690834955359578
0.5245338371637088 -0.04611198205691168
0.5367822817998334 -0.04523132254474162
0.54900857016478 -0.04426669598876885
0.5612053375996082 -0.0432186739730455
0.5733652372276805 -0.042088119664315325
0.5854809443801506 -0.040876245318294764
0.5975451610080642 -0.03958467926434249
0.6095506200784349 -0.038215538298670096
0.6214900899516319 -0.03677150066696487
0.6333563787374491 -0.03525587439243768
0.645142338627231 -0.033672655644059794
0.6568408701994456 -0.032026572155819756
0.6684449266961098 -0.030323107388033926
0.6799475182674938 -0.028568502126451636
0.691341716182545 -0.026769731480358064
0.7026206570024947 -0.024934456683303456
0.713777546715141 -0.023070952621209662
0.7248056648273034 -0.021188013506387333
0.7356983684129987 -0.019294840475979225
0.746449096114892 -0.017400916020244565
0.7570513720966108 -0.015515870954947263
0.7674988099435485 -0.013649350078655557
0.7777851165098009 -0.011810882661466598
0.7879040957089227 -0.01000976348706045
0.7978496522462164 -0.008254949336043245
0.8076157952903136 -0.00655497460596629
0.8171966420818224 -0.004917888289869179
0.8265864214768883 -0.0033512128805294897
0.8357794774235092 -0.0018619240475018731
0.8447702723685334 -0.0004564482722954085
0.8535533905932737 0.0008593258527057324
0.8621235414757333 0.002080028139001001
0.8704755626774794 0.003200785396444646
0.8786044232532422 0.00421720469430938
0.8865052266813687 0.0051253676857014865
0.894173213813303 0.005921841681853448
0.9016037657403225 0.006603711959121782
0.9087924065757916 0.007168638146135811
0.9157348061512727 0.007614935565395448
0.9224267826248536 0.007941680213479595
0.928864305000136 0.008148833797402532
0.9350434955543556 0.00823738305304538
0.9409606321741775 0.008209485607903525
0.9466121505977576 0.008068613058932316
0.9519946465617215 0.007819680843075345
0.9571048778517655 0.007469153982130826
0.9619397662556433 0.00702511794972026
0.9664963994173694 0.0064973047616016365
0.9707720325915102 0.005897065914527081
0.9747640902965183 0.005237285933989201
0.9784701678661044 0.004532232938379241
0.98188803289772 0.003797345652343986
0.985015626597272 0.0030489595441491033
0.9878510650192642 0.0023039780411398497
0.9903926402016152 0.001579497906857678
0.9926388211944706 0.0008924006595456492
0.9945882549823906 0.00025892420596733607
0.9962397672993549 -0.00030576948679544164
0.9975923633360985 -0.0007880139648382116
0.9986452283393451 -0.0011760283180106987
0.9993977281025862 -0.0014602616524561382
0.9998494093481021 -0.0016336775818305658
1.0 -0.0016919666519058304
