1.0 0.0016656662289935358
0.9998494093481021 0.0017390846303909952
0.9993977281025862 0.001957940768485527
0.9986452283393451 0.002318091731190009
0.9975923633360985 0.002812811048348852
0.9962397672993549 0.003433047406555526
0.9945882549823906 0.004167769615652576
0.9926388211944706 0.005004381697731776
0.9903926402016152 0.005929188866690896
0.9878510650192642 0.006927893070013219
0.985015626597272 0.007986095771310684
0.98188803289772 0.0090897857960931
0.9784701678661044 0.0102257913137892
0.9747640902965183 0.01138217729469963
0.9707720325915102 0.01254857291520762
0.9664963994173694 0.013716417197465785
0.9619397662556433 0.014879115437884609
0.9571048778517655 0.016032103460778817
0.9519946465617215 0.01717282118471971
0.9466121505977576 0.01830060117572608
0.9409606321741775 0.019416481574035502
0.9350434955543556 0.020522955846140212
0.928864305000136 0.021623674101810448
0.9224267826248536 0.02272311214767251
0.9157348061512727 0.02382622499749331
0.9087924065757916 0.02493810124861113
0.9016037657403225 0.02606363363466528
0.894173213813303 0.027207219287383066
0.8865052266813687 0.02837250092577496
0.8786044232532422 0.02956215750089304
0.8704755626774794 0.03077774992850297
0.8621235414757333 0.03201962460883695
0.8535533905932737 0.03328687461816866
0.8447702723685334 0.03457735589685468
0.8357794774235092 0.03588775356114154
0.8265864214768883 0.037213691708555215
0.8171966420818224 0.03854987881310207
0.8076157952903136 0.03989028002842632
0.7978496522462164 0.04122830741646822
0.7879040957089227 0.042557019252974705
0.7777851165098009 0.04386932006717579
0.7674988099435485 0.04515815387616987
0.7570513720966108 0.046416684094352144
0.746449096114892 0.04763845475431971
0.7356983684129987 0.0488175288938815
0.7248056648273034 0.049948601180121927
0.713777546715141 0.05102708300506328
0.7026206570024947 0.05204915936185471
0.691341716182545 0.05301181777324796
0.6799475182674938 0.053912850385680444
0.6684449266961098 0.05475083106290447
0.6568408701994456 0.05552506991995847
0.645142338627231 0.05623554824191068
0.6333563787374491 0.05688283714283927
0.6214900899516319 0.05746800364681606
0.6095506200784349 0.05799250811741119
0.5975451610080642 0.058458097122924935
0.5854809443801506 0.05886669589313882
0.5733652372276805 0.059220304487448826
0.5612053375996082 0.059520901639131936
0.54900857016478 0.059770359952008585
0.5367822817998334 0.05997037569326224
0.5245338371637088 0.06012241584563402
0.512270614261456 0.060227684358830275
0.4999999999999999 0.0602871086901183
0.4877293857385438 0.06030134677611108
0.475466162836291 0.060270813571739364
0.46321771820016633 0.06019572527859029
0.4509914298352198 0.06007615842071102
0.43879466240039156 0.05991212007271221
0.42663476277231926 0.05970362486259121
0.41451905561984914 0.05945077391418566
0.4024548389919357 0.05915383070473715
0.3904493799215649 0.05881328891961507
0.3785099100483679 0.05842992779801092
0.36664362126255073 0.05800485116864792
0.35485766137276875 0.05753950734001655
0.3431591298005543 0.057035688181668424
0.33155507330389 0.05649550704035652
0.320052481732506 0.055921356492743594
0.30865828381745486 0.05531584825288363
0.29737934299750524 0.054681738734623696
0.28622245328485874 0.054021844729425256
0.27519433517269654 0.05333895432473923
0.26430163158700104 0.052635738501955735
0.2535509038851079 0.051914668785151136
0.2429486279033891 0.05117794585880155
0.23250119005645137 0.05042744325946848
0.2222148834901989 0.0496646691261694
0.2120959042910774 0.048890747644493804
0.20215034775378343 0.0481064203379883
0.19238420470968637 0.047312065857304055
0.18280335791817703 0.04650773550834125
0.17341357852311146 0.04569320055660565
0.16422052257649067 0.044868006445199594
0.15522972763146647 0.044031528546771254
0.14644660940672616 0.0431830239866456
0.1378764585242665 0.04232167444451496
0.12952443732252045 0.04144661565021466
0.12139557674675777 0.04055695048548689
0.11349477331863145 0.03965174410666912
0.10582678618669683 0.038730001204748225
0.09839623425967753 0.03779062729177014
0.09120759342420814 0.03683237760858163
0.08426519384872727 0.03585379875064157
0.07757321737514639 0.03485316927883931
0.07113569499986394 0.03382844631384884
0.06495650444564427 0.03277722532747523
0.059039367825822475 0.031696720000418274
0.05338784940224234 0.03058376811069368
0.048005353438278275 0.02943486798995245
0.042895122148234655 0.028246248215428663
0.038060233744356575 0.027013971007926962
0.03350360058263052 0.02573406742395601
0.029227967408489597 0.024402700024244026
0.025235909703481607 0.02301634644035451
0.021529832133895532 0.02157199531046671
0.018111967102280024 0.02006734456283371
0.014984373402728013 0.018500991112021258
0.012148934980735715 0.016872600783371713
0.009607359798384785 0.015183047736631946
0.007361178805529334 0.01343451381466401
0.005411745017609493 0.011630540044343912
0.0037602327006450165 0.009776024865999744
0.0024076366639015356 0.007877166428066821
0.0013547716606548965 0.005941349287975132
0.0006022718974137975 0.003976978922523596
0.00015059065189787502 0.0019932703784227347
0.0 0.0
0.00015059065189787502 -0.0019100830707913712
0.0006022718974137975 -0.0038106186265844297
0.0013547716606548965 -0.0056918505376477605
0.0024076366639015356 -0.0075445966955354
0.0037602327006450165 -0.009360505833580024
0.005411745017609493 -0.011132279653129101
0.007361178805529334 -0.012853851446562339
0.009607359798384785 -0.014520514570482626
0.012148934980735715 -0.016128996589743958
0.014984373402728013 -0.01767747754894731
0.018111967102280024 -0.01916555348847049
0.021529832133895532 -0.02059414886321607
0.025235909703481607 -0.021965383809071717
0.029227967408489597 -0.023282404116204247
0.03350360058263052 -0.02454918321464069
0.038060233744356575 -0.02577030638956969
0.042895122148234655 -0.02695074778683746
0.048005353438278275 -0.02809565054211385
0.05338784940224234 -0.029210119601974935
0.059039367825822475 -0.030299035563879688
0.06495650444564427 -0.03136689623290946
0.07113569499986394 -0.03241769068454994
0.07757321737514639 -0.033454808556224735
0.08426519384872727 -0.03448098519270003
0.09120759342420814 -0.035498281266413134
0.09839623425967753 -0.03650809369778069
0.10582678618669683 -0.03751119321036431
0.11349477331863145 -0.03850778274675348
0.12139557674675777 -0.03949757029203137
0.12952443732252045 -0.040479849422768555
0.1378764585242665 -0.041453581111474944
0.14644660940672616 -0.0424174709323743
0.15522972763146647 -0.043370036772717224
0.16422052257649067 -0.04430966337324161
0.17341357852311146 -0.0452346414065098
0.18280335791817703 -0.04614319025013762
0.19238420470968637 -0.04703346502061292
0.20215034775378343 -0.047903549706359
0.2120959042910774 -0.048751439292767124
0.2222148834901989 -0.04957501454217532
0.23250119005645137 -0.0503720135354402
0.2429486279033891 -0.05114000418062898
0.2535509038851079 -0.051876361655375895
0.26430163158700104 -0.052578254203614526
0.27519433517269654 -0.05324263990702247
0.28622245328485874 -0.0538662760660322
0.29737934299750524 -0.05444574173592418
0.30865828381745486 -0.05497747285732718
0.320052481732506 -0.055457808383779325
0.33155507330389 -0.05588304492133545
0.3431591298005543 -0.05624949672344889
0.35485766137276875 -0.056553557478080885
0.36664362126255073 -0.05679176021200278
0.3785099100483679 -0.056960831825627195
0.3904493799215649 -0.05705773924350239
0.4024548389919357 -0.05707972488226216
0.41451905561984914 -0.0570243300420678
0.42663476277231926 -0.056889405847732756
0.43879466240039156 -0.05667311242102847
0.4509914298352198 -0.056373907972297306
0.46321771820016633 -0.05599053037678756
0.475466162836291 -0.0555219744776067
0.4877293857385438 -0.0549674687760051
0.4999999999999999 -0.054326455292946045
0.512270614261456 -0.0535985761976799
0.5245338371637088 -0.05278367030682885
0.5367822817998334 -0.05188178179200135
0.54900857016478 -0.050893182447134026
0.5612053375996082 -0.04981840772828473
0.5733652372276805 -0.04865830557105895
0.5854809443801506 -0.047414095803883546
0.5975451610080642 -0.046087436899202514
0.6095506200784349 -0.044680495923619584
0.6214900899516319 -0.043196016934075196
0.6333563787374491 -0.041637382774558
0.645142338627231 -0.04000866528877821
0.6568408701994456 -0.0383146593859135
0.6684449266961098 -0.03656089716020126
0.6799475182674938 -0.03475363932674852
0.691341716182545 -0.03289984252869782
0.7026206570024947 -0.031007102509570367
0.713777546715141 -0.029083574631111914
0.7248056648273034 -0.02713787464702949
0.7356983684129987 -0.025178963913448323
0.746449096114892 -0.02321602423305619
0.7570513720966108 -0.021258328212424543
0.7674988099435485 -0.019315111303063768
0.7777851165098009 -0.01739545156465582
0.7879040957089227 -0.015508162630981034
0.7978496522462164 -0.013661704402813123
0.8076157952903136 -0.011864114694052644
0.8171966420818224 -0.010122963500155568
0.8265864214768883 -0.008445329845014789
0.8357794774235092 -0.0068377994118864974
0.8447702723685334 -0.005306479500391208
0.8535533905932737 -0.003857026398105312
0.8621235414757333 -0.0024946791245569265
0.8704755626774794 -0.001224292792060029
0.8786044232532422 -5.036460089895582e-05
0.8865052266813687 0.001022954215856254
0.894173213813303 0.0019918663564618996
0.9016037657403225 0.0028529608598005128
0.9087924065757916 0.0036032727449542053
0.9157348061512727 0.004240370585074839
0.9224267826248536 0.004762470433822155
0.928864305000136 0.0051685721762858945
0.9350434955543556 0.00545861212345785
0.9409606321741775 0.005633623664449832
0.9466121505977576 0.005695896178568314
0.9519946465617215 0.005649121315581277
0.9571048778517655 0.005498515274632827
0.9619397662556433 0.005250905912847508
0.9664963994173694 0.004914774416251287
0.9707720325915102 0.004500242848111965
0.9747640902965183 0.0040190010904415825
0.9784701678661044 0.003484169410579689
0.98188803289772 0.0029100959792082073
0.985015626597272 0.002312091974452741
0.9878510650192642 0.0017061102467539992
0.9903926402016152 0.0011083767016911066
0.9926388211944706 0.0005349863977800989
0.9945882549823906 1.4786836600019435e-06
0.9962397672993549 -0.00047759263002929543
0.9975923633360985 -0.0008890771636844801
0.9986452283393451 -0.0012216169545501924
0.9993977281025862 -0.0014659903460032245
0.9998494093481021 -0.0016153962015388718
1.0 -0.0016656662289935358
