1.0 0.001702663016558794
0.9998494093481021 0.0017751103803839354
0.9993977281025862 0.0019910255505305122
0.9986452283393451 0.0023461828589178032
0.9975923633360985 0.002833720608765498
0.9962397672993549 0.0034444038402228396
0.9945882549823906 0.004166974959647513
0.9926388211944706 0.004988576073276732
0.9903926402016152 0.005895223726984714
0.9878510650192642 0.0068723146058200695
0.985015626597272 0.00790513968888154
0.98188803289772 0.008979384424789152
0.9784701678661044 0.010081593666276204
0.9747640902965183 0.011199582295266717
0.9707720325915102 0.01232277554435557
0.9664963994173694 0.01344246679422257
0.9619397662556433 0.014551984883220903
0.9571048778517655 0.015646767469109656
0.9519946465617215 0.016724341491555758
0.9466121505977576 0.01778421606348
0.9409606321741775 0.018827696956573214
0.9350434955543556 0.019857635060862286
0.928864305000136 0.02087812365120671
0.9224267826248536 0.021894160894001848
0.9157348061512727 0.022911294735081352
0.9087924065757916 0.023935267135626666
0.9016037657403225 0.02497167362531015
0.894173213813303 0.026025652421264173
0.8865052266813687 0.027101615051847036
0.8786044232532422 0.0282030276836426
0.8704755626774794 0.029332249350084584
0.8621235414757333 0.030490430194491477
0.8535533905932737 0.03167746983525215
0.8447702723685334 0.032892033185608675
0.8357794774235092 0.03413161863966107
0.8265864214768883 0.03539267156472494
0.8171966420818224 0.03667073457981864
0.8076157952903136 0.03796062517879528
0.7978496522462164 0.03925663086993146
0.7879040957089227 0.040552712117958974
0.7777851165098009 0.041842703931673574
0.7674988099435485 0.0431205078642284
0.7570513720966108 0.04438026739631966
0.746449096114892 0.0456165210620584
0.7356983684129987 0.04682432916221566
0.7248056648273034 0.04799937140542319
0.713777546715141 0.049138014251792275
0.7026206570024947 0.050237348046539385
0.691341716182545 0.051295195180738114
0.6799475182674938 0.052310091475495764
0.6684449266961098 0.053281243742994325
0.6568408701994456 0.05420846703426968
0.645142338627231 0.05509210545090749
0.6333563787374491 0.05593294059471936
0.6214900899516319 0.05673209177855075
0.6095506200784349 0.05749091204628721
0.5975451610080642 0.05821088387307142
0.5854809443801506 0.05889351815678128
0.5733652372276805 0.05954025978394737
0.5612053375996082 0.06015240266832824
0.54900857016478 0.06073101672555891
0.5367822817998334 0.06127688876751682
0.5245338371637088 0.06179047877937473
0.512270614261456 0.06227189248568437
0.4999999999999999 0.06272087052671454
0.4877293857385438 0.06313679396384947
0.475466162836291 0.06351870522882457
0.46321771820016633 0.06386534304619196
0.4509914298352198 0.06417518931585468
0.43879466240039156 0.06444652546959762
0.42663476277231926 0.06467749543980139
0.41451905561984914 0.0648661721258738
0.4024548389919357 0.06501062413615351
0.3904493799215649 0.06510897963531963
0.3785099100483679 0.06515948434609341
0.36664362126255073 0.06516055113530084
0.35485766137276875 0.06511079914302688
0.3431591298005543 0.06500908106334133
0.33155507330389 0.06485449791950383
0.320052481732506 0.06464640145111158
0.30865828381745486 0.06438438499546167
0.29737934299750524 0.06406826444869994
0.28622245328485874 0.06369805148433698
0.27519433517269654 0.06327392164354564
0.26430163158700104 0.06279618015900913
0.2535509038851079 0.06226522841038852
0.2429486279033891 0.06168153372811863
0.23250119005645137 0.06104560487280527
0.2222148834901989 0.060357974945709866
0.2120959042910774 0.0596191927722134
0.20215034775378343 0.05882982299756487
0.19238420470968637 0.05799045430410291
0.18280335791817703 0.057101714367123135
0.17341357852311146 0.05616428947749575
0.16422052257649067 0.05517894623199608
0.15522972763146647 0.0541465523753235
0.14644660940672616 0.05306809380435111
0.1378764585242665 0.05194468493059883
0.12952443732252045 0.05077757003672983
0.12139557674675777 0.04956811393224425
0.11349477331863145 0.04831778106863856
0.10582678618669683 0.04702810325492679
0.09839623425967753 0.045700637148114266
0.09120759342420814 0.04433691370037867
0.08426519384872727 0.0429383826444989
0.07757321737514639 0.041506355815509884
0.07113569499986394 0.040041953574539386
0.06495650444564427 0.03854605877138203
0.059039367825822475 0.037019282527097096
0.05338784940224234 0.03546194563158817
0.048005353438278275 0.033874078552995436
0.042895122148234655 0.03225544198888944
0.038060233744356575 0.030605568618186987
0.03350360058263052 0.028923825319218756
0.029227967408489597 0.027209493697110895
0.025235909703481607 0.02546186541160859
0.021529832133895532 0.023680347612012875
0.018111967102280024 0.02186457285762021
0.014984373402728013 0.020014507303232378
0.012148934980735715 0.018130550712280355
0.009607359798384785 0.016213622052095405
0.007361178805529334 0.014265225026459749
0.005411745017609493 0.012287488881273506
0.0037602327006450165 0.010283181124810144
0.0024076366639015356 0.008255690356232945
0.0013547716606548965 0.006208979098297257
0.0006022718974137975 0.004147508274325869
0.00015059065189787502 0.0020761366431767156
0.0 0.0
0.00015059065189787502 -0.0018490561924834172
0.0006022718974137975 -0.0036886790899460595
0.0013547716606548965 -0.005509212895216382
0.0024076366639015356 -0.007301570062950709
0.0037602327006450165 -0.009057484550595905
0.005411745017609493 -0.010769729628123757
0.007361178805529334 -0.012432291313916434
0.009607359798384785 -0.014040490762315531
0.012148934980735715 -0.015591051501703751
0.014984373402728013 -0.01708211016662045
0.018111967102280024 -0.01851317213106614
0.021529832133895532 -0.01988501608125553
0.025235909703481607 -0.021199553922619664
0.029227967408489597 -0.022459654373672058
0.03350360058263052 -0.0236689400591714
0.038060233744356575 -0.024831568808037198
0.042895122148234655 -0.02595201015295416
0.048005353438278275 -0.02703482771937841
0.05338784940224234 -0.02808447731748298
0.059039367825822475 -0.029105129179334385
0.06495650444564427 -0.03010052101057684
0.07113569499986394 -0.031073846467535013
0.07757321737514639 -0.032027681456948086
0.08426519384872727 -0.03296394842192873
0.09120759342420814 -0.03388391665659398
0.09839623425967753 -0.03478823480446296
0.10582678618669683 -0.03567699014518939
0.11349477331863145 -0.03654978813931493
0.12139557674675777 -0.037405845031824016
0.12952443732252045 -0.03824408613179882
0.1378764585242665 -0.03906324267562202
0.14644660940672616 -0.03986194090354156
0.15522972763146647 -0.04063877806647132
0.16422052257649067 -0.04139238144313843
0.17341357852311146 -0.04212144798394239
0.18280335791817703 -0.04282476379655793
0.19238420470968637 -0.04350120423884505
0.20215034775378343 -0.04414971678387679
0.2120959042910774 -0.0447692899808053
0.2222148834901989 -0.045358912684509825
0.23250119005645137 -0.04591752822100678
0.2429486279033891 -0.04644398827530437
0.2535509038851079 -0.04693701104152987
0.26430163158700104 -0.047395147595270616
0.27519433517269654 -0.04781675959141454
0.28622245328485874 -0.048200010331871546
0.29737934299750524 -0.048542870073499174
0.30865828381745486 -0.048843135250541826
0.320052481732506 -0.04909846016041659
0.33155507330389 -0.04930639869188229
0.3431591298005543 -0.04946445293224742
0.35485766137276875 -0.04957012502860275
0.36664362126255073 -0.049620968528309495
0.3785099100483679 -0.04961463559318759
0.3904493799215649 -0.04954891695263909
0.4024548389919357 -0.049421772192937585
0.41451905561984914 -0.04923134891286594
0.42663476277231926 -0.04897599033422039
0.43879466240039156 -0.04865423205415208
0.4509914298352198 -0.04826478967627778
0.46321771820016633 -0.047806539973598496
0.475466162836291 -0.04727849894276872
0.4877293857385438 -0.04667980054573925
0.4999999999999999 -0.04600968006074879
0.512270614261456 -0.045267465762702644
0.5245338371637088 -0.044452582130441086
0.5367822817998334 -0.04356456696700282
0.54900857016478 -0.04260310377288164
0.5612053375996082 -0.041568069504382577
0.5733652372276805 -0.04045959656614585
0.5854809443801506 -0.03927814662296271
0.5975451610080642 -0.038024592666261826
0.6095506200784349 -0.0367003048241411
0.6214900899516319 -0.03530723473699883
0.6333563787374491 -0.03384799299168974
0.645142338627231 -0.03232591415075618
0.6568408701994456 -0.03074510433874241
0.6684449266961098 -0.029110467136791246
0.6799475182674938 -0.02742770464507199
0.691341716182545 -0.025703291931629804
0.7026206570024947 -0.023944424607960566
0.713777546715141 -0.022158940854225605
0.7248056648273034 -0.020355220751894287
0.7356983684129987 -0.01854206716073383
0.746449096114892 -0.016728573500761665
0.7570513720966108 -0.014923984583799082
0.7674988099435485 -0.013137557021189742
0.7777851165098009 -0.011378425678330983
0.7879040957089227 -0.00965548214702909
0.7978496522462164 -0.007977270288487099
0.8076157952903136 -0.00635190261818103
0.8171966420818224 -0.004786999741226403
0.8265864214768883 -0.00328965330732212
0.8357794774235092 -0.0018664111576605189
0.8447702723685334 -0.0005232816094745736
0.8535533905932737 0.0007342477066357132
0.8621235414757333 0.0019011822593660512
0.8704755626774794 0.0029729908889441613
0.8786044232532422 0.00394558087104069
0.8865052266813687 0.004815284500459146
0.894173213813303 0.005578863184782818
0.9016037657403225 0.006233533795259721
0.9087924065757916 0.006777020338845588
0.9157348061512727 0.007207631988364721
0.9224267826248536 0.007524366260951174
0.928864305000136 0.007727033811647729
0.9350434955543556 0.007816399063332242
0.9409606321741775 0.007794328881080018
0.9466121505977576 0.007663939864634048
0.9519946465617215 0.007429733704022157
0.9571048778517655 0.007097709520153895
0.9619397662556433 0.006675442259330699
0.9664963994173694 0.006172117053011739
0.9707720325915102 0.0055985109743109124
0.9747640902965183 0.004966915760304088
0.9784701678661044 0.004290997724015413
0.98188803289772 0.00358559411677529
0.985015626597272 0.002866448457981741
0.9878510650192642 0.002149890644554524
0.9903926402016152 0.0014524707985061642
0.9926388211944706 0.0007905586238010865
0.9945882549823906 0.00017992235374727746
0.9962397672993549 -0.0003646969663117976
0.9975923633360985 -0.0008299992087236485
0.9986452283393451 -0.0012045101698703207
0.9993977281025862 -0.0014789218797643948
0.9998494093481021 -0.00164637382396769
1.0 -0.001702663016558794
