1.0 0.0017008919307829372
0.9998494093481021 0.0017829120121189528
0.9993977281025862 0.0020274920880813123
0.9986452283393451 0.0024302480864101484
0.9975923633360985 0.0029840586861232627
0.9962397672993549 0.0036793344152639147
0.9945882549823906 0.004504376677414046
0.9926388211944706 0.005445810116773818
0.9903926402016152 0.006489068518776275
0.9878510650192642 0.007618912253100916
0.985015626597272 0.008819954199068315
0.98188803289772 0.01007717118690895
0.9784701678661044 0.01137637921487519
0.9747640902965183 0.012704652972409823
0.9707720325915102 0.014050673368986513
0.9664963994173694 0.015404990646449119
0.9619397662556433 0.016760195015768368
0.9571048778517655 0.018110991363481817
0.9519946465617215 0.019454179170098368
0.9466121505977576 0.020788543133372257
0.9409606321741775 0.022114663877616212
0.9350434955543556 0.02343466137477315
0.928864305000136 0.024751886166204613
0.9224267826248536 0.02607057506817139
0.9157348061512727 0.027395488733340013
0.9087924065757916 0.028731548241713808
0.9016037657403225 0.03008348687156899
0.894173213813303 0.03145553146018409
0.8865052266813687 0.0328511254440368
0.8786044232532422 0.03427270292985796
0.8704755626774794 0.035721520164035896
0.8621235414757333 0.03719754771136025
0.8535533905932737 0.03869942368802673
0.8447702723685334 0.040224465662430785
0.8357794774235092 0.04176873645884982
0.8265864214768883 0.043327157161211646
0.8171966420818224 0.04489365917113486
0.8076157952903136 0.04646136624743376
0.7978496522462164 0.04802279703333454
0.7879040957089227 0.049570078625704256
0.7777851165098009 0.05109516219898106
0.7674988099435485 0.05259003249122715
0.7570513720966108 0.054046904008281015
0.746449096114892 0.055458398019714736
0.7356983684129987 0.056817695726401655
0.7248056648273034 0.05811866430172063
0.713777546715141 0.059355953786620466
0.7026206570024947 0.06052506400688245
0.691341716182545 0.06162238174753938
0.6799475182674938 0.06264518934696651
0.6684449266961098 0.06359164665600421
0.6568408701994456 0.06446074894916415
0.645142338627231 0.06525226388508097
0.6333563787374491 0.06596665100429586
0.6214900899516319 0.06660496753642807
0.6095506200784349 0.0671687644755622
0.5975451610080642 0.06765997697798005
0.5854809443801506 0.06808081314131649
0.5733652372276805 0.06843364513569372
0.5612053375996082 0.06872090646926594
0.54900857016478 0.06894499887569479
0.5367822817998334 0.06910821190349739
0.5245338371637088 0.06921265776489594
0.512270614261456 0.06926022336881812
0.4999999999999999 0.06925254073109395
0.4877293857385438 0.06919097614575065
0.475466162836291 0.06907663764490478
0.46321771820016633 0.06891039940967536
0.4509914298352198 0.06869294096576425
0.43879466240039156 0.06842479825340529
0.42663476277231926 0.06810642305082887
0.41451905561984914 0.067738246797873
0.4024548389919357 0.06732074464860631
0.3904493799215649 0.06685449560389219
0.3785099100483679 0.06634023484711919
0.36664362126255073 0.06577889492251525
0.35485766137276875 0.06517163313167618
0.3431591298005543 0.06451984343932636
0.33155507330389 0.06382515221806416
0.320052481732506 0.06308939825648768
0.30865828381745486 0.06231459853105972
0.29737934299750524 0.061502902222929194
0.28622245328485874 0.060656536274172036
0.27519433517269654 0.059777746360669654
0.26430163158700104 0.05886873746309906
0.2535509038851079 0.05793161821446129
0.2429486279033891 0.056968352885577986
0.23250119005645137 0.0559807242559802
0.2222148834901989 0.054970309746675224
0.2120959042910774 0.05393847212441564
0.20215034775378343 0.05288636490227173
0.19238420470968637 0.05181495134803985
0.18280335791817703 0.05072503486482643
0.17341357852311146 0.04961729751943259
0.16422052257649067 0.048492342747000886
0.15522972763146647 0.04735073782171621
0.14644660940672616 0.04619305159835566
0.1378764585242665 0.04501988331725315
0.12952443732252045 0.043831878916518234
0.12139557674675777 0.042629732272220874
0.11349477331863145 0.04141417002514687
0.10582678618669683 0.0401859200644638
0.09839623425967753 0.038945665220336066
0.09120759342420814 0.03769398515599865
0.08426519384872727 0.036431290730836965
0.07757321737514639 0.03515775612303458
0.07113569499986394 0.03387325466266299
0.06495650444564427 0.03257730456629461
0.059039367825822475 0.03126903054396599
0.05338784940224234 0.02994714656311275
0.048005353438278275 0.02860996393073765
0.042895122148234655 0.027255427356574137
0.038060233744356575 0.02588117987805086
0.03350360058263052 0.024484655577952368
0.029227967408489597 0.02306319703940837
0.025235909703481607 0.021614192598833112
0.021529832133895532 0.020135226811488535
0.018111967102280024 0.018624236259647896
0.014984373402728013 0.017079662011371854
0.012148934980735715 0.015500589750716958
0.009607359798384785 0.013886868884655231
0.007361178805529334 0.012239202786467519
0.005411745017609493 0.010559203719161464
0.0037602327006450165 0.00884940781785487
0.0024076366639015356 0.007113247687232168
0.0013547716606548965 0.005354982554277557
0.0006022718974137975 0.0035795883566815154
0.00015059065189787502 0.0017926124869886064
0.0 0.0
0.00015059065189787502 -0.001585267254641795
0.0006022718974137975 -0.003168004556949548
0.0013547716606548965 -0.0047452883672515515
0.0024076366639015356 -0.006314426558885829
0.0037602327006450165 -0.007873058933089722
0.005411745017609493 -0.00941924025369598
0.007361178805529334 -0.010951501477065835
0.009607359798384785 -0.012468886031293371
0.012148934980735715 -0.01397095934304142
0.014984373402728013 -0.015457791245384607
0.018111967102280024 -0.016929912345837215
0.021529832133895532 -0.018388246810096435
0.025235909703481607 -0.019834025247908064
0.029227967408489597 -0.021268682405409054
0.03350360058263052 -0.02269374511822571
0.038060233744356575 -0.024110716421942135
0.042895122148234655 -0.025520961829451537
0.048005353438278275 -0.02692560356526105
0.05338784940224234 -0.02832542801116325
0.059039367825822475 -0.029720810799974302
0.06495650444564427 -0.03111166294438248
0.07113569499986394 -0.032497400169430306
0.07757321737514639 -0.03387693630203606
0.08426519384872727 -0.03524870023639368
0.09120759342420814 -0.0366106747175064
0.09839623425967753 -0.03796045403960846
0.10582678618669683 -0.039295316806234694
0.11349477331863145 -0.040612309196133685
0.12139557674675777 -0.04190833376047786
0.12952443732252045 -0.043180238660633474
0.1378764585242665 -0.04442490244222178
0.14644660940672616 -0.04563930991192868
0.15522972763146647 -0.0468206154029198
0.16422052257649067 -0.04796619063240776
0.17341357852311146 -0.04907365540900867
0.18280335791817703 -0.05014089056867576
0.19238420470968637 -0.05116603363390445
0.20215034775378343 -0.0521474587309894
0.2120959042910774 -0.05308374320007828
0.2222148834901989 -0.05397362403874104
0.23250119005645137 -0.054815947791725515
0.2429486279033891 -0.05560961771388248
0.2535509038851079 -0.05635354198404768
0.26430163158700104 -0.05704658644714411
0.27519433517269654 -0.05768753483908237
0.28622245328485874 -0.058275058748203004
0.29737934299750524 -0.05880769874369942
0.30865828381745486 -0.05928385721902231
0.320052481732506 -0.05970180262317235
0.33155507330389 -0.06005968394988149
0.3431591298005543 -0.06035555368253796
0.35485766137276875 -0.060587396899365674
0.36664362126255073 -0.06075316396288049
0.3785099100483679 -0.06085080416753227
0.3904493799215649 -0.060878297899393224
0.4024548389919357 -0.06083368525357125
0.41451905561984914 -0.06071508962390081
0.42663476277231926 -0.06052073547647636
0.43879466240039156 -0.0602489602843029
0.4509914298352198 -0.059898221369179466
0.46321771820016633 -0.059467099102162586
0.475466162836291 -0.05895429849275516
0.4877293857385438 -0.0583586515953491
0.4999999999999999 -0.05767912333860636
0.512270614261456 -0.056914823315231323
0.5245338371637088 -0.05606502575071448
0.5367822817998334 -0.055129199314715056
0.54900857016478 -0.054107047681704934
0.5612053375996082 -0.05299856083952052
0.5733652372276805 -0.05180407615072363
0.5854809443801506 -0.05052434716676438
0.5975451610080642 -0.049160617257605684
0.6095506200784349 -0.04771469432674259
0.6214900899516319 -0.046189022302934674
0.6333563787374491 -0.04458674479189457
0.645142338627231 -0.0429117562723317
0.6568408701994456 -0.04116873654849951
0.6684449266961098 -0.03936316481968143
0.6799475182674938 -0.03750131066593444
0.691341716182545 -0.03559020042634033
0.7026206570024947 -0.033637558788809155
0.713777546715141 -0.03165172683181495
0.7248056648273034 -0.02964155916165034
0.7356983684129987 -0.027616304074446478
0.746449096114892 -0.025585471745306013
0.7570513720966108 -0.02355869622376782
0.7674988099435485 -0.021545597429654676
0.7777851165098009 -0.019555649353559468
0.7879040957089227 -0.017598060256378945
0.7978496522462164 -0.01568166984628852
0.8076157952903136 -0.013814867232667645
0.8171966420818224 -0.012005531985518876
0.8265864214768883 -0.010260998960135236
0.8357794774235092 -0.008588045792203186
0.8447702723685334 -0.006992900250684162
0.8535533905932737 -0.005481263079578953
0.8621235414757333 -0.004058340683523767
0.8704755626774794 -0.002728881119752872
0.8786044232532422 -0.0014972064312876957
0.8865052266813687 -0.0003672344451521672
0.894173213813303 0.0006575162169705421
0.9016037657403225 0.0015739430282333598
0.9087924065757916 0.0023794018572716675
0.9157348061512727 0.0030717762167200846
0.9224267826248536 0.003649572767629306
0.928864305000136 0.004112040045509939
0.9350434955543556 0.0044593050724457215
0.9409606321741775 0.004692520418149804
0.9466121505977576 0.00481401252330319
0.9519946465617215 0.004827420836690883
0.9571048778517655 0.004737816653068724
0.9619397662556433 0.004551790546697387
0.9664963994173694 0.004277498011206926
0.9707720325915102 0.003924654331278461
0.9747640902965183 0.0035044717723501373
0.9784701678661044 0.0030295347854722896
0.98188803289772 0.002513611952195691
0.985015626597272 0.001971406675364014
0.9878510650192642 0.0014182519714945197
0.9903926402016152 0.0008697579448980681
0.9926388211944706 0.0003414234306928501
0.9945882549823906 -0.00015177429472740343
0.9962397672993549 -0.0005957960743089223
0.9975923633360985 -0.0009779470440446484
0.9986452283393451 -0.0012872556066480707
0.9993977281025862 -0.0015148091053696154
0.9998494093481021 -0.001654031656591856
1.0 -0.0017008919307829372
