1.0 0.0016082342908980128
0.9998494093481021 0.0016817245817534233
0.9993977281025862 0.0019008046817076995
0.9986452283393451 0.00226135618705376
0.9975923633360985 0.0027566922703310282
0.9962397672993549 0.0033778147096310777
0.9945882549823906 0.004113756726267536
0.9926388211944706 0.004951995705837122
0.9903926402016152 0.005878916797904776
0.9878510650192642 0.006880306294109455
0.985015626597272 0.007941852669934912
0.98188803289772 0.009049633277202885
0.9784701678661044 0.010190565865752073
0.9747640902965183 0.011352806307471163
0.9707720325915102 0.012526076954185792
0.9664963994173694 0.01370191379914742
0.9619397662556433 0.014873824814022602
0.9571048778517655 0.016037356264416172
0.9519946465617215 0.017190068227468464
0.9466121505977576 0.018331424714620504
0.9409606321741775 0.01946260753327849
0.9350434955543556 0.020586266128338575
0.928864305000136 0.021706217996143792
0.9224267826248536 0.022827115775213833
0.9157348061512727 0.023954097756451798
0.9087924065757916 0.025092438336924885
0.9016037657403225 0.026247213928530536
0.894173213813303 0.027422998128714873
0.8865052266813687 0.028623597699293166
0.8786044232532422 0.029851838237389464
0.8704755626774794 0.03110940552658678
0.8621235414757333 0.03239674559395532
0.8535533905932737 0.03371302362743707
0.8447702723685334 0.03505613926763166
0.8357794774235092 0.03642279349277061
0.8265864214768883 0.03780860045028345
0.8171966420818224 0.039208236205434434
0.8076157952903136 0.04061561549747567
0.7978496522462164 0.042024087206947176
0.7879040957089227 0.04342663930824784
0.7777851165098009 0.04481610455251239
0.7674988099435485 0.04618535892535154
0.7570513720966108 0.04752750597195194
0.746449096114892 0.048836041295999034
0.7356983684129987 0.05010499284003126
0.7248056648273034 0.05132903387241842
0.713777546715141 0.052503566880973636
0.7026206570024947 0.05362477775951883
0.691341716182545 0.05468966073984056
0.6799475182674938 0.05569601544901308
0.6684449266961098 0.05664241825415757
0.6568408701994456 0.05752817069543178
0.645142338627231 0.05835322831142162
0.6333563787374491 0.059118113540079995
0.6214900899516319 0.0598238166439941
0.6095506200784349 0.06047168877006893
0.5975451610080642 0.06106333131620568
0.5854809443801506 0.061600485742725246
0.5733652372276805 0.06208492783198031
0.5612053375996082 0.06251837016122085
0.54900857016478 0.06290237620610925
0.5367822817998334 0.06323828903175001
0.5245338371637088 0.06352717695510099
0.512270614261456 0.06376979788368588
0.4999999999999999 0.0639665832649269
0.4877293857385438 0.06411764174114966
0.475466162836291 0.06422278172906348
0.46321771820016633 0.06428155126869523
0.4509914298352198 0.06429329266049276
0.43879466240039156 0.06425720867867672
0.42663476277231926 0.06417243656137787
0.41451905561984914 0.0640381255767108
0.4024548389919357 0.06385351378341911
0.3904493799215649 0.06361799966794042
0.3785099100483679 0.06333120465477608
0.36664362126255073 0.0629930230453641
0.35485766137276875 0.06260365671639329
0.3431591298005543 0.062163632859207264
0.33155507330389 0.061673804110661486
0.320052481732506 0.06113533154443632
0.30865828381745486 0.06054965208567754
0.29737934299750524 0.05991843290488183
0.28622245328485874 0.059243516167448385
0.27519433517269654 0.05852685810149893
0.26430163158700104 0.05777046665169907
0.2535509038851079 0.05697634198341694
0.2429486279033891 0.05614642378422202
0.23250119005645137 0.05528254869642886
0.2222148834901989 0.054386420345924384
0.2120959042910774 0.053459593370241316
0.20215034775378343 0.05250347167066642
0.19238420470968637 0.05151931990816799
0.18280335791817703 0.050508286124833116
0.17341357852311146 0.049471432392670836
0.16422052257649067 0.048409769651933186
0.15522972763146647 0.047324292467238245
0.14644660940672616 0.046216009345778714
0.1378764585242665 0.045085964545936524
0.12952443732252045 0.043935247946816525
0.12139557674675777 0.04276499051144126
0.11349477331863145 0.04157634409425438
0.10582678618669683 0.04037044573064638
0.09839623425967753 0.03914836799963867
0.09120759342420814 0.03791105845886057
0.08426519384872727 0.03665927240098086
0.07757321737514639 0.0353935041679909
0.07113569499986394 0.03411392289526059
0.06495650444564427 0.03282031877529808
0.059039367825822475 0.031512065694607384
0.05338784940224234 0.030188105401399667
0.048005353438278275 0.028846957236441123
0.042895122148234655 0.027486755965997166
0.038060233744356575 0.026105318485799285
0.03350360058263052 0.02470023823271629
0.029227967408489597 0.02326900417655619
0.025235909703481607 0.02180913940508161
0.021529832133895532 0.020318352694859453
0.018111967102280024 0.0187946952003211
0.014984373402728013 0.017236713593137585
0.012148934980735715 0.015643590714291337
0.009607359798384785 0.014015265097835843
0.007361178805529334 0.01235252158600766
0.005411745017609493 0.010657046639223086
0.0037602327006450165 0.008931443774199712
0.0024076366639015356 0.007179206729978297
0.0013547716606548965 0.005404650331331774
0.0006022718974137975 0.0036128014425846084
0.00015059065189787502 0.0018092547272428932
0.0 0.0
0.00015059065189787502 -0.0017596921312447854
0.0006022718974137975 -0.0035141056877560735
0.0013547716606548965 -0.005257653795251084
0.0024076366639015356 -0.006985093684169934
0.0037602327006450165 -0.008691678501461289
0.005411745017609493 -0.010373285849863467
0.007361178805529334 -0.012026517212000796
0.009607359798384785 -0.013648763920654233
0.012148934980735715 -0.015238237054334206
0.014984373402728013 -0.016793960474459548
0.018111967102280024 -0.018315728076677404
0.021529832133895532 -0.01980402810347515
0.025235909703481607 -0.021259938962946773
0.029227967408489597 -0.022685002334903587
0.03350360058263052 -0.024081080351481685
0.038060233744356575 -0.025450204265382494
0.042895122148234655 -0.02679442223727357
0.048005353438278275 -0.028115653680465303
0.05338784940224234 -0.029415557014942043
0.059039367825822475 -0.03069541674536883
0.06495650444564427 -0.03195605454938112
0.07113569499986394 -0.033197767619444964
0.07757321737514639 -0.03442029593090678
0.08426519384872727 -0.03562281850321049
0.09120759342420814 -0.036803977173372936
0.09839623425967753 -0.037961924997921025
0.10582678618669683 -0.03909439521823257
0.11349477331863145 -0.04019878582614951
0.12139557674675777 -0.041272254194880655
0.12952443732252045 -0.042311816016762045
0.1378764585242665 -0.043314442914778234
0.14644660940672616 -0.04427715354779877
0.15522972763146647 -0.04519709376948538
0.16422052257649067 -0.04607160237024756
0.17341357852311146 -0.04689826006016001
0.18280335791817703 -0.04767492056006506
0.19238420470968637 -0.04839972387701748
0.20215034775378343 -0.049071092970150575
0.2120959042910774 -0.04968771599295258
0.2222148834901989 -0.050248517069028234
0.23250119005645137 -0.05075261907773943
0.2429486279033891 -0.05119930216923151
0.2535509038851079 -0.051587961690597726
0.26430163158700104 -0.05191806890145537
0.27519433517269654 -0.05218913732153544
0.28622245328485874 -0.052400696834318417
0.29737934299750524 -0.052552276830636666
0.30865828381745486 -0.052643398783373284
0.320052481732506 -0.05267357777027208
0.33155507330389 -0.05264233167505077
0.3431591298005543 -0.052549196158391806
0.35485766137276875 -0.05239374304870754
0.36664362126255073 -0.052175599590857276
0.3785099100483679 -0.05189446602406495
0.3904493799215649 -0.05155012923369232
0.4024548389919357 -0.051142470711768584
0.41451905561984914 -0.05067146772742244
0.42663476277231926 -0.050137187395359314
0.43879466240039156 -0.049539774172697955
0.4509914298352198 -0.04887943214076183
0.46321771820016633 -0.04815640416762578
0.475466162836291 -0.04737095063344636
0.4877293857385438 -0.046523330778397244
0.4999999999999999 -0.045613789861798745
0.512270614261456 -0.044642555178515717
0.5245338371637088 -0.04360984356310084
0.5367822817998334 -0.042515882342843536
0.54900857016478 -0.04136094481749436
0.5612053375996082 -0.040145400303517216
0.5733652372276805 -0.038869777655963215
0.5854809443801506 -0.037534840052367735
0.5975451610080642 -0.03614166777487716
0.6095506200784349 -0.034691744840904024
0.6214900899516319 -0.03318704468207074
0.6333563787374491 -0.03163010971469933
0.645142338627231 -0.030024119622164717
0.6568408701994456 -0.028372943496894378
0.6684449266961098 -0.02668117165984791
0.6799475182674938 -0.024954123955211995
0.691341716182545 -0.023197832551675783
0.7026206570024947 -0.02141899869275673
0.713777546715141 -0.019624924335654534
0.7248056648273034 -0.01782342110018425
0.7356983684129987 -0.016022700313252935
0.746449096114892 -0.01423124908181858
0.7570513720966108 -0.012457698172061318
0.7674988099435485 -0.010710687946986618
0.7777851165098009 -0.00899873867523873
0.7879040957089227 -0.007330131154780622
0.7978496522462164 -0.005712802810458925
0.8076157952903136 -0.004154263268365819
0.8171966420818224 -0.0026615319541662963
0.8265864214768883 -0.0012410986026214893
0.8357794774235092 0.00010109418539800286
0.8447702723685334 0.0013596489205381795
0.8535533905932737 0.0025296958796285195
0.8621235414757333 0.003606865862960713
0.8704755626774794 0.004587259381987865
0.8786044232532422 0.005467419045641917
0.8865052266813687 0.006244311840393045
0.894173213813303 0.0069153273949187
0.9016037657403225 0.007478297203415505
0.9087924065757916 0.007931538207106027
0.9157348061512727 0.008273922190186684
0.9224267826248536 0.00850497025219741
0.928864305000136 0.008624969313580404
0.9350434955543556 0.008635105348530318
0.9409606321741775 0.00853760597635277
0.9466121505977576 0.008335883330063392
0.9519946465617215 0.008034666892727003
0.9571048778517655 0.007640115355776382
0.9619397662556433 0.007159896582959196
0.9664963994173694 0.0066032254924369505
0.9707720325915102 0.00598085108837373
0.9747640902965183 0.0053049859285370276
0.9784701678661044 0.004589173910527004
0.98188803289772 0.003848095263739409
0.985015626597272 0.0030973108848688586
0.9878510650192642 0.002352951469187944
0.9903926402016152 0.0016313600761170412
0.9926388211944706 0.0009486996361127006
0.9945882549823906 0.00032053928104928595
0.9962397672993549 -0.00023856488848262355
0.9975923633360985 -0.0007154780140149879
0.9986452283393451 -0.0010988669449169043
0.9993977281025862 -0.0013795369567215702
0.9998494093481021 -0.0015507102765988225
1.0 -0.0016082342908980128
