1.0 0.0015303642136025304
0.9998494093481021 0.0016028259285983124
0.9993977281025862 0.0018188050522623801
0.9986452283393451 0.0021741379350052686
0.9975923633360985 0.0026620640028790694
0.9962397672993549 0.0032734852660053666
0.9945882549823906 0.003997312591208559
0.9926388211944706 0.004820882769175718
0.9903926402016152 0.005730427302842463
0.9878510650192642 0.006711571718840612
0.985015626597272 0.0077498431556192226
0.98188803289772 0.008831164048158504
0.9784701678661044 0.009942310886539924
0.9747640902965183 0.011071319191550591
0.9707720325915102 0.012207818889295891
0.9664963994173694 0.01334328799844462
0.9619397662556433 0.014471216755147773
0.9571048778517655 0.015587178758694774
0.9519946465617215 0.016688810186242492
0.9466121505977576 0.017775702365707878
0.9409606321741775 0.018849216801006225
0.9350434955543556 0.019912234933952548
0.928864305000136 0.020968857363990557
0.9224267826248536 0.02202406883925624
0.9157348061512727 0.023083386039460606
0.9087924065757916 0.024152505002164513
0.9016037657403225 0.025236964056051706
0.894173213813303 0.02634183641626492
0.8865052266813687 0.027471464299945344
0.8786044232532422 0.028629243691178308
0.8704755626774794 0.02981746589361585
0.8621235414757333 0.03103721892914123
0.8535533905932737 0.03228834883776905
0.8447702723685334 0.03356947815687631
0.8357794774235092 0.034878076432223064
0.8265864214768883 0.036210575635024736
0.8171966420818224 0.0375625218918493
0.8076157952903136 0.03892875400692319
0.7978496522462164 0.04030359886666285
0.7879040957089227 0.041681073931724204
0.7777851165098009 0.04305508758586529
0.7674988099435485 0.044419629048044355
0.7570513720966108 0.04576894077693206
0.746449096114892 0.04709766771238642
0.7356983684129987 0.04840097921428493
0.7248056648273034 0.049674661089650705
0.713777546715141 0.05091517656933977
0.7026206570024947 0.0521196964447744
0.691341716182545 0.053286099758207396
0.6799475182674938 0.05441294742784948
0.6684449266961098 0.05549943196827622
0.6568408701994456 0.05654530703668585
0.645142338627231 0.05755080090742195
0.6333563787374491 0.05851651816908981
0.6214900899516319 0.05944333397352825
0.6095506200784349 0.0603322850684327
0.5975451610080642 0.061184461639269244
0.5854809443801506 0.06200090369226873
0.5733652372276805 0.06278250534593749
0.5612053375996082 0.06352992997675996
0.54900857016478 0.06424353869500837
0.5367822817998334 0.06492333411555416
0.5245338371637088 0.06556892084178517
0.512270614261456 0.06617948350398474
0.4999999999999999 0.06675378259452304
0.4877293857385438 0.06729016773176129
0.475466162836291 0.06778660737740769
0.46321771820016633 0.0682407334470269
0.4509914298352198 0.06864989871296005
0.43879466240039156 0.06901124442802022
0.42663476277231926 0.06932177522275144
0.41451905561984914 0.06957843807321303
0.4024548389919357 0.06977820202092384
0.3904493799215649 0.06991813536652507
0.3785099100483679 0.06999547726054582
0.36664362126255073 0.0700077009753878
0.35485766137276875 0.06995256664870851
0.3431591298005543 0.06982816191562008
0.33155507330389 0.06963292956159646
0.320052481732506 0.06936568208776396
0.30865828381745486 0.06902560383796354
0.29737934299750524 0.06861224204297475
0.28622245328485874 0.068125488743296
0.27519433517269654 0.06756555601466985
0.26430163158700104 0.06693294720550583
0.2535509038851079 0.06622842697955368
0.2429486279033891 0.06545299283160752
0.23250119005645137 0.06460785041494894
0.2222148834901989 0.06369439450832372
0.2120959042910774 0.06271419679354133
0.20215034775378343 0.0616690008604843
0.19238420470968637 0.060560724061515844
0.18280335791817703 0.05939146506390943
0.17341357852311146 0.058163515259134685
0.16422052257649067 0.056879371639224546
0.15522972763146647 0.055541748391423944
0.14644660940672616 0.054153584328131596
0.1378764585242665 0.05271804337866308
0.12952443732252045 0.05123850572314811
0.12139557674675777 0.0497185477285363
0.11349477331863145 0.04816190961569668
0.10582678618669683 0.04657245069255029
0.09839623425967753 0.04495409296630045
0.09120759342420814 0.04331075492556164
0.08426519384872727 0.0416462781855043
0.07757321737514639 0.039964350444129645
0.07113569499986394 0.038268428742258796
0.06495650444564427 0.0365616673042708
0.059039367825822475 0.034846854229365704
0.05338784940224234 0.03312636099315995
0.048005353438278275 0.03140210811778925
0.042895122148234655 0.02967554950823164
0.038060233744356575 0.027947676886010592
0.03350360058263052 0.0262190445480066
0.029227967408489597 0.024489813418766257
0.025235909703481607 0.022759812136490042
0.021529832133895532 0.02102861180267584
0.018111967102280024 0.019295610113545966
0.014984373402728013 0.01756011994577489
0.012148934980735715 0.01582145713991204
0.009607359798384785 0.014079022240970396
0.007361178805529334 0.012332371321673677
0.005411745017609493 0.010581271709954827
0.0037602327006450165 0.008825739425055027
0.0024076366639015356 0.007066056331899326
0.0013547716606548965 0.0053027663708776936
0.0006022718974137975 0.0035366516185731363
0.00015059065189787502 0.001768690288852797
0.0 0.0
0.00015059065189787502 -0.0015564737300458073
0.0006022718974137975 -0.0031079472675152532
0.0013547716606548965 -0.004649157686075347
0.0024076366639015356 -0.00617522913544812
0.0037602327006450165 -0.007681843114018084
0.005411745017609493 -0.00916538207253097
0.007361178805529334 -0.010623039731432176
0.009607359798384785 -0.01205289327106553
0.012148934980735715 -0.0134539345733628
0.014984373402728013 -0.014826059839715692
0.018111967102280024 -0.016170019059881125
0.021529832133895532 -0.01748732883935162
0.025235909703481607 -0.01878015389407685
0.029227967408489597 -0.020051163993097244
0.03350360058263052 -0.021303374193523374
0.038060233744356575 -0.022539976815500174
0.042895122148234655 -0.02376417372249388
0.048005353438278275 -0.024979017108812496
0.05338784940224234 -0.02618726618466048
0.059039367825822475 -0.02739126594835962
0.06495650444564427 -0.028592852726948975
0.07113569499986394 -0.029793289448388195
0.07757321737514639 -0.030993231789773475
0.08426519384872727 -0.032192724538737005
0.09120759342420814 -0.03339122581856984
0.09839623425967753 -0.03458765536049109
0.10582678618669683 -0.03578046184164398
0.11349477331863145 -0.03696770350653129
0.12139557674675777 -0.03814713588982833
0.12952443732252045 -0.0393163004704593
0.1378764585242665 -0.04047260849447703
0.14644660940672616 -0.04161341496650813
0.15522972763146647 -0.042736078863221345
0.16422052257649067 -0.04383800688693441
0.17341357852311146 -0.04491667946077311
0.18280335791817703 -0.0459696590709399
0.19238420470968637 -0.04699458238996461
0.20215034775378343 -0.047989138778194586
0.2120959042910774 -0.048951038683572576
0.2222148834901989 -0.04987797608462628
0.23250119005645137 -0.05076758941317002
0.2429486279033891 -0.05161742534017768
0.2535509038851079 -0.05242490942375437
0.26430163158700104 -0.053187326938506745
0.27519433517269654 -0.053901816287695505
0.28622245328485874 -0.054565376316368
0.29737934299750524 -0.055174887679166396
0.30865828381745486 -0.05572714725952559
0.320052481732506 -0.056218913574916714
0.33155507330389 -0.056646960215388106
0.3431591298005543 -0.05700813371632648
0.35485766137276875 -0.05729941190945801
0.36664362126255073 -0.05751795875550342
0.3785099100483679 -0.057661171941010315
0.3904493799215649 -0.05772672010041244
0.4024548389919357 -0.057712567359677114
0.41451905561984914 -0.057616983928020664
0.42663476277231926 -0.0574385426121327
0.43879466240039156 -0.05717610230668485
0.4509914298352198 -0.0568287806357824
0.46321771820016633 -0.05639591889576301
0.475466162836291 -0.05587704320308914
0.4877293857385438 -0.05527182621988624
0.4999999999999999 -0.05458005397161692
0.512270614261456 -0.053801602067272226
0.5245338371637088 -0.05293642508798703
0.5367822817998334 -0.05198456205570043
0.54900857016478 -0.050946159783019834
0.5612053375996082 -0.04982151461210055
0.5733652372276805 -0.048611131662186544
0.5854809443801506 -0.047315799319322095
0.5975451610080642 -0.04593667541655335
0.6095506200784349 -0.04447538046269502
0.6214900899516319 -0.042934092464818295
0.6333563787374491 -0.04131563741868653
0.645142338627231 -0.03962356945452676
0.6568408701994456 -0.03786223493887209
0.6684449266961098 -0.03603681553520631
0.6799475182674938 -0.0341533462778759
0.691341716182545 -0.032218706051101935
0.7026206570024947 -0.030240579402612336
0.713777546715141 -0.028227390258443834
0.7248056648273034 -0.026188209731940148
0.7356983684129987 -0.02413264172455232
0.746449096114892 -0.02207069129374284
0.7570513720966108 -0.0200126217228541
0.7674988099435485 -0.01796880679843603
0.7777851165098009 -0.01594958493723506
0.7879040957089227 -0.013965121492319302
0.7978496522462164 -0.012025284821363854
0.8076157952903136 -0.010139540566460123
0.8171966420818224 -0.008316867148738668
0.8265864214768883 -0.006565693821079081
0.8357794774235092 -0.004893860864154219
0.8447702723685334 -0.0033085997806561597
0.8535533905932737 -0.0018165297667590513
0.8621235414757333 -0.0004236654381045579
0.8704755626774794 0.0008645701366759863
0.8786044232532422 0.002043333508777251
0.8865052266813687 0.0031083564016047734
0.894173213813303 0.0040559545516655575
0.9016037657403225 0.004883054578970939
0.9087924065757916 0.005587242112232586
0.9157348061512727 0.0061668325195770625
0.9224267826248536 0.006620963479159692
0.928864305000136 0.006949706404068258
0.9350434955543556 0.007154191562853434
0.9409606321741775 0.007236739764327533
0.9466121505977576 0.007200991849074658
0.9519946465617215 0.0070520260794407034
0.9571048778517655 0.006796452947551712
0.9619397662556433 0.006442476996493734
0.9664963994173694 0.005999916003464142
0.9707720325915102 0.0054801692936177135
0.9747640902965183 0.004896128985036899
0.9784701678661044 0.004262030514019879
0.98188803289772 0.0035932417255573265
0.985015626597272 0.002905992978181609
0.9878510650192642 0.0022170539280526435
0.9903926402016152 0.0015433657384988338
0.9926388211944706 0.0009016402253634536
0.9945882549823906 0.0003079397265884681
0.9962397672993549 -0.0002227468677130735
0.9975923633360985 -0.0006769155813268815
0.9986452283393451 -0.001042929873804204
0.9993977281025862 -0.001311358514677733
0.9998494093481021 -0.0014752546533275228
1.0 -0.0015303642136025304
