1.0 0.0016957387958377644
0.9998494093481021 0.0017768333554588885
0.9993977281025862 0.002018653880864871
0.9986452283393451 0.002416866816415122
0.9975923633360985 0.0029644332997909263
0.9962397672993549 0.0036518757300444916
0.9945882549823906 0.004467633395943249
0.9926388211944706 0.005398490708132159
0.9903926402016152 0.006430058391025463
0.9878510650192642 0.007547285817127443
0.985015626597272 0.008734981607727196
0.98188803289772 0.009978319716989942
0.9784701678661044 0.011263309434757571
0.9747640902965183 0.012577209998993593
0.9707720325915102 0.013908873658836519
0.9664963994173694 0.015249004885196694
0.9619397662556433 0.01659032776571244
0.9571048778517655 0.017927658202774692
0.9519946465617215 0.019257882110038205
0.9466121505977576 0.020579845136228143
0.9409606321741775 0.02189416331953331
0.9350434955543556 0.023202967309897782
0.928864305000136 0.024509595251744856
0.9224267826248536 0.025818251006988306
0.9157348061512727 0.027133645080664327
0.9087924065757916 0.028460635403882058
0.9016037657403225 0.029803884093882717
0.894173213813303 0.03116754455343034
0.8865052266813687 0.032554990929349166
0.8786044232532422 0.033968599183708245
0.8704755626774794 0.03540958601399621
0.8621235414757333 0.03687790876489759
0.8535533905932737 0.03837222646902322
0.8447702723685334 0.03988991938403081
0.8357794774235092 0.041427161980391404
0.8265864214768883 0.0429790423685174
0.8171966420818224 0.044539719693761776
0.8076157952903136 0.046102610097080804
0.7978496522462164 0.04766059143040496
0.7879040957089227 0.04920621699355805
0.7777851165098009 0.05073192906582509
0.7674988099435485 0.05223026386542731
0.7570513720966108 0.05369404069989411
0.746449096114892 0.05511652938199014
0.7356983684129987 0.05649159139460911
0.7248056648273034 0.05781379171674216
0.713777546715141 0.05907847960566299
0.7026206570024947 0.06028183791610134
0.691341716182545 0.06142090168844788
0.6799475182674938 0.062493547732340685
0.6684449266961098 0.0634984577595035
0.6568408701994456 0.06443505828096624
0.645142338627231 0.06530344098671373
0.6333563787374491 0.06610426768261245
0.6214900899516319 0.06683866408375733
0.6095506200784349 0.06750810686772873
0.5975451610080642 0.06811430838546534
0.5854809443801506 0.06865910331774464
0.5733652372276805 0.0691443413542438
0.5612053375996082 0.06957178965974446
0.54900857016478 0.0699430484769841
0.5367822817998334 0.07025948269750464
0.5245338371637088 0.07052217161315806
0.512270614261456 0.07073187834928751
0.4999999999999999 0.07088903969030345
0.4877293857385438 0.07099377616139554
0.475466162836291 0.07104592135631564
0.46321771820016633 0.07104506863748782
0.4509914298352198 0.07099063252350936
0.43879466240039156 0.07088192136564
0.42663476277231926 0.07071821734402715
0.41451905561984914 0.07049885942717785
0.4024548389919357 0.07022332476793071
0.3904493799215649 0.06989130407828166
0.3785099100483679 0.06950276684239978
0.36664362126255073 0.06905801278482727
0.35485766137276875 0.06855770678542075
0.3431591298005543 0.0680028953842887
0.33155507330389 0.06739500409479501
0.320052481732506 0.06673581587552863
0.30865828381745486 0.06602743223089168
0.29737934299750524 0.06527221944054731
0.28622245328485874 0.06447274328967202
0.27519433517269654 0.06363169632283314
0.26430163158700104 0.06275182202615466
0.2535509038851079 0.06183584042494529
0.2429486279033891 0.060886379357652745
0.23250119005645137 0.059905915164675895
0.2222148834901989 0.05889672574706725
0.2120959042910774 0.05786085796049417
0.20215034775378343 0.05680011018559248
0.19238420470968637 0.05571602974031525
0.18280335791817703 0.05460992366197506
0.17341357852311146 0.05348288037437122
0.16422052257649067 0.052335798948956874
0.15522972763146647 0.05116942213460478
0.14644660940672616 0.04998436911484359
0.1378764585242665 0.04878116407745349
0.12952443732252045 0.04756025714596926
0.12139557674675777 0.046322034996346156
0.11349477331863145 0.04506681951021267
0.10582678618669683 0.04379485402271149
0.09839623425967753 0.04250627801564414
0.09120759342420814 0.04120109238362668
0.08426519384872727 0.03987911855834807
0.07757321737514639 0.03853995571576782
0.07113569499986394 0.03718294092868509
0.06495650444564427 0.03580711739841069
0.059039367825822475 0.03441121576593094
0.05338784940224234 0.032993652956107386
0.048005353438278275 0.031552552070245474
0.042895122148234655 0.030085785565156554
0.038060233744356575 0.028591042420208015
0.03350360058263052 0.027065918299440415
0.029227967408489597 0.02550802598043072
0.025235909703481607 0.023915121669002438
0.021529832133895532 0.022285241371070262
0.018111967102280024 0.020616840361025787
0.014984373402728013 0.01890892806222616
0.012148934980735715 0.017161190405290603
0.009607359798384785 0.015374091988561602
0.007361178805529334 0.013548951132195017
0.005411745017609493 0.011687982157640076
0.0037602327006450165 0.009794300869076901
0.0024076366639015356 0.007871891164923147
0.0013547716606548965 0.005925532845279128
0.0006022718974137975 0.0039606928700156915
0.00015059065189787502 0.001983384421561513
0.0 0.0
0.00015059065189787502 -0.0016913239004248603
0.0006022718974137975 -0.003375907786048248
0.0013547716606548965 -0.0050467318891823845
0.0024076366639015356 -0.006697227926434518
0.0037602327006450165 -0.008321478652283453
0.005411745017609493 -0.009914387380673363
0.007361178805529334 -0.011471809997716324
0.009607359798384785 -0.01299064397080954
0.012148934980735715 -0.014468871113789852
0.014984373402728013 -0.01590555326534255
0.018111967102280024 -0.017300782442694417
0.021529832133895532 -0.018655589309488185
0.025235909703481607 -0.019971815819400343
0.029227967408489597 -0.02125195955566528
0.03350360058263052 -0.02249899849407942
0.038060233744356575 -0.023716205613893704
0.042895122148234655 -0.024906962938798582
0.048005353438278275 -0.02607458421275067
0.05338784940224234 -0.02722215453801866
0.059039367825822475 -0.028352393989819324
0.06495650444564427 -0.029467550562122146
0.07113569499986394 -0.030569325900227904
0.07757321737514639 -0.03165883525701932
0.08426519384872727 -0.03273660109507761
0.09120759342420814 -0.03380257786648674
0.09839623425967753 -0.03485620384564052
0.10582678618669683 -0.03589647455987862
0.11349477331863145 -0.03692203142768789
0.12139557674675777 -0.03793125871726985
0.12952443732252045 -0.038922381893491176
0.1378764585242665 -0.03989356081364713
0.14644660940672616 -0.040842972019741984
0.15522972763146647 -0.04176887549080853
0.16422052257649067 -0.04266966257767768
0.17341357852311146 -0.0435438833459557
0.18280335791817703 -0.04439025309578093
0.19238420470968637 -0.04520763930491596
0.20215034775378343 -0.04599503155816166
0.2120959042910774 -0.04675149809809896
0.2222148834901989 -0.0474761333960183
0.23250119005645137 -0.04816800155680233
0.2429486279033891 -0.04882608042197656
0.2535509038851079 -0.04944921093137161
0.26430163158700104 -0.05003605568064271
0.27519433517269654 -0.050585069725688436
0.28622245328485874 -0.05109448560950427
0.29737934299750524 -0.0515623134077146
0.30865828381745486 -0.05198635539701868
0.320052481732506 -0.05236423383614476
0.33155507330389 -0.05269342939428962
0.3431591298005543 -0.05297132703683137
0.35485766137276875 -0.0531952657336114
0.36664362126255073 -0.05336258822088992
0.3785099100483679 -0.05347068723012848
0.3904493799215649 -0.053517045077022235
0.4024548389919357 -0.053499264242146384
0.41451905561984914 -0.053415087510125345
0.42663476277231926 -0.05326240729224413
0.43879466240039156 -0.05303926485319532
0.4509914298352198 -0.05274384120814984
0.46321771820016633 -0.05237444236666019
0.475466162836291 -0.05192948229958708
0.4877293857385438 -0.051407467433914014
0.4999999999999999 -0.050806986597292166
0.512270614261456 -0.05012671012168236
0.5245338371637088 -0.049365401280288226
0.5367822817998334 -0.048521942405252996
0.54900857016478 -0.04759537696895331
0.5612053375996082 -0.04658496768174429
0.5733652372276805 -0.0454902693502725
0.5854809443801506 -0.044311213947539854
0.5975451610080642 -0.043048204164630496
0.6095506200784349 -0.041702210734662834
0.6214900899516319 -0.04027486812018594
0.6333563787374491 -0.0387685627959234
0.645142338627231 -0.03718650837680184
0.6568408701994456 -0.0355328022480368
0.6684449266961098 -0.033812459133894204
0.6799475182674938 -0.032031418152087335
0.691341716182545 -0.03019652127477959
0.7026206570024947 -0.0283154626678659
0.713777546715141 -0.02639671000615118
0.7248056648273034 -0.024449400454105576
0.7356983684129987 -0.02248321545070575
0.746449096114892 -0.020508239640596188
0.7570513720966108 -0.018534810165249375
0.7674988099435485 -0.016573363000977996
0.7777851165098009 -0.014634283065799699
0.7879040957089227 -0.01272776440415129
0.7978496522462164 -0.01086368591821056
0.8076157952903136 -0.009051506898345808
0.8171966420818224 -0.0073001850917348236
0.8265864214768883 -0.005618118338935821
0.8357794774235092 -0.004013109020932191
0.8447702723685334 -0.002492348820179169
0.8535533905932737 -0.0010624197348415956
0.8621235414757333 0.0002706939865958109
0.8704755626774794 0.0015015892021061725
0.8786044232532422 0.00262542914557132
0.8865052266813687 0.003637937124223233
0.894173213813303 0.004535404526150623
0.9016037657403225 0.005314717883755971
0.9087924065757916 0.005973408159769931
0.9157348061512727 0.0065097234925073355
0.9224267826248536 0.006922724476272813
0.928864305000136 0.007212398801219506
0.9350434955543556 0.007379789886061945
0.9409606321741775 0.007427132160274637
0.9466121505977576 0.007357984035046168
0.9519946465617215 0.007177348471713225
0.9571048778517655 0.006891770513393886
0.9619397662556433 0.006509401256825935
0.9664963994173694 0.006040018534499843
0.9707720325915102 0.005494996037448588
0.9747640902965183 0.004887214679536218
0.9784701678661044 0.004230912587879682
0.98188803289772 0.0035414730693324676
0.985015626597272 0.0028351530903732054
0.9878510650192642 0.0021287580394883415
0.9903926402016152 0.0014392716315515465
0.9926388211944706 0.0007834525803976527
0.9945882549823906 0.0001774119408209276
0.9962397672993549 -0.0003638133384852684
0.9975923633360985 -0.0008266742131859648
0.9986452283393451 -0.0011994941707163852
0.9993977281025862 -0.001472808915434563
0.9998494093481021 -0.0016396469006581798
1.0 -0.0016957387958377644
