1.0 0.001840618794741025
0.9998494093481021 0.0019217012417354629
0.9993977281025862 0.0021634737948166972
0.9986452283393451 0.002561567996915386
0.9975923633360985 0.0031088868427795752
0.9962397672993549 0.0037958714533527955
0.9945882549823906 0.004610856980213558
0.9926388211944706 0.005540501394948004
0.9903926402016152 0.006570267641410502
0.9878510650192642 0.007684937453078385
0.985015626597272 0.008869134062864499
0.98188803289772 0.010107831097079151
0.9784701678661044 0.011386826124144248
0.9747640902965183 0.012693159537286074
0.9707720325915102 0.014015462549580127
0.9664963994173694 0.015344221885077048
0.9619397662556433 0.016671953043481624
0.9571048778517655 0.017993278560003496
0.9519946465617215 0.01930491223263017
0.9466121505977576 0.02060555461041728
0.9409606321741775 0.021895708914089398
0.9350434955543556 0.02317742981273414
0.928864305000136 0.024454019968056108
0.9224267826248536 0.025729690889017835
0.9157348061512727 0.02700920537442057
0.9087924065757916 0.02829751866974905
0.9016037657403225 0.02959943448587973
0.894173213813303 0.030919290321297466
0.8865052266813687 0.03226068423016315
0.8786044232532422 0.03362625244367397
0.8704755626774794 0.03501750425257052
0.8621235414757333 0.03643471746771899
0.8535533905932737 0.037876894758874964
0.8447702723685334 0.03934177837758884
0.8357794774235092 0.040825918322993926
0.8265864214768883 0.042324787003626047
0.8171966420818224 0.043832931946540685
0.8076157952903136 0.045344157135590285
0.7978496522462164 0.04685172312070448
0.7879040957089227 0.0483485560977768
0.7777851165098009 0.04982745665909006
0.7674988099435485 0.0512812997841548
0.7570513720966108 0.05270321879622667
0.746449096114892 0.05408676736161948
0.7356983684129987 0.05542605506955502
0.7248056648273034 0.056715853618426154
0.713777546715141 0.05795167207926879
0.7026206570024947 0.05912980105146556
0.691341716182545 0.06024732672639479
0.6799475182674938 0.06130211690372608
0.6684449266961098 0.06229278184776482
0.6568408701994456 0.0632186135246668
0.645142338627231 0.06407950723145134
0.6333563787374491 0.06487586992664714
0.6214900899516319 0.0656085197154984
0.6095506200784349 0.06627858094617274
0.5975451610080642 0.06688737925250145
0.5854809443801506 0.06743634064634109
0.5733652372276805 0.06792689842890222
0.5612053375996082 0.06836041126324109
0.54900857016478 0.06873809523609235
0.5367822817998334 0.06906097214292921
0.5245338371637088 0.06932983556387602
0.512270614261456 0.06954523557146397
0.4999999999999999 0.06970748214045089
0.4877293857385438 0.06981666653669645
0.475466162836291 0.06987269917366494
0.46321771820016633 0.06987536167376673
0.4509914298352198 0.06982437019327681
0.43879466240039156 0.06971944650129057
0.42663476277231926 0.06956039288123261
0.41451905561984914 0.06934716667981161
0.4024548389919357 0.06907995028780242
0.3904493799215649 0.06875921251443007
0.3785099100483679 0.0683857577149433
0.36664362126255073 0.06796075963794174
0.35485766137276875 0.0674857777496305
0.3431591298005543 0.0669627547272459
0.33155507330389 0.06639399484234829
0.320052481732506 0.06578212401642597
0.30865828381745486 0.06513003336093336
0.29737934299750524 0.06444080894531716
0.28622245328485874 0.06371765130753437
0.27519433517269654 0.06296378877851852
0.26430163158700104 0.062182388994497045
0.2535509038851079 0.06137647299511589
0.2429486279033891 0.06054883604608194
0.23250119005645137 0.05970197879773924
0.2222148834901989 0.05883805163057752
0.2120959042910774 0.05795881409784347
0.20215034775378343 0.05706561032127718
0.19238420470968637 0.05615936010541573
0.18280335791817703 0.05524056449002467
0.17341357852311146 0.05430932353840071
0.16422052257649067 0.0533653634330241
0.15522972763146647 0.05240806947721577
0.14644660940672616 0.05143652142159219
0.1378764585242665 0.05044952766473805
0.12952443732252045 0.04944565531223152
0.12139557674675777 0.04842325378642301
0.11349477331863145 0.04738047060816203
0.10582678618669683 0.046315259048937636
0.09839623425967753 0.04522537849154586
0.09120759342420814 0.04410838944552105
0.08426519384872727 0.042961646145462586
0.07757321737514639 0.04178229042783723
0.07113569499986394 0.04056725106008763
0.06495650444564427 0.039313252829853
0.059039367825822475 0.03801683946123708
0.05338784940224234 0.03667441380646276
0.048005353438278275 0.035282297790889504
0.042895122148234655 0.03383681332107143
0.038060233744356575 0.03233438387792671
0.03350360058263052 0.030771654908596034
0.029227967408489597 0.029145629512793248
0.025235909703481607 0.02745381440944028
0.021529832133895532 0.025694369881268588
0.018111967102280024 0.0238662564317471
0.014984373402728013 0.02196937033409125
0.012148934980735715 0.020004660164654513
0.009607359798384785 0.01797421682083007
0.007361178805529334 0.015881330421746383
0.005411745017609493 0.013730508840080398
0.0037602327006450165 0.011527454345178004
0.0024076366639015356 0.009278996853948758
0.0013547716606548965 0.006992984468044732
0.0006022718974137975 0.004678134191586837
0.00015059065189787502 0.002343847836476127
0.0 0.0
0.00015059065189787502 -0.001537373446852337
0.0006022718974137975 -0.003069604041369215
0.0013547716606548965 -0.004591172146069073
0.0024076366639015356 -0.006096904668152047
0.0037602327006450165 -0.007582126648125196
0.005411745017609493 -0.00904278798931963
0.007361178805529334 -0.010475559226322788
0.009607359798384785 -0.011877891937474691
0.012148934980735715 -0.013248041345672916
0.014984373402728013 -0.014585050710393859
0.018111967102280024 -0.01588869917328262
0.021529832133895532 -0.017159416661802717
0.025235909703481607 -0.018398171169888494
0.029227967408489597 -0.019606335125199707
0.03350360058263052 -0.020785538543193954
0.038060233744356575 -0.02193751720688225
0.042895122148234655 -0.023063964173077604
0.048005353438278275 -0.02416639249490853
0.05338784940224234 -0.025246016198021762
0.059039367825822475 -0.02630365531168692
0.06495650444564427 -0.02733966921540926
0.07113569499986394 -0.02835392081309544
0.07757321737514639 -0.02934577219766098
0.08426519384872727 -0.03031411063083347
0.09120759342420814 -0.03125740194480265
0.09839623425967753 -0.03217376697407541
0.10582678618669683 -0.03306107543196425
0.11349477331863145 -0.03391705082092797
0.12139557674675777 -0.034739379549995876
0.12952443732252045 -0.03552581744024896
0.1378764585242665 -0.036274287218868405
0.14644660940672616 -0.036982961396398444
0.15522972763146647 -0.0376503260309421
0.16422052257649067 -0.03827522222906037
0.17341357852311146 -0.03885686372520067
0.18280335791817703 -0.039394830421598186
0.19238420470968637 -0.039889039260271784
0.20215034775378343 -0.04033969514526568
0.2120959042910774 -0.04074722575564737
0.2222148834901989 -0.04111220492366845
0.23250119005645137 -0.041435269754231036
0.2429486279033891 -0.041717036810760943
0.2535509038851079 -0.041958022492094516
0.26430163158700104 -0.042158572201623064
0.27519433517269654 -0.0423188021112791
0.28622245328485874 -0.0424385563138894
0.29737934299750524 -0.04251738101543641
0.30865828381745486 -0.04255451622831622
0.320052481732506 -0.04254890427322126
0.33155507330389 -0.04249921336128774
0.3431591298005543 -0.04240387367955252
0.35485766137276875 -0.0422611227961328
0.36664362126255073 -0.04206905687244352
0.3785099100483679 -0.0418256841324596
0.3904493799215649 -0.041528977285708965
0.4024548389919357 -0.041176922102286066
0.41451905561984914 -0.04076756004672108
0.42663476277231926 -0.040299023729813324
0.43879466240039156 -0.03976956485988383
0.4509914298352198 -0.03917757528875519
0.46321771820016633 -0.038521602575582514
0.475466162836291 -0.0378003621627398
0.4877293857385438 -0.03701274871386867
0.4999999999999999 -0.03615784936321409
0.512270614261456 -0.03523496154587985
0.5245338371637088 -0.03424361772093238
0.5367822817998334 -0.03318361868587348
0.54900857016478 -0.0320550763552367
0.5612053375996082 -0.030858465899196483
0.5733652372276805 -0.02959468608499528
0.5854809443801506 -0.028265125617824207
0.5975451610080642 -0.02687173232384214
0.6095506200784349 -0.025417081237391975
0.6214900899516319 -0.023904437117919838
0.6333563787374491 -0.022337806684403716
0.645142338627231 -0.020721975950583164
0.6568408701994456 -0.019062528483651635
0.6684449266961098 -0.017365841177903876
0.6799475182674938 -0.015639055193849366
0.691341716182545 -0.013890021000459654
0.7026206570024947 -0.01212721789246812
0.713777546715141 -0.01035964984118579
0.7248056648273034 -0.008596720973974351
0.7356983684129987 -0.0068480952618533795
0.746449096114892 -0.005123546031297708
0.7570513720966108 -0.003432801623696067
0.7674988099435485 -0.0017853938431002352
0.7777851165098009 -0.0001905157239631295
0.7879040957089227 0.0013431053916478416
0.7978496522462164 0.002807314430464301
0.8076157952903136 0.004194611091735332
0.8171966420818224 0.005498206141276111
0.8265864214768883 0.006712051125599862
0.8357794774235092 0.00783084296266358
0.8447702723685334 0.008850006626978575
0.8535533905932737 0.009765660716901685
0.8621235414757333 0.01057457195396977
0.8704755626774794 0.011274105518262623
0.8786044232532422 0.011862178494465376
0.8865052266813687 0.012337223545371537
0.894173213813303 0.012698169232260411
0.9016037657403225 0.012944442190447611
0.9087924065757916 0.013075994704703588
0.9157348061512727 0.013093359207437871
0.9224267826248536 0.012997728964555559
0.928864305000136 0.012791061862283832
0.9350434955543556 0.01247620191744843
0.9409606321741775 0.012057011060161986
0.9466121505977576 0.01153850203011668
0.9519946465617215 0.010926962016152963
0.9571048778517655 0.010230056057062975
0.9619397662556433 0.009456899278830314
0.9664963994173694 0.008618087798996473
0.9707720325915102 0.007725679569008732
0.9747640902965183 0.006793118493441428
0.9784701678661044 0.005835097763295251
0.98188803289772 0.0048673613357593706
0.985015626597272 0.003906445723104177
0.9878510650192642 0.0029693675379110504
0.9903926402016152 0.0020732653914545787
0.9926388211944706 0.0012350075705730532
0.9945882549823906 0.000470779254086744
0.9962397672993549 -0.00020433527383427485
0.9975923633360985 -0.0007767590111938652
0.9986452283393451 -0.0012348007017703362
0.9993977281025862 -0.001568989573513987
0.9998494093481021 -0.0017723520957865662
1.0 -0.001840618794741025
