1.0 0.0015820930201976046
0.9998494093481021 0.001659388890035456
0.9993977281025862 0.0018898315076851203
0.9986452283393451 0.0022691414154727553
0.9975923633360985 0.0027903686484146316
0.9962397672993549 0.003444157483696453
0.9945882549823906 0.004219099677783377
0.9926388211944706 0.005102159876080845
0.9903926402016152 0.006079153714909668
0.9878510650192642 0.007135256973252089
0.985015626597272 0.008255523071689823
0.98188803289772 0.009425386295830776
0.9784701678661044 0.010631129315827603
0.9747640902965183 0.011860295796351724
0.9707720325915102 0.01310203200218534
0.9664963994173694 0.014347345117874744
0.9619397662556433 0.015589270296689729
0.9571048778517655 0.016822942995555316
0.9519946465617215 0.01804557769415588
0.9466121505977576 0.01925635840211711
0.9409606321741775 0.020456250214001315
0.9350434955543556 0.021647744397062522
0.928864305000136 0.022834551953013784
0.9224267826248536 0.024021262192692707
0.9157348061512727 0.02521298356325293
0.9087924065757916 0.02641498378434658
0.9016037657403225 0.027632345343517474
0.894173213813303 0.028869650674211156
0.8865052266813687 0.030130709028260882
0.8786044232532422 0.03141833431766605
0.8704755626774794 0.032734180209731185
0.8621235414757333 0.03407863568867393
0.8535533905932737 0.0354507813104372
0.8447702723685334 0.036848403622756924
0.8357794774235092 0.038268062821559756
0.8265864214768883 0.03970520675926932
0.8171966420818224 0.04115432296922268
0.8076157952903136 0.042609119448130145
0.7978496522462164 0.044062724538379
0.7879040957089227 0.04550789633866916
0.7777851165098009 0.04693723258646983
0.7674988099435485 0.04834337282353114
0.7570513720966108 0.04971918579029052
0.746449096114892 0.05105793630684882
0.7356983684129987 0.05235342730012413
0.7248056648273034 0.053600114049356565
0.713777546715141 0.05479318907762632
0.7026206570024947 0.05592863736210611
0.691341716182545 0.057003262632611636
0.6799475182674938 0.05801468645420354
0.6684449266961098 0.05896132253665372
0.6568408701994456 0.059842329284657325
0.645142338627231 0.06065754400952257
0.6333563787374491 0.06140740248292102
0.6214900899516319 0.06209284764560441
0.6095506200784349 0.06271523130779093
0.5975451610080642 0.06327621260957814
0.5854809443801506 0.06377765686170245
0.5733652372276805 0.06422153816728897
0.5612053375996082 0.06460984893797302
0.54900857016478 0.06494451906408506
0.5367822817998334 0.06522734707841042
0.5245338371637088 0.06545994516703377
0.512270614261456 0.06564369933234332
0.4999999999999999 0.06577974541026214
0.4877293857385438 0.06586896099977654
0.475466162836291 0.06591197269774071
0.46321771820016633 0.0659091773717397
0.4509914298352198 0.06586077557951485
0.43879466240039156 0.06576681468932942
0.42663476277231926 0.06562723880662476
0.41451905561984914 0.0654419423011521
0.4024548389919357 0.06521082358293119
0.3904493799215649 0.06493383581412787
0.3785099100483679 0.06461103147572872
0.36664362126255073 0.06424259812860388
0.35485766137276875 0.06382888330058677
0.3431591298005543 0.06337040716365576
0.33155507330389 0.06286786249529029
0.320052481732506 0.062322102293146754
0.30865828381745486 0.06173411627373897
0.29737934299750524 0.06110499827311256
0.28622245328485874 0.06043590722235581
0.27519433517269654 0.059728024842031484
0.26430163158700104 0.05898251344744958
0.2535509038851079 0.05820047725632591
0.2429486279033891 0.05738293033455083
0.23250119005645137 0.05653077381624378
0.2222148834901989 0.05564478432154593
0.2120959042910774 0.054725614617542495
0.20215034775378343 0.05377380658643856
0.19238420470968637 0.05278981555283722
0.18280335791817703 0.05177404405577572
0.17341357852311146 0.05072688230729892
0.16422052257649067 0.04964875192728866
0.15522972763146647 0.048540149141166215
0.14644660940672616 0.047401683512978667
0.1378764585242665 0.046234108480477355
0.12952443732252045 0.04503834045735209
0.12139557674675777 0.043815464043603015
0.11349477331863145 0.04256672188878413
0.10582678618669683 0.04129348891611986
0.09839623425967753 0.03999723185536639
0.09120759342420814 0.03867945625718334
0.08426519384872727 0.037341644278123906
0.07757321737514639 0.03598518744455634
0.07113569499986394 0.03461131924911203
0.06495650444564427 0.033221052745747846
0.059039367825822475 0.03181512825314862
0.05338784940224234 0.0303939758410737
0.048005353438278275 0.02895769647805719
0.042895122148234655 0.027506064606319935
0.038060233744356575 0.02603855354999254
0.03350360058263052 0.02455438364491025
0.029227967408489597 0.023052591405383554
0.025235909703481607 0.02153211652528938
0.021529832133895532 0.019991902156315623
0.018111967102280024 0.018431002815004018
0.014984373402728013 0.01684869352581791
0.012148934980735715 0.015244573470592203
0.009607359798384785 0.013618657518769697
0.007361178805529334 0.01197144956087624
0.005411745017609493 0.010303992531869487
0.0037602327006450165 0.008617891333981859
0.0024076366639015356 0.006915306467390408
0.0013547716606548965 0.0051989179481680275
0.0006022718974137975 0.0034718609200541906
0.00015059065189787502 0.0017376361280948636
0.0 0.0
0.00015059065189787502 -0.0018756624493871529
0.0006022718974137975 -0.0037450539502845593
0.0013547716606548965 -0.005601624179643687
0.0024076366639015356 -0.00743920879808431
0.0037602327006450165 -0.009252201639634602
0.005411745017609493 -0.011035702931852878
0.007361178805529334 -0.01278563743092352
0.009607359798384785 -0.014498837831941922
0.012148934980735715 -0.016173090504039363
0.014984373402728013 -0.017807142412930892
0.018111967102280024 -0.01940066993363481
0.021529832133895532 -0.020954212026703486
0.025235909703481607 -0.02246907186036457
0.029227967408489597 -0.023947192326555223
0.03350360058263052 -0.02539101195346122
0.038060233744356575 -0.02680330841155605
0.042895122148234655 -0.028187037115693245
0.048005353438278275 -0.029545172336088502
0.05338784940224234 -0.0308805577617563
0.059039367825822475 -0.03219577264783922
0.06495650444564427 -0.03349301857851186
0.07113569499986394 -0.03477403056002456
0.07757321737514639 -0.036040014704926675
0.08426519384872727 -0.037291613265268024
0.09120759342420814 -0.03852889630683229
0.09839623425967753 -0.03975137797072803
0.10582678618669683 -0.04095805411593096
0.11349477331863145 -0.04214745723585135
0.12139557674675777 -0.0433177239358383
0.12952443732252045 -0.04446666996955118
0.1378764585242665 -0.04559186786287443
0.14644660940672616 -0.04669072248704337
0.15522972763146647 -0.04776054054195291
0.16422052257649067 -0.048798590724553066
0.17341357852311146 -0.04980215232202514
0.18280335791817703 -0.05076855101365846
0.19238420470968637 -0.05169518171478168
0.20215034775378343 -0.05257951927870362
0.2120959042910774 -0.05341911872330846
0.2222148834901989 -0.054211607313893545
0.23250119005645137 -0.054954671273878465
0.2429486279033891 -0.05564604008815946
0.2535509038851079 -0.05628347130647782
0.26430163158700104 -0.056864738460928224
0.27519433517269654 -0.05738762421438022
0.28622245328485874 -0.05784992020138138
0.29737934299750524 -0.05824943426734714
0.30865828381745486 -0.05858400501953964
0.320052481732506 -0.05885152284050836
0.33155507330389 -0.05904995584438701
0.3431591298005543 -0.05917737873417388
0.35485766137276875 -0.059232002187525584
0.36664362126255073 -0.05921220028820492
0.3785099100483679 -0.05911653364131111
0.3904493799215649 -0.05894376615558551
0.4024548389919357 -0.05869287402022895
0.41451905561984914 -0.05836304610525288
0.42663476277231926 -0.057953675818481556
0.43879466240039156 -0.05746434529453981
0.4509914298352198 -0.05689480360238367
0.46321771820016633 -0.05624494136949093
0.475466162836291 -0.05551476476972305
0.4877293857385438 -0.05470437215571656
0.4999999999999999 -0.05381393669792616
0.512270614261456 -0.05284369820172637
0.5245338371637088 -0.051793966811999846
0.5367822817998334 -0.050665140602814726
0.54900857016478 -0.04945773812929435
0.5612053375996082 -0.048172445948119744
0.5733652372276805 -0.046810179964380465
0.5854809443801506 -0.04537215831652518
0.5975451610080642 -0.04385998245188605
0.6095506200784349 -0.04227572215362851
0.6214900899516319 -0.04062199962807096
0.6333563787374491 -0.038902067406688
0.645142338627231 -0.037119874798217
0.6568408701994456 -0.035280117959033484
0.6684449266961098 -0.03338826932580316
0.6799475182674938 -0.03145058314016027
0.691341716182545 -0.029474075034501886
0.7026206570024947 -0.027466475064773413
0.713777546715141 -0.02543615507911707
0.7248056648273034 -0.023392032800149697
0.7356983684129987 -0.021343456370821946
0.746449096114892 -0.01930007427165031
0.7570513720966108 -0.01727169637492052
0.7674988099435485 -0.015268152392013137
0.7777851165098009 -0.013299154049828718
0.7879040957089227 -0.011374166985506749
0.7978496522462164 -0.009502297588947316
0.8076157952903136 -0.007692198893320588
0.8171966420818224 -0.005951998185536244
0.8265864214768883 -0.004289247375651351
0.8357794774235092 -0.00271089543811569
0.8447702723685334 -0.001223280540515341
0.8535533905932737 0.00016786206883028214
0.8621235414757333 0.00145738161689795
0.8704755626774794 0.0026406889087897375
0.8786044232532422 0.0037137355279849397
0.8865052266813687 0.004673001627621842
0.894173213813303 0.005515498227131169
0.9016037657403225 0.006238788845010361
0.9087924065757916 0.006841033764606916
0.9157348061512727 0.007321058332773869
0.9224267826248536 0.007678444547136541
0.928864305000136 0.007913642934307564
0.9350434955543556 0.008028099509864817
0.9409606321741775 0.008024390596135444
0.9466121505977576 0.007906356604174651
0.9519946465617215 0.007679224693632055
0.9571048778517655 0.007349709614533389
0.9619397662556433 0.006926082080885576
0.9664963994173694 0.006418194760591029
0.9707720325915102 0.0058374573798395816
0.9747640902965183 0.005196754479889353
0.9784701678661044 0.004510301935569079
0.98188803289772 0.003793441316995887
0.985015626597272 0.0030623743886970837
0.9878510650192642 0.002333843313326419
0.9903926402016152 0.0016247652710012323
0.9926388211944706 0.0009518330327447434
0.9945882549823906 0.00033109536425626816
0.9962397672993549 -0.00022246716430408906
0.9975923633360985 -0.000695354439893892
0.9986452283393451 -0.0010759304949012971
0.9993977281025862 -0.0013547627060713297
0.9998494093481021 -0.0015249021434965407
1.0 -0.0015820930201976046
