1.0 0.0016284371765876743
0.9998494093481021 0.0017063399100394484
0.9993977281025862 0.0019386238755774742
0.9986452283393451 0.0023210715835615923
0.9975923633360985 0.002846835348832676
0.9962397672993549 0.003506700575028338
0.9945882549823906 0.004289437009934621
0.9926388211944706 0.0051822217241075455
0.9903926402016152 0.006171114415840098
0.9878510650192642 0.007241563496587033
0.985015626597272 0.008378920360837823
0.98188803289772 0.009568939329990877
0.9784701678661044 0.010798241954790119
0.9747640902965183 0.012054726578718533
0.9707720325915102 0.01332790716454599
0.9664963994173694 0.014609169182292122
0.9619397662556433 0.015891934630443246
0.9571048778517655 0.017171732775090872
0.9519946465617215 0.01844617770031997
0.9466121505977576 0.019714858033255536
0.9409606321741775 0.020979148026552614
0.9350434955543556 0.02224195237126819
0.928864305000136 0.023507399538096302
0.9224267826248536 0.024780500017528143
0.9157348061512727 0.026066786513648955
0.9087924065757916 0.02737195295689557
0.9016037657403225 0.028701508200376542
0.894173213813303 0.030060458555521904
0.8865052266813687 0.03145303104163726
0.8786044232532422 0.03288244652869995
0.8704755626774794 0.034350749013467644
0.8621235414757333 0.03585869425661529
0.8535533905932737 0.037405698084764225
0.8447702723685334 0.038989841969355274
0.8357794774235092 0.04060793115246683
0.8265864214768883 0.042255598685812544
0.8171966420818224 0.04392744733837545
0.8076157952903136 0.045617220432497226
0.7978496522462164 0.04731799227866306
0.7879040957089227 0.049022368959302974
0.7777851165098009 0.05072269070322265
0.7674988099435485 0.05241122792045199
0.7570513720966108 0.05408036404885484
0.746449096114892 0.05572275961252415
0.7356983684129987 0.05733149322482718
0.7248056648273034 0.05890017661115958
0.713777546715141 0.060423042015136576
0.7026206570024947 0.0618950015383761
0.691341716182545 0.0633116790145137
0.6799475182674938 0.06466941591341166
0.6684449266961098 0.06596525350527233
0.6568408701994456 0.06719689409041275
0.645142338627231 0.06836264452986929
0.6333563787374491 0.06946134560987134
0.6214900899516319 0.07049229095559607
0.6095506200784349 0.07145513929097816
0.5975451610080642 0.0723498238328134
0.5854809443801506 0.07317646251574805
0.5733652372276805 0.07393527257242427
0.5612053375996082 0.07462649273895432
0.54900857016478 0.07525031601692518
0.5367822817998334 0.07580683549620075
0.5245338371637088 0.07629600522706176
0.512270614261456 0.0767176175292682
0.4999999999999999 0.07707129744922551
0.4877293857385438 0.07735651434173588
0.475466162836291 0.07757260978473225
0.46321771820016633 0.07771884026607348
0.4509914298352198 0.07779443234882749
0.43879466240039156 0.07779864736686966
0.42663476277231926 0.07773085216793817
0.41451905561984914 0.07759059204547981
0.4024548389919357 0.0773776618162084
0.3904493799215649 0.07709217103005801
0.3785099100483679 0.07673459955338585
0.36664362126255073 0.07630584024063147
0.35485766137276875 0.07580722608456175
0.3431591298005543 0.07524054007611049
0.33155507330389 0.07460800696358556
0.320052481732506 0.07391226711898921
0.30865828381745486 0.07315633373090134
0.29737934299750524 0.07234353548115365
0.28622245328485874 0.07147744766156758
0.27519433517269654 0.07056181529045162
0.26430163158700104 0.06960047215203587
0.2535509038851079 0.06859725977774407
0.2429486279033891 0.06755595020754845
0.23250119005645137 0.0664801759245948
0.2222148834901989 0.06537336967912086
0.2120959042910774 0.06423871605922557
0.20215034775378343 0.06307911569217368
0.19238420470968637 0.06189716194698744
0.18280335791817703 0.060695129038135974
0.17341357852311146 0.05947496958074392
0.16422052257649067 0.058238318991611714
0.15522972763146647 0.05698650372536065
0.14644660940672616 0.055720550220280565
0.1378764585242665 0.05444119162047188
0.12952443732252045 0.053148869831532844
0.12139557674675777 0.0518437312234202
0.11349477331863145 0.05052561526019675
0.10582678618669683 0.04919403643671853
0.09839623425967753 0.04784816104725448
0.09120759342420814 0.0464867814032673
0.08426519384872727 0.04510829105954775
0.07757321737514639 0.04371066530935735
0.07113569499986394 0.04229145159465924
0.06495650444564427 0.04084777449250233
0.059039367825822475 0.03937635955493623
0.05338784940224234 0.0378735794986517
0.048005353438278275 0.03633552509354341
0.042895122148234655 0.03475810164760169
0.038060233744356575 0.03313715031593628
0.03350360058263052 0.031468591681809426
0.029227967408489597 0.029748587288195415
0.025235909703481607 0.027973713165546178
0.021529832133895532 0.026141138027230556
0.018111967102280024 0.024248797797860197
0.014984373402728013 0.022295557589784198
0.012148934980735715 0.02028135220989385
0.009607359798384785 0.018207296790034015
0.007361178805529334 0.01607576018143898
0.005411745017609493 0.013890395292205367
0.0037602327006450165 0.011656122498352288
0.0024076366639015356 0.00937906451560912
0.0013547716606548965 0.007066433550141372
0.0006022718974137975 0.004726374007205152
0.00015059065189787502 0.002367766377744201
0.0 0.0
0.00015059065189787502 -0.0019111351612170183
0.0006022718974137975 -0.003814451831126826
0.0013547716606548965 -0.005701858359905995
0.0024076366639015356 -0.007565688416043158
0.0037602327006450165 -0.009398890358379978
0.005411745017609493 -0.011195189830390423
0.007361178805529334 -0.012949218811399847
0.009607359798384785 -0.014656606057025135
0.012148934980735715 -0.016314025800591252
0.014984373402728013 -0.017919203662639924
0.018111967102280024 -0.019470880814167243
0.021529832133895532 -0.020968739447892015
0.025235909703481607 -0.022413294423765235
0.029227967408489597 -0.023805757475378754
0.03350360058263052 -0.025147881515655533
0.038060233744356575 -0.026441793307678672
0.042895122148234655 -0.027689823038863325
0.048005353438278275 -0.02889433914917606
0.05338784940224234 -0.03005759613812781
0.059039367825822475 -0.031181602056682
0.06495650444564427 -0.0322680110463758
0.07113569499986394 -0.033318044703419494
0.07757321737514639 -0.034332444316866835
0.08426519384872727 -0.03531145425977519
0.09120759342420814 -0.03625483510314207
0.09839623425967753 -0.03716190347065197
0.10582678618669683 -0.03803159434238346
0.11349477331863145 -0.0388625405153929
0.12139557674675777 -0.039653163285820144
0.12952443732252045 -0.04040176815523107
0.1378764585242665 -0.04110663948377523
0.14644660940672616 -0.04176612849140964
0.15522972763146647 -0.04237872980145578
0.16422052257649067 -0.04294314276546145
0.17341357852311146 -0.043458315028241545
0.18280335791817703 -0.04392346710196146
0.19238420470968637 -0.04433809803013121
0.20215034775378343 -0.04470197345112451
0.2120959042910774 -0.04501509843936888
0.2222148834901989 -0.04527767834689002
0.23250119005645137 -0.04549007144176413
0.2429486279033891 -0.04565273741642822
0.2535509038851079 -0.0457661858121212
0.26430163158700104 -0.045830928091537416
0.27519433517269654 -0.04584743652526875
0.28622245328485874 -0.04581611229079317
0.29737934299750524 -0.04573726428049531
0.30865828381745486 -0.04561109915038261
0.320052481732506 -0.045437722189419785
0.33155507330389 -0.045217147723633354
0.3431591298005543 -0.044949317054255054
0.35485766137276875 -0.0446341214174789
0.36664362126255073 -0.0442714271808769
0.3785099100483679 -0.04386110047527074
0.3904493799215649 -0.04340302869797617
0.4024548389919357 -0.04289713679117549
0.41451905561984914 -0.042343396857050984
0.42663476277231926 -0.041741830463576386
0.43879466240039156 -0.04109250385503271
0.4509914298352198 -0.04039551713705065
0.46321771820016633 -0.039650989284543685
0.475466162836291 -0.038859041454647775
0.4877293857385438 -0.03801978151842473
0.4999999999999999 -0.03713329291213325
0.512270614261456 -0.03619963082716082
0.5245338371637088 -0.03521882840354527
0.5367822817998334 -0.03419091498288066
0.54900857016478 -0.0331159476500988
0.5612053375996082 -0.03199405630587158
0.5733652372276805 -0.030825501432120254
0.5854809443801506 -0.02961074262157309
0.5975451610080642 -0.028350514921366275
0.6095506200784349 -0.027045909170773548
0.6214900899516319 -0.02569845186627658
0.6333563787374491 -0.024310179721293682
0.645142338627231 -0.022883704042217196
0.6568408701994456 -0.021422260334056493
0.6684449266961098 -0.019929739170956726
0.6799475182674938 -0.018410695287883007
0.691341716182545 -0.016870333015776017
0.7026206570024947 -0.01531446751990297
0.713777546715141 -0.013749462721520594
0.7248056648273034 -0.012182148189011489
0.7356983684129987 -0.010619718576830577
0.746449096114892 -0.00906962027432287
0.7570513720966108 -0.007539430718976776
0.7674988099435485 -0.006036736265357684
0.7777851165098009 -0.004569014540549009
0.7879040957089227 -0.003143526845166329
0.7978496522462164 -0.0017672253905772254
0.8076157952903136 -0.0004466790413339756
0.8171966420818224 0.0008119801728266045
0.8265864214768883 0.002003089106003513
0.8357794774235092 0.003121465112417738
0.8447702723685334 0.004162399873404485
0.8535533905932737 0.005121639556447965
0.8621235414757333 0.005995356632203903
0.8704755626774794 0.006780119507758812
0.8786044232532422 0.007472866517791908
0.8865052266813687 0.008070890701777416
0.894173213813303 0.008571841169694769
0.9016037657403225 0.008973745740796433
0.9087924065757916 0.009275057984694164
0.9157348061512727 0.009474729888756792
0.9224267826248536 0.009572309235699511
0.928864305000136 0.009568058536418384
0.9350434955543556 0.009463090174305678
0.9409606321741775 0.009259510430336782
0.9466121505977576 0.008960563418180521
0.9519946465617215 0.00857076479387173
0.9571048778517655 0.00809601451802782
0.9619397662556433 0.007543678009889248
0.9664963994173694 0.006922625772603627
0.9707720325915102 0.0062432229772250575
0.9747640902965183 0.005517262515421026
0.9784701678661044 0.0047578375740844605
0.98188803289772 0.003979152719556029
0.985015626597272 0.0031962756471890577
0.9878510650192642 0.002424834976431006
0.9903926402016152 0.0016806725665783134
0.9926388211944706 0.0009794616104899497
0.9945882549823906 0.0003363040632328579
0.9962397672993549 -0.0002346773652636186
0.9975923633360985 -0.000720736491389792
0.9986452283393451 -0.0011108739270785572
0.9993977281025862 -0.0013961647616427398
0.9998494093481021 -0.0015700296017912988
1.0 -0.0016284371765876743
