1.0 0.0017419884086297625
0.9998494093481021 0.001824184258045353
0.9993977281025862 0.002069335672843784
0.9986452283393451 0.002473189090154329
0.9975923633360985 0.003028835452262628
0.9962397672993549 0.003726971641146351
0.9945882549823906 0.00455624919770025
0.9926388211944706 0.005503694134916998
0.9903926402016152 0.006555178525650998
0.9878510650192642 0.007695922419129774
0.985015626597272 0.00891100361402277
0.98188803289772 0.010185852925283446
0.9784701678661044 0.011506713799312611
0.9747640902965183 0.01286104736876576
0.9707720325915102 0.014237867151722062
0.9664963994173694 0.015627991402369916
0.9619397662556433 0.017024205391527013
0.9571048778517655 0.018421330395855997
0.9519946465617215 0.019816200660708754
0.9466121505977576 0.02120755383904339
0.9409606321741775 0.022595844186811126
0.9350434955543556 0.02398299093698715
0.928864305000136 0.02537207664672012
0.9224267826248536 0.026767011830644345
0.9157348061512727 0.028172182825666584
0.9087924065757916 0.029592099596826037
0.9016037657403225 0.03103105915552086
0.894173213813303 0.03249283852638019
0.8865052266813687 0.03398042890499125
0.8786044232532422 0.03549581995481477
0.8704755626774794 0.03703984026780467
0.8621235414757333 0.03861205702916283
0.8535533905932737 0.04021073504155351
0.8447702723685334 0.0418328526181479
0.8357794774235092 0.043474169561223776
0.8265864214768883 0.04512934058726857
0.8171966420818224 0.04679206619130983
0.8076157952903136 0.04845527208045855
0.7978496522462164 0.050111307936861686
0.7879040957089227 0.05175215635453301
0.7777851165098009 0.05336964327315819
0.7674988099435485 0.054955642030738945
0.7570513720966108 0.05650226419390751
0.746449096114892 0.05800203151658433
0.7356983684129987 0.0594480246455442
0.7248056648273034 0.06083400546566441
0.713777546715141 0.06215451120091638
0.7026206570024947 0.06340491951660486
0.691341716182545 0.06458148487575761
0.6799475182674938 0.0656813472734609
0.6684449266961098 0.0667025152045398
0.6568408701994456 0.06764382531833714
0.645142338627231 0.0685048816909992
0.6333563787374491 0.06928597801443306
0.6214900899516319 0.06998800627494733
0.6095506200784349 0.07061235568339964
0.5975451610080642 0.07116080572763797
0.5854809443801506 0.07163541724713603
0.5733652372276805 0.07203842537419991
0.5612053375996082 0.07237213803776447
0.54900857016478 0.07263884347501388
0.5367822817998334 0.07284072983439475
0.5245338371637088 0.07297981947634304
0.512270614261456 0.07305791998673353
0.4999999999999999 0.07307659322238157
0.4877293857385438 0.07303714292694084
0.475466162836291 0.07294062061791973
0.46321771820016633 0.07278784858874474
0.4509914298352198 0.07257945803822617
0.43879466240039156 0.07231593958193518
0.42663476277231926 0.07199770276498357
0.41451905561984914 0.07162514072922324
0.4024548389919357 0.07119869592820924
0.3904493799215649 0.07071892275743419
0.3785099100483679 0.07018654318801176
0.36664362126255073 0.06960249195531613
0.35485766137276875 0.06896794853878249
0.3431591298005543 0.06828435403687004
0.33155507330389 0.0675534120387143
0.320052481732506 0.0667770736560259
0.30865828381745486 0.0659575079326386
0.29737934299750524 0.06509705981982222
0.28622245328485874 0.06419819872154828
0.27519433517269654 0.0632634612129247
0.26430163158700104 0.06229539186890533
0.2535509038851079 0.061296486179683383
0.2429486279033891 0.06026913926605451
0.23250119005645137 0.059215603557726544
0.2222148834901989 0.05813795779797501
0.2120959042910774 0.057038088747671474
0.20215034775378343 0.05591768585567788
0.19238420470968637 0.05477824802739938
0.18280335791817703 0.05362110055034472
0.17341357852311146 0.0524474193141933
0.16422052257649067 0.0512582587732695
0.15522972763146647 0.05005457970577582
0.14644660940672616 0.048837272769532654
0.1378764585242665 0.04760717415560731
0.12952443732252045 0.046365070288560774
0.12139557674675777 0.04511168947655201
0.11349477331863145 0.043847679611656115
0.10582678618669683 0.04257357237398866
0.09839623425967753 0.041289735800085124
0.09120759342420814 0.039996318425289175
0.08426519384872727 0.038693189390077806
0.07757321737514639 0.037379879807844234
0.07113569499986394 0.03605553123955932
0.06495650444564427 0.03471885724540764
0.059039367825822475 0.03336812365062798
0.05338784940224234 0.03200115237096679
0.048005353438278275 0.03061535242511909
0.042895122148234655 0.029207780182981362
0.038060233744356575 0.02777522905441906
0.03350360058263052 0.0263143468317744
0.029227967408489597 0.02482177689415883
0.025235909703481607 0.02329431760258025
0.021529832133895532 0.021729092598419143
0.018111967102280024 0.020123723486470766
0.014984373402728013 0.018476495637915754
0.012148934980735715 0.016786507658085606
0.009607359798384785 0.015053795462723358
0.007361178805529334 0.013279422889380017
0.005411745017609493 0.011465532292745672
0.0037602327006450165 0.009615350551795535
0.0024076366639015356 0.007733148237960405
0.0013547716606548965 0.005824152217326541
0.0006022718974137975 0.0038944145304682766
0.00015059065189787502 0.0019506428497495882
0.0 0.0
0.00015059065189787502 -0.001758356039278178
0.0006022718974137975 -0.003509968071285703
0.0013547716606548965 -0.005247800186880578
0.0024076366639015356 -0.006965271814635662
0.0037602327006450165 -0.008656459880996207
0.005411745017609493 -0.01031627165621346
0.007361178805529334 -0.011940580901445208
0.009607359798384785 -0.013526321804287221
0.012148934980735715 -0.015071537324523787
0.014984373402728013 -0.01657538085028089
0.018111967102280024 -0.018038072361183644
0.021529832133895532 -0.019460812483999286
0.025235909703481607 -0.020845659789600672
0.029227967408489597 -0.022195378314352848
0.03350360058263052 -0.0235132635109234
0.038060233744356575 -0.024802955584735397
0.042895122148234655 -0.026068249422551
0.048005353438278275 -0.027312910068197815
0.05338784940224234 -0.02854050197549936
0.059039367825822475 -0.029754239125265397
0.06495650444564427 -0.030956861610153073
0.07113569499986394 -0.032150542564850115
0.07757321737514639 -0.03333682745783937
0.08426519384872727 -0.03451660587864084
0.09120759342420814 -0.035690114162711346
0.09839623425967753 -0.03685696559829568
0.10582678618669683 -0.03801620364384032
0.11349477331863145 -0.03916637261951909
0.12139557674675777 -0.0403055997666163
0.12952443732252045 -0.04143168241253833
0.1378764585242665 -0.04254217422901629
0.14644660940672616 -0.043634465193009134
0.15522972763146647 -0.044705850797497206
0.16422052257649067 -0.04575358723768286
0.17341357852311146 -0.046774930628604314
0.18280335791817703 -0.04776715969702552
0.19238420470968637 -0.04872758273703127
0.20215034775378343 -0.04965353083391909
0.2120959042910774 -0.05054234036513279
0.2222148834901989 -0.051391328517133024
0.23250119005645137 -0.05219776597077611
0.2429486279033891 -0.05295885098556956
0.2535509038851079 -0.05367168885960272
0.26430163158700104 -0.0543332801847971
0.27519433517269654 -0.05494052050509912
0.28622245328485874 -0.0554902129843186
0.29737934299750524 -0.0559790945788871
0.30865828381745486 -0.056403875073997224
0.320052481732506 -0.056761287265192265
0.33155507330389 -0.05704814563188019
0.3431591298005543 -0.05726141012374664
0.35485766137276875 -0.057398251218961166
0.36664362126255073 -0.05745611224806319
0.3785099100483679 -0.05743276512110421
0.3904493799215649 -0.05732635603684933
0.4024548389919357 -0.057135438458504564
0.41451905561984914 -0.05685899155788369
0.42663476277231926 -0.056496423390765334
0.43879466240039156 -0.0560475591912
0.4509914298352198 -0.0555126162773747
0.46321771820016633 -0.054892168063004176
0.475466162836291 -0.05418710048981013
0.4877293857385438 -0.05339856477486703
0.4999999999999999 -0.0525279306551876
0.512270614261456 -0.051576744285568556
0.5245338371637088 -0.05054669460201893
0.5367822817998334 -0.04943959132302296
0.54900857016478 -0.048257356867520904
0.5612053375996082 -0.04700203338412808
0.5733652372276805 -0.04567580488801679
0.5854809443801506 -0.044281033276853385
0.5975451610080642 -0.04282030583537174
0.6095506200784349 -0.04129649082657795
0.6214900899516319 -0.03971279698371883
0.6333563787374491 -0.03807283222316868
0.645142338627231 -0.036380656736378233
0.6568408701994456 -0.03464082580754081
0.6684449266961098 -0.032858418235919146
0.6799475182674938 -0.031039047085795773
0.691341716182545 -0.02918885058723455
0.7026206570024947 -0.02731446229181038
0.713777546715141 -0.025422960958834624
0.7248056648273034 -0.023521802010384056
0.7356983684129987 -0.021618733646946713
0.746449096114892 -0.019721701764670394
0.7570513720966108 -0.017838748577562045
0.7674988099435485 -0.01597791026000771
0.7777851165098009 -0.014147118947136997
0.7879040957089227 -0.012354114050846058
0.7978496522462164 -0.010606367084910466
0.8076157952903136 -0.00891102308953954
0.8171966420818224 -0.007274860376299896
0.8265864214768883 -0.0057042687728861155
0.8357794774235092 -0.0042052449440506505
0.8447702723685334 -0.002783401818984531
0.8535533905932737 -0.001443987785934283
0.8621235414757333 -0.00019191023317173062
0.8704755626774794 0.0009682426831651874
0.8786044232532422 0.0020321884075510882
0.8865052266813687 0.0029959505993300724
0.894173213813303 0.0038558793417998215
0.9016037657403225 0.004608695054057856
0.9087924065757916 0.005251558552447704
0.9157348061512727 0.00578216772002464
0.9224267826248536 0.006198879046222508
0.928864305000136 0.00650085003419849
0.9350434955543556 0.00668819629073871
0.9409606321741775 0.006762155165389586
0.9466121505977576 0.0067252462355682
0.9519946465617215 0.006581417868686023
0.9571048778517655 0.006336168629791388
0.9619397662556433 0.005996632508674318
0.9664963994173694 0.00557161783901816
0.9707720325915102 0.0050715913568072975
0.9747640902965183 0.0045086010358579166
0.9784701678661044 0.0038961340448094763
0.98188803289772 0.0032489092567525076
0.985015626597272 0.00258260704663189
0.9878510650192642 0.0019135424509035281
0.9903926402016152 0.0012582909490691685
0.9926388211944706 0.0006332789716228151
0.9945882549823906 5.4353572448862224e-05
0.9962397672993549 -0.00046365261984746627
0.9975923633360985 -0.0009073441487864304
0.9986452283393451 -0.0012651560807907134
0.9993977281025862 -0.0015277016537357158
0.9998494093481021 -0.0016880595384033048
1.0 -0.0017419884086297625
