1.0 0.0019474045312210509
0.9998494093481021 0.0020226761795484882
0.9993977281025862 0.0022470943238856065
0.9986452283393451 0.0026165221150519177
0.9975923633360985 0.0031242407927589916
0.9962397672993549 0.0037612049789432947
0.9945882549823906 0.00451638318371161
0.9926388211944706 0.0053771676961946804
0.9903926402016152 0.006329834978345813
0.9878510650192642 0.007360035607650072
0.985015626597272 0.008453291820430493
0.98188803289772 0.009595480825362424
0.9784701678661044 0.010773283259007508
0.9747640902965183 0.011974578354208228
0.9707720325915102 0.01318877044732688
0.9664963994173694 0.014407035177042544
0.9619397662556433 0.015622477909247118
0.9571048778517655 0.016830201324556475
0.9519946465617215 0.018027283487949866
0.9466121505977576 0.019212671854790732
0.9409606321741775 0.02038700234760707
0.9350434955543556 0.02155235569114189
0.928864305000136 0.022711965489643354
0.9224267826248536 0.023869893988737484
0.9157348061512727 0.02503069205386869
0.9087924065757916 0.026199059637476943
0.9016037657403225 0.02737952196314951
0.894173213813303 0.02857613493183413
0.8865052266813687 0.029792230988645595
0.8786044232532422 0.031030214035545744
0.8704755626774794 0.03229140910204334
0.8621235414757333 0.03357596955935055
0.8535533905932737 0.034882841838956555
0.8447702723685334 0.03620978503119985
0.8357794774235092 0.03755344050433869
0.8265864214768883 0.03890944488095588
0.8171966420818224 0.040272578385190334
0.8076157952903136 0.041636939748162065
0.7978496522462164 0.04299613851724833
0.7879040957089227 0.044343495719179726
0.7777851165098009 0.04567224431870031
0.7674988099435485 0.046975721721265504
0.7570513720966108 0.04824754761005098
0.746449096114892 0.04948178160333405
0.7356983684129987 0.05067305649145373
0.7248056648273034 0.05181668409526836
0.713777546715141 0.052908732024567945
0.7026206570024947 0.053946070763229055
0.691341716182545 0.05492639153998396
0.6799475182674938 0.05584819634442701
0.6684449266961098 0.056710762213099807
0.6568408701994456 0.057514082544075446
0.645142338627231 0.05825878870920609
0.6333563787374491 0.05894605563172382
0.6214900899516319 0.05957749529280971
0.6095506200784349 0.060155042330599894
0.5975451610080642 0.06068083600105675
0.5854809443801506 0.0611571027797375
0.5733652372276805 0.06158604379032282
0.5612053375996082 0.06196973104098081
0.54900857016478 0.06231001612415082
0.5367822817998334 0.062608454582383
0.5245338371637088 0.06286624856065941
0.512270614261456 0.0630842096596691
0.4999999999999999 0.06326274308943172
0.4877293857385438 0.06340185332314019
0.475466162836291 0.06350117050178919
0.46321771820016633 0.06355999588458106
0.4509914298352198 0.0635773637283702
0.43879466240039156 0.0635521161650712
0.42663476277231926 0.06348298698214708
0.41451905561984914 0.06336868974644597
0.4024548389919357 0.06320800548522246
0.3904493799215649 0.06299986517673413
0.3785099100483679 0.06274342261682975
0.36664362126255073 0.06243811380978033
0.35485766137276875 0.062083699854631205
0.3431591298005543 0.061680291317756736
0.33155507330389 0.06122835323724144
0.320052481732506 0.06072869112200675
0.30865828381745486 0.06018241950751028
0.29737934299750524 0.05959091572775434
0.28622245328485874 0.05895576248188725
0.27519433517269654 0.05827868344482044
0.26430163158700104 0.057561476542827554
0.2535509038851079 0.05680594955529744
0.2429486279033891 0.05601386240449917
0.23250119005645137 0.05518687987327116
0.2222148834901989 0.054326537587459554
0.2120959042910774 0.053434222979480896
0.20215034775378343 0.05251117169347247
0.19238420470968637 0.05155847859546865
0.18280335791817703 0.05057712131385175
0.17341357852311146 0.049567993154027365
0.16422052257649067 0.0485319413954778
0.15522972763146647 0.047469806461072815
0.14644660940672616 0.04638245729724391
0.1378764585242665 0.04527081854175349
0.12952443732252045 0.04413588567614567
0.12139557674675777 0.042978725325473636
0.11349477331863145 0.04180045911351588
0.10582678618669683 0.040602230918569376
0.09839623425967753 0.039385158896443964
0.09120759342420814 0.03815027512673624
0.08426519384872727 0.03689845707752685
0.07757321737514639 0.035630356161368906
0.07113569499986394 0.0343463293768308
0.06495650444564427 0.03304638032354978
0.059039367825822475 0.031730115703019965
0.05338784940224234 0.030396722764124234
0.048005353438278275 0.029044972048898898
0.042895122148234655 0.027673248301605145
0.038060233744356575 0.026279610614949916
0.03350360058263052 0.024861880918082915
0.029227967408489597 0.02341775789550325
0.025235909703481607 0.021944951505539788
0.021529832133895532 0.020441331580482742
0.018111967102280024 0.018905082664086352
0.014984373402728013 0.017334856380532254
0.012148934980735715 0.015729912306734636
0.009607359798384785 0.014090238576058374
0.007361178805529334 0.012416644275895632
0.005411745017609493 0.010710817074026
0.0037602327006450165 0.00897534134142948
0.0024076366639015356 0.0072136742215388044
0.0013547716606548965 0.005430079491471918
0.0006022718974137975 0.00362952151679411
0.00015059065189787502 0.0018175239589811065
0.0 0.0
0.00015059065189787502 -0.0019325588975008504
0.0006022718974137975 -0.0038565141814179233
0.0013547716606548965 -0.005762921047268868
0.0024076366639015356 -0.007643315337703217
0.0037602327006450165 -0.009489928652771143
0.005411745017609493 -0.011295874447099261
0.007361178805529334 -0.013055297779601677
0.009607359798384785 -0.014763483213185602
0.012148934980735715 -0.016416917449924007
0.014984373402728013 -0.018013305514757293
0.018111967102280024 -0.01955154154453571
0.021529832133895532 -0.021031637376158114
0.025235909703481607 -0.022454614042372454
0.029227967408489597 -0.0238223628755363
0.03350360058263052 -0.025137484107470125
0.038060233744356575 -0.026403111581365622
0.042895122148234655 -0.02762273243110111
0.048005353438278275 -0.028800010334847397
0.05338784940224234 -0.029938620242626092
0.059039367825822475 -0.031042101366961235
0.06495650444564427 -0.032113733789950305
0.07113569499986394 -0.03315644237442901
0.07757321737514639 -0.034172729878187466
0.08426519384872727 -0.03516463936975876
0.09120759342420814 -0.0361337443411202
0.09839623425967753 -0.037081163406626594
0.10582678618669683 -0.038007595253427603
0.11349477331863145 -0.038913368631176434
0.12139557674675777 -0.03979850167891204
0.12952443732252045 -0.04066276479958306
0.1378764585242665 -0.04150574159648311
0.14644660940672616 -0.04232688304453827
0.15522972763146647 -0.04312555102442802
0.16422052257649067 -0.04390104852253307
0.17341357852311146 -0.04465263510576957
0.18280335791817703 -0.04537952762217526
0.19238420470968637 -0.0460808873604266
0.20215034775378343 -0.04675579603550054
0.2120959042910774 -0.04740322387700441
0.2222148834901989 -0.048021993722156264
0.23250119005645137 -0.04861074531895409
0.2429486279033891 -0.049167904012094636
0.2535509038851079 -0.049691657624123864
0.26430163158700104 -0.050179944689724594
0.27519433517269654 -0.05063045630519047
0.28622245328485874 -0.05104065278790973
0.29737934299750524 -0.051407795183659066
0.30865828381745486 -0.051728990500058275
0.320052481732506 -0.05200124846963785
0.33155507330389 -0.05222154673602455
0.3431591298005543 -0.05238690067988351
0.35485766137276875 -0.05249443370848256
0.36664362126255073 -0.05254144375433445
0.3785099100483679 -0.05252546197165131
0.3904493799215649 -0.05244430016812831
0.4024548389919357 -0.05229608432524685
0.41451905561984914 -0.05207927258446355
0.42663476277231926 -0.05179265723526169
0.43879466240039156 -0.05143535144954259
0.4509914298352198 -0.05100676267618615
0.46321771820016633 -0.05050655565265253
0.475466162836291 -0.04993460882819249
0.4877293857385438 -0.049290968560456935
0.4999999999999999 -0.04857580569761893
0.512270614261456 -0.047789379067405935
0.5245338371637088 -0.04693200996281017
0.5367822817998334 -0.04600407096642743
0.54900857016478 -0.04500599143925909
0.5612053375996082 -0.043938280783363926
0.5733652372276805 -0.0428015692544627
0.5854809443801506 -0.041596664743786795
0.5975451610080642 -0.04032462266475767
0.6095506200784349 -0.03898682496260646
0.6214900899516319 -0.037585063396754666
0.6333563787374491 -0.03612162169337082
0.645142338627231 -0.03459935097445069
0.6568408701994456 -0.03302173306064134
0.6684449266961098 -0.03139292681170118
0.6799475182674938 -0.029717793578046395
0.691341716182545 -0.028001899031434532
0.7026206570024947 -0.026251490043365477
0.713777546715141 -0.024473446791064477
0.7248056648273034 -0.02267521178818043
0.7356983684129987 -0.02086469895344217
0.746449096114892 -0.01905018704356134
0.7570513720966108 -0.017240202697270404
0.7674988099435485 -0.01544339889534739
0.7777851165098009 -0.01366843479117407
0.7879040957089227 -0.011923862590526916
0.7978496522462164 -0.0102180264708785
0.8076157952903136 -0.008558977472483117
0.8171966420818224 -0.0069544069366553616
0.8265864214768883 -0.005411599505021994
0.8357794774235092 -0.003937405038620794
0.8447702723685334 -0.0025382271888940633
0.8535533905932737 -0.0012200248769330328
0.8621235414757333 1.1678271217985129e-05
0.8704755626774794 0.0011517823260963555
0.8786044232532422 0.002195603481157932
0.8865052266813687 0.003138876592516252
0.894173213813303 0.0039777733114475765
0.9016037657403225 0.004708940189968241
0.9087924065757916 0.005329559606246218
0.9157348061512727 0.00583743447659405
0.9224267826248536 0.006231095610075822
0.928864305000136 0.006509928357008275
0.9350434955543556 0.0066743130528461305
0.9409606321741775 0.0067257718159416825
0.9466121505977576 0.0066671126660659275
0.9519946465617215 0.006502560817980592
0.9571048778517655 0.006237866472409912
0.9619397662556433 0.005880378543700926
0.9664963994173694 0.0054390745585845566
0.9707720325915102 0.004924538421043332
0.9747640902965183 0.0043488798091530475
0.9784701678661044 0.003725591555476704
0.98188803289772 0.0030693443323736567
0.985015626597272 0.0023957211585725145
0.9878510650192642 0.001720897485713079
0.9903926402016152 0.001061275727070447
0.9926388211944706 0.00043308587196480954
0.9945882549823906 -0.0001480338807910949
0.9962397672993549 -0.0006674608831509063
0.9975923633360985 -0.0011119996971762029
0.9986452283393451 -0.0014702650674338325
0.9993977281025862 -0.0017330203685139971
0.9998494093481021 -0.001893457252896137
1.0 -0.0019474045312210509
