1.0 0.0016740528236923494
0.9998494093481021 0.001747780683962942
0.9993977281025862 0.001967573514513222
0.9986452283393451 0.0023293127846436236
0.9975923633360985 0.002826310790881946
0.9962397672993549 0.0034495666306507775
0.9945882549823906 0.00418810745194511
0.9926388211944706 0.0050293989621786345
0.9903926402016152 0.005959806097657774
0.9878510650192642 0.0069650826732208316
0.985015626597272 0.008030867846505405
0.98188803289772 0.00914316737772654
0.9784701678661044 0.010288798914807417
0.9747640902965183 0.011455782795517558
0.9707720325915102 0.012633662988891889
0.9664963994173694 0.013813746608859128
0.9619397662556433 0.014989254702300678
0.9571048778517655 0.016155381501445985
0.9519946465617215 0.017309263792084077
0.9466121505977576 0.018449866250110854
0.9409606321741775 0.019577792328466428
0.9350434955543556 0.02069503335836312
0.928864305000136 0.02180467083040653
0.9224267826248536 0.022910548259787666
0.9157348061512727 0.02401692958426708
0.9087924065757916 0.025128160714534893
0.9016037657403225 0.0262483497214415
0.894173213813303 0.027381079312021817
0.8865052266813687 0.028529162856591465
0.8786044232532422 0.02969445244456879
0.8704755626774794 0.030877704439796545
0.8621235414757333 0.03207850494944829
0.8535533905932737 0.03329525467598436
0.8447702723685334 0.03452520993163349
0.8357794774235092 0.03576457427577287
0.8265864214768883 0.03700863337265255
0.8171966420818224 0.03825192431214858
0.8076157952903136 0.039488429808406035
0.7978496522462164 0.04071178737811841
0.7879040957089227 0.041915503762654314
0.7777851165098009 0.043093165435725625
0.7674988099435485 0.04423863695512307
0.7570513720966108 0.04534624008916629
0.746449096114892 0.046410907989867335
0.7356983684129987 0.04742831011318413
0.7248056648273034 0.048394945028449855
0.713777546715141 0.049308199652367705
0.7026206570024947 0.050166374739988986
0.691341716182545 0.05096867763236745
0.6799475182674938 0.05171518427817776
0.6684449266961098 0.05240677340624255
0.6568408701994456 0.053045036428373445
0.645142338627231 0.053632167203872545
0.6333563787374491 0.05417083620800345
0.6214900899516319 0.05466405392634504
0.6095506200784349 0.055115028452758126
0.5975451610080642 0.05552702230490885
0.5854809443801506 0.05590321338831942
0.5733652372276805 0.05624656483494599
0.5612053375996082 0.05655970811066242
0.54900857016478 0.056844843323277806
0.5367822817998334 0.0571036600669221
0.5245338371637088 0.05733728141290311
0.512270614261456 0.05754623281177704
0.4999999999999999 0.05773043672552304
0.4877293857385438 0.05788923279113819
0.475466162836291 0.05802142226587735
0.46321771820016633 0.058125334466137074
0.4509914298352198 0.05819891193886455
0.43879466240039156 0.05823981025124739
0.42663476277231926 0.05824550760493501
0.41451905561984914 0.05821341902327443
0.4024548389919357 0.05814100966235215
0.3904493799215649 0.05802590188373767
0.3785099100483679 0.05786597110671794
0.36664362126255073 0.05765942611978195
0.35485766137276875 0.05740487044509561
0.3431591298005543 0.057101342467138445
0.33155507330389 0.05674833329285541
0.320052481732506 0.05634578262857904
0.30865828381745486 0.0558940542541837
0.29737934299750524 0.05539389386147613
0.28622245328485874 0.054846373020418025
0.27519433517269654 0.05425282377299586
0.26430163158700104 0.053614768776468064
0.2535509038851079 0.05293385199252158
0.2429486279033891 0.05221177463802476
0.23250119005645137 0.05145024049380094
0.2222148834901989 0.050650913752668524
0.2120959042910774 0.04981539144227714
0.20215034775378343 0.048945191166023846
0.19238420470968637 0.048041753563399923
0.18280335791817703 0.04710645760219448
0.17341357852311146 0.046140645679998905
0.16422052257649067 0.045145654622869326
0.15522972763146647 0.04412284809953573
0.14644660940672616 0.043073645772083516
0.1378764585242665 0.04199954470300833
0.12952443732252045 0.04090212912835005
0.12139557674675777 0.03978306565121339
0.11349477331863145 0.038644082144822664
0.10582678618669683 0.03748693009043467
0.09839623425967753 0.03631333160576584
0.09120759342420814 0.03512491392630456
0.08426519384872727 0.03392313546524425
0.07757321737514639 0.03270920868512117
0.07113569499986394 0.031484025768687605
0.06495650444564427 0.030248093404737036
0.059039367825822475 0.02900148286284966
0.05338784940224234 0.02774380090945437
0.048005353438278275 0.026474186041766826
0.042895122148234655 0.02519133304612775
0.038060233744356575 0.023893547114099377
0.03350360058263052 0.022578826789549575
0.029227967408489597 0.02124497300627539
0.025235909703481607 0.01988971954984103
0.021529832133895532 0.01851087857846059
0.018111967102280024 0.01710649349293514
0.014984373402728013 0.01567499056022197
0.012148934980735715 0.014215320344895423
0.009607359798384785 0.012727080227660538
0.007361178805529334 0.011210610091161588
0.005411745017609493 0.009667054591672872
0.0037602327006450165 0.00809838723413721
0.0024076366639015356 0.006507393617759086
0.0013547716606548965 0.004897613584538391
0.0006022718974137975 0.003273244431747931
0.00015059065189787502 0.0016390096832249604
0.0 0.0
0.00015059065189787502 -0.002001039926097431
0.0006022718974137975 -0.003993060462079186
0.0013547716606548965 -0.005966795370094213
0.0024076366639015356 -0.007913482909523647
0.0037602327006450165 -0.00982509250983096
0.005411745017609493 -0.011694521989626384
0.007361178805529334 -0.013515757786024716
0.009607359798384785 -0.015283992452009188
0.012148934980735715 -0.016995695729764185
0.014984373402728013 -0.018648637703624186
0.018111967102280024 -0.02024186475938823
0.021529832133895532 -0.021775631209210777
0.025235909703481607 -0.023251291371753486
0.029227967408489597 -0.024671158527500327
0.03350360058263052 -0.02603833841935896
0.038060233744356575 -0.027356545782091686
0.042895122148234655 -0.028629912729785285
0.048005353438278275 -0.029862797704794535
0.05338784940224234 -0.031059603117684086
0.059039367825822475 -0.03222460883409222
0.06495650444564427 -0.03336182736136088
0.07113569499986394 -0.03447488504259237
0.07757321737514639 -0.03556693187742701
0.08426519384872727 -0.036640580861550094
0.09120759342420814 -0.037697876073875675
0.09839623425967753 -0.038740287237273074
0.10582678618669683 -0.03976872721823902
0.11349477331863145 -0.040783587977793634
0.12139557674675777 -0.041784789883300665
0.12952443732252045 -0.042771839058370696
0.1378764585242665 -0.04374388758067067
0.14644660940672616 -0.04469979180708037
0.15522972763146647 -0.04563816486296718
0.16422052257649067 -0.046557420310917676
0.17341357852311146 -0.04745580513514416
0.18280335791817703 -0.0483314213551638
0.19238420470968637 -0.04918223672944749
0.20215034775378343 -0.05000608604468758
0.2120959042910774 -0.05080066533767946
0.2222148834901989 -0.051563522008197096
0.23250119005645137 -0.05229204411502911
0.2429486279033891 -0.052983452186934794
0.2535509038851079 -0.05363479663090444
0.26430163158700104 -0.05424296330817436
0.27519433517269654 -0.05480468911935428
0.28622245328485874 -0.055316588554706364
0.29737934299750524 -0.05577519119600784
0.30865828381745486 -0.05617698918016768
0.320052481732506 -0.056518492729514286
0.33155507330389 -0.05679629109143547
0.3431591298005543 -0.057007115671941826
0.35485766137276875 -0.05714790183942487
0.36664362126255073 -0.05721584584329407
0.3785099100483679 -0.05720845354332684
0.3904493799215649 -0.057123578164053314
0.4024548389919357 -0.05695944503846642
0.41451905561984914 -0.056714662232937925
0.42663476277231926 -0.056388216982350525
0.43879466240039156 -0.0559794589336787
0.4509914298352198 -0.05548807221631721
0.46321771820016633 -0.05491403924925824
0.475466162836291 -0.05425759988763001
0.4877293857385438 -0.053519209946353605
0.4999999999999999 -0.05269950327679447
0.512270614261456 -0.05179926139442184
0.5245338371637088 -0.05081939416567018
0.5367822817998334 -0.0497609342875272
0.54900857016478 -0.04862504728255818
0.5612053375996082 -0.047413057552357585
0.5733652372276805 -0.04612648976513238
0.5854809443801506 -0.04476712358813059
0.5975451610080642 -0.04333705860505801
0.6095506200784349 -0.04183878527025198
0.6214900899516319 -0.04027525702226092
0.6333563787374491 -0.03864995827010305
0.645142338627231 -0.036966962915077645
0.6568408701994456 -0.0352309783941761
0.6684449266961098 -0.033447370916200855
0.6799475182674938 -0.03162216857083842
0.691341716182545 -0.02976204026223314
0.7026206570024947 -0.027874249869827988
0.713777546715141 -0.025966586573116623
0.7248056648273034 -0.02404727378772307
0.7356983684129987 -0.02212486054085833
0.746449096114892 -0.02020810026400242
0.7570513720966108 -0.01830582281248181
0.7674988099435485 -0.01642680596846629
0.7777851165098009 -0.014579652704201333
0.7879040957089227 -0.012772680063488478
0.7978496522462164 -0.011013824679770029
0.8076157952903136 -0.009310568737283415
0.8171966420818224 -0.0076698886741209315
0.8265864214768883 -0.006098227222469124
0.8357794774235092 -0.00460148759872158
0.8447702723685334 -0.0031850469208466944
0.8535533905932737 -0.0018537843696284685
0.8621235414757333 -0.000612118343530938
0.8704755626774794 0.0005359540130438361
0.8786044232532422 0.0015868219224925968
0.8865052266813687 0.002537237611784219
0.894173213813303 0.003384310690369099
0.9016037657403225 0.004125525298415392
0.9087924065757916 0.004758783413719112
0.9157348061512727 0.005282475699545628
0.9224267826248536 0.005695579026538154
0.928864305000136 0.005997777452301551
0.9350434955543556 0.006189601147547436
0.9409606321741775 0.006272575675750208
0.9466121505977576 0.006249372314515982
0.9519946465617215 0.00612394888406244
0.9571048778517655 0.005901669927238291
0.9619397662556433 0.005589395137714335
0.9664963994173694 0.005195525689492179
0.9707720325915102 0.004729999569454741
0.9747640902965183 0.004204229099211891
0.9784701678661044 0.003630976455332443
0.98188803289772 0.0030241660240312327
0.985015626597272 0.0023986356942709195
0.9878510650192642 0.0017698325191663556
0.9903926402016152 0.0011534613678919694
0.9926388211944706 0.0005650980601326898
0.9945882549823906 1.978084804892281e-05
0.9962397672993549 -0.0004684041623802522
0.9975923633360985 -0.0008867270922642408
0.9986452283393451 -0.0012241911805693168
0.9993977281025862 -0.001471866515799314
0.9998494093481021 -0.0016231661962474216
1.0 -0.0016740528236923494
