1.0 0.001547207089204695
0.9998494093481021 0.0016261178399290394
0.9993977281025862 0.0018614238685987373
0.9986452283393451 0.0022489009180153953
0.9975923633360985 0.0027816874057033916
0.9962397672993549 0.0034505439645002335
0.9945882549823906 0.0042441998083080565
0.9926388211944706 0.005149769992978846
0.9903926402016152 0.006153224538860075
0.9878510650192642 0.007239888249979622
0.985015626597272 0.008394949003075506
0.98188803289772 0.009603952326285192
0.9784701678661044 0.010853261220204372
0.9747640902965183 0.012130462312746405
0.9707720325915102 0.013424702450557553
0.9664963994173694 0.0147269435363919
0.9619397662556433 0.01603012761355528
0.9571048778517655 0.01732924864478738
0.9519946465617215 0.018621331896686917
0.9466121505977576 0.01990532609191233
0.9409606321741775 0.021181917319680638
0.9350434955543556 0.022453276921269055
0.928864305000136 0.023722758052030023
0.9224267826248536 0.02499455727174373
0.9157348061512727 0.026273358287296565
0.9087924065757916 0.027563974871607482
0.9016037657403225 0.02887100906313015
0.894173213813303 0.030198539105155874
0.8865052266813687 0.03154984934120249
0.8786044232532422 0.032927211594081726
0.8704755626774794 0.03433172458804069
0.8621235414757333 0.035763214895715295
0.8535533905932737 0.037220199868251855
0.8447702723685334 0.03869991018640556
0.8357794774235092 0.04019836717860597
0.8265864214768883 0.04171050798669087
0.8171966420818224 0.043230350087608185
0.8076157952903136 0.044751185633685624
0.7978496522462164 0.04626579555734842
0.7879040957089227 0.047766673372072424
0.7777851165098009 0.04924624903936656
0.7674988099435485 0.0506971040924923
0.7570513720966108 0.052112170329849904
0.746449096114892 0.053484905726719274
0.7356983684129987 0.054809442675504444
0.7248056648273034 0.05608070516912076
0.713777546715141 0.057294493016521154
0.7026206570024947 0.05844753256295008
0.691341716182545 0.059537494634019576
0.6799475182674938 0.060562981500549486
0.6684449266961098 0.06152348555278159
0.6568408701994456 0.0624193230729306
0.645142338627231 0.06325154700894742
0.6333563787374491 0.064021842992016
0.6214900899516319 0.06473241302229926
0.6095506200784349 0.06538585129025752
0.5975451610080642 0.06598501652261218
0.5854809443801506 0.06653290505894252
0.5733652372276805 0.06703252859045682
0.5612053375996082 0.06748680013723599
0.54900857016478 0.0678984314123776
0.5367822817998334 0.06826984422776125
0.5245338371637088 0.06860309804336498
0.512270614261456 0.06889983515834237
0.4999999999999999 0.06916124439832945
0.4877293857385438 0.06938804348434327
0.475466162836291 0.06958047959307567
0.46321771820016633 0.06973834695947058
0.4509914298352198 0.06986101975671352
0.43879466240039156 0.06994749794471422
0.42663476277231926 0.06999646333453047
0.41451905561984914 0.07000634279953526
0.4024548389919357 0.06997537539647046
0.3904493799215649 0.06990168015596247
0.3785099100483679 0.06978332146875384
0.36664362126255073 0.06961836932659662
0.35485766137276875 0.06940495216008631
0.3431591298005543 0.06914130062335613
0.33155507330389 0.06882578137126089
0.320052481732506 0.0684569206143076
0.30865828381745486 0.06803341797086042
0.29737934299750524 0.06755415181402971
0.28622245328485874 0.06701817788313592
0.27519433517269654 0.06642472335353233
0.26430163158700104 0.06577317880009026
0.2535509038851079 0.06506309052746038
0.2429486279033891 0.06429415556759795
0.23250119005645137 0.06346622127106007
0.2222148834901989 0.06257929086807393
0.2120959042910774 0.06163353568764389
0.20215034775378343 0.06062931394934865
0.19238420470968637 0.059567195242834554
0.18280335791817703 0.05844798904840958
0.17341357852311146 0.0572727749920726
0.16422052257649067 0.056042932027760985
0.15522972763146647 0.054760163446316304
0.14644660940672616 0.05342651455817805
0.1378764585242665 0.05204438010124668
0.12952443732252045 0.0506164988836284
0.12139557674675777 0.049145933860324606
0.11349477331863145 0.047636036721975875
0.10582678618669683 0.0460903970850263
0.09839623425967753 0.04451277744635974
0.09120759342420814 0.042907036124377615
0.08426519384872727 0.04127704137360874
0.07757321737514639 0.039626580656273225
0.07113569499986394 0.03795926961654718
0.06495650444564427 0.03627846558132037
0.059039367825822475 0.03458719037382417
0.05338784940224234 0.03288806686441452
0.048005353438278275 0.031183273010032944
0.042895122148234655 0.029474516187258798
0.038060233744356575 0.027763029460917632
0.03350360058263052 0.02604959012543327
0.029227967408489597 0.024334559495969244
0.025235909703481607 0.02261794160332622
0.021529832133895532 0.020899457252371138
0.018111967102280024 0.01917862892305605
0.014984373402728013 0.0174548712969902
0.012148934980735715 0.015727581833418044
0.009607359798384785 0.013996225825881562
0.007361178805529334 0.012260410749083281
0.005411745017609493 0.010519945432913421
0.0037602327006450165 0.008774880630955724
0.0024076366639015356 0.007025528816116012
0.0013547716606548965 0.005272462451336804
0.0006022718974137975 0.003516491452546132
0.00015059065189787502 0.0017586219834882706
0.0 0.0
0.00015059065189787502 -0.0015722971468832788
0.0006022718974137975 -0.003139155462779845
0.0013547716606548965 -0.004694878440720073
0.0024076366639015356 -0.006234176147145056
0.0037602327006450165 -0.007752343376559984
0.005411745017609493 -0.009245409029067241
0.007361178805529334 -0.0107102496045937
0.009607359798384785 -0.012144661651021143
0.012148934980735715 -0.013547390211564512
0.014984373402728013 -0.014918112662212586
0.018111967102280024 -0.01625737967835572
0.021529832133895532 -0.017566517287360382
0.025235909703481607 -0.01884749592622949
0.029227967408489597 -0.020102774022384504
0.03350360058263052 -0.021335124765436964
0.038060233744356575 -0.022547455380599338
0.042895122148234655 -0.023742628322872453
0.048005353438278275 -0.02492329339013812
0.05338784940224234 -0.02609173883889293
0.059039367825822475 -0.02724976824341037
0.06495650444564427 -0.028398608156773333
0.07113569499986394 -0.02953884971817681
0.07757321737514639 -0.030670425324498
0.08426519384872727 -0.03179261946882588
0.09120759342420814 -0.0329041109643315
0.09839623425967753 -0.034003042127535354
0.10582678618669683 -0.0350871091822085
0.11349477331863145 -0.036153667232518324
0.12139557674675777 -0.03719984268362827
0.12952443732252045 -0.03822264597303565
0.1378764585242665 -0.039219077900783585
0.14644660940672616 -0.04018622366824406
0.15522972763146647 -0.04112132988640182
0.16422052257649067 -0.04202186120930648
0.17341357852311146 -0.04288553478731367
0.18280335791817703 -0.043710332312266266
0.19238420470968637 -0.04449449093794683
0.20215034775378343 -0.045236475706639294
0.2120959042910774 -0.045934937213037805
0.2222148834901989 -0.04658865902573888
0.23250119005645137 -0.047196499822867735
0.2429486279033891 -0.04775733526605894
0.2535509038851079 -0.048270004345885915
0.26430163158700104 -0.048733264316389475
0.27519433517269654 -0.04914575745278658
0.28622245328485874 -0.0495059917883232
0.29737934299750524 -0.04981233679906883
0.30865828381745486 -0.05006303380041357
0.320052481732506 -0.05025621968643529
0.33155507330389 -0.05038996166618182
0.3431591298005543 -0.05046229989916259
0.35485766137276875 -0.050471294457862796
0.36664362126255073 -0.050415072878236517
0.3785099100483679 -0.05029187470669792
0.3904493799215649 -0.05010008989705122
0.4024548389919357 -0.04983828861355833
0.41451905561984914 -0.04950524089795921
0.42663476277231926 -0.04909992568471227
0.43879466240039156 -0.04862152971643402
0.4509914298352198 -0.04806943793354171
0.46321771820016633 -0.04744321780459393
0.475466162836291 -0.04674260075227329
0.4877293857385438 -0.045967464254833945
0.4999999999999999 -0.045117818324138005
0.512270614261456 -0.04419379986187044
0.5245338371637088 -0.04319567788217738
0.5367822817998334 -0.04212387179298861
0.54900857016478 -0.04097898390302952
0.5612053375996082 -0.03976184613901303
0.5733652372276805 -0.03847357970342995
0.5854809443801506 -0.037115665171078165
0.5975451610080642 -0.035690019406327225
0.6095506200784349 -0.034199074771537545
0.6214900899516319 -0.032645855466046286
0.6333563787374491 -0.031034045542406786
0.645142338627231 -0.029368043226999756
0.6568408701994456 -0.027652996634640926
0.6684449266961098 -0.025894816793092627
0.6799475182674938 -0.02410016503854092
0.691341716182545 -0.02227641323813304
0.7026206570024947 -0.020431576851780143
0.713777546715141 -0.018574222459779778
0.7248056648273034 -0.016713352945428864
0.7356983684129987 -0.014858274923101558
0.746449096114892 -0.013018454140835977
0.7570513720966108 -0.011203365376293805
0.7674988099435485 -0.009422343721915645
0.7777851165098009 -0.007684444081999432
0.7879040957089227 -0.005998315174341416
0.7978496522462164 -0.004372093366626392
0.8076157952903136 -0.002813320338279182
0.8171966420818224 -0.0013288869250972532
0.8265864214768883 7.499631745223195e-05
0.8357794774235092 0.001392803183807857
0.8447702723685334 0.002619673695463391
0.8535533905932737 0.003751378589456569
0.8621235414757333 0.004784272536461252
0.8704755626774794 0.005715243103984196
0.8786044232532422 0.006541662882760695
0.8865052266813687 0.007261352056287739
0.894173213813303 0.007872558003742102
0.9016037657403225 0.008373957311624892
0.9087924065757916 0.008764683892125664
0.9157348061512727 0.009044384862562028
0.9224267826248536 0.00921330355446234
0.928864305000136 0.009272386637717723
0.9350434955543556 0.009223410021258302
0.9409606321741775 0.009069116085299225
0.9466121505977576 0.008813353061339976
0.9519946465617215 0.008461206136422702
0.9571048778517655 0.008019109221942471
0.9619397662556433 0.007494926364029372
0.9664963994173694 0.006897992511472911
0.9707720325915102 0.006239104784494732
0.9747640902965183 0.005530457446168219
0.9784701678661044 0.004785516369830092
0.98188803289772 0.004018831786540199
0.985015626597272 0.0032457913243503344
0.9878510650192642 0.0024823186347261716
0.9903926402016152 0.0017445260516215423
0.9926388211944706 0.0010483325593051553
0.9945882549823906 0.0004090606845323576
0.9962397672993549 -0.0001589723693118212
0.9975923633360985 -0.0006428530758390473
0.9986452283393451 -0.0010314430238519703
0.9993977281025862 -0.0013157077475988842
0.9998494093481021 -0.0014889887865021183
1.0 -0.001547207089204695
