1.0 0.0017342155230297754
0.9998494093481021 0.0018121315778795773
0.9993977281025862 0.00204444394826694
0.9986452283393451 0.002426900318994311
0.9975923633360985 0.0029525944696151456
0.9962397672993549 0.0036122288166783824
0.9945882549823906 0.004394464625130023
0.9926388211944706 0.00528634363840478
0.9903926402016152 0.006273761730104275
0.9878510650192642 0.00734197303606675
0.985015626597272 0.00847610198310356
0.98188803289772 0.009661640726811891
0.9784701678661044 0.010884910719543502
0.9747640902965183 0.01213346936412703
0.9707720325915102 0.013396445828167609
0.9664963994173694 0.014664793911451368
0.9619397662556433 0.015931454155641935
0.9571048778517655 0.017191421921775914
0.9519946465617215 0.018441722692358487
0.9466121505977576 0.019681300145251664
0.9409606321741775 0.020910826382306315
0.9350434955543556 0.022132446896632085
0.928864305000136 0.023349475291009825
0.9224267826248536 0.024566054327394386
0.9157348061512727 0.02578680055653986
0.9087924065757916 0.027016449561546738
0.9016037657403225 0.028259517811410423
0.894173213813303 0.02951999536385167
0.8865052266813687 0.03080108131739358
0.8786044232532422 0.032104971150578934
0.8704755626774794 0.03343270207349338
0.8621235414757333 0.0347840594269711
0.8535533905932737 0.0361575441627382
0.8447702723685334 0.03755039867021184
0.8357794774235092 0.0389586858045014
0.8265864214768883 0.040377414006918536
0.8171966420818224 0.04180069995253005
0.8076157952903136 0.04322195923403311
0.7978496522462164 0.04463411519080361
0.7879040957089227 0.046029816081563445
0.7777851165098009 0.047401651320961524
0.7674988099435485 0.04874235837981562
0.7570513720966108 0.0500450131009521
0.746449096114892 0.05130319751889096
0.7356983684129987 0.05251114070580213
0.7248056648273034 0.05366382961934599
0.713777546715141 0.054757088332691224
0.7026206570024947 0.05578762532947954
0.691341716182545 0.05675304970801735
0.6799475182674938 0.05765185813541708
0.6684449266961098 0.0584833952129527
0.6568408701994456 0.059247790558674907
0.645142338627231 0.05994587639060094
0.6333563787374491 0.06057908971688583
0.6214900899516319 0.06114936342375
0.6095506200784349 0.06165901061268207
0.5975451610080642 0.06211060648844076
0.5854809443801506 0.06250687194827777
0.5733652372276805 0.0628505627767735
0.5612053375996082 0.06314436801306193
0.54900857016478 0.06339082062979652
0.5367822817998334 0.06359222314794012
0.5245338371637088 0.06375059021244545
0.512270614261456 0.06386760947924652
0.4999999999999999 0.06394462142739347
0.4877293857385438 0.0639826179318583
0.475466162836291 0.06398225863949991
0.46321771820016633 0.0639439034160125
0.4509914298352198 0.06386765841313155
0.43879466240039156 0.06375343268301668
0.42663476277231926 0.06360100178012032
0.41451905561984914 0.06341007447572028
0.4024548389919357 0.063180358595226
0.3904493799215649 0.06291162209169467
0.3785099100483679 0.06260374579623922
0.36664362126255073 0.06225676482818177
0.35485766137276875 0.06187089638074743
0.3431591298005543 0.06144655248302522
0.33155507330389 0.0609843373242294
0.320052481732506 0.06048502975048351
0.30865828381745486 0.05994955253999923
0.29737934299750524 0.05937893096096069
0.28622245328485874 0.058774243852801895
0.27519433517269654 0.0581365709899012
0.26430163158700104 0.05746694074453881
0.2535509038851079 0.05676628203814052
0.2429486279033891 0.056035384251204995
0.23250119005645137 0.05527486816897142
0.2222148834901989 0.054485170208773324
0.2120959042910774 0.05366654116199709
0.20215034775378343 0.052819059559841196
0.19238420470968637 0.051942658619444276
0.18280335791817703 0.051037164631910416
0.17341357852311146 0.050102343701142235
0.16422052257649067 0.04913795300887286
0.15522972763146647 0.04814379232926759
0.14644660940672616 0.04711975138893059
0.1378764585242665 0.04606584888473548
0.12952443732252045 0.04498225952670063
0.12139557674675777 0.04386932633435956
0.11349477331863145 0.04272755652666554
0.10582678618669683 0.04155760063058723
0.09839623425967753 0.04036021579978052
0.09120759342420814 0.03913621568055515
0.08426519384872727 0.03788641038458597
0.07757321737514639 0.03661154112921557
0.07113569499986394 0.035312214802958604
0.06495650444564427 0.033988844042226025
0.059039367825822475 0.03264159832697121
0.05338784940224234 0.0312703711084645
0.048005353438278275 0.02987476709264942
0.042895122148234655 0.028454112568063697
0.038060233744356575 0.027007490165339057
0.03350360058263052 0.025533797764719854
0.029227967408489597 0.024031829542739778
0.025235909703481607 0.02250037549010923
0.021529832133895532 0.02093833425939481
0.018111967102280024 0.019344833022426837
0.014984373402728013 0.01771934722452412
0.012148934980735715 0.016061812781422678
0.009607359798384785 0.014372723410815781
0.007361178805529334 0.01265320642588642
0.005411745017609493 0.010905071411365359
0.0037602327006450165 0.00913082768939109
0.0024076366639015356 0.007333668270517116
0.0013547716606548965 0.005517419960246321
0.0006022718974137975 0.0036864613248398484
0.00015059065189787502 0.0018456121777829823
0.0 0.0
0.00015059065189787502 -0.0016832799651458879
0.0006022718974137975 -0.0033608905933478505
0.0013547716606548965 -0.005026825926550511
0.0024076366639015356 -0.006675442833007482
0.0037602327006450165 -0.008301620875131893
0.005411745017609493 -0.009900897448418922
0.007361178805529334 -0.011469572057919198
0.009607359798384785 -0.013004775249778458
0.012148934980735715 -0.014504499593828489
0.014984373402728013 -0.0159675921120067
0.018111967102280024 -0.017393709553128918
0.021529832133895532 -0.018783239814304475
0.025235909703481607 -0.020137194497184947
0.029227967408489597 -0.021457078970696427
0.03350360058263052 -0.02274474731695481
0.038060233744356575 -0.02400225011264062
0.042895122148234655 -0.02523168311882897
0.048005353438278275 -0.026435044619732104
0.05338784940224234 -0.027614108393199898
0.059039367825822475 -0.02877031816595614
0.06495650444564427 -0.02990470797839999
0.07113569499986394 -0.031017851247811073
0.07757321737514639 -0.032109839576178786
0.08426519384872727 -0.03318029060533903
0.09120759342420814 -0.0342283825813489
0.09839623425967753 -0.03525291184743686
0.10582678618669683 -0.036252368321747316
0.11349477331863145 -0.03722502319489598
0.12139557674675777 -0.038169022643067936
0.12952443732252045 -0.039082481310429594
0.1378764585242665 -0.03996356966026334
0.14644660940672616 -0.040810589993618696
0.15522972763146647 -0.041622036931995746
0.16422052257649067 -0.042396639383567025
0.17341357852311146 -0.043133382374954815
0.18280335791817703 -0.043831508539943
0.19238420470968637 -0.044490500419267394
0.20215034775378343 -0.045110045953667396
0.2120959042910774 -0.04568999056862079
0.2222148834901989 -0.04623027999249701
0.23250119005645137 -0.04673089837889553
0.2429486279033891 -0.047191806399579324
0.2535509038851079 -0.047612883740716434
0.26430163158700104 -0.04799387989874647
0.27519433517269654 -0.04833437638014695
0.28622245328485874 -0.048633762425662516
0.29737934299750524 -0.048891225280437184
0.30865828381745486 -0.049105754900037026
0.320052481732506 -0.04927616190257666
0.33155507330389 -0.049401106628075155
0.3431591298005543 -0.049479136416206146
0.35485766137276875 -0.04950872771582651
0.36664362126255073 -0.049488329428034356
0.3785099100483679 -0.04941640397149426
0.3904493799215649 -0.04929146293452332
0.4024548389919357 -0.049112094811494006
0.41451905561984914 -0.04887698316066427
0.42663476277231926 -0.048584914500097554
0.43879466240039156 -0.048234776300491854
0.4509914298352198 -0.04782554645582089
0.46321771820016633 -0.047356276532774064
0.475466162836291 -0.04682607184290966
0.4877293857385438 -0.046234071884442486
0.4999999999999999 -0.04557943491804594
0.512270614261456 -0.0448613303481013
0.5245338371637088 -0.0440789421754903
0.5367822817998334 -0.04323148609175658
0.54900857016478 -0.04231824184097026
0.5612053375996082 -0.04133860134812328
0.5733652372276805 -0.040292131879833805
0.5854809443801506 -0.03917865225287392
0.5975451610080642 -0.03799831893055178
0.6095506200784349 -0.03675171783532009
0.6214900899516319 -0.03543995693777644
0.6333563787374491 -0.03406475422166813
0.645142338627231 -0.03262851551545139
0.6568408701994456 -0.031134396943192248
0.6684449266961098 -0.029586347374936744
0.6799475182674938 -0.02798912721672642
0.691341716182545 -0.02634830111627549
0.7026206570024947 -0.02467020359397268
0.713777546715141 -0.022961878146301924
0.7248056648273034 -0.021230991906219125
0.7356983684129987 -0.019485729376052096
0.746449096114892 -0.017734669971549644
0.7570513720966108 -0.01598665504135505
0.7674988099435485 -0.014250650583784608
0.7777851165098009 -0.012535612025961288
0.7879040957089227 -0.010850357140845316
0.7978496522462164 -0.00920345246745215
0.8076157952903136 -0.0076031175106058765
0.8171966420818224 -0.006057149598977251
0.8265864214768883 -0.004572870667713516
0.8357794774235092 -0.0031570955164011926
0.8447702723685334 -0.001816119396611884
0.8535533905932737 -0.0005557212303909835
0.8621235414757333 0.000618822530136369
0.8704755626774794 0.0017027193180109317
0.8786044232532422 0.0026916435377271294
0.8865052266813687 0.0035817277009162754
0.894173213813303 0.00436956745498971
0.9016037657403225 0.005052245313280273
0.9087924065757916 0.0056273764122575275
0.9157348061512727 0.0060931777759692975
0.9224267826248536 0.006448560473863644
0.928864305000136 0.006693241851118059
0.9350434955543556 0.006827872839282095
0.9409606321741775 0.006854173371857817
0.9466121505977576 0.0067750672804550134
0.9519946465617215 0.006594806862185511
0.9571048778517655 0.006319076692512978
0.9619397662556433 0.005955066281422042
0.9664963994173694 0.0055115018674777175
0.9707720325915102 0.004998629005187747
0.9747640902965183 0.004428139574584251
0.9784701678661044 0.0038130393361908437
0.98188803289772 0.0031674550418865416
0.985015626597272 0.0025063832363804205
0.9878510650192642 0.0018453860693031822
0.9903926402016152 0.001200242499531813
0.9926388211944706 0.0005865660287501697
0.9945882549823906 1.940238142021395e-05
0.9962397672993549 -0.0004871777915154117
0.9975923633360985 -0.0009204751791293219
0.9986452283393451 -0.0012695309143761777
0.9993977281025862 -0.001525453082736525
0.9998494093481021 -0.0016816867075360223
1.0 -0.0017342155230297754
