1.0 0.0014504254671400614
0.9998494093481021 0.001533574801111961
0.9993977281025862 0.0017815783142355124
0.9986452283393451 0.0021901570528283054
0.9975923633360985 0.0027523585882801727
0.9962397672993549 0.0034588169743713405
0.9945882549823906 0.004298099595737743
0.9926388211944706 0.005257124898585126
0.9903926402016152 0.006321631897088739
0.9878510650192642 0.0074766802396605955
0.985015626597272 0.008707158595298711
0.98188803289772 0.009998279217118463
0.9784701678661044 0.011336037730937347
0.9747640902965183 0.012707619394698045
0.9707720325915102 0.014101736139221648
0.9664963994173694 0.015508882447723648
0.9619397662556433 0.01692150234372496
0.9571048778517655 0.018334064198531386
0.9519946465617215 0.01974304449976859
0.9466121505977576 0.021146825910378513
0.9409606321741775 0.022545518684397893
0.9350434955543556 0.023940717616857454
0.928864305000136 0.025335209057952342
0.9224267826248536 0.026732644032235523
0.9157348061512727 0.028137194138956968
0.9087924065757916 0.029553206687089117
0.9016037657403225 0.030984874501928508
0.894173213813303 0.03243593413353411
0.8865052266813687 0.03390940393639716
0.8786044232532422 0.0354073708320291
0.8704755626774794 0.03693083167981991
0.8621235414757333 0.03847959223490365
0.8535533905932737 0.04005222382318303
0.8447702723685334 0.04164607525276427
0.8357794774235092 0.04325733522186571
0.8265864214768883 0.044881138659534206
0.8171966420818224 0.04651170909831261
0.8076157952903136 0.04814252834574921
0.7978496522462164 0.04976652438218495
0.7879040957089227 0.05137626852689411
0.7777851165098009 0.0529641734235341
0.7674988099435485 0.05452268422421048
0.7570513720966108 0.05604445641633048
0.746449096114892 0.05752251495303694
0.7356983684129987 0.058950390635748445
0.7248056648273034 0.06032223098439515
0.713777546715141 0.06163288405795781
0.7026206570024947 0.06287795480994783
0.691341716182545 0.0640538345506065
0.6799475182674938 0.06515770492421936
0.6684449266961098 0.06618751849278881
0.6568408701994456 0.06714195855280669
0.645142338627231 0.06802038121289065
0.6333563787374491 0.06882274304266024
0.6214900899516319 0.06954951778359368
0.6095506200784349 0.07020160570452481
0.5975451610080642 0.07078023919760995
0.5854809443801506 0.07128688814982688
0.5733652372276805 0.07172316849042353
0.5612053375996082 0.07209075710255587
0.54900857016478 0.07239131599200789
0.5367822817998334 0.07262642822197142
0.5245338371637088 0.07279754764763027
0.512270614261456 0.07290596391991708
0.4999999999999999 0.0729527835832859
0.4877293857385438 0.07293892738466459
0.475466162836291 0.0728651431652676
0.46321771820016633 0.07273203295673675
0.4509914298352198 0.07254009218732539
0.43879466240039156 0.07228975826538443
0.42663476277231926 0.07198146528952716
0.41451905561984914 0.07161570127769105
0.4024548389919357 0.07119306414412939
0.3904493799215649 0.0707143127070828
0.3785099100483679 0.07018040929015787
0.36664362126255073 0.06959255098170797
0.35485766137276875 0.06895218731706401
0.3431591298005543 0.06826102301091116
0.33155507330389 0.06752100534009885
0.320052481732506 0.06673429679844278
0.30865828381745486 0.0659032346455303
0.29737934299750524 0.06503027988015704
0.28622245328485874 0.06411795891820396
0.27519433517269654 0.06316880178569063
0.26430163158700104 0.0621852809052815
0.2535509038851079 0.06116975453138289
0.2429486279033891 0.06012441856850138
0.23250119005645137 0.059051269905199016
0.2222148834901989 0.05795208354900111
0.2120959042910774 0.05682840481302302
0.20215034775378343 0.05568155665607638
0.19238420470968637 0.05451266109895771
0.18280335791817703 0.05332267251994353
0.17341357852311146 0.05211241966005787
0.16422052257649067 0.0508826524228889
0.15522972763146647 0.04963408909925941
0.14644660940672616 0.04836745952835232
0.1378764585242665 0.04708353994407333
0.12952443732252045 0.0457831758419944
0.12139557674675777 0.044467290104643835
0.11349477331863145 0.04313687478235685
0.10582678618669683 0.04179296626290594
0.09839623425967753 0.040436604979010506
0.09120759342420814 0.03906878219252035
0.08426519384872727 0.03769037764986884
0.07757321737514639 0.036302092924010286
0.07113569499986394 0.03490438595643157
0.06495650444564427 0.033497412623093456
0.059039367825822475 0.03208098103114937
0.05338784940224234 0.030654523700273995
0.048005353438278275 0.029217091816584096
0.042895122148234655 0.02776737442272096
0.038060233744356575 0.026303743806900974
0.03350360058263052 0.024824326581500553
0.029227967408489597 0.023327098118474412
0.025235909703481607 0.021809996262278912
0.021529832133895532 0.02027104869679715
0.018111967102280024 0.018708507115878334
0.014984373402728013 0.017120980532906054
0.012148934980735715 0.015507559732004468
0.009607359798384785 0.01386792504870164
0.007361178805529334 0.012202430372418239
0.005411745017609493 0.010512157452403241
0.0037602327006450165 0.008798936193925503
0.0024076366639015356 0.007065328554144531
0.0013547716606548965 0.005314575765336249
0.0006022718974137975 0.003550510790253792
0.00015059065189787502 0.0017774400079341634
0.0 0.0
0.00015059065189787502 -0.001634695636786945
0.0006022718974137975 -0.0032619558856611455
0.0013547716606548965 -0.004874161436078785
0.0024076366639015356 -0.006464187007229083
0.0037602327006450165 -0.008025618972171914
0.005411745017609493 -0.009552939346485104
0.007361178805529334 -0.011041667803278643
0.009607359798384785 -0.012488455622956337
0.012148934980735715 -0.01389112803905725
0.014984373402728013 -0.015248674153960336
0.018111967102280024 -0.016561186315191906
0.021529832133895532 -0.01782975341080346
0.025235909703481607 -0.01905631481749483
0.029227967408489597 -0.020243483593524014
0.03350360058263052 -0.02139434885183631
0.038060233744356575 -0.022512268010944747
0.042895122148234655 -0.023600659770946907
0.048005353438278275 -0.024662808205464987
0.05338784940224234 -0.025701687338856843
0.059039367825822475 -0.02671981406609432
0.06495650444564427 -0.0277191353721668
0.07113569499986394 -0.02870095364154859
0.07757321737514639 -0.029665891551907717
0.08426519384872727 -0.030613895759889195
0.09120759342420814 -0.03154427644612108
0.09839623425967753 -0.03245577791447015
0.10582678618669683 -0.033346673939826196
0.11349477331863145 -0.03421488050607609
0.12139557674675777 -0.035058078017968404
0.12952443732252045 -0.03587383502136559
0.1378764585242665 -0.036659725907577295
0.14644660940672616 -0.0374134359602558
0.15522972763146647 -0.03813284835242188
0.16422052257649067 -0.038816109220394496
0.17341357852311146 -0.03946166862046912
0.18280335791817703 -0.04006829689643102
0.19238420470968637 -0.04063507763611554
0.20215034775378343 -0.041161379866979715
0.2120959042910774 -0.04164681334362857
0.2222148834901989 -0.04209117164555324
0.23250119005645137 -0.04249436828764507
0.2429486279033891 -0.04285637113385691
0.2535509038851079 -0.043177140108304694
0.26430163158700104 -0.043456572557306936
0.27519433517269654 -0.043694459692622714
0.28622245328485874 -0.04389045642092924
0.29737934299750524 -0.044044065629911935
0.30865828381745486 -0.044154636754969945
0.320052481732506 -0.04422137728832222
0.33155507330389 -0.044243374901331026
0.3431591298005543 -0.044219627103317
0.35485766137276875 -0.044149074908269824
0.36664362126255073 -0.04403063685343023
0.3785099100483679 -0.04386323991420683
0.3904493799215649 -0.04364584436647441
0.4024548389919357 -0.043377460414697463
0.41451905561984914 -0.04305715536729443
0.42663476277231926 -0.04268405121895107
0.43879466240039156 -0.04225731360395023
0.4509914298352198 -0.04177613412340639
0.46321771820016633 -0.04123970893546945
0.475466162836291 -0.04064721715498182
0.4877293857385438 -0.03999780297839145
0.4999999999999999 -0.03929056549288626
0.512270614261456 -0.03852455983202671
0.5245338371637088 -0.037698812715554336
0.5367822817998334 -0.03681235449558986
0.54900857016478 -0.03586426868489715
0.5612053375996082 -0.03485375864378208
0.5733652372276805 -0.033780229742335126
0.5854809443801506 -0.03264338399278997
0.5975451610080642 -0.03144332296129476
0.6095506200784349 -0.030180653810647738
0.6214900899516319 -0.02885659267288172
0.6333563787374491 -0.027473059260557615
0.645142338627231 -0.026032756731577487
0.6568408701994456 -0.02453923133044877
0.6684449266961098 -0.022996907217298683
0.6799475182674938 -0.021411093115453562
0.691341716182545 -0.019787958885665598
0.7026206570024947 -0.018134481777014357
0.713777546715141 -0.0164583638044563
0.7248056648273034 -0.014767923347809957
0.7356983684129987 -0.013071965544743448
0.746449096114892 -0.011379637258228737
0.7570513720966108 -0.009700273250387723
0.7674988099435485 -0.008043240625787302
0.7777851165098009 -0.006417788581662621
0.7879040957089227 -0.0048329100144844945
0.7978496522462164 -0.003297220607629849
0.8076157952903136 -0.0018188597201144931
0.8171966420818224 -0.00040541579524270817
0.8265864214768883 0.0009361227833261953
0.8357794774235092 0.002199392320602938
0.8447702723685334 0.003378656656447981
0.8535533905932737 0.0044687925719553686
0.8621235414757333 0.0054652634032216095
0.8704755626774794 0.006364087406671219
0.8786044232532422 0.007161807834952338
0.8865052266813687 0.007855471571052302
0.894173213813303 0.008442622521362872
0.9016037657403225 0.008921314812835377
0.9087924065757916 0.00929014923738142
0.9157348061512727 0.009548334432767865
0.9224267826248536 0.00969577210468197
0.928864305000136 0.009733163320199639
0.9350434955543556 0.00966213069016775
0.9409606321741775 0.009485349259815734
0.9466121505977576 0.009206677287341881
0.9519946465617215 0.008831276935132764
0.9571048778517655 0.008365714326694518
0.9619397662556433 0.007818028499457052
0.9664963994173694 0.007197759535611916
0.9707720325915102 0.00651592756477322
0.9747640902965183 0.0057849563465825924
0.9784701678661044 0.005018537662428225
0.98188803289772 0.004231435643179394
0.985015626597272 0.003439233277474439
0.9878510650192642 0.002658026508137435
0.9903926402016152 0.0019040743508410179
0.9926388211944706 0.0011934161807780873
0.9945882549823906 0.0005414695658146954
0.9962397672993549 -3.7376361190987265e-05
0.9975923633360985 -0.0005301561088608683
0.9986452283393451 -0.0009256956323251386
0.9993977281025862 -0.0012149374714088633
0.9998494093481021 -0.0013912094600171045
1.0 -0.0014504254671400614
