1.0 0.0016584099736914489
0.9998494093481021 0.0017364358443644153
0.9993977281025862 0.001969102512582144
0.9986452283393451 0.0023522317161316347
0.9975923633360985 0.0028790390112478333
0.9962397672993549 0.003540393900200756
0.9945882549823906 0.004325166764216859
0.9926388211944706 0.005220646445414396
0.9903926402016152 0.00621300919123181
0.9878510650192642 0.007287817540665937
0.985015626597272 0.008430526692416998
0.98188803289772 0.009626975988347627
0.9784701678661044 0.010863844346408176
0.9747640902965183 0.012129050700149236
0.9707720325915102 0.013412083607770518
0.9664963994173694 0.014704247998007213
0.9619397662556433 0.015998821305330306
0.9571048778517655 0.017291115775198387
0.9519946465617215 0.018578448247883444
0.9466121505977576 0.019860023021380332
0.9409606321741775 0.021136737236275238
0.9350434955543556 0.02241092143723845
0.928864305000136 0.02368603040809961
0.9224267826248536 0.024966300959485183
0.9157348061512727 0.026256394030242193
0.9087924065757916 0.027561038257894355
0.9016037657403225 0.028884691138575065
0.894173213813303 0.030231232134529086
0.8865052266813687 0.03160369973232016
0.8786044232532422 0.03300408166619292
0.8704755626774794 0.034433164470678436
0.8621235414757333 0.03589044538901559
0.8535533905932737 0.03737410660587299
0.8447702723685334 0.03888104894385915
0.8357794774235092 0.04040697968865134
0.8265864214768883 0.04194654718281013
0.8171966420818224 0.043493513316238124
0.8076157952903136 0.04504095407101181
0.7978496522462164 0.0465814778470702
0.7879040957089227 0.04810745137130195
0.7777851165098009 0.04961122352034965
0.7674988099435485 0.0510853382933287
0.7570513720966108 0.05252272936953473
0.746449096114892 0.053916890087908786
0.7356983684129987 0.055262014200468106
0.7248056648273034 0.05655310429828894
0.713777546715141 0.05778604631360024
0.7026206570024947 0.05895764990600248
0.691341716182545 0.06006565580035143
0.6799475182674938 0.0611087122288333
0.6684449266961098 0.06208632352437657
0.6568408701994456 0.0629987746127959
0.645142338627231 0.0638470356621939
0.6333563787374491 0.06463265148183606
0.6214900899516319 0.06535762043422304
0.6095506200784349 0.0660242676497843
0.5975451610080642 0.06663511722904333
0.5854809443801506 0.06719276789570916
0.5733652372276805 0.06769977623683388
0.5612053375996082 0.06815855124155905
0.54900857016478 0.06857126333526858
0.5367822817998334 0.06893977050835835
0.5245338371637088 0.0692655634670297
0.512270614261456 0.06954973099932313
0.4999999999999999 0.06979294596921916
0.4877293857385438 0.06999547154643238
0.475466162836291 0.07015718647625326
0.46321771820016633 0.07027762742397271
0.4509914298352198 0.07035604572702173
0.43879466240039156 0.07039147529134952
0.42663476277231926 0.07038280791198467
0.41451905561984914 0.07032887201238028
0.4024548389919357 0.07022851070726117
0.3904493799215649 0.0700806552138058
0.3785099100483679 0.06988438996875118
0.36664362126255073 0.06963900634371875
0.35485766137276875 0.06934404256324261
0.3431591298005543 0.06899930828198797
0.33155507330389 0.06860489322039452
0.320052481732506 0.06816116023376179
0.30865828381745486 0.0676687241359595
0.29737934299750524 0.06712841845224347
0.28622245328485874 0.06654125297686074
0.27519433517269654 0.06590836550968036
0.26430163158700104 0.06523097140424762
0.2535509038851079 0.06451031455595392
0.2429486279033891 0.06374762319050499
0.23250119005645137 0.06294407329616444
0.2222148834901989 0.06210076181398165
0.2120959042910774 0.061218690811064055
0.20215034775378343 0.060298762879230645
0.19238420470968637 0.05934178700045504
0.18280335791817703 0.05834849318028095
0.17341357852311146 0.05731955334740378
0.16422052257649067 0.05625560542000521
0.15522972763146647 0.055157277101372366
0.14644660940672616 0.05402520592440827
0.1378764585242665 0.05286005233035066
0.12952443732252045 0.051662503131040295
0.12139557674675777 0.050433263532188605
0.11349477331863145 0.04917303693095619
0.10582678618669683 0.04788249286990437
0.09839623425967753 0.046562224742698936
0.09120759342420814 0.0452127000093483
0.08426519384872727 0.04383420669466605
0.07757321737514639 0.04242680072463544
0.07113569499986394 0.04099025912713916
0.06495650444564427 0.03952404423208903
0.059039367825822475 0.03802728372238269
0.05338784940224234 0.03649877071047988
0.048005353438278275 0.03493698697406258
0.042895122148234655 0.03334015113463171
0.038060233744356575 0.031706291986317824
0.03350360058263052 0.030033345479752012
0.029227967408489597 0.02831927215174062
0.025235909703481607 0.02656219018515046
0.021529832133895532 0.024760517901112222
0.018111967102280024 0.02291311843209511
0.014984373402728013 0.021019438685005453
0.012148934980735715 0.019079634537769615
0.009607359798384785 0.017094674549774747
0.007361178805529334 0.015066415301536941
0.005411745017609493 0.012997642773732679
0.0037602327006450165 0.010892075860074187
0.0024076366639015356 0.008754330084681265
0.0013547716606548965 0.006589841743462982
0.0006022718974137975 0.004404754877930826
0.00015059065189787502 0.0022057755815035654
0.0 0.0
0.00015059065189787502 -0.0014028530030738957
0.0006022718974137975 -0.0028016306111239503
0.0013547716606548965 -0.0041919212503111125
0.0024076366639015356 -0.005569632009381307
0.0037602327006450165 -0.0069311279633800585
0.005411745017609493 -0.008273348552906094
0.007361178805529334 -0.009593895368431162
0.009607359798384785 -0.010891087250938219
0.012148934980735715 -0.012163980394727608
0.014984373402728013 -0.01341235302324969
0.018111967102280024 -0.014636656095953056
0.021529832133895532 -0.01583793328572155
0.025235909703481607 -0.01701771504185381
0.029227967408489597 -0.0181778928350524
0.03350360058263052 -0.019320580598967324
0.038060233744356575 -0.020447970890067998
0.042895122148234655 -0.021562193361356684
0.048005353438278275 -0.02266518278898248
0.05338784940224234 -0.023758563132922583
0.059039367825822475 -0.024843553005803754
0.06495650444564427 -0.02592089653991455
0.07113569499986394 -0.026990822069209115
0.07757321737514639 -0.02805302937821309
0.08426519384872727 -0.02910670461458418
0.09120759342420814 -0.03015056041554609
0.09839623425967753 -0.031182897450840786
0.10582678618669683 -0.032201682512547264
0.11349477331863145 -0.03320463754284692
0.12139557674675777 -0.03418933362044601
0.12952443732252045 -0.03515328393695142
0.1378764585242665 -0.03609403017392278
0.14644660940672616 -0.03700921740444522
0.15522972763146647 -0.03789665363433268
0.16422052257649067 -0.03875435129543334
0.17341357852311146 -0.03958054932333217
0.18280335791817703 -0.04037371580444416
0.19238420470968637 -0.041132532473469575
0.20215034775378343 -0.041855863497721184
0.2120959042910774 -0.0425427119275303
0.2222148834901989 -0.043192167865345694
0.23250119005645137 -0.043803352773271104
0.2429486279033891 -0.04437536438434505
0.2535509038851079 -0.044907226413903045
0.26430163158700104 -0.045397846712524746
0.27519433517269654 -0.04584598670929828
0.28622245328485874 -0.046250244027112676
0.29737934299750524 -0.046609049085217374
0.30865828381745486 -0.046920675418913
0.320052481732506 -0.04718326242252634
0.33155507330389 -0.04739484833464418
0.3431591298005543 -0.04755341059781864
0.35485766137276875 -0.04765691028698836
0.36664362126255073 -0.04770333714115928
0.3785099100483679 -0.04769075185994313
0.3904493799215649 -0.04761732272728738
0.4024548389919357 -0.04748135426547269
0.41451905561984914 -0.0472813064513474
0.42663476277231926 -0.047015803977547205
0.43879466240039156 -0.046683636038228865
0.4509914298352198 -0.046283748081674715
0.46321771820016633 -0.045815227822857095
0.475466162836291 -0.045277288477152386
0.4877293857385438 -0.04466925260427189
0.4999999999999999 -0.043990540098910236
0.512270614261456 -0.043240663712018367
0.5245338371637088 -0.042419235036826285
0.5367822817998334 -0.04152598317223633
0.54900857016478 -0.040560787329640156
0.5612053375996082 -0.03952372354242536
0.5733652372276805 -0.03841512444910041
0.5854809443801506 -0.03723564993810823
0.5975451610080642 -0.035986365354243016
0.6095506200784349 -0.03466882305807879
0.6214900899516319 -0.03328514247535915
0.6333563787374491 -0.031838083431028875
0.645142338627231 -0.03033110756978669
0.6568408701994456 -0.02876842303484577
0.6684449266961098 -0.027155008296414065
0.6799475182674938 -0.025496612053121086
0.691341716182545 -0.02379972741158275
0.7026206570024947 -0.022071540000103366
0.713777546715141 -0.020319851196242595
0.7248056648273034 -0.018552979140613456
0.7356983684129987 -0.016779641565853497
0.746449096114892 -0.015008825591762354
0.7570513720966108 -0.013249650440263348
0.7674988099435485 -0.011511229442314586
0.7777851165098009 -0.009802537703533615
0.7879040957089227 -0.008132291355197548
0.7978496522462164 -0.006508843461877713
0.8076157952903136 -0.004940100435590064
0.8171966420818224 -0.0034334612956755084
0.8265864214768883 -0.001995780413150964
0.8357794774235092 -0.0006333526041031721
0.8447702723685334 0.0006480822860870908
0.8535533905932737 0.0018433197115471213
0.8621235414757333 0.0029476613224763315
0.8704755626774794 0.003956882939128997
0.8786044232532422 0.00486720649464339
0.8865052266813687 0.005675282699647977
0.894173213813303 0.006378190509997067
0.9016037657403225 0.006973458297856255
0.9087924065757916 0.0074591099951641475
0.9157348061512727 0.007833737489916575
0.9224267826248536 0.008096598330485594
0.928864305000136 0.008247735473001812
0.9350434955543556 0.00828811354561365
0.9409606321741775 0.008219764057587653
0.9466121505977576 0.008045930299373612
0.9519946465617215 0.007771201492856605
0.9571048778517655 0.007401625163181898
0.9619397662556433 0.006944786784513553
0.9664963994173694 0.006409846531694413
0.9707720325915102 0.00580752443480761
0.9747640902965183 0.005150027327433153
0.9784701678661044 0.0044509136041949665
0.98188803289772 0.003724894825152289
0.985015626597272 0.002987576461197009
0.9878510650192642 0.002255143384049263
0.9903926402016152 0.00154399887634839
0.9926388211944706 0.0008703687843101234
0.9945882549823906 0.00024988478452124476
0.9962397672993549 -0.0003028375600281619
0.9975923633360985 -0.0007746093347087472
0.9986452283393451 -0.001154050663739649
0.9993977281025862 -0.001431928960265282
0.9998494093481021 -0.0016014386082498272
1.0 -0.0016584099736914489
