1.0 0.0014782619450034505
0.9998494093481021 0.0015539832611934257
0.9993977281025862 0.0017797003337076765
0.9986452283393451 0.0021511283503263525
0.9975923633360985 0.002661309393278599
0.9962397672993549 0.0033008785703194125
0.9945882549823906 0.004058419039604459
0.9926388211944706 0.004920889477528305
0.9903926402016152 0.005874104349417979
0.9878510650192642 0.006903245166466105
0.985015626597272 0.007993379849029762
0.98188803289772 0.009129967404518708
0.9784701678661044 0.010299326341906353
0.9747640902965183 0.011489047497647275
0.9707720325915102 0.012688335097665905
0.9664963994173694 0.013888263739600469
0.9619397662556433 0.01508194332729864
0.9571048778517655 0.016264588584045406
0.9519946465617215 0.017433494364729213
0.9466121505977576 0.018587922341202212
0.9409606321741775 0.019728908532538076
0.9350434955543556 0.020859004409366694
0.928864305000136 0.021981966778448915
0.9224267826248536 0.02310241325867048
0.9157348061512727 0.024225460853379337
0.9087924065757916 0.025356364919073112
0.9016037657403225 0.02650017478805461
0.894173213813303 0.027661420526447298
0.8865052266813687 0.028843842936581335
0.8786044232532422 0.03005017610595859
0.8704755626774794 0.031281988738625637
0.8621235414757333 0.03253958735578632
0.8535533905932737 0.033821981389396794
0.8447702723685334 0.03512690736621525
0.8357794774235092 0.03645090691604419
0.8265864214768883 0.03778945133189209
0.8171966420818224 0.039137103923067226
0.8076157952903136 0.04048771046210187
0.7978496522462164 0.04183460762746127
0.7879040957089227 0.043170839451590684
0.7777851165098009 0.04448937233925149
0.7674988099435485 0.04578330014755752
0.7570513720966108 0.0470460320286883
0.746449096114892 0.048271457136400873
0.7356983684129987 0.04945408179745131
0.7248056648273034 0.05058913626526014
0.713777546715141 0.05167264963339544
0.7026206570024947 0.0527014928327003
0.691341716182545 0.0536733908257894
0.6799475182674938 0.05458690611946796
0.6684449266961098 0.055441396527130114
0.6568408701994456 0.05623695072943762
0.645142338627231 0.05697430561211168
0.6333563787374491 0.05765474962045352
0.6214900899516319 0.058280016480503516
0.6095506200784349 0.05885217361639334
0.5975451610080642 0.05937350946069113
0.5854809443801506 0.05984642362463203
0.5733652372276805 0.06027332357971902
0.5612053375996082 0.06065653110954573
0.54900857016478 0.06099820132663591
0.5367822817998334 0.06130025651837936
0.5245338371637088 0.061564336494226775
0.512270614261456 0.061791766461071235
0.4999999999999999 0.06198354276705627
0.4877293857385438 0.06214033614280235
0.475466162836291 0.062262511355595074
0.46321771820016633 0.062350161503933736
0.4509914298352198 0.062403154548534796
0.43879466240039156 0.062421189135151905
0.42663476277231926 0.06240385634791752
0.41451905561984914 0.06235070376979056
0.4024548389919357 0.062261298143585886
0.3904493799215649 0.062135283038695144
0.3785099100483679 0.061972428239637285
0.36664362126255073 0.06177266807498439
0.35485766137276875 0.0615361265776237
0.3431591298005543 0.061263128175420636
0.33155507330389 0.06095419350935333
0.320052481732506 0.06061002090943288
0.30865828381745486 0.060231454967126466
0.29737934299750524 0.059819444465231235
0.28622245328485874 0.05937499260415863
0.27519433517269654 0.05889910294715523
0.26430163158700104 0.058392724757887704
0.2535509038851079 0.05785670139932345
0.2429486279033891 0.05729172519810458
0.23250119005645137 0.05669830166785624
0.2222148834901989 0.05607672526105812
0.2120959042910774 0.055427067932188136
0.20215034775378343 0.05474918080858142
0.19238420470968637 0.054042708253045454
0.18280335791817703 0.053307112641094015
0.17341357852311146 0.05254170734143451
0.16422052257649067 0.05174569474927014
0.15522972763146647 0.050918205833194195
0.14644660940672616 0.05005833755538229
0.1378764585242665 0.04916518472758852
0.12952443732252045 0.04823786336510983
0.12139557674675777 0.04727552336694487
0.11349477331863145 0.0462773493305134
0.10582678618669683 0.04524254943262198
0.09839623425967753 0.0441703334902168
0.09120759342420814 0.043059882462483656
0.08426519384872727 0.041910312676779686
0.07757321737514639 0.04072063886762505
0.07113569499986394 0.03948974063648317
0.06495650444564427 0.03821633711533976
0.059039367825822475 0.03689897441803279
0.05338784940224234 0.03553602988578725
0.048005353438278275 0.03412573620157445
0.042895122148234655 0.03266622721318412
0.038060233744356575 0.031155605843123324
0.03350360058263052 0.029592032870079298
0.029227967408489597 0.027973833750358633
0.025235909703481607 0.026299619122777736
0.021529832133895532 0.024568413318851075
0.018111967102280024 0.02277978418316105
0.014984373402728013 0.020933966879773367
0.012148934980735715 0.01903197417826752
0.009607359798384785 0.01707568600693538
0.007361178805529334 0.01506791182851702
0.005411745017609493 0.013012420600573886
0.0037602327006450165 0.010913934662610642
0.0024076366639015356 0.008778085753063079
0.0013547716606548965 0.006611333388230469
0.0006022718974137975 0.004420847905892848
0.00015059065189787502 0.002214362457735312
0.0 0.0
0.00015059065189787502 -0.0019528467770010783
0.0006022718974137975 -0.003897034865385429
0.0013547716606548965 -0.0058237204032062255
0.0024076366639015356 -0.0077245689316668645
0.0037602327006450165 -0.009591983356657013
0.005411745017609493 -0.011419301160732297
0.007361178805529334 -0.013200953026507692
0.009607359798384785 -0.01493257692758224
0.012148934980735715 -0.01661108390968873
0.014984373402728013 -0.018234674105364057
0.018111967102280024 -0.019802803875343163
0.021529832133895532 -0.021316107224196343
0.025235909703481607 -0.02277627667848517
0.029227967408489597 -0.024185910538567196
0.03350360058263052 -0.025548334735178743
0.038060233744356575 -0.02686740837816925
0.042895122148234655 -0.028147322443518374
0.048005353438278275 -0.02939240090102515
0.05338784940224234 -0.03060691296230718
0.059039367825822475 -0.031794904077111656
0.06495650444564427 -0.03296005189872262
0.07113569499986394 -0.034105551768167486
0.07757321737514639 -0.03523403443629767
0.08426519384872727 -0.036347516863084094
0.09120759342420814 -0.03744738511446478
0.09839623425967753 -0.038534406721446805
0.10582678618669683 -0.039608768463321314
0.11349477331863145 -0.04067013445789511
0.12139557674675777 -0.04171771873548798
0.12952443732252045 -0.042750366164374484
0.1378764585242665 -0.04376663568221408
0.14644660940672616 -0.04476488024499813
0.15522972763146647 -0.04574331868399395
0.16422052257649067 -0.04670009569532262
0.17341357852311146 -0.0476333273955914
0.18280335791817703 -0.048541131171663136
0.19238420470968637 -0.04942163984228433
0.20215034775378343 -0.05027300134691724
0.2120959042910774 -0.05109336620531241
0.2222148834901989 -0.05188086578721751
0.23250119005645137 -0.05263358495059483
0.2429486279033891 -0.05334953282521017
0.2535509038851079 -0.05402661543483445
0.26430163158700104 -0.05466261348552752
0.27519433517269654 -0.05525516803916792
0.28622245328485874 -0.055801775996572316
0.29737934299750524 -0.05629979640131331
0.30865828381745486 -0.05674646761872984
0.320052481732506 -0.057138934521044536
0.33155507330389 -0.057474283991160995
0.3431591298005543 -0.05774958640735742
0.35485766137276875 -0.05796194033748408
0.36664362126255073 -0.058108517485720414
0.3785099100483679 -0.05818660500909133
0.3904493799215649 -0.05819364264599508
0.4024548389919357 -0.05812725264647671
0.41451905561984914 -0.0579852612178792
0.42663476277231926 -0.057765711039754926
0.43879466240039156 -0.05746686528891092
0.4509914298352198 -0.05708720447527452
0.46321771820016633 -0.05662541814928214
0.475466162836291 -0.05608039413593109
0.4877293857385438 -0.05545120832566273
0.4999999999999999 -0.054737118170243924
0.512270614261456 -0.05393756287452494
0.5245338371637088 -0.05305217284520348
0.5367822817998334 -0.052080790279657896
0.54900857016478 -0.051023501895620924
0.5612053375996082 -0.04988068377712332
0.5733652372276805 -0.04865305721784674
0.5854809443801506 -0.04734175336158493
0.5975451610080642 -0.04594838345453851
0.6095506200784349 -0.04447511071491382
0.6214900899516319 -0.04292471926069659
0.6333563787374491 -0.04130067526971505
0.645142338627231 -0.03960717561031085
0.6568408701994456 -0.037849179586085004
0.6684449266961098 -0.03603242016971244
0.6799475182674938 -0.034163392119907494
0.691341716182545 -0.0322493156212654
0.7026206570024947 -0.030298075479410446
0.713777546715141 -0.02831813735081899
0.7248056648273034 -0.026318443887932523
0.7356983684129987 -0.02430829493561557
0.746449096114892 -0.022297216931537234
0.7570513720966108 -0.020294827361342856
0.7674988099435485 -0.018310700440153795
0.7777851165098009 -0.016354240100365115
0.7879040957089227 -0.014434565855308121
0.7978496522462164 -0.012560416201937622
0.8076157952903136 -0.010740072974905531
0.8171966420818224 -0.008981308546952551
0.8265864214768883 -0.007291356085789541
0.8357794774235092 -0.0056769013402652516
0.8447702723685334 -0.004144092761191143
0.8535533905932737 -0.002698565287019828
0.8621235414757333 -0.0013454719550913359
0.8704755626774794 -8.951673191679387e-05
0.8786044232532422 0.001065018336681645
0.8865052266813687 0.002114258330434873
0.894173213813303 0.0030547389396234992
0.9016037657403225 0.003883432907492558
0.9087924065757916 0.004597802423877663
0.9157348061512727 0.0051958784394080275
0.9224267826248536 0.005676365626036456
0.928864305000136 0.00603876938854611
0.9350434955543556 0.006283539086032126
0.9409606321741775 0.006412219606709521
0.9466121505977576 0.006427601799848956
0.9519946465617215 0.0063338611330620445
0.9571048778517655 0.00613667341232336
0.9619397662556433 0.005843296542354928
0.9664963994173694 0.005462608142860974
0.9707720325915102 0.005005090355446802
0.9747640902965183 0.004482755317788562
0.9784701678661044 0.0039090074461595
0.98188803289772 0.0032984417197614193
0.985015626597272 0.0026665804374791493
0.9878510650192642 0.0020295542380247204
0.9903926402016152 0.0014037363483585523
0.9926388211944706 0.0008053418665533172
0.9945882549823906 0.0002500062224557284
0.9962397672993549 -0.00024764135344610577
0.9975923633360985 -0.0006743925970662507
0.9986452283393451 -0.0010188463634753012
0.9993977281025862 -0.0012717500750268822
0.9998494093481021 -0.001426281963007403
1.0 -0.0014782619450034505
