1.0 0.0017036588402577066
0.9998494093481021 0.0017875758889109214
0.9993977281025862 0.0020378589510592804
0.9986452283393451 0.002450159217038093
0.9975923633360985 0.0030174109049993392
0.9962397672993549 0.0037300957456344857
0.9945882549823906 0.004576596002372899
0.9926388211944706 0.005543619849080132
0.9903926402016152 0.006616679778947747
0.9878510650192642 0.007780602558411008
0.985015626597272 0.009020048167214698
0.98188803289772 0.010320015218234542
0.9784701678661044 0.011666311504452966
0.9747640902965183 0.013045970492252977
0.9707720325915102 0.01444759763304306
0.9664963994173694 0.015861634117766622
0.9619397662556433 0.017280529936627924
0.9571048778517655 0.01869882259500845
0.9519946465617215 0.020113122335768525
0.9466121505977576 0.02152200899559044
0.9409606321741775 0.02292584946739383
0.9350434955543556 0.024326547973013892
0.928864305000136 0.02572724383237591
0.9224267826248536 0.02713197305664908
0.9157348061512727 0.028545310852936195
0.9087924065757916 0.029972012016645743
0.9016037657403225 0.0314166652613941
0.894173213813303 0.03288337589272012
0.8865052266813687 0.03437548900165636
0.8786044232532422 0.035895362691282455
0.8704755626774794 0.0374441979206651
0.8621235414757333 0.03902192852532401
0.8535533905932737 0.04062717201306105
0.8447702723685334 0.04225723898365108
0.8357794774235092 0.04390819660175927
0.8265864214768883 0.04557497955692089
0.8171966420818224 0.047251540433131047
0.8076157952903136 0.048931030411795466
0.7978496522462164 0.05060600074284633
0.7879040957089227 0.052268615409552674
0.7777851165098009 0.053910865830081964
0.7674988099435485 0.05552477921341402
0.7570513720966108 0.05710261323847365
0.746449096114892 0.058637030968747374
0.7356983684129987 0.06012125126724838
0.7248056648273034 0.06154917136212629
0.713777546715141 0.06291545956559139
0.7026206570024947 0.06421561741521112
0.691341716182545 0.0654460116482711
0.6799475182674938 0.06660387741201045
0.6684449266961098 0.06768729494312933
0.6568408701994456 0.06869514261764242
0.645142338627231 0.0696270297834294
0.6333563787374491 0.07048321315425339
0.6214900899516319 0.07126450077926792
0.6095506200784349 0.0719721477195408
0.5975451610080642 0.07260774757422526
0.5854809443801506 0.07317312391187517
0.5733652372276805 0.07367022548180793
0.5612053375996082 0.07410102880827434
0.54900857016478 0.07446745140674947
0.5367822817998334 0.07477127840717769
0.5245338371637088 0.0750141048256774
0.512270614261456 0.07519729510002492
0.4999999999999999 0.07532196080656388
0.4877293857385438 0.07538895672483907
0.475466162836291 0.07539889463584032
0.46321771820016633 0.07535217346121431
0.4509914298352198 0.07524902361016765
0.43879466240039156 0.07508956273704809
0.42663476277231926 0.07487385956508526
0.41451905561984914 0.07460200203708556
0.4024548389919357 0.07427416584263188
0.3904493799215649 0.07389067936518101
0.3785099100483679 0.07345208130146398
0.36664362126255073 0.07295916762647837
0.35485766137276875 0.07241302519257407
0.3431591298005543 0.07181505002913104
0.33155507330389 0.07116694930594243
0.320052481732506 0.07047072688439412
0.30865828381745486 0.06972865334496756
0.29737934299750524 0.06894322228414607
0.28622245328485874 0.06811709545730582
0.27519433517269654 0.06725303995229619
0.26430163158700104 0.06635386096802144
0.2535509038851079 0.06542233391516535
0.2429486279033891 0.06446113944147888
0.23250119005645137 0.06347280461992068
0.2222148834901989 0.06245965295137699
0.2120959042910774 0.061423765068998375
0.20215034775378343 0.060366951147065924
0.19238420470968637 0.059290735082663436
0.18280335791817703 0.05819634960733076
0.17341357852311146 0.05708474067181733
0.16422052257649067 0.05595657879725029
0.15522972763146647 0.05481227465584561
0.14644660940672616 0.05365199597262832
0.1378764585242665 0.05247568294530228
0.12952443732252045 0.051283059759113146
0.12139557674675777 0.05007364040143444
0.11349477331863145 0.048846727809845704
0.10582678618669683 0.04760140635252401
0.09839623425967753 0.04633652866214954
0.09120759342420814 0.04505069883777077
0.08426519384872727 0.04374225490551734
0.07757321737514639 0.042409254106653506
0.07113569499986394 0.041049464990454726
0.06495650444564427 0.03966037037816072
0.059039367825822475 0.03823918500400863
0.05338784940224234 0.03678289102719589
0.048005353438278275 0.03528829366876644
0.042895122148234655 0.033752098010320336
0.038060233744356575 0.032171006571025146
0.03350360058263052 0.030541835748325405
0.029227967408489597 0.028861647671235245
0.025235909703481607 0.02712789258362867
0.021529832133895532 0.025338555656340394
0.018111967102280024 0.02349230121840602
0.014984373402728013 0.02158860687876632
0.012148934980735715 0.01962787993546604
0.009607359798384785 0.01761154886630372
0.007361178805529334 0.015542123558153757
0.005411745017609493 0.013423219225092433
0.0037602327006450165 0.011259540621272494
0.0024076366639015356 0.009056825080440957
0.0013547716606548965 0.00682174499710759
0.0006022718974137975 0.004561772478899549
0.00015059065189787502 0.0022850109154070454
0.0 0.0
0.00015059065189787502 -0.0016536210330967327
0.0006022718974137975 -0.0032990019559181005
0.0013547716606548965 -0.004927664754108801
0.0024076366639015356 -0.006531669486441547
0.0037602327006450165 -0.008103852529017663
0.005411745017609493 -0.009638029530335906
0.007361178805529334 -0.011129154278035767
0.009607359798384785 -0.012573426996116261
0.012148934980735715 -0.01396834822687204
0.014984373402728013 -0.015312717253805506
0.018111967102280024 -0.016606576831214963
0.021529832133895532 -0.017851108645164614
0.025235909703481607 -0.019048486291961795
0.029227967408489597 -0.02020169449641073
0.03350360058263052 -0.02131432470214356
0.038060233744356575 -0.02239035798203393
0.042895122148234655 -0.023433946406102368
0.048005353438278275 -0.024449203573100684
0.05338784940224234 -0.025440014002463204
0.059039367825822475 -0.02640986957135758
0.06495650444564427 -0.027361739271195326
0.07113569499986394 -0.028297976374514054
0.07757321737514639 -0.029220264785124656
0.08426519384872727 -0.0301296040346574
0.09120759342420814 -0.03102633022535404
0.09839623425967753 -0.03191016832722574
0.10582678618669683 -0.032780309721976104
0.11349477331863145 -0.033635507824115694
0.12139557674675777 -0.03447418404826684
0.12952443732252045 -0.03529453634442469
0.1378764585242665 -0.03609464297043015
0.14644660940672616 -0.03687255506262329
0.15522972763146647 -0.037626372824175705
0.16422052257649067 -0.038354301677388805
0.17341357852311146 -0.039054686408607285
0.18280335791817703 -0.03972602305332307
0.19238420470968637 -0.0403669499072683
0.20215034775378343 -0.040976220499049955
0.2120959042910774 -0.04155266252987735
0.2222148834901989 -0.04209512760710182
0.23250119005645137 -0.042602437027842825
0.2429486279033891 -0.043073328892717824
0.2535509038851079 -0.04350641146220753
0.26430163158700104 -0.04390012695117304
0.27519433517269654 -0.04425272895573183
0.28622245328485874 -0.044562275504765866
0.29737934299750524 -0.04482663842158785
0.30865828381745486 -0.0450435283706327
0.320052481732506 -0.045210533748184296
0.33155507330389 -0.04532517054457749
0.3431591298005543 -0.04538493953203375
0.35485766137276875 -0.04538738667066878
0.36664362126255073 -0.04533016250446136
0.3785099100483679 -0.04521107654227135
0.3904493799215649 -0.045028143163571094
0.4024548389919357 -0.044779616407581865
0.41451905561984914 -0.04446401203073257
0.42663476277231926 -0.04408011636817815
0.43879466240039156 -0.04362698271873335
0.4509914298352198 -0.0431039170948072
0.46321771820016633 -0.04251045615016549
0.475466162836291 -0.04184634084021442
0.4877293857385438 -0.04111148982066196
0.4999999999999999 -0.04030597671119799
0.512270614261456 -0.03943001512630484
0.5245338371637088 -0.03848395481653209
0.5367822817998334 -0.03746829140704732
0.54900857016478 -0.0363836911255117
0.5612053375996082 -0.03523103065672406
0.5733652372276805 -0.03401145093881818
0.5854809443801506 -0.03272642242373129
0.5975451610080642 -0.031377818161604995
0.6095506200784349 -0.02996799012573239
0.6214900899516319 -0.02849984354852729
0.6333563787374491 -0.026976903746691067
0.645142338627231 -0.02540337000783169
0.6568408701994456 -0.02378415159656152
0.6684449266961098 -0.02212488179275253
0.6799475182674938 -0.02043190704828727
0.691341716182545 -0.018712249767371215
0.7026206570024947 -0.016973544786016627
0.713777546715141 -0.01522395124230178
0.7248056648273034 -0.013472043078216448
0.7356983684129987 -0.011726682785978389
0.746449096114892 -0.009996884106053455
0.7570513720966108 -0.00829167011711504
0.7674988099435485 -0.0066199334695097
0.7777851165098009 -0.004990305371156087
0.7879040957089227 -0.003411039336864181
0.7978496522462164 -0.0018899146893308352
0.8076157952903136 -0.0004341634135598568
0.8171966420818224 0.000949577695726395
0.8265864214768883 0.002255289482193857
0.8357794774235092 0.003477569229471638
0.8447702723685334 0.004611609353894311
0.8535533905932737 0.005653161087283742
0.8621235414757333 0.006598489473467905
0.8704755626774794 0.007444326792293854
0.8786044232532422 0.008187831808387887
0.8865052266813687 0.008826561979262975
0.894173213813303 0.009358464944802648
0.9016037657403225 0.009781894291026747
0.9087924065757916 0.01009565280474038
0.9157348061512727 0.01029906431406013
0.9224267826248536 0.010392072871521668
0.928864305000136 0.01037536562926363
0.9350434955543556 0.010250513437467065
0.9409606321741775 0.010020121125766992
0.9466121505977576 0.009687977750648549
0.9519946465617215 0.009259195937989833
0.9571048778517655 0.008740328918465524
0.9619397662556433 0.008139454008376564
0.9664963994173694 0.00746621215286043
0.9707720325915102 0.006731794702406731
0.9747640902965183 0.00594887077410092
0.9784701678661044 0.005131451252740532
0.98188803289772 0.004294688575698777
0.985015626597272 0.0034546147537107587
0.9878510650192642 0.002627823424385475
0.9903926402016152 0.001831104925909904
0.9926388211944706 0.0010810462290552364
0.9945882549823906 0.00039360990564670504
0.9962397672993549 -0.00021629200354011642
0.9975923633360985 -0.0007352124387029067
0.9986452283393451 -0.0011515552190683315
0.9993977281025862 -0.0014559162867641448
0.9998494093481021 -0.001641365789081561
1.0 -0.0017036588402577066
