1.0 0.0014456552214836373
0.9998494093481021 0.00153210242574099
0.9993977281025862 0.0017899732941587115
0.9986452283393451 0.002214910941398814
0.9975923633360985 0.002799835804177985
0.9962397672993549 0.003535209614300772
0.9945882549823906 0.004409387648671609
0.9926388211944706 0.005409043032646616
0.9903926402016152 0.006519643722642594
0.9878510650192642 0.00772596063895658
0.985015626597272 0.009012584359254337
0.98188803289772 0.010364427854957895
0.9784701678661044 0.01176719393204285
0.9747640902965183 0.013207788239815822
0.9707720325915102 0.014674661797335958
0.9664963994173694 0.016158070773690164
0.9619397662556433 0.01765024552849887
0.9571048778517655 0.01914546543603855
0.9519946465617215 0.02064004053767005
0.9466121505977576 0.022132205358550282
0.9409606321741775 0.023621934073022967
0.9350434955543556 0.025110689428523375
0.928864305000136 0.026601120302041353
0.9224267826248536 0.028096724375803246
0.9157348061512727 0.029601493140449506
0.9087924065757916 0.03111955627587574
0.9016037657403225 0.03265484148077044
0.894173213813303 0.03421076412184504
0.8865052266813687 0.0357899587861546
0.8786044232532422 0.037394062101574824
0.8704755626774794 0.03902355321105474
0.8621235414757333 0.04067765521745838
0.8535533905932737 0.04235429792124236
0.8447702723685334 0.04405013939946656
0.8357794774235092 0.04576064154390899
0.8265864214768883 0.04748019268106517
0.8171966420818224 0.049202268897840074
0.8076157952903136 0.050919624721059965
0.7978496522462164 0.052624503342366
0.7879040957089227 0.054308856610448375
0.7777851165098009 0.05596456547477602
0.7674988099435485 0.057583652386736864
0.7570513720966108 0.05915847826267706
0.746449096114892 0.06068191790181616
0.7356983684129987 0.06214750914547253
0.7248056648273034 0.06354957248447876
0.713777546715141 0.06488329920209347
0.7026206570024947 0.06614480742662736
0.691341716182545 0.06733116662262495
0.6799475182674938 0.06844039204754439
0.6684449266961098 0.06947141153146359
0.6568408701994456 0.07042400760042741
0.645142338627231 0.07129873846784235
0.6333563787374491 0.07209684177618818
0.6214900899516319 0.07282012519878084
0.6095506200784349 0.07347084812353101
0.5975451610080642 0.0740515986503928
0.5854809443801506 0.07456517005076238
0.5733652372276805 0.07501444066590453
0.5612053375996082 0.07540226096463165
0.54900857016478 0.07573135113784467
0.5367822817998334 0.07600421217859261
0.5245338371637088 0.0762230528819172
0.512270614261456 0.07638973460323982
0.4999999999999999 0.0765057349468491
0.4877293857385438 0.07657213083285963
0.475466162836291 0.07658960063429324
0.46321771820016633 0.07655844431456732
0.4509914298352198 0.07647861976380316
0.43879466240039156 0.0763497928674382
0.42663476277231926 0.076171398280812
0.41451905561984914 0.07594270746458434
0.4024548389919357 0.07566290028845818
0.3904493799215649 0.0753311364566763
0.3785099100483679 0.07494662315902878
0.36664362126255073 0.07450867570362406
0.35485766137276875 0.07401676842656306
0.3431591298005543 0.07347057386936938
0.33155507330389 0.072869989025644
0.320052481732506 0.07221514833205496
0.30865828381745486 0.07150642395699622
0.29737934299750524 0.07074441476211608
0.28622245328485874 0.06992992601857426
0.27519433517269654 0.06906394249913225
0.26430163158700104 0.06814759789778162
0.2535509038851079 0.06718214362392705
0.2429486279033891 0.06616891986872929
0.23250119005645137 0.0651093314562335
0.2222148834901989 0.06400483039904992
0.2120959042910774 0.06285690632233082
0.20215034775378343 0.06166708505940128
0.19238420470968637 0.060436934826429776
0.18280335791817703 0.05916807852559262
0.17341357852311146 0.05786220997916445
0.16422052257649067 0.0565211113271831
0.15522972763146647 0.05514666848307248
0.14644660940672616 0.053740881472472614
0.1378764585242665 0.05230586669783526
0.12952443732252045 0.05084384867009168
0.12139557674675777 0.04935713950114553
0.11349477331863145 0.047848105407969764
0.10582678618669683 0.04631912057328735
0.09839623425967753 0.044772509858073906
0.09120759342420814 0.043210482978408765
0.08426519384872727 0.041635063753187936
0.07757321737514639 0.040048018815137816
0.07113569499986394 0.03845079068295222
0.06495650444564427 0.03684444026296221
0.059039367825822475 0.03522960365325197
0.05338784940224234 0.033606467556403355
0.048005353438278275 0.03197476669133335
0.042895122148234655 0.030333805378888884
0.038060233744356575 0.028682504032792978
0.03350360058263052 0.027019469709306247
0.029227967408489597 0.02534308826083612
0.025235909703481607 0.02365163411182088
0.021529832133895532 0.021943392338664162
0.018111967102280024 0.0202167866884951
0.014984373402728013 0.01847050649600815
0.012148934980735715 0.016703625211966052
0.009607359798384785 0.014915703471290431
0.007361178805529334 0.013106870302202447
0.005411745017609493 0.011277877178302857
0.0037602327006450165 0.009430121080633545
0.0024076366639015356 0.007565634478519718
0.0013547716606548965 0.005687042047961438
0.0006022718974137975 0.0037974859031482595
0.00015059065189787502 0.0019005229941766347
0.0 0.0
0.00015059065189787502 -0.0014238017095657381
0.0006022718974137975 -0.0028451145695148785
0.0013547716606548965 -0.004261137367800398
0.0024076366639015356 -0.005669308042384959
0.0037602327006450165 -0.007067405811301668
0.005411745017609493 -0.0084536333468233
0.007361178805529334 -0.009826674162993074
0.009607359798384785 -0.011185721808726007
0.012148934980735715 -0.012530479074444175
0.014984373402728013 -0.013861127134577761
0.018111967102280024 -0.015178266261559504
0.021529832133895532 -0.016482831359870585
0.025235909703481607 -0.017775986988217668
0.029227967408489597 -0.019059007682764077
0.03350360058263052 -0.020333150199739133
0.038060233744356575 -0.021599524717270387
0.042895122148234655 -0.022858972052327807
0.048005353438278275 -0.024111953561681446
0.05338784940224234 -0.025358459631954107
0.059039367825822475 -0.026597941571456254
0.06495650444564427 -0.027829270362811277
0.07113569499986394 -0.02905072420257005
0.07757321737514639 -0.030260005134053265
0.08426519384872727 -0.03145428346871947
0.09120759342420814 -0.032630267183961933
0.09839623425967753 -0.0337842921685393
0.10582678618669683 -0.03491242813539076
0.11349477331863145 -0.03601059429288349
0.12139557674675777 -0.03707467849671436
0.12952443732252045 -0.038100653610397675
0.1378764585242665 -0.03908468517407312
0.14644660940672616 -0.04002322518849085
0.15522972763146647 -0.040913087812567854
0.16422052257649067 -0.0417515039812575
0.17341357852311146 -0.042536153295805706
0.18280335791817703 -0.04326517293392944
0.19238420470968637 -0.04393714468481722
0.20215034775378343 -0.04455106244914524
0.2120959042910774 -0.04510628358318208
0.2222148834901989 -0.04560246824847579
0.23250119005645137 -0.046039511412525914
0.2429486279033891 -0.04641747230971875
0.2535509038851079 -0.04673650601572444
0.26430163158700104 -0.046996801333935447
0.27519433517269654 -0.04719852848034945
0.28622245328485874 -0.04734179914107958
0.29737934299750524 -0.04742664043433759
0.30865828381745486 -0.047452983213647174
0.320052481732506 -0.04742066408059774
0.33155507330389 -0.047329439509506716
0.3431591298005543 -0.04717900968999537
0.35485766137276875 -0.046969049120327996
0.36664362126255073 -0.046699240670930085
0.3785099100483679 -0.04636930980068755
0.3904493799215649 -0.045979055844650264
0.4024548389919357 -0.04552837777651632
0.41451905561984914 -0.0450172925401631
0.42663476277231926 -0.04444594488359474
0.43879466240039156 -0.043814608547001116
0.4509914298352198 -0.04312367957919264
0.46321771820016633 -0.042373663408084364
0.475466162836291 -0.04156515800091598
0.4877293857385438 -0.04069883595875836
0.4999999999999999 -0.03977542865283973
0.512270614261456 -0.038795715501167
0.5245338371637088 -0.0377605211974072
0.5367822817998334 -0.036670723156091406
0.54900857016478 -0.03552727066556907
0.5612053375996082 -0.03433121629764408
0.5733652372276805 -0.03308375907977252
0.5854809443801506 -0.031786297870932144
0.5975451610080642 -0.03044049237844831
0.6095506200784349 -0.029048328390557283
0.6214900899516319 -0.02761218315035825
0.6333563787374491 -0.026134886419145624
0.645142338627231 -0.024619772710410128
0.6568408701994456 -0.02307072043745493
0.6684449266961098 -0.021492174301013075
0.6799475182674938 -0.01988914811770549
0.691341716182545 -0.018267206402239236
0.7026206570024947 -0.016632424293120077
0.713777546715141 -0.014991326765911034
0.7248056648273034 -0.01335080941360029
0.7356983684129987 -0.011718044292385073
0.746449096114892 -0.01010037534026213
0.7570513720966108 -0.008505208594426336
0.7674988099435485 -0.006939902799198062
0.7777851165098009 -0.0054116659701096935
0.7879040957089227 -0.0039274630501062256
0.7978496522462164 -0.00249393897771858
0.8076157952903136 -0.0011173603304380588
0.8171966420818224 0.00019642271827514934
0.8265864214768883 0.001441993988271134
0.8357794774235092 0.0026143699491351542
0.8447702723685334 0.0037089825681400007
0.8535533905932737 0.004721650899263809
0.8621235414757333 0.0056485470962735675
0.8704755626774794 0.00648616327711971
0.8786044232532422 0.007231285947674367
0.8865052266813687 0.00788098446527427
0.894173213813303 0.0084326192753002
0.9016037657403225 0.00888387441154839
0.9087924065757916 0.00923281707327068
0.9157348061512727 0.009477985071090069
0.9224267826248536 0.009618500690904374
0.928864305000136 0.009654207200506373
0.9350434955543556 0.009585821971204075
0.9409606321741775 0.00941509816185413
0.9466121505977576 0.009144985263258744
0.9519946465617215 0.008779777656885517
0.9571048778517655 0.008325239806523445
0.9619397662556433 0.007788696843446389
0.9664963994173694 0.007179080153465207
0.9707720325915102 0.0065069191131977965
0.9747640902965183 0.005784272294529461
0.9784701678661044 0.005024594160765056
0.98188803289772 0.004242536379214846
0.985015626597272 0.0034536862078679525
0.9878510650192642 0.0026742477939008464
0.9903926402016152 0.0019206754560147125
0.9926388211944706 0.0012092709210266988
0.9945882549823906 0.0005557588725148062
0.9962397672993549 -2.5143103948824415e-05
0.9975923633360985 -0.0005201431427734673
0.9986452283393451 -0.0009177651464960071
0.9993977281025862 -0.0012086938852652728
0.9998494093481021 -0.0013860603845954273
1.0 -0.0014456552214836373
