1.0 0.0017072306419164854
0.9998494093481021 0.0017808156078382693
0.9993977281025862 0.0020001748075564414
0.9986452283393451 0.002361175017837354
0.9975923633360985 0.002857104579978194
0.9962397672993549 0.0034789302721575724
0.9945882549823906 0.004215640005879732
0.9926388211944706 0.0050546554917689146
0.9903926402016152 0.00598229594912703
0.9878510650192642 0.006984271840037566
0.985015626597272 0.008046186588529038
0.98188803289772 0.00915402433407768
0.9784701678661044 0.010294602940510171
0.9747640902965183 0.011455973651118905
0.9707720325915102 0.012627751810504895
0.9664963994173694 0.013801366781537054
0.9619397662556433 0.014970223357911917
0.9571048778517655 0.016129771376245345
0.9519946465617215 0.017277484628699855
0.9466121505977576 0.01841275433911654
0.9409606321741775 0.01953670618571124
0.9350434955543556 0.020651952957848742
0.928864305000136 0.02176229729124187
0.9224267826248536 0.02287240045064624
0.9157348061512727 0.023987433787453997
0.9087924065757916 0.02511272930687182
0.9016037657403225 0.02625344479702005
0.894173213813303 0.027414257301592783
0.8865052266813687 0.028599096491474997
0.8786044232532422 0.02981092686345729
0.8704755626774794 0.031051584831576943
0.8621235414757333 0.03232167384490119
0.8535533905932737 0.033620517821615285
0.8447702723685334 0.034946170572007364
0.8357794774235092 0.03629547660643557
0.8265864214768883 0.03766417687318475
0.8171966420818224 0.03904705159786866
0.8076157952903136 0.04043809152121664
0.7978496522462164 0.0418306884460947
0.7879040957089227 0.04321783607152847
0.7777851165098009 0.04459233255428998
0.7674988099435485 0.04594697702518912
0.7570513720966108 0.04727475331695841
0.746449096114892 0.04856899535062656
0.7356983684129987 0.04982352989816195
0.7248056648273034 0.05103279371973514
0.713777546715141 0.05219192330474224
0.7026206570024947 0.05329681658107935
0.691341716182545 0.05434416696588618
0.6799475182674938 0.05533147099574808
0.6684449266961098 0.056257011489935116
0.6568408701994456 0.05711981877100429
0.645142338627231 0.05791961290385771
0.6333563787374491 0.0586567302314079
0.6214900899516319 0.059332037697085574
0.6095506200784349 0.059946838564355856
0.5975451610080642 0.06050277318041547
0.5854809443801506 0.06100171839017608
0.5733652372276805 0.06144568908807289
0.5612053375996082 0.06183674519641075
0.54900857016478 0.062176907075394326
0.5367822817998334 0.06246808199755276
0.5245338371637088 0.0627120038564332
0.512270614261456 0.06291018772938539
0.4999999999999999 0.06306390028664044
0.4877293857385438 0.06317414635087977
0.475466162836291 0.06324167118808009
0.46321771820016633 0.06326697738373957
0.4509914298352198 0.06325035446633658
0.43879466240039156 0.06319191882290283
0.42663476277231926 0.0630916609508671
0.41451905561984914 0.0629494967434711
0.4024548389919357 0.06276531934382819
0.3904493799215649 0.06253904814572377
0.3785099100483679 0.062270671775356314
0.36664362126255073 0.06196028235058346
0.35485766137276875 0.061608098960734596
0.3431591298005543 0.06121447910375901
0.33155507330389 0.060779917708495466
0.320052481732506 0.0603050342983244
0.30865828381745486 0.05979054975262639
0.29737934299750524 0.05923725492739121
0.28622245328485874 0.05864597404307866
0.27519433517269654 0.05801752618261276
0.26430163158700104 0.05735268842514842
0.2535509038851079 0.05665216404953091
0.2429486279033891 0.05591655887285884
0.23250119005645137 0.055146368163247306
0.2222148834901989 0.05434197572149103
0.2120959042910774 0.053503665722158145
0.20215034775378343 0.052631646813827294
0.19238420470968637 0.05172608688362078
0.18280335791817703 0.05078715587949813
0.17341357852311146 0.049815073238720906
0.16422052257649067 0.04881015586678836
0.15522972763146647 0.047772862306640726
0.14644660940672616 0.04670382877097127
0.1378764585242665 0.04560389309446657
0.12952443732252045 0.04447410338460425
0.12139557674675777 0.04331570916962631
0.11349477331863145 0.04213013409628926
0.10582678618669683 0.040918930633199124
0.09839623425967753 0.03968371868827181
0.09120759342420814 0.03842611144345684
0.08426519384872727 0.037147632938531204
0.07757321737514639 0.03584963289863879
0.07113569499986394 0.034533204913109794
0.06495650444564427 0.033199114274209664
0.059039367825822475 0.031847741539883394
0.05338784940224234 0.03047904719155881
0.048005353438278275 0.029092561646356326
0.042895122148234655 0.02768740341361255
0.038060233744356575 0.026262326447266615
0.03350360058263052 0.024815795849397058
0.029227967408489597 0.023346089151902887
0.025235909703481607 0.021851418575106918
0.021529832133895532 0.020330068063011016
0.018111967102280024 0.018780537641871552
0.014984373402728013 0.017201686837686473
0.012148934980735715 0.015592868587034866
0.009607359798384785 0.013954045319017614
0.007361178805529334 0.012285879671855418
0.005411745017609493 0.010589793597055199
0.0037602327006450165 0.008867991323061852
0.0024076366639015356 0.007123443694763555
0.0013547716606548965 0.005359833647330616
0.0006022718974137975 0.003581464869834052
0.00015059065189787502 0.0017931379177167624
0.0 0.0
0.00015059065189787502 -0.0014193412622477172
0.0006022718974137975 -0.0028358847164319935
0.0013547716606548965 -0.004246481375630353
0.0024076366639015356 -0.005648299469004337
0.0037602327006450165 -0.007038960946088418
0.005411745017609493 -0.008416652671926993
0.007361178805529334 -0.009780206124444708
0.009607359798384785 -0.011129141162222063
0.012148934980735715 -0.012463671426554686
0.014984373402728013 -0.01378467106078237
0.018111967102280024 -0.015093604550334585
0.021529832133895532 -0.016392423487458122
0.025235909703481607 -0.01768343583183002
0.029227967408489597 -0.018969154673563825
0.03350360058263052 -0.020252134530258398
0.038060233744356575 -0.021534803771445708
0.042895122148234655 -0.022819301836677037
0.048005353438278275 -0.02410732950129918
0.05338784940224234 -0.025400019579040853
0.059039367825822475 -0.026697834191487108
0.06495650444564427 -0.028000493162408924
0.07113569499986394 -0.02930693630799125
0.07757321737514639 -0.03061532050150805
0.08426519384872727 -0.03192305050633082
0.09120759342420814 -0.03322684080488788
0.09839623425967753 -0.03452280410428592
0.10582678618669683 -0.03580656095707594
0.11349477331863145 -0.037073364062742815
0.12139557674675777 -0.03831823035227026
0.12952443732252045 -0.039536073918547826
0.1378764585242665 -0.040721833226695876
0.14644660940672616 -0.041870586782437824
0.15522972763146647 -0.04297765249285913
0.16422052257649067 -0.044038667243581596
0.17341357852311146 -0.045049644648216855
0.18280335791817703 -0.04600701040216537
0.19238420470968637 -0.04690761609568671
0.20215034775378343 -0.04774873361946419
0.2120959042910774 -0.04852803335079918
0.2222148834901989 -0.04924355007868039
0.23250119005645137 -0.0498936410710079
0.2429486279033891 -0.05047694079044063
0.2535509038851079 -0.05099231653402416
0.26430163158700104 -0.05143882873652499
0.27519433517269654 -0.05181569888948027
0.28622245328485874 -0.05212228705536313
0.29737934299750524 -0.05235807987868716
0.30865828381745486 -0.05252268889896824
0.320052481732506 -0.05261585793963974
0.33155507330389 -0.05263747746133723
0.3431591298005543 -0.05258760309453195
0.35485766137276875 -0.05246647515567236
0.36664362126255073 -0.052274535832892495
0.3785099100483679 -0.05201244090968378
0.3904493799215649 -0.051681063362520346
0.4024548389919357 -0.051281486884328736
0.41451905561984914 -0.050814988293847146
0.42663476277231926 -0.05028300882024672
0.43879466240039156 -0.049687115321925206
0.4509914298352198 -0.04902895352317872
0.46321771820016633 -0.04831019624980922
0.475466162836291 -0.047532490340264646
0.4877293857385438 -0.046697406342211506
0.4999999999999999 -0.045806395233596614
0.512270614261456 -0.044860756212272423
0.5245338371637088 -0.04386161908281641
0.5367822817998334 -0.042809943960788015
0.54900857016478 -0.04170653996309693
0.5612053375996082 -0.04055210332720503
0.5733652372276805 -0.03934727408478967
0.5854809443801506 -0.0380927090991918
0.5975451610080642 -0.036789168054661925
0.6095506200784349 -0.03543760794882055
0.6214900899516319 -0.03403928086662745
0.6333563787374491 -0.03259582936638136
0.645142338627231 -0.031109373726118168
0.6568408701994456 -0.02958258559752987
0.6684449266961098 -0.028018743282886692
0.6799475182674938 -0.026421764850732773
0.691341716182545 -0.02479621657638258
0.7026206570024947 -0.02314729565108092
0.713777546715141 -0.021480787651661202
0.7248056648273034 -0.019803000794712068
0.7356983684129987 -0.018120680408487765
0.746449096114892 -0.016440908241292396
0.7570513720966108 -0.01477099209962797
0.7674988099435485 -0.013118351805926876
0.7777851165098009 -0.011490407542394868
0.7879040957089227 -0.009894476291446104
0.7978496522462164 -0.00833768131201249
0.8076157952903136 -0.0068268784522915425
0.8171966420818224 -0.005368601668401794
0.8265864214768883 -0.003969028493001314
0.8357794774235092 -0.00263396449298218
0.8447702723685334 -0.0013688440947345977
0.8535533905932737 -0.00017874366379846702
0.8621235414757333 0.0009315984804099053
0.8704755626774794 0.0019577612543850986
0.8786044232532422 0.0028956257023556842
0.8865052266813687 0.0037413719366056297
0.894173213813303 0.004491493800077806
0.9016037657403225 0.005142835754127449
0.9087924065757916 0.005692654884118013
0.9157348061512727 0.006138708957892006
0.9224267826248536 0.006479369286450573
0.928864305000136 0.006713754862500347
0.9350434955543556 0.006841882042846221
0.9409606321741775 0.006864822049154141
0.9466121505977576 0.006784856934730386
0.9519946465617215 0.006605623531296261
0.9571048778517655 0.006332234351224955
0.9619397662556433 0.005971364545154701
0.9664963994173694 0.005531294830529489
0.9707720325915102 0.005021901799091449
0.9747640902965183 0.004454589123356893
0.9784701678661044 0.0038421558158033987
0.98188803289772 0.0031986007164749235
0.985015626597272 0.0025388656334158818
0.9878510650192642 0.0018785228553248475
0.9903926402016152 0.0012334159084246685
0.9926388211944706 0.0006192652542723455
0.9945882549823906 5.1252951093360864e-05
0.9962397672993549 -0.0004563980176035675
0.9975923633360985 -0.0008908331183298467
0.9986452283393451 -0.0012409476188940107
0.9993977281025862 -0.0014977239378540896
0.9998494093481021 -0.0016545105887473697
1.0 -0.0017072306419164854
