1.0 0.0014834311320362126
0.9998494093481021 0.0015632551485752271
0.9993977281025862 0.0018012552184408256
0.9986452283393451 0.002193071538303364
0.9975923633360985 0.002731622267395338
0.9962397672993549 0.003407371236773543
0.9945882549823906 0.004208685154571441
0.9926388211944706 0.005122263829691818
0.9903926402016152 0.0061336237423391254
0.9878510650192642 0.007227613109810188
0.985015626597272 0.008388935530041297
0.98188803289772 0.009602659370884026
0.9784701678661044 0.010854691283344875
0.9747640902965183 0.012132194464283978
0.9707720325915102 0.013423935435590359
0.9664963994173694 0.014720546954482685
0.9619397662556433 0.016014699001735234
0.9571048778517655 0.017301174369973676
0.9519946465617215 0.01857684994621172
0.9466121505977576 0.019840589114138298
0.9409606321741775 0.021093054577518047
0.9350434955543556 0.022336454145639974
0.928864305000136 0.023574234487351138
0.9224267826248536 0.024810739463197336
0.9157348061512727 0.026050850348806796
0.9087924065757916 0.027299625081470488
0.9016037657403225 0.028561952658190566
0.894173213813303 0.02984223709093111
0.8865052266813687 0.031144123019844303
0.8786044232532422 0.032470272357019894
0.8704755626774794 0.0338221983527915
0.8621235414757333 0.03520016041580074
0.8535533905932737 0.0366031200395402
0.8447702723685334 0.038028755436545915
0.8357794774235092 0.03947353007613884
0.8265864214768883 0.0409328083519056
0.8171966420818224 0.04240101012760918
0.8076157952903136 0.04387179494875241
0.7978496522462164 0.04533826625453212
0.7879040957089227 0.04679318594731493
0.7777851165098009 0.048229190118120484
0.7674988099435485 0.04963899751528455
0.7570513720966108 0.051015603398743795
0.746449096114892 0.05235245266064403
0.7356983684129987 0.05364358743364444
0.7248056648273034 0.05488376577848119
0.713777546715141 0.056068549380414084
0.7026206570024947 0.057194359441748346
0.691341716182545 0.05825850110031561
0.6799475182674938 0.05925915771055021
0.6684449266961098 0.06019535718515528
0.6568408701994456 0.061066913310962395
0.645142338627231 0.06187434552823006
0.6333563787374491 0.06261878110723175
0.6214900899516319 0.0633018439788466
0.6095506200784349 0.0639255346844819
0.5975451610080642 0.06449210600928845
0.5854809443801506 0.06500393885179571
0.5733652372276805 0.0654634227599411
0.5612053375996082 0.06587284532299438
0.54900857016478 0.06623429424577693
0.5367822817998334 0.06654957544249848
0.5245338371637088 0.06682014987345025
0.512270614261456 0.06704709111614578
0.4999999999999999 0.06723106482887248
0.4877293857385438 0.06737233035364455
0.475466162836291 0.06747076375090597
0.46321771820016633 0.06752590060173447
0.4509914298352198 0.06753699600245434
0.43879466240039156 0.0675030983623049
0.42663476277231926 0.06742313294749681
0.41451905561984914 0.06729599064057132
0.4024548389919357 0.06712061713998993
0.3904493799215649 0.06689609783677593
0.3785099100483679 0.06662173388317057
0.36664362126255073 0.06629710550594294
0.35485766137276875 0.06592211938963966
0.3431591298005543 0.06549703792090138
0.33155507330389 0.06502248918702279
0.320052481732506 0.06449945779140481
0.30865828381745486 0.06392925770931357
0.29737934299750524 0.06331348948127592
0.28622245328485874 0.06265398495408346
0.27519433517269654 0.0619527434657536
0.26430163158700104 0.061211863780585365
0.2535509038851079 0.06043347618233193
0.2429486279033891 0.059619678918164026
0.23250119005645137 0.05877248266764373
0.2222148834901989 0.05789376592656365
0.2120959042910774 0.05698524320338099
0.20215034775378343 0.056048446801315384
0.19238420470968637 0.055084721789010214
0.18280335791817703 0.05409523263938684
0.17341357852311146 0.053080979030743214
0.16422052257649067 0.05204281753834955
0.15522972763146647 0.050981485465467505
0.14644660940672616 0.04989762291557989
0.1378764585242665 0.048791789413158246
0.12952443732252045 0.047664471931463455
0.12139557674675777 0.04651608204778102
0.11349477331863145 0.04534694105826195
0.10582678618669683 0.04415725316325001
0.09839623425967753 0.0429470681803944
0.09120759342420814 0.041716236548592106
0.08426519384872727 0.04046436054145782
0.07757321737514639 0.039190746512497716
0.07113569499986394 0.037894363558821954
0.06495650444564427 0.0365738141520267
0.059039367825822475 0.03522732200797948
0.05338784940224234 0.03385274174774754
0.048005353438278275 0.032447593769187814
0.042895122148234655 0.031009126264352895
0.038060233744356575 0.029534404572139523
0.03350360058263052 0.028020426161765893
0.029227967408489597 0.02646425762934295
0.025235909703481607 0.024863188292116152
0.021529832133895532 0.023214893414896243
0.018111967102280024 0.021517598920043204
0.014984373402728013 0.019770238713795713
0.012148934980735715 0.017972595576282183
0.009607359798384785 0.01612541694404865
0.007361178805529334 0.014230497858306594
0.005411745017609493 0.012290724816818296
0.0037602327006450165 0.010310076173566047
0.0024076366639015356 0.00829357696779518
0.0013547716606548965 0.006247208497925192
0.0006022718974137975 0.004177775435918943
0.00015059065189787502 0.002092735648253459
0.0 0.0
0.00015059065189787502 -0.0017797845047254344
0.0006022718974137975 -0.0035519828789879466
0.0013547716606548965 -0.005308796310042918
0.0024076366639015356 -0.007042883856538614
0.0037602327006450165 -0.008747565578896783
0.005411745017609493 -0.01041699605562007
0.007361178805529334 -0.012046300845599503
0.009607359798384785 -0.013631670362918713
0.012148934980735715 -0.01517040780402923
0.014984373402728013 -0.01666093008625763
0.018111967102280024 -0.0181027230929782
0.021529832133895532 -0.01949625474635916
0.025235909703481607 -0.020842851423064905
0.029227967408489597 -0.02214454488613544
0.03350360058263052 -0.023403898142664012
0.038060233744356575 -0.024623819392547742
0.042895122148234655 -0.025807373477793584
0.048005353438278275 -0.02695759997395588
0.05338784940224234 -0.028077346314182842
0.059039367825822475 -0.02916912315837891
0.06495650444564427 -0.03023498769501415
0.07113569499986394 -0.03127645878934871
0.07757321737514639 -0.03229446597958188
0.08426519384872727 -0.033289332387157616
0.09120759342420814 -0.0342607897626958
0.09839623425967753 -0.03520802223949171
0.10582678618669683 -0.03612973400191254
0.11349477331863145 -0.03702423506578932
0.12139557674675777 -0.03788953875749369
0.12952443732252045 -0.038723464286969024
0.1378764585242665 -0.03952373802992934
0.14644660940672616 -0.0402880877325038
0.15522972763146647 -0.04101432477172975
0.16422052257649067 -0.041700410772834706
0.17341357852311146 -0.04234450621129247
0.18280335791817703 -0.042945000019136474
0.19238420470968637 -0.04350052057523082
0.20215034775378343 -0.044009929698090436
0.2120959042910774 -0.0444723022989466
0.2222148834901989 -0.044886895130203934
0.23250119005645137 -0.04525310853873223
0.2429486279033891 -0.04557044528584359
0.2535509038851079 -0.045838470331047536
0.26430163158700104 -0.04605677502212922
0.27519433517269654 -0.04622494843732184
0.28622245328485874 -0.0463425577503086
0.29737934299750524 -0.04640913851096945
0.30865828381745486 -0.046424194735492745
0.320052481732506 -0.04638720775984876
0.33155507330389 -0.0462976520056819
0.3431591298005543 -0.04615501520083126
0.35485766137276875 -0.045958820235124
0.36664362126255073 -0.045708645743344184
0.3785099100483679 -0.04540414269726084
0.3904493799215649 -0.0450450447411305
0.4024548389919357 -0.04463117068312143
0.41451905561984914 -0.04416241840340974
0.42663476277231926 -0.0436387503889341
0.43879466240039156 -0.04306017207663439
0.4509914298352198 -0.04242670509992625
0.46321771820016633 -0.04173835830862318
0.475466162836291 -0.04099510000084959
0.4877293857385438 -0.040196835111367485
0.4999999999999999 -0.03934339110756587
0.512270614261456 -0.03843451603743587
0.5245338371637088 -0.03746989156193629
0.5367822817998334 -0.03644916291940527
0.54900857016478 -0.03537198666585881
0.5612053375996082 -0.034238095784125074
0.5733652372276805 -0.03304738044223605
0.5854809443801506 -0.03179998140038414
0.5975451610080642 -0.03049639191018825
0.6095506200784349 -0.029137563008460224
0.6214900899516319 -0.027725006456428794
0.6333563787374491 -0.026260889272783153
0.645142338627231 -0.024748113890655492
0.6568408701994456 -0.0231903784446782
0.6684449266961098 -0.02159221254720584
0.6799475182674938 -0.01995898509859024
0.691341716182545 -0.01829688212650616
0.7026206570024947 -0.016612854274889576
0.713777546715141 -0.014914535260522502
0.7248056648273034 -0.013210134273245138
0.7356983684129987 -0.011508306802368595
0.746449096114892 -0.009818009622654968
0.7570513720966108 -0.008148346578512431
0.7674988099435485 -0.0065084122964736936
0.7777851165098009 -0.004907140991833312
0.7879040957089227 -0.0033531671039286944
0.7978496522462164 -0.0018547036161267124
0.8076157952903136 -0.00041944264245966307
0.8171966420818224 0.0009455187271454528
0.8265864214768883 0.0022337261334608657
0.8357794774235092 0.0034393899106942797
0.8447702723685334 0.004557383864910041
0.8535533905932737 0.005583225113143736
0.8621235414757333 0.006513040621009581
0.8704755626774794 0.007343527070470583
0.8786044232532422 0.00807191120254391
0.8865052266813687 0.008695917760803348
0.894173213813303 0.009213751594295442
0.9016037657403225 0.009624099383598875
0.9087924065757916 0.009926154888583939
0.9157348061512727 0.010119669672206
0.9224267826248536 0.010205029051366334
0.928864305000136 0.010183350705077988
0.9350434955543556 0.010056601086288431
0.9409606321741775 0.009827722694171565
0.9466121505977576 0.009500763518710164
0.9519946465617215 0.009080998701902886
0.9571048778517655 0.008575033776528055
0.9619397662556433 0.007990878816663173
0.9664963994173694 0.007337983497085949
0.9707720325915102 0.006627224401512862
0.9747640902965183 0.005870837889358287
0.9784701678661044 0.005082294333361778
0.98188803289772 0.00427611244600843
0.985015626597272 0.0034676155624123626
0.9878510650192642 0.0026726349629921974
0.9903926402016152 0.0019071684137527518
0.9926388211944706 0.0011870048907133615
0.9945882549823906 0.0005273287673037471
0.9962397672993549 -5.768156673452668e-05
0.9975923633360985 -0.0005552447315285883
0.9986452283393451 -0.0009543409560086442
0.9993977281025862 -0.0012460348594816807
0.9998494093481021 -0.00142374251619827
1.0 -0.0014834311320362126
