1.0 0.001688291892163303
0.9998494093481021 0.0017729042166965514
0.9993977281025862 0.0020252310623242896
0.9986452283393451 0.0024407989967540015
0.9975923633360985 0.003012339502124554
0.9962397672993549 0.00373006068996064
0.9945882549823906 0.0045820100109644595
0.9926388211944706 0.0055545113759571385
0.9903926402016152 0.006632656876730154
0.9878510650192642 0.007800831080835374
0.985015626597272 0.009043244773248645
0.98188803289772 0.010344455069021511
0.9784701678661044 0.011689849999582483
0.9747640902965183 0.013066077895463418
0.9707720325915102 0.014461405009296397
0.9664963994173694 0.01586598865887571
0.9619397662556433 0.017272057501156797
0.9571048778517655 0.01867399513435954
0.9519946465617215 0.020068327821178688
0.9466121505977576 0.021453621494241848
0.9409606321741775 0.02283029712996072
0.9350434955543556 0.024200376876583794
0.928864305000136 0.025567175856753444
0.9224267826248536 0.026934956242805924
0.9157348061512727 0.02830856098448949
0.9087924065757916 0.029693044464866997
0.9016037657403225 0.031093316429780093
0.894173213813303 0.03251381387981778
0.8865052266813687 0.033958213364909805
0.8786044232532422 0.035429193437457644
0.8704755626774794 0.03692825406988506
0.8621235414757333 0.03845559679801231
0.8535533905932737 0.04001006637562304
0.8447702723685334 0.04158915196354982
0.8357794774235092 0.04318904344949715
0.8265864214768883 0.04480473649397188
0.8171966420818224 0.04643017838202227
0.8076157952903136 0.04805844575610155
0.7978496522462164 0.04968194480729202
0.7879040957089227 0.051292624477914925
0.7777851165098009 0.052882193623419504
0.7674988099435485 0.054442333824255625
0.7570513720966108 0.05596490054830713
0.746449096114892 0.057442106557090505
0.7356983684129987 0.05886668274258972
0.7248056648273034 0.06023201290202853
0.713777546715141 0.0615322402420528
0.7026206570024947 0.06276234460223125
0.691341716182545 0.06391819046551091
0.6799475182674938 0.06499654675937962
0.6684449266961098 0.06599508023761934
0.6568408701994456 0.0669123248704303
0.645142338627231 0.06774763016927007
0.6333563787374491 0.06850109174497016
0.6214900899516319 0.06917346765763746
0.6095506200784349 0.06976608427723405
0.5975451610080642 0.0702807354441078
0.5854809443801506 0.07071957870458141
0.5733652372276805 0.0710850322993036
0.5612053375996082 0.07137967639938057
0.54900857016478 0.07160616181340534
0.5367822817998334 0.07176712902355294
0.5245338371637088 0.07186513994935292
0.512270614261456 0.07190262428641772
0.4999999999999999 0.07188184163331077
0.4877293857385438 0.07180485991922006
0.475466162836291 0.0716735499022531
0.46321771820016633 0.07148959475430672
0.4509914298352198 0.07125451302074912
0.43879466240039156 0.07096969258232723
0.42663476277231926 0.07063643269421932
0.41451905561984914 0.07025599077178321
0.4024548389919357 0.06982963036698936
0.3904493799215649 0.06935866675708297
0.3785099100483679 0.06884450675886793
0.36664362126255073 0.06828867978523608
0.35485766137276875 0.06769285775727821
0.3431591298005543 0.06705886224288553
0.33155507330389 0.06638865806536023
0.320052481732506 0.06568433355687274
0.30865828381745486 0.0649480685585279
0.29737934299750524 0.06418209212592728
0.28622245328485874 0.06338863262365402
0.27519433517269654 0.0625698634288579
0.26430163158700104 0.061727847770029654
0.2535509038851079 0.06086448627510048
0.2429486279033891 0.05998147058487192
0.23250119005645137 0.05908024591528007
0.2222148834901989 0.05816198475683799
0.2120959042910774 0.05722757303166396
0.20215034775378343 0.05627760905256365
0.19238420470968637 0.05531241461980439
0.18280335791817703 0.054332056629397565
0.17341357852311146 0.05333637673045903
0.16422052257649067 0.05232502592957535
0.15522972763146647 0.05129750065465847
0.14644660940672616 0.05025317669875646
0.1378764585242665 0.04919133768279181
0.12952443732252045 0.04811119519810045
0.12139557674675777 0.04701189858331392
0.11349477331863145 0.045892533301034676
0.10582678618669683 0.044752108033942625
0.09839623425967753 0.043589531829117095
0.09120759342420814 0.04240358378712283
0.08426519384872727 0.04119287882163119
0.07757321737514639 0.039955833815496083
0.07113569499986394 0.038690638993581036
0.06495650444564427 0.037395239464762565
0.059039367825822475 0.036067331624166706
0.05338784940224234 0.03470437844911142
0.048005353438278275 0.033303646695458246
0.042895122148234655 0.03186226766093101
0.038060233744356575 0.03037732160988883
0.03350360058263052 0.028845944252000103
0.029227967408489597 0.02726545195091
0.025235909703481607 0.025633480729703104
0.021529832133895532 0.02394813275622393
0.018111967102280024 0.02220812294010562
0.014984373402728013 0.02041291764216875
0.012148934980735715 0.018562857346935087
0.009607359798384785 0.01665925551035967
0.007361178805529334 0.014704466663392278
0.005411745017609493 0.012701918188917439
0.0037602327006450165 0.010656101923601126
0.0024076366639015356 0.008572523767497469
0.0013547716606548965 0.0064576116912514634
0.0006022718974137975 0.004318584777748709
0.00015059065189787502 0.002163288081598792
0.0 0.0
0.00015059065189787502 -0.0015424496534335972
0.0006022718974137975 -0.003078856956308183
0.0013547716606548965 -0.0046029079591504
0.0024076366639015356 -0.006108751253150279
0.0037602327006450165 -0.007591201185626575
0.005411745017609493 -0.009045908929782047
0.007361178805529334 -0.010469493427799034
0.009607359798384785 -0.01185962636528319
0.012148934980735715 -0.01321506776748268
0.014984373402728013 -0.014535651394520777
0.018111967102280024 -0.015822221707222948
0.021529832133895532 -0.017076526631124692
0.025235909703481607 -0.018301072527685376
0.029227967408489597 -0.019498949570078028
0.03350360058263052 -0.020673637022187205
0.038060233744356575 -0.021828798669544635
0.042895122148234655 -0.02296807881910678
0.048005353438278275 -0.024094908874994724
0.05338784940224234 -0.02521233354748376
0.059039367825822475 -0.02632286433167784
0.06495650444564427 -0.027428366095857148
0.07113569499986394 -0.02852998056300425
0.07757321737514639 -0.029628088280755253
0.08426519384872727 -0.030722308487851888
0.09120759342420814 -0.03181153422830934
0.09839623425967753 -0.032893998255648524
0.10582678618669683 -0.0339673638077986
0.11349477331863145 -0.035028833293492094
0.12139557674675777 -0.03607526735961121
0.12952443732252045 -0.03710330672184874
0.1378764585242665 -0.03810948952326439
0.14644660940672616 -0.03909035779280395
0.15522972763146647 -0.04004254773908005
0.16422052257649067 -0.0409628600438245
0.17341357852311146 -0.041848307910578864
0.18280335791817703 -0.0426961422667167
0.19238420470968637 -0.04350385510073315
0.20215034775378343 -0.0442691633396714
0.2120959042910774 -0.044989976845782084
0.2222148834901989 -0.0456643549691178
0.23250119005645137 -0.04629045658973369
0.2429486279033891 -0.04686648870175463
0.2535509038851079 -0.04739065834076149
0.26430163158700104 -0.04786113207018807
0.27519433517269654 -0.04827600637854655
0.28622245328485874 -0.04863329127203302
0.29737934299750524 -0.04893090816334672
0.30865828381745486 -0.04916670195010378
0.320052481732506 -0.04933846603682082
0.33155507330389 -0.04944397806736087
0.3431591298005543 -0.04948104337082687
0.35485766137276875 -0.049447542635660036
0.36664362126255073 -0.04934148014478797
0.3785099100483679 -0.0491610290358852
0.3904493799215649 -0.04890457047794441
0.4024548389919357 -0.04857072433869922
0.41451905561984914 -0.04815836979789968
0.42663476277231926 -0.047666655365096046
0.43879466240039156 -0.04709499880425691
0.4509914298352198 -0.04644307846504264
0.46321771820016633 -0.04571081838916062
0.475466162836291 -0.04489837022690029
0.4877293857385438 -0.04400609540586988
0.4999999999999999 -0.043034551102962754
0.512270614261456 -0.04198448336619841
0.5245338371637088 -0.04085683022390911
0.5367822817998334 -0.03965273683710479
0.54900857016478 -0.0383735837507018
0.5612053375996082 -0.03702102815253902
0.5733652372276805 -0.03559705684051413
0.5854809443801506 -0.03410404841937999
0.5975451610080642 -0.032544841191582984
0.6095506200784349 -0.030922802356270315
0.6214900899516319 -0.0292418935595898
0.6333563787374491 -0.02750672760145482
0.645142338627231 -0.025722611230006444
0.6568408701994456 -0.023895569450376606
0.6684449266961098 -0.022032347617687596
0.6799475182674938 -0.020140388728388706
0.691341716182545 -0.018227784698855966
0.7026206570024947 -0.016303201936868524
0.713777546715141 -0.01437578306854703
0.7248056648273034 -0.01245502817311904
0.7356983684129987 -0.010550660194504806
0.746449096114892 -0.008672480245328485
0.7570513720966108 -0.006830219214758621
0.7674988099435485 -0.005033392378016735
0.7777851165098009 -0.003291163550816245
0.7879040957089227 -0.0016122247346237704
0.7978496522462164 -4.696187518726672e-06
0.8076157952903136 0.0015239495107223597
0.8171966420818224 0.0029669374666924193
0.8265864214768883 0.004318214421309801
0.8357794774235092 0.005572448345967863
0.8447702723685334 0.006725007151100464
0.8535533905932737 0.007771921515549168
0.8621235414757333 0.00870983806191933
0.8704755626774794 0.009535969895526552
0.8786044232532422 0.01024805182130331
0.8865052266813687 0.010844307314237241
0.894173213813303 0.011323433539611615
0.9016037657403225 0.011684609430980581
0.9087924065757916 0.011927530103330782
0.9157348061512727 0.012052468805256164
0.9224267826248536 0.012060365322758818
0.928864305000136 0.011952937383201016
0.9350434955543556 0.01173280932596511
0.9409606321741775 0.011403650262069402
0.9466121505977576 0.010970312284383164
0.9519946465617215 0.010438958140073833
0.9571048778517655 0.009817167236570772
0.9619397662556433 0.009114008985792977
0.9664963994173694 0.008340073322856974
0.9707720325915102 0.0075074497465874605
0.9747640902965183 0.00662964835895383
0.9784701678661044 0.0057214590282533406
0.98188803289772 0.004798747830990902
0.985015626597272 0.0038781931773724564
0.9878510650192642 0.0029769673146753948
0.9903926402016152 0.0021123720437819186
0.9926388211944706 0.001301440293072769
0.9945882549823906 0.0005605175019552659
0.9962397672993549 -9.516156976012305e-05
0.9975923633360985 -0.0006518840795620554
0.9986452283393451 -0.0010978417697594988
0.9993977281025862 -0.0014234691997954308
0.9998494093481021 -0.0016217232470166873
1.0 -0.001688291892163303
