1.0 0.0013857464992074165
0.9998494093481021 0.0014627528756752173
0.9993977281025862 0.0016923497275795846
0.9986452283393451 0.002070325232755525
0.9975923633360985 0.002589840468908181
0.9962397672993549 0.0032416916690539655
0.9945882549823906 0.004014660028098385
0.9926388211944706 0.0048959328059097204
0.9903926402016152 0.005871576323315055
0.9878510650192642 0.006927039300469432
0.985015626597272 0.008047663941153341
0.98188803289772 0.009219182259050558
0.9784701678661044 0.01042817634712343
0.9747640902965183 0.011662483522523333
0.9707720325915102 0.012911530396331108
0.9664963994173694 0.014166583734014903
0.9619397662556433 0.015420910269701259
0.9571048778517655 0.016669842176222978
0.9519946465617215 0.01791074942899058
0.9466121505977576 0.019142924599275236
0.9409606321741775 0.02036738945773936
0.9350434955543556 0.021586635981653796
0.928864305000136 0.02280431680136707
0.9224267826248536 0.02402490170395945
0.9157348061512727 0.02525331749687344
0.9087924065757916 0.026494588335063914
0.9016037657403225 0.02775349259299555
0.894173213813303 0.029034250620334646
0.8865052266813687 0.030340255393312844
0.8786044232532422 0.031673855321603495
0.8704755626774794 0.03303619546467721
0.8621235414757333 0.03442712032511186
0.8535533905932737 0.0358451383835732
0.8447702723685334 0.037287445767803414
0.8357794774235092 0.038750004027569576
0.8265864214768883 0.04022766501063967
0.8171966420818224 0.0417143343600391
0.8076157952903136 0.0432031642052833
0.7978496522462164 0.044686765193521556
0.7879040957089227 0.046157428066095886
0.7777851165098009 0.04760734547460043
0.7674988099435485 0.04902882557404775
0.7570513720966108 0.05041449004507369
0.746449096114892 0.05175745049451358
0.7356983684129987 0.05305145857898274
0.7248056648273034 0.05429102661168769
0.713777546715141 0.055471516782504025
0.7026206570024947 0.05658919839328168
0.691341716182545 0.05764127364732652
0.6799475182674938 0.05862587351173113
0.6684449266961098 0.05954202598459573
0.6568408701994456 0.060389599747954555
0.645142338627231 0.06116922668103273
0.6333563787374491 0.061882207061650436
0.6214900899516319 0.06253040151214756
0.6095506200784349 0.06311611386514314
0.5975451610080642 0.06364196914587845
0.5854809443801506 0.06411079079990616
0.5733652372276805 0.0645254811413206
0.5612053375996082 0.06488890875780118
0.54900857016478 0.06520380628241765
0.5367822817998334 0.06547268152598214
0.5245338371637088 0.06569774445701994
0.512270614261456 0.06588085192229928
0.4999999999999999 0.0660234713280923
0.4877293857385438 0.06612666376662543
0.475466162836291 0.06619108629662002
0.46321771820016633 0.06621701230160627
0.4509914298352198 0.06620436809081537
0.43879466240039156 0.06615278321467051
0.42663476277231926 0.06606165138095758
0.41451905561984914 0.06593019841720144
0.4024548389919357 0.0657575534625464
0.3904493799215649 0.06554281951266755
0.3785099100483679 0.06528513959643506
0.36664362126255073 0.06498375523211875
0.35485766137276875 0.06463805437807874
0.3431591298005543 0.06424760682782064
0.33155507330389 0.06381218585842535
0.320052481732506 0.06333177587036934
0.30865828381745486 0.0628065666940501
0.29737934299750524 0.06223693611937559
0.28622245328485874 0.06162342296682135
0.27519433517269654 0.06096669360531404
0.26430163158700104 0.06026750518927826
0.2535509038851079 0.059526669004409165
0.2429486279033891 0.05874501716735662
0.23250119005645137 0.05792337552619597
0.2222148834901989 0.057062544983557596
0.2120959042910774 0.05616329265797277
0.20215034775378343 0.05522635337194201
0.19238420470968637 0.054252440979008075
0.18280335791817703 0.05324226809402913
0.17341357852311146 0.052196571948116624
0.16422052257649067 0.05111614342344271
0.15522972763146647 0.05000185589255606
0.14644660940672616 0.04885469033439704
0.1378764585242665 0.04767575334658553
0.12952443732252045 0.046466285119503146
0.12139557674675777 0.04522765515732622
0.11349477331863145 0.04396134447719405
0.10582678618669683 0.04266891412340825
0.09839623425967753 0.0413519610173687
0.09120759342420814 0.040012063335249315
0.08426519384872727 0.03865071867126249
0.07757321737514639 0.03726927911654449
0.07113569499986394 0.03586888798561426
0.06495650444564427 0.0344504231952413
0.059039367825822475 0.03301445220841429
0.05338784940224234 0.031561202989170235
0.048005353438278275 0.030090554590265304
0.042895122148234655 0.028602049860170942
0.038060233744356575 0.02709493137836889
0.03350360058263052 0.025568200198214496
0.029227967408489597 0.024020695398561994
0.025235909703481607 0.02245119092948648
0.021529832133895532 0.020858504893227235
0.018111967102280024 0.019241615329205302
0.014984373402728013 0.01759977585532316
0.012148934980735715 0.015932624217412518
0.009607359798384785 0.01424027694752054
0.007361178805529334 0.012523403931853116
0.005411745017609493 0.010783277711378136
0.0037602327006450165 0.009021793723208724
0.0024076366639015356 0.0072414593537258485
0.0013547716606548965 0.005445351509260521
0.0006022718974137975 0.0036370442980751755
0.00015059065189787502 0.001820510234312035
0.0 0.0
0.00015059065189787502 -0.0014150320509606264
0.0006022718974137975 -0.00282806165338412
0.0013547716606548965 -0.004236811535747331
0.0024076366639015356 -0.005639281567853781
0.0037602327006450165 -0.007033867450917866
0.005411745017609493 -0.008419456658082827
0.007361178805529334 -0.009795496060732569
0.009607359798384785 -0.01116202725462735
0.012148934980735715 -0.012519687394491703
0.014984373402728013 -0.013869675252947236
0.018111967102280024 -0.015213684130355617
0.021529832133895532 -0.01655380504743107
0.025235909703481607 -0.01789240525048215
0.029227967408489597 -0.01923198836082858
0.03350360058263052 -0.020575043434322406
0.038060233744356575 -0.021923890715145465
0.042895122148234655 -0.023280531946153562
0.048005353438278275 -0.02464651273805305
0.05338784940224234 -0.026022803729362443
0.059039367825822475 -0.02740970613992108
0.06495650444564427 -0.02880678590454284
0.07113569499986394 -0.030212838957988354
0.07757321737514639 -0.031625888525789965
0.08426519384872727 -0.03304321355990438
0.09120759342420814 -0.03446140584395639
0.09839623425967753 -0.03587645187211091
0.10582678618669683 -0.037283834456853765
0.11349477331863145 -0.03867864820437846
0.12139557674675777 -0.04005572255037102
0.12952443732252045 -0.04140974598851743
0.1378764585242665 -0.042735385439559306
0.14644660940672616 -0.04402739536750656
0.15522972763146647 -0.04528071219829038
0.16422052257649067 -0.046490530764406277
0.17341357852311146 -0.04765236080457956
0.18280335791817703 -0.04876206290129679
0.19238420470968637 -0.049815864551715036
0.20215034775378343 -0.05081035825479908
0.2120959042910774 -0.0517424844861312
0.2222148834901989 -0.05260950316373088
0.23250119005645137 -0.053408957644508745
0.2429486279033891 -0.05413863541413984
0.2535509038851079 -0.054796529447803374
0.26430163158700104 -0.055380803751544395
0.27519433517269654 -0.05588976588943805
0.28622245328485874 -0.0563218484216156
0.29737934299750524 -0.0566756001952143
0.30865828381745486 -0.05694968742313244
0.320052481732506 -0.057142903533127336
0.33155507330389 -0.05725418594593834
0.3431591298005543 -0.05728263730872723
0.35485766137276875 -0.057227548316966574
0.36664362126255073 -0.05708841913307438
0.3785099100483679 -0.05686497656190023
0.3904493799215649 -0.05655718455850636
0.4024548389919357 -0.056165246288939805
0.41451905561984914 -0.05568959678812442
0.42663476277231926 -0.05513088619449807
0.43879466240039156 -0.05448995451288869
0.4509914298352198 -0.053767799785637345
0.46321771820016633 -0.052965542359308886
0.475466162836291 -0.05208438855037779
0.4877293857385438 -0.05112559738106277
0.4999999999999999 -0.050090454136632497
0.512270614261456 -0.04898025426956847
0.5245338371637088 -0.047796300648242786
0.5367822817998334 -0.04653991634551119
0.54900857016478 -0.04521247413462948
0.5612053375996082 -0.04381544267344359
0.5733652372276805 -0.04235044809421317
0.5854809443801506 -0.04081934846552116
0.5975451610080642 -0.0392243174465222
0.6095506200784349 -0.037567932499888324
0.6214900899516319 -0.03585326234498591
0.6333563787374491 -0.03408394797710299
0.645142338627231 -0.032264271590519665
0.6568408701994456 -0.03039920813658275
0.6684449266961098 -0.028494455009850043
0.6799475182674938 -0.026556436446537247
0.691341716182545 -0.024592280576254625
0.7026206570024947 -0.022609768606075806
0.713777546715141 -0.020617257235802006
0.7248056648273034 -0.018623576996653558
0.7356983684129987 -0.016637910662966975
0.746449096114892 -0.014669657104576756
0.7570513720966108 -0.012728286836876422
0.7674988099435485 -0.010823196016938262
0.7777851165098009 -0.008963565684145428
0.7879040957089227 -0.007158232638700973
0.7978496522462164 -0.005415577508615835
0.8076157952903136 -0.0037434343238323016
0.8171966420818224 -0.0021490243720462543
0.8265864214768883 -0.0006389153555630059
0.8357794774235092 0.0007809949790879558
0.8447702723685334 0.0021054733783483
0.8535533905932737 0.0033299280700277057
0.8621235414757333 0.004450373843079536
0.8704755626774794 0.005463391819281231
0.8786044232532422 0.006366090999878102
0.8865052266813687 0.007156078622970562
0.894173213813303 0.007831445773218482
0.9016037657403225 0.008390773564332252
0.9087924065757916 0.00883316362379775
0.9157348061512727 0.009158294639607576
0.9224267826248536 0.00936650450092083
0.928864305000136 0.009458895221129929
0.9350434955543556 0.009437455528618324
0.9409606321741775 0.00930519390676653
0.9466121505977576 0.009066273112671538
0.9519946465617215 0.008726135938506057
0.9571048778517655 0.00829161130878829
0.9619397662556433 0.007770989804968096
0.9664963994173694 0.007174058409360584
0.9707720325915102 0.006512085653754474
0.9747640902965183 0.005797750390049347
0.9784701678661044 0.005045009975232228
0.98188803289772 0.004268906648154822
0.985015626597272 0.0034853141087007253
0.9878510650192642 0.0027106296087302485
0.9903926402016152 0.001961420037170414
0.9926388211944706 0.001254033339721954
0.9945882549823906 0.0006041889819515176
0.9962397672993549 2.6562893185576872e-05
0.9975923633360985 -0.0004656166975822248
0.9986452283393451 -0.0008609459766325677
0.9993977281025862 -0.0011501789619955468
0.9998494093481021 -0.001326503310268926
1.0 -0.0013857464992074165
