1.0 0.0016462031622415496
0.9998494093481021 0.0017269767821194426
0.9993977281025862 0.0019678824093238585
0.9986452283393451 0.0023647283580758285
0.9975923633360985 0.0029107059762798334
0.9962397672993549 0.0035966471002492166
0.9945882549823906 0.004411367405064858
0.9926388211944706 0.00534207964893387
0.9903926402016152 0.0063748577168744975
0.9878510650192642 0.007495130266416998
0.985015626597272 0.008688181763152437
0.98188803289772 0.009939638802925274
0.9784701678661044 0.011235920823703114
0.9747640902965183 0.012564636527233913
0.9707720325915102 0.013914910418309698
0.9664963994173694 0.015277627643153486
0.9619397662556433 0.01664558955079244
0.9571048778517655 0.018013576875671393
0.9519946465617215 0.019378321904588727
0.9466121505977576 0.020738395213742374
0.9409606321741775 0.022094016331921516
0.9350434955543556 0.02344680082676811
0.928864305000136 0.02479945868803799
0.9224267826248536 0.02615546040859473
0.9157348061512727 0.027518687805163495
0.9087924065757916 0.028893086391815818
0.9016037657403225 0.030282335081835917
0.894173213813303 0.03168954725079579
0.8865052266813687 0.033117014880358495
0.8786044232532422 0.03456600477592731
0.8704755626774794 0.03603661288078183
0.8621235414757333 0.037527679664783646
0.8535533905932737 0.03903676660790511
0.8447702723685334 0.04056019107068588
0.8357794774235092 0.04209311446327728
0.8265864214768883 0.043629676680297526
0.8171966420818224 0.045163168316294786
0.8076157952903136 0.046686231239682546
0.7978496522462164 0.04819107767442885
0.7879040957089227 0.049669717984511724
0.7777851165098009 0.051114187820433955
0.7674988099435485 0.05251676609844802
0.7570513720966108 0.053870176360919675
0.746449096114892 0.05516776532685173
0.7356983684129987 0.05640365380427395
0.7248056648273034 0.05757285652782565
0.713777546715141 0.0586713688434082
0.7026206570024947 0.05969621943851055
0.691341716182545 0.060645489476959406
0.6799475182674938 0.06151829951909185
0.6684449266961098 0.06231476648313465
0.6568408701994456 0.06303593363067475
0.645142338627231 0.06368367714467629
0.6333563787374491 0.06426059332211156
0.6214900899516319 0.06476987073509044
0.6095506200784349 0.06521515193293273
0.5975451610080642 0.06560038936832263
0.5854809443801506 0.06592970023513098
0.5733652372276805 0.06620722480178667
0.5612053375996082 0.0664369926078897
0.54900857016478 0.06662280055804504
0.5367822817998334 0.06676810649208868
0.5245338371637088 0.06687594123515089
0.512270614261456 0.06694884144043443
0.4999999999999999 0.06698880474583317
0.4877293857385438 0.06699726789480404
0.475466162836291 0.06697510755314748
0.46321771820016633 0.06692266262530075
0.4509914298352198 0.06683977598116102
0.43879466240039156 0.06672585269542795
0.42663476277231926 0.06657993122404533
0.41451905561984914 0.06640076344081455
0.4024548389919357 0.06618689916831563
0.3904493799215649 0.06593677078640763
0.3785099100483679 0.06564877370019905
0.36664362126255073 0.06532133889277983
0.35485766137276875 0.06495299445454801
0.3431591298005543 0.06454241383254072
0.33155507330389 0.06408844952704482
0.320052481732506 0.06359015201466482
0.30865828381745486 0.06304677472541156
0.29737934299750524 0.06245776687240779
0.28622245328485874 0.06182275675585167
0.27519433517269654 0.06114152877595161
0.26430163158700104 0.060413997744384204
0.2535509038851079 0.05964018415010136
0.2429486279033891 0.05882019380357462
0.23250119005645137 0.0579542047667667
0.2222148834901989 0.057042463709362515
0.2120959042910774 0.056085292870411176
0.20215034775378343 0.05508310772049858
0.19238420470968637 0.054036444296515544
0.18280335791817703 0.052945994108204324
0.17341357852311146 0.05181264358103187
0.16422052257649067 0.050637514283679505
0.15522972763146647 0.049421999756269465
0.14644660940672616 0.048167794653198585
0.1378764585242665 0.046876912163851245
0.12952443732252045 0.04555168627075308
0.12139557674675777 0.04419475631616237
0.11349477331863145 0.04280903251753286
0.10582678618669683 0.04139764242074667
0.09839623425967753 0.03996385971204231
0.09120759342420814 0.03851101821990286
0.08426519384872727 0.0370424152194861
0.07757321737514639 0.035561209203036154
0.07113569499986394 0.034070318012378066
0.06495650444564427 0.032572323576990754
0.059039367825822475 0.03106938942242422
0.05338784940224234 0.029563196598115765
0.048005353438278275 0.02805490274170042
0.042895122148234655 0.026545127700321896
0.038060233744356575 0.025033967547737665
0.03350360058263052 0.023521037071433125
0.029227967408489597 0.022005538974606064
0.025235909703481607 0.020486356269476275
0.021529832133895532 0.018962162755337738
0.018111967102280024 0.017431545191230163
0.014984373402728013 0.01589312988451302
0.012148934980735715 0.01434570599256786
0.009607359798384785 0.012788337913668062
0.007361178805529334 0.011220459728585016
0.005411745017609493 0.009641945715354686
0.0037602327006450165 0.008053152430895971
0.0024076366639015356 0.006454929640655119
0.0013547716606548965 0.004848599363941304
0.0006022718974137975 0.003235904355980051
0.00015059065189787502 0.0016189293300189966
0.0 0.0
0.00015059065189787502 -0.0018437103493782485
0.0006022718974137975 -0.003677791334220676
0.0013547716606548965 -0.005492401846355991
0.0024076366639015356 -0.007278257052502595
0.0037602327006450165 -0.009026876938353955
0.005411745017609493 -0.010730800880438271
0.007361178805529334 -0.012383759681305017
0.009607359798384785 -0.013980798664634433
0.012148934980735715 -0.015518347887334598
0.014984373402728013 -0.016994238146776218
0.018111967102280024 -0.01840766409644009
0.021529832133895532 -0.019759098286825056
0.025235909703481607 -0.02105016218449766
0.029227967408489597 -0.02228346207230943
0.03350360058263052 -0.023462399104138387
0.038060233744356575 -0.024590963613863114
0.042895122148234655 -0.025673524029601973
0.048005353438278275 -0.026714620423980543
0.05338784940224234 -0.027718771876413025
0.059039367825822475 -0.028690305501981775
0.06495650444564427 -0.029633213307401336
0.07113569499986394 -0.03055104108146667
0.07757321737514639 -0.03144681144136425
0.08426519384872727 -0.032322981067613804
0.09120759342420814 -0.03318143019563812
0.09839623425967753 -0.03402348070573323
0.10582678618669683 -0.03484993776158439
0.11349477331863145 -0.035661148962226843
0.12139557674675777 -0.036457074437047494
0.12952443732252045 -0.037237361241314236
0.1378764585242665 -0.03800141578368959
0.14644660940672616 -0.038748468791628424
0.15522972763146647 -0.03947762842509582
0.16422052257649067 -0.04018791849378873
0.17341357852311146 -0.040878300215052926
0.18280335791817703 -0.041547677460129856
0.19238420470968637 -0.04219488686799827
0.20215034775378343 -0.04281867546040746
0.2120959042910774 -0.04341766938551442
0.2222148834901989 -0.043990338088215904
0.23250119005645137 -0.044534958514635785
0.2429486279033891 -0.04504958389471858
0.2535509038851079 -0.04553202122576109
0.26430163158700104 -0.045979820841557516
0.27519433517269654 -0.04639028045920529
0.28622245328485874 -0.04676046492829587
0.29737934299750524 -0.04708724165629469
0.30865828381745486 -0.047367330445166535
0.320052481732506 -0.04759736534127984
0.33155507330389 -0.04777396515799594
0.3431591298005543 -0.047893808647910235
0.35485766137276875 -0.04795370992947416
0.36664362126255073 -0.047950689737465545
0.3785099100483679 -0.047882038370207054
0.3904493799215649 -0.04774536682520853
0.4024548389919357 -0.047538643502367986
0.41451905561984914 -0.047260214943450625
0.42663476277231926 -0.04690881028665838
0.43879466240039156 -0.046483530354929685
0.4509914298352198 -0.04598382347280264
0.46321771820016633 -0.045409451130048795
0.475466162836291 -0.0447604474023084
0.4877293857385438 -0.04403707653753531
0.4999999999999999 -0.043239793281105665
0.512270614261456 -0.04236921032506352
0.5245338371637088 -0.04142607673685249
0.5367822817998334 -0.04041127038393232
0.54900857016478 -0.039325806279843924
0.5612053375996082 -0.03817086151069428
0.5733652372276805 -0.03694781604874844
0.5854809443801506 -0.0356583074195354
0.5975451610080642 -0.03430429595902219
0.6095506200784349 -0.03288813637006934
0.6214900899516319 -0.031412650541640795
0.6333563787374491 -0.029881196190298855
0.645142338627231 -0.02829772585811984
0.6568408701994456 -0.026666831164586128
0.6684449266961098 -0.02499376794486841
0.6799475182674938 -0.023284458968940352
0.691341716182545 -0.021545472256672523
0.7026206570024947 -0.019783974495131435
0.713777546715141 -0.018007660623538622
0.7248056648273034 -0.016224662169558663
0.7356983684129987 -0.01444343828923094
0.746449096114892 -0.012672654581739457
0.7570513720966108 -0.010921055534659992
0.7674988099435485 -0.009197336842570689
0.7777851165098009 -0.007510023795966249
0.7879040957089227 -0.005867361452213174
0.7978496522462164 -0.004277221400824703
0.8076157952903136 -0.0027470286766756013
0.8171966420818224 -0.0012837108389480024
0.8265864214768883 0.00010633047546918764
0.8357794774235092 0.0014172269784840778
0.8447702723685334 0.002643633282087337
0.8535533905932737 0.00378070321181907
0.8621235414757333 0.004824058698822567
0.8704755626774794 0.005769757834955534
0.8786044232532422 0.0066142689604894184
0.8865052266813687 0.007354457414951093
0.894173213813303 0.007987590812397256
0.9016037657403225 0.008511367432903497
0.9087924065757916 0.008923970617744864
0.9157348061512727 0.009224150014248627
0.9224267826248536 0.00941132826187211
0.928864305000136 0.009485729387264413
0.9350434955543556 0.009448522936900364
0.9409606321741775 0.00930197587602567
0.9466121505977576 0.009049602667456042
0.9519946465617215 0.00869630283952167
0.9571048778517655 0.008248474857682715
0.9619397662556433 0.007714095292722961
0.9664963994173694 0.0071027531536664145
0.9707720325915102 0.006425630806770851
0.9747640902965183 0.00569542507163026
0.9784701678661044 0.004926204770142906
0.98188803289772 0.004133204067733916
0.985015626597272 0.0033325542254467617
0.9878510650192642 0.002540959695148251
0.9903926402016152 0.0017753276497113125
0.9926388211944706 0.0010523628612161449
0.9945882549823906 0.00038814215368177364
0.9962397672993549 -0.00020231568107830552
0.9975923633360985 -0.0007054677143247182
0.9986452283393451 -0.0011096355943523996
0.9993977281025862 -0.0014053490559689961
0.9998494093481021 -0.0015856297370146514
1.0 -0.0016462031622415496
