1.0 0.0016149548246747283
0.9998494093481021 0.0016932639311398366
0.9993977281025862 0.0019267013758314782
0.9986452283393451 0.002310854055144924
0.9975923633360985 0.0028385525854629197
0.9962397672993549 0.003500140979249091
0.9945882549823906 0.004283836660838528
0.9926388211944706 0.005176164392604973
0.9903926402016152 0.0061624444900858465
0.9878510650192642 0.00722731351886261
0.985015626597272 0.00835525458593659
0.98188803289772 0.009531114401327683
0.9784701678661044 0.010740585465598914
0.9747640902965183 0.011970633949263192
0.9707720325915102 0.01320985692937267
0.9664963994173694 0.01444875645079234
0.9619397662556433 0.01567992216530809
0.9571048778517655 0.016898118831805753
0.9519946465617215 0.01810027949109237
0.9466121505977576 0.0192854094243577
0.9409606321741775 0.020454409851986287
0.9350434955543556 0.02160983355031974
0.928864305000136 0.022755587021657826
0.9224267826248536 0.023896595459532446
0.9157348061512727 0.025038447470810982
0.9087924065757916 0.026187036363116797
0.9016037657403225 0.027348213842352836
0.894173213813303 0.028527470293729654
0.8865052266813687 0.029729653576055642
0.8786044232532422 0.03095873560102886
0.8704755626774794 0.03221763306635492
0.8621235414757333 0.033508085733981716
0.8535533905932737 0.03483059275341036
0.8447702723685334 0.03618440486748737
0.8357794774235092 0.03756756802152144
0.8265864214768883 0.03897701201301789
0.8171966420818224 0.040408676423052806
0.8076157952903136 0.041857665182656455
0.7978496522462164 0.043318420738943555
0.7879040957089227 0.04478490885943879
0.7777851165098009 0.04625080559066208
0.7674988099435485 0.04770967869454934
0.7570513720966108 0.0491551569408179
0.746449096114892 0.05058108184961324
0.7356983684129987 0.051981637774907385
0.7248056648273034 0.0533514575217316
0.713777546715141 0.054685701938032634
0.7026206570024947 0.05598011306755988
0.691341716182545 0.05723104146150155
0.6799475182674938 0.058435449105711086
0.6684449266961098 0.05959089012201514
0.6568408701994456 0.06069547195099061
0.645142338627231 0.06174780013133803
0.6333563787374491 0.06274691007284848
0.6214900899516319 0.06369218939187157
0.6095506200784349 0.06458329445420882
0.5975451610080642 0.06542006476092944
0.5854809443801506 0.06620243872370157
0.5733652372276805 0.06693037420938709
0.5612053375996082 0.06760377698688395
0.54900857016478 0.06822243987863141
0.5367822817998334 0.06878599500112904
0.5245338371637088 0.06929388097205623
0.512270614261456 0.06974532636956807
0.4999999999999999 0.07013935006202975
0.4877293857385438 0.07047477830138513
0.475466162836291 0.07075027771604556
0.46321771820016633 0.07096440258248228
0.4509914298352198 0.07111565403723745
0.43879466240039156 0.07120254825484311
0.42663476277231926 0.07122369010444955
0.41451905561984914 0.07117784844789865
0.4024548389919357 0.07106402908680201
0.3904493799215649 0.07088154142797119
0.3785099100483679 0.07063005522439182
0.36664362126255073 0.07030964425699428
0.35485766137276875 0.0699208145291774
0.3431591298005543 0.06946451541449795
0.33155507330389 0.06894213317767035
0.320052481732506 0.06835546731894594
0.30865828381745486 0.06770669120436743
0.29737934299750524 0.06699829936981948
0.28622245328485874 0.06623304465912119
0.27519433517269654 0.0654138689181411
0.26430163158700104 0.06454383127396665
0.2535509038851079 0.0636260380538252
0.2429486279033891 0.06266357813614473
0.23250119005645137 0.061659466990738036
0.2222148834901989 0.060616601892578253
0.2120959042910774 0.05953772983911456
0.20215034775378343 0.058425428635187966
0.19238420470968637 0.05728210051359632
0.18280335791817703 0.056109976619112115
0.17341357852311146 0.05491112978329181
0.16422052257649067 0.05368749233227927
0.15522972763146647 0.052440875260848806
0.14644660940672616 0.05117298501414115
0.1378764585242665 0.049885434361096194
0.12952443732252045 0.04857974441174442
0.12139557674675777 0.04725733568941744
0.11349477331863145 0.04591950725937814
0.10582678618669683 0.044567404157592846
0.09839623425967753 0.04320197466249637
0.09120759342420814 0.041823920205442754
0.08426519384872727 0.04043364181824482
0.07757321737514639 0.039031187872214164
0.07113569499986394 0.037616208390768555
0.06495650444564427 0.03618792135699591
0.059039367825822475 0.03474509615552858
0.05338784940224234 0.03328605858208216
0.048005353438278275 0.031808720753104966
0.042895122148234655 0.03031063781181155
0.038060233744356575 0.02878909164230351
0.03350360058263052 0.0272411999791096
0.029227967408489597 0.025664047458398564
0.025235909703481607 0.024054833428438616
0.021529832133895532 0.022411029846579916
0.018111967102280024 0.020730541451841184
0.014984373402728013 0.01901185970910714
0.012148934980735715 0.01725420183814663
0.009607359798384785 0.01545762660015645
0.007361178805529334 0.013623119412155372
0.005411745017609493 0.011752640754468772
0.0037602327006450165 0.009849133653321584
0.0024076366639015356 0.00791648815377922
0.0013547716606548965 0.005959463019242093
0.0006022718974137975 0.003983567258949302
0.00015059065189787502 0.001994906345849358
0.0 0.0
0.00015059065189787502 -0.0018261943428722234
0.0006022718974137975 -0.0036432339166807336
0.0013547716606548965 -0.005441750331947772
0.0024076366639015356 -0.007212909444501593
0.0037602327006450165 -0.008948650228571296
0.005411745017609493 -0.01064189119911165
0.007361178805529334 -0.012286696175084284
0.009607359798384785 -0.013878393219681302
0.012148934980735715 -0.015413642922772055
0.014984373402728013 -0.01689045467479941
0.018111967102280024 -0.018308152082159357
0.021529832133895532 -0.019667291054759915
0.025235909703481607 -0.02096953622881206
0.029227967408489597 -0.02221750316017662
0.03350360058263052 -0.023414575046745875
0.038060233744356575 -0.02456470355112892
0.042895122148234655 -0.02567220356704971
0.048005353438278275 -0.026741551506368085
0.05338784940224234 -0.027777195912080704
0.059039367825822475 -0.02878338798859601
0.06495650444564427 -0.0297640380711131
0.07113569499986394 -0.03072260223691839
0.07757321737514639 -0.03166200131051733
0.08426519384872727 -0.03258457255370348
0.09120759342420814 -0.03349205247951048
0.09839623425967753 -0.03438558759335359
0.10582678618669683 -0.03526576853617014
0.11349477331863145 -0.03613268215109503
0.12139557674675777 -0.036985975458939196
0.12952443732252045 -0.0378249254219408
0.1378764585242665 -0.03864850868496021
0.14644660940672616 -0.03945546616679133
0.15522972763146647 -0.04024435836656151
0.16422052257649067 -0.04101360846790795
0.17341357852311146 -0.04176153167097964
0.18280335791817703 -0.04248635055793198
0.19238420470968637 -0.043186197601429416
0.20215034775378343 -0.043859107065875674
0.2120959042910774 -0.04450299945005657
0.2222148834901989 -0.04511566221935345
0.23250119005645137 -0.04569473084039675
0.2429486279033891 -0.04623767405077393
0.2535509038851079 -0.04674178688626384
0.26430163158700104 -0.0472041942869942
0.27519433517269654 -0.04762186717158988
0.28622245328485874 -0.04799165178068365
0.29737934299750524 -0.04831031193458453
0.30865828381745486 -0.04857458271519405
0.320052481732506 -0.04878123305787885
0.33155507330389 -0.0489271339047096
0.3431591298005543 -0.049009327991609744
0.35485766137276875 -0.049025097064732986
0.36664362126255073 -0.048972022369577116
0.3785099100483679 -0.04884803462950862
0.3904493799215649 -0.04865145040388288
0.4024548389919357 -0.04838099264266275
0.41451905561984914 -0.04803579436803674
0.42663476277231926 -0.047615385633204464
0.43879466240039156 -0.047119665144673605
0.4509914298352198 -0.04654885909519985
0.46321771820016633 -0.04590347075228647
0.475466162836291 -0.04518422510495651
0.4877293857385438 -0.04439201332864169
0.4999999999999999 -0.043527841944656184
0.512270614261456 -0.04259279131097913
0.5245338371637088 -0.04158798749450117
0.5367822817998334 -0.040514590676136455
0.54900857016478 -0.03937380208686872
0.5612053375996082 -0.03816689014170792
0.5733652372276805 -0.036895235020547604
0.5854809443801506 -0.03556038953871784
0.5975451610080642 -0.03416415285527452
0.6095506200784349 -0.03270865247732359
0.6214900899516319 -0.03119642921477899
0.6333563787374491 -0.02963051928403174
0.645142338627231 -0.02801452768987206
0.6568408701994456 -0.026352687344990203
0.6684449266961098 -0.02464989910003676
0.6799475182674938 -0.022911748911939433
0.691341716182545 -0.021144499706688382
0.7026206570024947 -0.019355057007492894
0.713777546715141 -0.017550908997873215
0.7248056648273034 -0.015740043262005232
0.7356983684129987 -0.013930843881461211
0.746449096114892 -0.012131973765985469
0.7570513720966108 -0.010352247968576396
0.7674988099435485 -0.008600504215742443
0.7777851165098009 -0.006885476932572707
0.7879040957089227 -0.005215680649161495
0.7978496522462164 -0.0035993078609833557
0.8076157952903136 -0.0020441452323503137
0.8171966420818224 -0.0005575105578305789
0.8265864214768883 0.0008537887672715142
0.8357794774235092 0.0021834767522454436
0.8447702723685334 0.0034258119595914904
0.8535533905932737 0.0045755769682746805
0.8621235414757333 0.005628059531730379
0.8704755626774794 0.006579031625226274
0.8786044232532422 0.007424732922820814
0.8865052266813687 0.008161865076767324
0.894173213813303 0.008787602481961058
0.9016037657403225 0.009299624021134243
0.9087924065757916 0.009696168664568704
0.9157348061512727 0.0099761158350498
0.9224267826248536 0.010139089265581562
0.928864305000136 0.010185580814801844
0.9350434955543556 0.01011708851493037
0.9409606321741775 0.009936261162731566
0.9466121505977576 0.009647040170049054
0.9519946465617215 0.00925478829334009
0.9571048778517655 0.008766394360612342
0.9619397662556433 0.008190343274266017
0.9664963994173694 0.007536741415121114
0.9707720325915102 0.0068172890896635386
0.9747640902965183 0.0060451937901581055
0.9784701678661044 0.005235020676776416
0.98188803289772 0.004402479708509382
0.985015626597272 0.0035641520842565554
0.9878510650192642 0.0027371619278367073
0.9903926402016152 0.0019388022739104188
0.9926388211944706 0.0011861272027147913
0.9945882549823906 0.0004955242616326973
0.9962397672993549 -0.0001177170423002534
0.9975923633360985 -0.0006398240018671499
0.9986452283393451 -0.001058929971946436
0.9993977281025862 -0.0013654181561923266
0.9998494093481021 -0.0015522055275691774
1.0 -0.0016149548246747283
