1.0 0.0017704868146199274
0.9998494093481021 0.0018452605187063965
0.9993977281025862 0.0020681344934833823
0.9986452283393451 0.0024348231274347243
0.9975923633360985 0.002938367122589058
0.9962397672993549 0.003569399561133518
0.9945882549823906 0.004316500857096657
0.9926388211944706 0.005166626163262331
0.9903926402016152 0.006105585624836657
0.9878510650192642 0.00711855570739239
0.985015626597272 0.008190598776644107
0.98188803289772 0.009307168208093537
0.9784701678661044 0.01045457752778031
0.9747640902965183 0.011620414342197695
0.9707720325915102 0.01279388296183474
0.9664963994173694 0.013966063469423081
0.9619397662556433 0.015130079308247111
0.9571048778517655 0.01628117002591117
0.9519946465617215 0.017416670358132106
0.9466121505977576 0.01853590113852614
0.9409606321741775 0.01963998136022378
0.9350434955543556 0.02073157391428241
0.928864305000136 0.021814579952672882
0.9224267826248536 0.022893798383915462
0.9157348061512727 0.023974567673157008
0.9087924065757916 0.025062406902905194
0.9016037657403225 0.026162672020608756
0.894173213813303 0.02728024146062325
0.8865052266813687 0.02841924301890225
0.8786044232532422 0.02958283113911668
0.8704755626774794 0.03077302080997925
0.8621235414757333 0.031990581246645694
0.8535533905932737 0.03323498959539042
0.8447702723685334 0.034504442202688695
0.8357794774235092 0.0357959186439422
0.8265864214768883 0.03710529179943442
0.8171966420818224 0.038427475848937645
0.8076157952903136 0.03975660315215182
0.7978496522462164 0.04108622057965816
0.7879040957089227 0.04240949592154066
0.7777851165098009 0.04371942547030279
0.7674988099435485 0.04500903467826229
0.7570513720966108 0.04627156484600237
0.746449096114892 0.04750064002442447
0.7356983684129987 0.04869040962896175
0.7248056648273034 0.04983566359937059
0.713777546715141 0.05093191823270362
0.7026206570024947 0.05197547202463038
0.691341716182545 0.052963431943285746
0.6799475182674938 0.053893711511561235
0.6684449266961098 0.05476500288077485
0.6568408701994456 0.05557672574219626
0.645142338627231 0.05632895644982456
0.6333563787374491 0.05702234112760289
0.6214900899516319 0.057657996816283336
0.6095506200784349 0.05823740488663245
0.5975451610080642 0.05876230101035171
0.5854809443801506 0.059234565937946446
0.5733652372276805 0.05965612118057576
0.5612053375996082 0.060028833425595396
0.54900857016478 0.060354431128196155
0.5367822817998334 0.060634436211912404
0.5245338371637088 0.060870113181433344
0.512270614261456 0.06106243721174118
0.4999999999999999 0.061212081946355044
0.4877293857385438 0.061319426841896583
0.475466162836291 0.0613845829728458
0.46321771820016633 0.06140743530344349
0.4509914298352198 0.061387698592768936
0.43879466240039156 0.06132498337573445
0.42663476277231926 0.061218867907000686
0.41451905561984914 0.0610689716106183
0.4024548389919357 0.06087502547948915
0.3904493799215649 0.06063693503575607
0.3785099100483679 0.06035483189963043
0.36664362126255073 0.06002911070529706
0.35485766137276875 0.05966044901504358
0.3431591298005543 0.059249808965732995
0.33155507330389 0.05879842056928698
0.320052481732506 0.05830774780413659
0.30865828381745486 0.05777943979493121
0.29737934299750524 0.05721527040052809
0.28622245328485874 0.05661707033903035
0.27519433517269654 0.0559866565093739
0.26430163158700104 0.05532576337540799
0.2535509038851079 0.05463598113641183
0.2429486279033891 0.05391870491824593
0.23250119005645137 0.05317509840848251
0.2222148834901989 0.05240607427846171
0.2120959042910774 0.05161229245888465
0.20215034775378343 0.0507941759541895
0.19238420470968637 0.049951942496523495
0.18280335791817703 0.049085649058292
0.17341357852311146 0.0481952451645132
0.16422052257649067 0.04728063016196938
0.15522972763146647 0.04634170918153857
0.14644660940672616 0.04537844251796882
0.1378764585242665 0.04439088356295954
0.12952443732252045 0.04337920124622403
0.12139557674675777 0.04234368411709417
0.11349477331863145 0.041284724659003916
0.10582678618669683 0.04020278406945541
0.09839623425967753 0.039098339440030744
0.09120759342420814 0.03797181690680356
0.08426519384872727 0.0368235157834853
0.07757321737514639 0.035653529819917505
0.07113569499986394 0.03446167244803144
0.06495650444564427 0.033247413113882275
0.059039367825822475 0.032009831508526425
0.05338784940224234 0.0307475956999637
0.048005353438278275 0.029458968868920292
0.042895122148234655 0.028141847635465095
0.038060233744356575 0.026793832936434756
0.03350360058263052 0.025412332206388128
0.029227967408489597 0.023994689375477895
0.025235909703481607 0.022538337081395955
0.021529832133895532 0.02104096365072706
0.018111967102280024 0.019500685974222776
0.014984373402728013 0.017916218492564404
0.012148934980735715 0.016287028202842432
0.009607359798384785 0.014613465930606284
0.007361178805529334 0.012896865084382673
0.005411745017609493 0.011139600672051378
0.0037602327006450165 0.009345103423473743
0.0024076366639015356 0.007517826307891092
0.0013547716606548965 0.005663163406918418
0.0006022718974137975 0.0037873238360481842
0.00015059065189787502 0.001897166024887021
0.0 0.0
0.00015059065189787502 -0.0020115347525048437
0.0006022718974137975 -0.0040148234475977955
0.0013547716606548965 -0.006001321109000735
0.0024076366639015356 -0.007962941814142118
0.0037602327006450165 -0.009892264124042652
0.005411745017609493 -0.01178270878879641
0.007361178805529334 -0.013628681712083314
0.009607359798384785 -0.015425676904179144
0.012148934980735715 -0.01717033614528087
0.014984373402728013 -0.01886046420943277
0.018111967102280024 -0.020495000646995214
0.021529832133895532 -0.022073951173571114
0.025235909703481607 -0.023598283555504914
0.029227967408489597 -0.02506979441955836
0.03350360058263052 -0.026490954568808782
0.038060233744356575 -0.027864741102902647
0.042895122148234655 -0.029194464889186714
0.048005353438278275 -0.030483601709999055
0.05338784940224234 -0.031735634745759106
0.059039367825822475 -0.03295391499400235
0.06495650444564427 -0.03414154484367059
0.07113569499986394 -0.035301288411627725
0.07757321737514639 -0.036435510506040165
0.08426519384872727 -0.03754614431583437
0.09120759342420814 -0.03863468624265397
0.09839623425967753 -0.039702214789731995
0.10582678618669683 -0.04074942918556117
0.11349477331863145 -0.04177670251544853
0.12139557674675777 -0.042784143605035865
0.12952443732252045 -0.043771661766153054
0.1378764585242665 -0.04473902877112065
0.14644660940672616 -0.04568593303649456
0.15522972763146647 -0.04661202191876914
0.16422052257649067 -0.04751692918186673
0.17341357852311146 -0.048400286004960866
0.18280335791817703 -0.04926171526712205
0.19238420470968637 -0.05010081017857685
0.20215034775378343 -0.050917099537665704
0.2120959042910774 -0.0517100028988314
0.2222148834901989 -0.052478779676522494
0.23250119005645137 -0.053222476638507314
0.2429486279033891 -0.05393987833763526
0.2535509038851079 -0.054629464794671206
0.26430163158700104 -0.05528938020049958
0.27519433517269654 -0.05591741559874012
0.28622245328485874 -0.0565110075022511
0.29737934299750524 -0.05706725326486842
0.30865828381745486 -0.05758294285651092
0.320052481732506 -0.05805460556080667
0.33155507330389 -0.05847856911083953
0.3431591298005543 -0.05885102797185553
0.35485766137276875 -0.05916811692634768
0.36664362126255073 -0.059425985854678925
0.3785099100483679 -0.05962087164973337
0.3904493799215649 -0.05974916355095306
0.4024548389919357 -0.05980745880343288
0.41451905561984914 -0.059792606393410344
0.42663476277231926 -0.059701737617844024
0.43879466240039156 -0.05953228333624591
0.4509914298352198 -0.059281978844526545
0.46321771820016633 -0.058948858319930804
0.475466162836291 -0.05853124163544506
0.4877293857385438 -0.05802771696497736
0.4999999999999999 -0.057437122947093765
0.512270614261456 -0.05675853421521407
0.5245338371637088 -0.05599125382853297
0.5367822817998334 -0.05513481556649128
0.54900857016478 -0.05418899821880193
0.5612053375996082 -0.05315385297122945
0.5733652372276805 -0.05202974382892205
0.5854809443801506 -0.05081739981928359
0.5975451610080642 -0.04951797656508083
0.6095506200784349 -0.04813312380386654
0.6214900899516319 -0.046665054631809644
0.6333563787374491 -0.04511661173433846
0.645142338627231 -0.043491325679011435
0.6568408701994456 -0.041793460511005166
0.6684449266961098 -0.040028042406548496
0.6799475182674938 -0.03820086797683714
0.691341716182545 -0.03631848992249036
0.7026206570024947 -0.03438817904348233
0.713777546715141 -0.032417863022494504
0.7248056648273034 -0.030416043821460202
0.7356983684129987 -0.02839169685916673
0.746449096114892 -0.026354156273805922
0.7570513720966108 -0.02431299143133083
0.7674988099435485 -0.02227788034941217
0.7777851165098009 -0.02025848582216022
0.7879040957089227 -0.018264339734443125
0.7978496522462164 -0.01630474035793348
0.8076157952903136 -0.014388666364795081
0.8171966420818224 -0.012524709947503505
0.8265864214768883 -0.01072102988636035
0.8357794774235092 -0.008985323769102164
0.8447702723685334 -0.00732481695916046
0.8535533905932737 -0.005746264452339432
0.8621235414757333 -0.004255960571177873
0.8704755626774794 -0.0028597506225061646
0.8786044232532422 -0.0015630382647130732
0.8865052266813687 -0.00037078244632738917
0.894173213813303 0.0007125215971356359
0.9016037657403225 0.0016828816848389553
0.9087924065757916 0.002536871215129152
0.9157348061512727 0.0032717158163359846
0.9224267826248536 0.0038854029339038887
0.928864305000136 0.004376810935183909
0.9350434955543556 0.0047458521392451805
0.9409606321741775 0.00499362221310401
0.9466121505977576 0.005122546764153193
0.9519946465617215 0.005136514830788957
0.9571048778517655 0.005040988432773038
0.9619397662556433 0.00484307745957537
0.9664963994173694 0.004551569979335144
0.9707720325915102 0.004176909531086435
0.9747640902965183 0.0037311130632797247
0.9784701678661044 0.003227625806179799
0.98188803289772 0.002681112382110099
0.985015626597272 0.0021071867046200867
0.9878510650192642 0.0015220865148197933
0.9903926402016152 0.0009423015609028506
0.9926388211944706 0.0003841672584815204
0.9945882549823906 -0.0001365619978013178
0.9962397672993549 -0.0006051440143971648
0.9975923633360985 -0.001008267686636604
0.9986452283393451 -0.0013344427136422615
0.9993977281025862 -0.0015743440184349529
0.9998494093481021 -0.0017210963404234159
1.0 -0.0017704868146199274
