1.0 0.0015403297019549915
0.9998494093481021 0.0016240756838701398
0.9993977281025862 0.0018738701464834718
0.9986452283393451 0.0022854372308002565
0.9975923633360985 0.002851829905664558
0.9962397672993549 0.0035636902178809563
0.9945882549823906 0.0044095964215120674
0.9926388211944706 0.005376480858067719
0.9903926402016152 0.006450099341007435
0.9878510650192642 0.007615530677526706
0.985015626597272 0.008857683936208255
0.98188803289772 0.01016179117725094
0.9784701678661044 0.01151386457604307
0.9747640902965183 0.012901099103869496
0.9707720325915102 0.01431220504034573
0.9664963994173694 0.015737658394714752
0.9619397662556433 0.017169861588327416
0.9571048778517655 0.018603211259821277
0.9519946465617215 0.020034074553913168
0.9466121505977576 0.02146067950952523
0.9409606321741775 0.022882928960679207
0.9350434955543556 0.02430215052537511
0.928864305000136 0.025720797647399693
0.9224267826248536 0.02714211818623169
0.9157348061512727 0.028569807685041273
0.9087924065757916 0.03000766420142417
0.9016037657403225 0.03145926052275691
0.894173213813303 0.03292764781202187
0.8865052266813687 0.03441510237760379
0.8786044232532422 0.03592292449176478
0.8704755626774794 0.03745129516913488
0.8621235414757333 0.038999193731688996
0.8535533905932737 0.040564375994250335
0.8447702723685334 0.04214341015048634
0.8357794774235092 0.043731765044278774
0.8265864214768883 0.04532394356562367
0.8171966420818224 0.04691365247120623
0.8076157952903136 0.04849399902150075
0.7978496522462164 0.05005770444111801
0.7879040957089227 0.05159732431178166
0.7777851165098009 0.05310546653974061
0.7674988099435485 0.05457499842707354
0.7570513720966108 0.05599923553482379
0.746449096114892 0.05737210636742043
0.7356983684129987 0.058688288347254584
0.7248056648273034 0.05994331200806263
0.713777546715141 0.06113363174985657
0.7026206570024947 0.0622566628142988
0.691341716182545 0.06331078532022048
0.6799475182674938 0.0642953172214248
0.6684449266961098 0.06521045890289294
0.6568408701994456 0.06605721281742626
0.645142338627231 0.06683728209057441
0.6333563787374491 0.06755295239986574
0.6214900899516319 0.06820696167882875
0.6095506200784349 0.0688023623200885
0.5975451610080642 0.06934238056521588
0.5854809443801506 0.06983027767860817
0.5733652372276805 0.07026921731135655
0.5612053375996082 0.07066214316872875
0.54900857016478 0.0710116706999836
0.5367822817998334 0.07131999603060855
0.5245338371637088 0.0715888247561853
0.512270614261456 0.07181932252005489
0.4999999999999999 0.07201208851623163
0.4877293857385438 0.07216715221451941
0.475466162836291 0.07228399272416224
0.46321771820016633 0.07236157933040567
0.4509914298352198 0.07239843089547096
0.43879466240039156 0.07239269105532231
0.42663476277231926 0.07234221551015992
0.41451905561984914 0.07224466724054521
0.4024548389919357 0.07209761521643937
0.3904493799215649 0.07189863212714391
0.3785099100483679 0.07164538685720195
0.36664362126255073 0.07133572786295572
0.35485766137276875 0.07096775424711978
0.3431591298005543 0.07053987214948318
0.33155507330389 0.0700508350219502
0.320052481732506 0.06949976737583716
0.30865828381745486 0.06888617261180964
0.29737934299750524 0.06820992649873628
0.28622245328485874 0.0674712586903436
0.27519433517269654 0.06667072529892341
0.26430163158700104 0.06580917593703352
0.2535509038851079 0.06488771876124616
0.2429486279033891 0.06390768689601665
0.23250119005645137 0.06287060919104011
0.2222148834901989 0.06177818760315858
0.2120959042910774 0.06063228264415078
0.20215034775378343 0.05943490736450163
0.19238420470968637 0.05818822932759079
0.18280335791817703 0.05689457905121034
0.17341357852311146 0.055556462535720906
0.16422052257649067 0.054176574835122004
0.15522972763146647 0.052757811220241084
0.14644660940672616 0.05130327237515202
0.1378764585242665 0.049816260279446196
0.12952443732252045 0.04830026195607047
0.12139557674675777 0.04675891907794043
0.11349477331863145 0.04519598247355736
0.10582678618669683 0.04361525177917599
0.09839623425967753 0.042020501764080925
0.09120759342420814 0.0404153981085815
0.08426519384872727 0.0388034065419301
0.07757321737514639 0.03718770015569467
0.07113569499986394 0.03557107031637349
0.06495650444564427 0.03395584684798412
0.059039367825822475 0.03234383300451748
0.05338784940224234 0.030736260195350692
0.048005353438278275 0.029133766485548933
0.042895122148234655 0.027536401618097946
0.038060233744356575 0.0259436597732907
0.03350360058263052 0.02435453958978527
0.029227967408489597 0.02276762923494604
0.025235909703481607 0.021181212648496272
0.021529832133895532 0.019593391611105453
0.018111967102280024 0.018002217115957234
0.014984373402728013 0.016405822736074913
0.012148934980735715 0.014802552347731346
0.009607359798384785 0.01319107472509052
0.007361178805529334 0.011570478164678058
0.005411745017609493 0.009940339397982036
0.0037602327006450165 0.008300762542027988
0.0024076366639015356 0.006652385628807673
0.0013547716606548965 0.00499635423074699
0.0006022718974137975 0.003334263732642683
0.00015059065189787502 0.0016680737570267214
0.0 0.0
0.00015059065189787502 -0.0019499603343443798
0.0006022718974137975 -0.0038911527178529816
0.0013547716606548965 -0.005814580905795196
0.0024076366639015356 -0.0077117100593707315
0.0037602327006450165 -0.009574672804333053
0.005411745017609493 -0.011396446983305462
0.007361178805529334 -0.013170997970458887
0.009607359798384785 -0.01489338022358353
0.012148934980735715 -0.0165597948075954
0.014984373402728013 -0.01816760182012024
0.018111967102280024 -0.019715288862135055
0.021529832133895532 -0.021202398803203515
0.025235909703481607 -0.02262942197750695
0.029227967408489597 -0.02399765951360164
0.03350360058263052 -0.025309065667311892
0.038060233744356575 -0.026566077737368497
0.042895122148234655 -0.027771442368544036
0.048005353438278275 -0.02892804678696446
0.05338784940224234 -0.03003876279504602
0.059039367825822475 -0.03110631023330424
0.06495650444564427 -0.0321331451697628
0.07113569499986394 -0.033121376399007633
0.07757321737514639 -0.03407271202775466
0.08426519384872727 -0.034988436102693476
0.09120759342420814 -0.035869413507979335
0.09839623425967753 -0.03671611982417644
0.10582678618669683 -0.037528691583278866
0.11349477331863145 -0.03830699144169329
0.12139557674675777 -0.03905068226756808
0.12952443732252045 -0.03975930401797473
0.1378764585242665 -0.040432347556600856
0.14644660940672616 -0.04106932020035034
0.15522972763146647 -0.041669798727927775
0.16422052257649067 -0.042233466761370964
0.17341357852311146 -0.04276013475588946
0.18280335791817703 -0.04324974221056289
0.19238420470968637 -0.04370234304803403
0.20215034775378343 -0.04411807631641503
0.2120959042910774 -0.0444971253636647
0.2222148834901989 -0.044839669362442006
0.23250119005645137 -0.045145831480732944
0.2429486279033891 -0.04541562808174025
0.2535509038851079 -0.04564892310030709
0.26430163158700104 -0.04584539120983196
0.27519433517269654 -0.04600449261086796
0.28622245328485874 -0.04612546130471457
0.29737934299750524 -0.04620730763856914
0.30865828381745486 -0.046248834805846566
0.320052481732506 -0.04624866793918458
0.33155507330389 -0.04620529352201346
0.3431591298005543 -0.046117106133971165
0.35485766137276875 -0.04598245908675916
0.36664362126255073 -0.04579971533185517
0.3785099100483679 -0.04556729513993241
0.3904493799215649 -0.04528371745185363
0.4024548389919357 -0.04494763244946955
0.41451905561984914 -0.04455784373914411
0.42663476277231926 -0.044113319514988016
0.43879466240039156 -0.0436131930951781
0.4509914298352198 -0.043056754222030126
0.46321771820016633 -0.04244343340483321
0.475466162836291 -0.04177278229151909
0.4877293857385438 -0.04104445352168105
0.4999999999999999 -0.040258183697433725
0.512270614261456 -0.03941378298913775
0.5245338371637088 -0.03851113447181555
0.5367822817998334 -0.03755020558981591
0.54900857016478 -0.036531073218102034
0.5612053375996082 -0.03545396269308236
0.5733652372276805 -0.034319300002897186
0.5854809443801506 -0.0331277751438014
0.5975451610080642 -0.031880413555378226
0.6095506200784349 -0.03057865162821872
0.6214900899516319 -0.02922441160834455
0.6333563787374491 -0.027820170861705747
0.645142338627231 -0.026369020447328324
0.6568408701994456 -0.02487470829270874
0.6684449266961098 -0.023341662957663593
0.6799475182674938 -0.021774994975286083
0.691341716182545 -0.020180474009651447
0.7026206570024947 -0.01856448148842247
0.713777546715141 -0.016933939859035328
0.7248056648273034 -0.015296221076185432
0.7356983684129987 -0.0136590382515061
0.746449096114892 -0.01203032548587815
0.7570513720966108 -0.010418111676662907
0.7674988099435485 -0.008830394482385453
0.7777851165098009 -0.007275020597303955
0.7879040957089227 -0.005759578027905108
0.7978496522462164 -0.004291305192986466
0.8076157952903136 -0.002877020438724665
0.8171966420818224 -0.0015230740472787325
0.8265864214768883 -0.0002353231219167748
0.8357794774235092 0.0009808720303767125
0.8447702723685334 0.002120633101431675
0.8535533905932737 0.003179535172007276
0.8621235414757333 0.0041535701111418185
0.8704755626774794 0.005039108624807888
0.8786044232532422 0.005832867935636884
0.8865052266813687 0.006531891894754145
0.894173213813303 0.007133549612339593
0.9016037657403225 0.007635557470478302
0.9087924065757916 0.008036027711180827
0.9157348061512727 0.00833354476817814
0.9224267826248536 0.008527268255136082
0.928864305000136 0.008617059177912697
0.9350434955543556 0.008603623658946409
0.9409606321741775 0.008488666404526345
0.9466121505977576 0.008275044459200952
0.9519946465617215 0.00796691060655714
0.9571048778517655 0.007569835195604807
0.9619397662556433 0.007090895265983244
0.9664963994173694 0.006538720642024
0.9707720325915102 0.005923488151082843
0.9747640902965183 0.005256857237710884
0.9784701678661044 0.004551842893318631
0.98188803289772 0.0038226248661123027
0.985015626597272 0.003084295394822325
0.9878510650192642 0.002352551039499735
0.9903926402016152 0.0016433373724720562
0.9926388211944706 0.0009724581545908946
0.9945882549823906 0.00035516298297029827
0.9962397672993549 -0.00019427089128382698
0.9975923633360985 -0.000662945926358798
0.9986452283393451 -0.0010397240672790171
0.9993977281025862 -0.0013155629099427589
0.9998494093481021 -0.00148379379467007
1.0 -0.0015403297019549915
