1.0 0.0017101361579086262
0.9998494093481021 0.0017940135225314566
0.9993977281025862 0.002044190791841623
0.9986452283393451 0.002456359261554522
0.9975923633360985 0.0030235210385373395
0.9962397672993549 0.0037362549390256355
0.9945882549823906 0.004583071188366119
0.9926388211944706 0.005550838474061487
0.9903926402016152 0.00662526371735983
0.9878510650192642 0.00779140275558381
0.985015626597272 0.009034179067755412
0.98188803289772 0.010338887767140578
0.9784701678661044 0.011691663299500884
0.9747640902965183 0.013079891537328869
0.9707720325915102 0.014492550105470218
0.9664963994173694 0.015920464624211667
0.9619397662556433 0.017356472890623458
0.9571048778517655 0.018795493596442434
0.9519946465617215 0.020234500754627013
0.9466121505977576 0.021672409339597402
0.9409606321741775 0.023109881523336217
0.9350434955543556 0.024549066130180937
0.928864305000136 0.025993286399584262
0.9224267826248536 0.02744669274965154
0.9157348061512727 0.028913897938045528
0.9087924065757916 0.030399611835335197
0.9016037657403225 0.03190829202120589
0.894173213813303 0.0334438246896187
0.8865052266813687 0.03500924804125316
0.8786044232532422 0.03660652760935834
0.8704755626774794 0.03823638997925861
0.8621235414757333 0.039898218294009954
0.8535533905932737 0.0415900099516006
0.8447702723685334 0.04330839413710159
0.8357794774235092 0.045048704415580273
0.8265864214768883 0.04680509962766755
0.8171966420818224 0.048570724836118614
0.8076157952903136 0.05033790309248019
0.7978496522462164 0.05209834832122979
0.7879040957089227 0.05384338962066498
0.7777851165098009 0.05556419769984715
0.7674988099435485 0.05725200493785354
0.7570513720966108 0.05889831158523525
0.746449096114892 0.06049507184489709
0.7356983684129987 0.06203485489065429
0.7248056648273034 0.06351097723424207
0.713777546715141 0.0649176041745696
0.7026206570024947 0.06624981930880505
0.691341716182545 0.06750366221967678
0.6799475182674938 0.06867613545664951
0.6684449266961098 0.06976518279137418
0.6568408701994456 0.07076964144997747
0.645142338627231 0.07168917161230762
0.6333563787374491 0.07252416693011918
0.6214900899516319 0.07327565016148478
0.6095506200784349 0.07394515825458757
0.5975451610080642 0.07453462134418924
0.5854809443801506 0.07504624014826368
0.5733652372276805 0.07548236616678601
0.5612053375996082 0.07584538888343872
0.54900857016478 0.07613763384760237
0.5367822817998334 0.07636127506390138
0.5245338371637088 0.07651826453955343
0.512270614261456 0.0766102811421096
0.4999999999999999 0.07663870011640049
0.4877293857385438 0.07660458372333846
0.475466162836291 0.07650869252761644
0.46321771820016633 0.07635151591749186
0.4509914298352198 0.07613331953520286
0.43879466240039156 0.07585420648195373
0.42663476277231926 0.0755141884874463
0.41451905561984914 0.07511326274706537
0.4024548389919357 0.0746514898682845
0.3904493799215649 0.074129068357959
0.3785099100483679 0.0735464013352664
0.36664362126255073 0.07290415166545743
0.35485766137276875 0.07220328245375224
0.3431591298005543 0.07144508077582669
0.33155507330389 0.07063116359521596
0.320052481732506 0.0697634659604613
0.30865828381745486 0.06884421271024137
0.29737934299750524 0.06787587596509917
0.28622245328485874 0.06686112157523544
0.27519433517269654 0.06580274835993563
0.26430163158700104 0.06470362436477163
0.2535509038851079 0.0635666244458984
0.2429486279033891 0.062394573256610304
0.23250119005645137 0.06119019717337249
0.2222148834901989 0.05995608789352416
0.2120959042910774 0.05869467942261647
0.20215034775378343 0.057408239021103744
0.19238420470968637 0.056098871485163175
0.18280335791817703 0.054768534987827557
0.17341357852311146 0.05341906569618274
0.16422052257649067 0.05205220759155267
0.15522972763146647 0.05066964342072763
0.14644660940672616 0.04927302254500044
0.1378764585242665 0.04786398165257344
0.12952443732252045 0.04644415485377162
0.12139557674675777 0.04501517055444896
0.11349477331863145 0.04357863364175346
0.10582678618669683 0.04213609283628877
0.09839623425967753 0.040688994467078264
0.09120759342420814 0.03923862530217556
0.08426519384872727 0.03778604830804758
0.07757321737514639 0.03633203621128222
0.07113569499986394 0.034877008407665555
0.06495650444564427 0.033420977038979456
0.059039367825822475 0.03196350789726553
0.05338784940224234 0.03050370121143372
0.048005353438278275 0.029040196346514047
0.042895122148234655 0.02757120305815596
0.038060233744356575 0.026094560279541337
0.03350360058263052 0.024607821583354523
0.029227967408489597 0.023108364582455583
0.025235909703481607 0.021593519741328678
0.021529832133895532 0.020060712496015095
0.018111967102280024 0.01850761134133555
0.014984373402728013 0.016932273738695585
0.012148934980735715 0.015333281395800204
0.009607359798384785 0.01370985670796415
0.007361178805529334 0.012061952929523691
0.005411745017609493 0.01039031192594677
0.0037602327006450165 0.008696485070028095
0.0024076366639015356 0.0069828148856697445
0.0013547716606548965 0.005252377282736016
0.0006022718974137975 0.0035088865234222198
0.00015059065189787502 0.001756567265845513
0.0 0.0
0.00015059065189787502 -0.0017024264190135469
0.0006022718974137975 -0.003398428863925763
0.0013547716606548965 -0.0050812870739593355
0.0024076366639015356 -0.00674470829667999
0.0037602327006450165 -0.008383015871891561
0.005411745017609493 -0.009991308937191665
0.007361178805529334 -0.011565586056755062
0.009607359798384785 -0.01310282747613008
0.012148934980735715 -0.014601032870424505
0.014984373402728013 -0.016059213758777766
0.018111967102280024 -0.01747734207489596
0.021529832133895532 -0.01885625858261137
0.025235909703481607 -0.02019754678594197
0.029227967408489597 -0.021503379599161335
0.03350360058263052 -0.0227763472293533
0.038060233744356575 -0.02401927542326256
0.042895122148234655 -0.02523504341257143
0.048005353438278275 -0.026426410558218125
0.05338784940224234 -0.027595859876282665
0.059039367825822475 -0.028745465384352888
0.06495650444564427 -0.029876788621015372
0.07113569499986394 -0.030990807863524393
0.07757321737514639 -0.03208788161314636
0.08426519384872727 -0.033167745952459186
0.09120759342420814 -0.03422954351996243
0.09839623425967753 -0.0352718802012836
0.10582678618669683 -0.03629290429384952
0.11349477331863145 -0.037290401932885034
0.12139557674675777 -0.038261902015833085
0.12952443732252045 -0.0392047837473851
0.1378764585242665 -0.0401163802382042
0.14644660940672616 -0.04099407229060692
0.15522972763146647 -0.04183536753391142
0.16422052257649067 -0.0426379613517184
0.17341357852311146 -0.04339977748032038
0.18280335791817703 -0.044118987651754295
0.19238420470968637 -0.04479401110618919
0.20215034775378343 -0.04542349611192091
0.2120959042910774 -0.04600628672497321
0.2222148834901989 -0.04654137882933614
0.23250119005645137 -0.04702786997972726
0.2429486279033891 -0.04746490770182764
0.2535509038851079 -0.047851640695262654
0.26430163158700104 -0.04818717686103446
0.27519433517269654 -0.04847055128787508
0.28622245328485874 -0.048700706348699226
0.29737934299750524 -0.04887648495899728
0.30865828381745486 -0.048996636920105946
0.320052481732506 -0.04905983719855399
0.33155507330389 -0.049064714058831706
0.3431591298005543 -0.049009884239968576
0.35485766137276875 -0.04889399189858283
0.36664362126255073 -0.048715747864653186
0.3785099100483679 -0.04847396588070428
0.3904493799215649 -0.04816759290683487
0.4024548389919357 -0.047795731237459754
0.41451905561984914 -0.047357651035808884
0.42663476277231926 -0.04685279287884521
0.43879466240039156 -0.04628076093791588
0.4509914298352198 -0.045641308414544585
0.46321771820016633 -0.04493431772382748
0.475466162836291 -0.04415977859571717
0.4877293857385438 -0.043317767686816375
0.4999999999999999 -0.04240843342050297
0.512270614261456 -0.04143198958163242
0.5245338371637088 -0.04038872068788623
0.5367822817998334 -0.03927900137119034
0.54900857016478 -0.038103330979982815
0.5612053375996082 -0.036862383426005604
0.5733652372276805 -0.03555707103165484
0.5854809443801506 -0.03418861987821736
0.5975451610080642 -0.032758653006025984
0.6095506200784349 -0.031269276864312634
0.6214900899516319 -0.02972316572952646
0.6333563787374491 -0.02812363846688638
0.645142338627231 -0.02647472203951502
0.6568408701994456 -0.02478119658562543
0.6684449266961098 -0.023048617672676224
0.6799475182674938 -0.021283312457051864
0.691341716182545 -0.019492347862821387
0.7026206570024947 -0.01768347045693429
0.713777546715141 -0.015865019339117083
0.7248056648273034 -0.01404581497263949
0.7356983684129987 -0.012235028346010444
0.746449096114892 -0.010442036071432192
0.7570513720966108 -0.008676267903673714
0.7674988099435485 -0.00694705363413625
0.7777851165098009 -0.005263476336826733
0.7879040957089227 -0.0036342385033049217
0.7978496522462164 -0.0020675467217004346
0.8076157952903136 -0.0005710192810919652
0.8171966420818224 0.000848380504023815
0.8265864214768883 0.002184384250828954
0.8357794774235092 0.003431432634271549
0.8447702723685334 0.004584666414702559
0.8535533905932737 0.005639898773068282
0.8621235414757333 0.006593574738411673
0.8704755626774794 0.007442724470071161
0.8786044232532422 0.008184917651474626
0.8865052266813687 0.008818226212463523
0.894173213813303 0.009341202006356835
0.9016037657403225 0.009752874947382511
0.9087924065757916 0.01005277552145279
0.9157348061512727 0.010240983610437689
0.9224267826248536 0.010318203337955332
0.928864305000136 0.010285861295905828
0.9350434955543556 0.010146223201139778
0.9409606321741775 0.009902521919479396
0.9466121505977576 0.009559088031244065
0.9519946465617215 0.009121472832555709
0.9571048778517655 0.008596552977509716
0.9619397662556433 0.007992605941001976
0.9664963994173694 0.007319346153857266
0.9707720325915102 0.006587913021010119
0.9747640902965183 0.0058108040262702335
0.9784701678661044 0.005001748658714955
0.98188803289772 0.0041755218345992055
0.985015626597272 0.0033476986744333586
0.9878510650192642 0.002534355747393259
0.9903926402016152 0.0017517270253886085
0.9926388211944706 0.0010158256103289355
0.9945882549823906 0.0003420446378239457
0.9962397672993549 -0.00025524752900824314
0.9975923633360985 -0.0007631017343241387
0.9986452283393451 -0.0011703558587489607
0.9993977281025862 -0.001467960496159125
0.9998494093481021 -0.001649248435733817
1.0 -0.0017101361579086262
