1.0 0.0016185333320402299
0.9998494093481021 0.0016999536338207517
0.9993977281025862 0.001942756217210163
0.9986452283393451 0.002342621926637445
0.9975923633360985 0.0028925355883136984
0.9962397672993549 0.003583052122093139
0.9945882549823906 0.004402651553089571
0.9926388211944706 0.005338166487524528
0.9903926402016152 0.006375262434402602
0.9878510650192642 0.007498949185418095
0.985015626597272 0.008694100410106258
0.98188803289772 0.009945958719158798
0.9784701678661044 0.011240604669567495
0.9747640902965183 0.01256537044311872
0.9707720325915102 0.013909182081917357
0.9664963994173694 0.015262818022618415
0.9619397662556433 0.016619076012730723
0.9571048778517655 0.017972845075543895
0.9519946465617215 0.019321083767258447
0.9466121505977576 0.02066271030201691
0.9409606321741775 0.02199841399141187
0.9350434955543556 0.02333040067233572
0.928864305000136 0.024662087241632373
0.9224267826248536 0.02599776198816738
0.9157348061512727 0.02734222807529716
0.9087924065757916 0.028700447293941382
0.9016037657403225 0.030077200141731212
0.894173213813303 0.031476776492465004
0.8865052266813687 0.032902708741519994
0.8786044232532422 0.03435755650973387
0.8704755626774794 0.03584274893595277
0.8621235414757333 0.03735848746386422
0.8535533905932737 0.038903708999789205
0.8447702723685334 0.04047610653452846
0.8357794774235092 0.042072201908198645
0.8265864214768883 0.04368746344539589
0.8171966420818224 0.04531645975827267
0.8076157952903136 0.04695304013211495
0.7978496522462164 0.04859053156398962
0.7879040957089227 0.05022194268321333
0.7777851165098009 0.05184016538219628
0.7674988099435485 0.05343816594947036
0.7570513720966108 0.05500915873451563
0.746449096114892 0.056546756793353144
0.7356983684129987 0.058045095474048326
0.7248056648273034 0.059498926419063895
0.713777546715141 0.060903680915324256
0.7026206570024947 0.062255502855829814
0.691341716182545 0.06355125274732931
0.6799475182674938 0.06478848518116337
0.6684449266961098 0.06596540296748343
0.6568408701994456 0.06708079171725274
0.645142338627231 0.06813393905156405
0.6333563787374491 0.06912454283979612
0.6214900899516319 0.07005261293592678
0.6095506200784349 0.07091837081526847
0.5975451610080642 0.0717221513296499
0.5854809443801506 0.07246431051234783
0.5733652372276805 0.07314514298618773
0.5612053375996082 0.07376481206747391
0.54900857016478 0.07432329512107888
0.5367822817998334 0.07482034611397778
0.5245338371637088 0.07525547664295981
0.512270614261456 0.07562795598747084
0.4999999999999999 0.07593682997542735
0.4877293857385438 0.07618095766878408
0.475466162836291 0.07635906410283685
0.46321771820016633 0.07646980658013303
0.4509914298352198 0.07651185136176325
0.43879466240039156 0.07648395705280814
0.42663476277231926 0.07638506058095833
0.41451905561984914 0.07621436144998808
0.4024548389919357 0.07597139993783991
0.3904493799215649 0.07565612511754333
0.3785099100483679 0.07526894901054301
0.36664362126255073 0.07481078382473265
0.35485766137276875 0.0742830600574479
0.3431591298005543 0.07368772421673853
0.33155507330389 0.07302721598003298
0.320052481732506 0.07230442570613933
0.30865828381745486 0.07152263427723657
0.29737934299750524 0.07068543820403962
0.28622245328485874 0.06979666371565212
0.27519433517269654 0.06886027412066605
0.26430163158700104 0.0678802750261733
0.2535509038851079 0.06686062201199237
0.2429486279033891 0.06580513507371598
0.23250119005645137 0.06471742358612155
0.2222148834901989 0.06360082473445039
0.2120959042910774 0.06245835736990572
0.20215034775378343 0.06129269213727282
0.19238420470968637 0.06010613757688814
0.18280335791817703 0.05890064080484918
0.17341357852311146 0.05767780040718592
0.16422052257649067 0.05643888842047744
0.15522972763146647 0.055184877773819536
0.14644660940672616 0.05391647137686489
0.1378764585242665 0.05263412917478918
0.12952443732252045 0.0513380899475526
0.12139557674675777 0.05002838537665992
0.11349477331863145 0.04870484488323166
0.10582678618669683 0.04736709088209489
0.09839623425967753 0.046014525308467426
0.09120759342420814 0.04464630945892845
0.08426519384872727 0.043261340247877984
0.07757321737514639 0.04185822682210267
0.07113569499986394 0.04043527202055515
0.06495650444564427 0.038990463355281446
0.059039367825822475 0.03752147798903542
0.05338784940224234 0.036025705590469345
0.048005353438278275 0.034500291983666526
0.042895122148234655 0.03294220522885795
0.038060233744356575 0.031348324254931885
0.03350360058263052 0.02971554851201686
0.029227967408489597 0.028040925438179248
0.025235909703481607 0.026321790958349793
0.021529832133895532 0.024555916873656894
0.018111967102280024 0.022741657961937264
0.014984373402728013 0.020878090982774523
0.012148934980735715 0.018965137624572324
0.009607359798384785 0.017003663777642068
0.007361178805529334 0.01499554836302505
0.005411745017609493 0.012943716254457243
0.0037602327006450165 0.010852131530778547
0.0024076366639015356 0.008725749290331082
0.0013547716606548965 0.006570426427736575
0.0006022718974137975 0.004392793983230084
0.00015059065189787502 0.0022000957868413217
0.0 0.0
0.00015059065189787502 -0.0015704848987641883
0.0006022718974137975 -0.0031358005434055057
0.0013547716606548965 -0.004690498024389407
0.0024076366639015356 -0.006229533781188937
0.0037602327006450165 -0.007748446558184563
0.005411745017609493 -0.009243504910021455
0.007361178805529334 -0.010711817987724007
0.009607359798384785 -0.012151404329986973
0.012148934980735715 -0.013561215650257539
0.014984373402728013 -0.014941115019558821
0.018111967102280024 -0.01629181126015922
0.021529832133895532 -0.01761475364961955
0.025235909703481607 -0.01891199306075876
0.029227967408489597 -0.02018601731937315
0.03350360058263052 -0.02143956975964436
0.038060233744356575 -0.022675460636498376
0.042895122148234655 -0.02389638118531665
0.048005353438278275 -0.02510472970552053
0.05338784940224234 -0.02630245812076507
0.059039367825822475 -0.027490946099325505
0.06495650444564427 -0.028670908093355672
0.07113569499986394 -0.029842336683957155
0.07757321737514639 -0.031004483521709765
0.08426519384872727 -0.032155877055553325
0.09120759342420814 -0.033294374269773
0.09839623425967753 -0.034417241911944146
0.10582678618669683 -0.03552126128947408
0.11349477331863145 -0.036602849711531445
0.12139557674675777 -0.03765819110261341
0.12952443732252045 -0.038683368230634986
0.1378764585242665 -0.03967448936364371
0.14644660940672616 -0.04062780295446624
0.15522972763146647 -0.04153979508639216
0.16422052257649067 -0.042407265809983614
0.17341357852311146 -0.043227382061765365
0.18280335791817703 -0.04399770647308665
0.19238420470968637 -0.04471620294483744
0.20215034775378343 -0.04538122128072619
0.2120959042910774 -0.04599146435149133
0.2222148834901989 -0.046545942136411486
0.23250119005645137 -0.04704391751125153
0.2429486279033891 -0.04748484880312276
0.2535509038851079 -0.04786833391848361
0.26430163158700104 -0.04819406030163356
0.27519433517269654 -0.04846176415093006
0.28622245328485874 -0.04867120128023296
0.29737934299750524 -0.048822130848302885
0.30865828381745486 -0.04891431198034632
0.320052481732506 -0.04894751216509106
0.33155507330389 -0.048921525312869384
0.3431591298005543 -0.04883619657808177
0.35485766137276875 -0.04869145053866563
0.36664362126255073 -0.04848731912022588
0.3785099100483679 -0.04822396576431492
0.3904493799215649 -0.04790170275599388
0.4024548389919357 -0.04752099930939515
0.41451905561984914 -0.04708247890551964
0.42663476277231926 -0.04658690541195355
0.43879466240039156 -0.04603515860694187
0.4509914298352198 -0.04542820079309068
0.46321771820016633 -0.04476703713352409
0.475466162836291 -0.0440526730983636
0.4877293857385438 -0.04328607290859233
0.4999999999999999 -0.042468123063012356
0.512270614261456 -0.0415996049095075
0.5245338371637088 -0.04068117977555808
0.5367822817998334 -0.039713389430435855
0.54900857016478 -0.03869667366082074
0.5612053375996082 -0.03763140557015209
0.5733652372276805 -0.03651794394198775
0.5854809443801506 -0.0353567007300578
0.5975451610080642 -0.034148220546091054
0.6095506200784349 -0.03289326800008296
0.6214900899516319 -0.03159291798487551
0.6333563787374491 -0.030248643549435718
0.645142338627231 -0.028862395913320044
0.6568408701994456 -0.027436671454012584
0.6684449266961098 -0.025974561138295063
0.6799475182674938 -0.024479778831639147
0.691341716182545 -0.02295666614493273
0.7026206570024947 -0.021410172884696134
0.713777546715141 -0.01984581366561917
0.7248056648273034 -0.018269602718864127
0.7356983684129987 -0.016687970281253597
0.746449096114892 -0.015107665080824879
0.7570513720966108 -0.013535648258515047
0.7674988099435485 -0.011978984519177853
0.7777851165098009 -0.010444736348004061
0.7879040957089227 -0.008939866749489598
0.7978496522462164 -0.007471155184139567
0.8076157952903136 -0.00604513024131088
0.8171966420818224 -0.0046680211700000016
0.8265864214768883 -0.0033457287902076754
0.8357794774235092 -0.0020838146390320315
0.8447702723685334 -0.0008875055895790328
0.8535533905932737 0.0002382902608780615
0.8621235414757333 0.001288961790683798
0.8704755626774794 0.002260173267147071
0.8786044232532422 0.0031478494088912727
0.8865052266813687 0.003948173340076304
0.894173213813303 0.00465760297416474
0.9016037657403225 0.005272910172262856
0.9087924065757916 0.005791245401013785
0.9157348061512727 0.006210228659569002
0.9224267826248536 0.006528065273163295
0.928864305000136 0.0067436829009321925
0.9350434955543556 0.00685688392771256
0.9409606321741775 0.006868505455234378
0.9466121505977576 0.006780577520682166
0.9519946465617215 0.006596469075554331
0.9571048778517655 0.006321010753955185
0.9619397662556433 0.005960583611969064
0.9664963994173694 0.005523163854587379
0.9707720325915102 0.005018315067889714
0.9747640902965183 0.004457121583780858
0.9784701678661044 0.003852059224834084
0.98188803289772 0.003216802675266022
0.985015626597272 0.002565971940976911
0.9878510650192642 0.001914823618905533
0.9903926402016152 0.0012788958079171706
0.9926388211944706 0.0006736182777129446
0.9945882549823906 0.00011390180100664753
0.9962397672993549 -0.00038627779541210096
0.9975923633360985 -0.0008142844020504598
0.9986452283393451 -0.0011591986740036515
0.9993977281025862 -0.0014121515573252501
0.9998494093481021 -0.0015666000595722946
1.0 -0.0016185333320402299
