1.0 0.0016859598882070577
0.9998494093481021 0.0017612915734648198
0.9993977281025862 0.0019858487690034687
0.9986452283393451 0.002355372864054655
0.9975923633360985 0.002862946837555957
0.9962397672993549 0.003499257395310507
0.9945882549823906 0.004252944724951511
0.9926388211944706 0.005111023721693718
0.9903926402016152 0.0060593574106997915
0.9878510650192642 0.007083161160178825
0.985015626597272 0.008167515241018171
0.98188803289772 0.009297863380174848
0.9784701678661044 0.01046047614970471
0.9747640902965183 0.011642860244525384
0.9707720325915102 0.012834097789135834
0.9664963994173694 0.014025103591278518
0.9619397662556433 0.015208792510842114
0.9571048778517655 0.016380153597759795
0.9519946465617215 0.0175362321308686
0.9466121505977576 0.018676024927406127
0.9409606321741775 0.01980029807914363
0.9350434955543556 0.020911339428839458
0.928864305000136 0.02201266049509375
0.9224267826248536 0.023108664098602003
0.9157348061512727 0.02420429460329244
0.9087924065757916 0.025304687477620363
0.9016037657403225 0.026414833867196067
0.894173213813303 0.027539274153519148
0.8865052266813687 0.028681832190720943
0.8786044232532422 0.02984539922099623
0.8704755626774794 0.031031773539393914
0.8621235414757333 0.032241558980073394
0.8535533905932737 0.033474122389708275
0.8447702723685334 0.03472760758180993
0.8357794774235092 0.03599900094531854
0.8265864214768883 0.037284241998607234
0.8171966420818224 0.038578370790016046
0.8076157952903136 0.03987570316917655
0.7978496522462164 0.041170024579723456
0.7879040957089227 0.04245479311642816
0.7777851165098009 0.04372334308943151
0.7674988099435485 0.04496908117059627
0.7570513720966108 0.04618566827863327
0.746449096114892 0.047367181604696725
0.7356983684129987 0.048508252506238664
0.7248056648273034 0.04960417733008364
0.713777546715141 0.050650999504043795
0.7026206570024947 0.05164556241232129
0.691341716182545 0.052585533610891674
0.6799475182674938 0.05346940182693377
0.6684449266961098 0.054296448915821596
0.6568408701994456 0.05506669952501662
0.645142338627231 0.0557808516482189
0.6333563787374491 0.05644019156098432
0.6214900899516319 0.05704649682703953
0.6095506200784349 0.057601931167272406
0.5975451610080642 0.05810893500175748
0.5854809443801506 0.058570115415547984
0.5733652372276805 0.05898813916310634
0.5612053375996082 0.059365632112204955
0.54900857016478 0.059705088231789036
0.5367822817998334 0.06000879084542006
0.5245338371637088 0.06027874840042759
0.512270614261456 0.060516646445042295
0.4999999999999999 0.06072381686998389
0.4877293857385438 0.06090122477302337
0.475466162836291 0.06104947256849053
0.46321771820016633 0.0611688202193837
0.4509914298352198 0.06125921975431543
0.43879466240039156 0.06132036158520153
0.42663476277231926 0.061351729605180566
0.41451905561984914 0.061352661657781714
0.4024548389919357 0.06132241175961815
0.3904493799215649 0.061260210452128774
0.3785099100483679 0.061165319863098755
0.36664362126255073 0.06103708047167098
0.35485766137276875 0.06087494717211114
0.3431591298005543 0.06067851298787625
0.33155507330389 0.06044751965171613
0.320052481732506 0.06018185518259365
0.30865828381745486 0.059881539492791076
0.29737934299750524 0.059546699883575735
0.28622245328485874 0.059177538973385214
0.27519433517269654 0.05877429809506214
0.26430163158700104 0.05833721945744999
0.2535509038851079 0.05786651036750272
0.2429486279033891 0.05736231254701405
0.23250119005645137 0.05682467906862104
0.2222148834901989 0.05625356071436093
0.2120959042910774 0.05564880268026677
0.20215034775378343 0.05501015158022718
0.19238420470968637 0.05433727171921841
0.18280335791817703 0.05362976869146581
0.17341357852311146 0.052887217592048154
0.16422052257649067 0.05210919258098954
0.15522972763146647 0.05129529426223297
0.14644660940672616 0.050445171371543064
0.1378764585242665 0.04955853361940226
0.12952443732252045 0.0486351531941078
0.12139557674675777 0.04767485335799675
0.11349477331863145 0.046677483704142306
0.10582678618669683 0.0456428829006475
0.09839623425967753 0.04457083103955131
0.09120759342420814 0.04346099492497246
0.08426519384872727 0.0423128706785542
0.07757321737514639 0.041125728815971346
0.07113569499986394 0.03989856737846045
0.06495650444564427 0.03863007873266627
0.059039367825822475 0.03731863525263615
0.05338784940224234 0.03596229827229255
0.048005353438278275 0.03455885347959893
0.042895122148234655 0.03310587437970595
0.038060233744356575 0.03160081367519485
0.03350360058263052 0.030041120509791103
0.029227967408489597 0.02842437962396041
0.025235909703481607 0.02674846670807036
0.021529832133895532 0.025011712738616344
0.018111967102280024 0.02321306895938456
0.014984373402728013 0.021352263514637
0.012148934980735715 0.01942994061888874
0.009607359798384785 0.017447773587018735
0.007361178805529334 0.015408544041769553
0.005411745017609493 0.013316181118340376
0.0037602327006450165 0.011175756417897727
0.0024076366639015356 0.008993432713317696
0.0013547716606548965 0.0067763668478713086
0.0006022718974137975 0.004532569742766678
0.00015059065189787502 0.0022707287894809434
0.0 0.0
0.00015059065189787502 -0.00157956275891462
0.0006022718974137975 -0.0031544110343124567
0.0013547716606548965 -0.0047195095137737945
0.0024076366639015356 -0.006270187887463378
0.0037602327006450165 -0.007802300990847094
0.005411745017609493 -0.009312363305502785
0.007361178805529334 -0.010797651472319238
0.009607359798384785 -0.012256270193656538
0.012148934980735715 -0.013687178859526547
0.014984373402728013 -0.015090178315339724
0.018111967102280024 -0.016465859276614953
0.021529832133895532 -0.017815515871231737
0.025235909703481607 -0.01914102954186584
0.029227967408489597 -0.020444729973848517
0.03350360058263052 -0.021729240750159393
0.038060233744356575 -0.022997318023049603
0.042895122148234655 -0.024251690605311925
0.048005353438278275 -0.025494909526138275
0.05338784940224234 -0.02672921429725197
0.059039367825822475 -0.027956421950599882
0.06495650444564427 -0.02917784341725103
0.07113569499986394 -0.030394230113076612
0.07757321737514639 -0.031605751785971914
0.08426519384872727 -0.03281200487179745
0.09120759342420814 -0.03401204890933046
0.09839623425967753 -0.03520446707671632
0.10582678618669683 -0.03638744571657941
0.11349477331863145 -0.03755886687756607
0.12139557674675777 -0.038716407456598684
0.12952443732252045 -0.03985763849285893
0.1378764585242665 -0.04098011852980106
0.14644660940672616 -0.042081475688816004
0.15522972763146647 -0.04315947412899933
0.16422052257649067 -0.04421206182545731
0.17341357852311146 -0.045237397994761085
0.18280335791817703 -0.04623385993501175
0.19238420470968637 -0.04720003043378315
0.20215034775378343 -0.04813466814031941
0.2120959042910774 -0.049036664321032056
0.2222148834901989 -0.049904990158670344
0.23250119005645137 -0.05073863917523132
0.2429486279033891 -0.05153656943943095
0.2535509038851079 -0.052297649967773974
0.26430163158700104 -0.053020615173270544
0.27519433517269654 -0.05370403040748932
0.28622245328485874 -0.0543462706464914
0.29737934299750524 -0.0549455132677246
0.30865828381745486 -0.055499744737829995
0.320052481732506 -0.05600677996534152
0.33155507330389 -0.05646429214637982
0.3431591298005543 -0.05686985021313011
0.35485766137276875 -0.05722096053539587
0.36664362126255073 -0.057515109356262056
0.3785099100483679 -0.05774980257328643
0.3904493799215649 -0.05792259989342401
0.4024548389919357 -0.05803114105818132
0.41451905561984914 -0.05807316270126843
0.42663476277231926 -0.05804650539504303
0.43879466240039156 -0.05794911148491397
0.4509914298352198 -0.05777901531878806
0.46321771820016633 -0.05753432836956304
0.475466162836291 -0.0572132224483697
0.4877293857385438 -0.056813914653932665
0.4999999999999999 -0.05633465785628605
0.512270614261456 -0.05577374034986815
0.5245338371637088 -0.05512949783382409
0.5367822817998334 -0.05440034011191038
0.54900857016478 -0.05358479389865098
0.5612053375996082 -0.052681561939392586
0.5733652372276805 -0.051689597381325815
0.5854809443801506 -0.05060819106105923
0.5975451610080642 -0.04943706819526051
0.6095506200784349 -0.0481764899634552
0.6214900899516319 -0.046827354734973126
0.6333563787374491 -0.04539129327743383
0.645142338627231 -0.043870752232930965
0.6568408701994456 -0.042269060476322326
0.6684449266961098 -0.040590473667373304
0.6799475182674938 -0.03884019333816646
0.691341716182545 -0.037024358157990996
0.7026206570024947 -0.035150006508004955
0.713777546715141 -0.03322501108008546
0.7248056648273034 -0.03125798778233713
0.7356983684129987 -0.029258182679978907
0.746449096114892 -0.027235341923014002
0.7570513720966108 -0.025199570522671216
0.7674988099435485 -0.023161186368395467
0.7777851165098009 -0.021130575982597797
0.7879040957089227 -0.019118058176721
0.7978496522462164 -0.017133761015315878
0.8076157952903136 -0.015187516360901494
0.8171966420818224 -0.013288774835397837
0.8265864214768883 -0.011446542391227527
0.8357794774235092 -0.009669337951396921
0.8447702723685334 -0.00796516987720693
0.8535533905932737 -0.006341527480268892
0.8621235414757333 -0.004805382530262156
0.8704755626774794 -0.0033631948235834895
0.8786044232532422 -0.0020209154494492346
0.8865052266813687 -0.0007839814682490961
0.894173213813303 0.0003427036827857305
0.9016037657403225 0.0013548086401131382
0.9087924065757916 0.0022486344581869673
0.9157348061512727 0.0030211979844351703
0.9224267826248536 0.003670337264213464
0.928864305000136 0.004194835739490604
0.9350434955543556 0.0045945598228857515
0.9409606321741775 0.004870602454120764
0.9466121505977576 0.005025423625746198
0.9519946465617215 0.0050629777286501105
0.9571048778517655 0.0049888170185293955
0.9619397662556433 0.004810160611475235
0.9664963994173694 0.004535919209950337
0.9707720325915102 0.004176667227018268
0.9747640902965183 0.003744556061016625
0.9784701678661044 0.003253164878528115
0.98188803289772 0.0027172882583032312
0.985015626597272 0.002152663272095828
0.9878510650192642 0.0015756418503806628
0.9903926402016152 0.0010028174133257786
0.9926388211944706 0.0004506175547671703
0.9945882549823906 -6.512312185193376e-05
0.9962397672993549 -0.0005295942476987738
0.9975923633360985 -0.0009294283302867379
0.9986452283393451 -0.0012530900197306428
0.9993977281025862 -0.0014912199844087594
0.9998494093481021 -0.0016369189624186908
1.0 -0.0016859598882070577
