1.0 0.00166615164889117
0.9998494093481021 0.001746649616132956
0.9993977281025862 0.0019867033380719466
0.9986452283393451 0.0023820477391294937
0.9975923633360985 0.0029257566479920774
0.9962397672993549 0.0036085072952048596
0.9945882549823906 0.004418933219706676
0.9926388211944706 0.005344049283318734
0.9903926402016152 0.006369729320896811
0.9878510650192642 0.007481214779768791
0.985015626597272 0.008663631625324976
0.98188803289772 0.009902492849379812
0.9784701678661044 0.0111841650909479
0.9747640902965183 0.012496280082168926
0.9707720325915102 0.013828074727884651
0.9664963994173694 0.015170647433229394
0.9619397662556433 0.01651712259317
0.9571048778517655 0.01786271971421178
0.9519946465617215 0.019204728207897946
0.9466121505977576 0.02054239324210459
0.9409606321741775 0.02187672194394812
0.9350434955543556 0.02321022253391265
0.928864305000136 0.02454659149245035
0.9224267826248536 0.025890365523321964
0.9157348061512727 0.027246555838837866
0.9087924065757916 0.028620282158494624
0.9016037657403225 0.03001642283996133
0.894173213813303 0.031439295848057096
0.8865052266813687 0.0328923829458389
0.8786044232532422 0.03437810671963456
0.8704755626774794 0.03589766699852542
0.8621235414757333 0.03745094007367247
0.8535533905932737 0.03903644103236591
0.8447702723685334 0.04065134664810244
0.8357794774235092 0.04229157373995822
0.8265864214768883 0.04395190583132698
0.8171966420818224 0.04562615936632344
0.8076157952903136 0.047307379714638234
0.7978496522462164 0.04898805671254917
0.7879040957089227 0.05066034951977193
0.7777851165098009 0.05231631106464595
0.7674988099435485 0.05394810323050365
0.7570513720966108 0.05554819511816983
0.746449096114892 0.057109538111589704
0.7356983684129987 0.05862571298419835
0.7248056648273034 0.060091045827260714
0.713777546715141 0.06150069108281889
0.7026206570024947 0.06285068136134563
0.691341716182545 0.06413794497125362
0.6799475182674938 0.0653602931532551
0.6684449266961098 0.06651637988127297
0.6568408701994456 0.06760563776027452
0.645142338627231 0.06862819402757908
0.6333563787374491 0.0695847709629473
0.6214900899516319 0.07047657515356825
0.6095506200784349 0.07130518006400371
0.5975451610080642 0.0720724062485237
0.5854809443801506 0.07278020333187889
0.5733652372276805 0.07343053758874685
0.5612053375996082 0.07402528858257318
0.54900857016478 0.07456615788890332
0.5367822817998334 0.0750545924321448
0.5245338371637088 0.07549172441306623
0.512270614261456 0.07587832920334397
0.4999999999999999 0.07621480194186586
0.4877293857385438 0.07650115289786431
0.475466162836291 0.07673702098542463
0.46321771820016633 0.07692170414428391
0.4509914298352198 0.07705420466894315
0.43879466240039156 0.07713328700058118
0.42663476277231926 0.07715754502362139
0.41451905561984914 0.07712547555924495
0.4024548389919357 0.07703555454596477
0.3904493799215649 0.0768863123605467
0.3785099100483679 0.07667640487049858
0.36664362126255073 0.07640467712123747
0.35485766137276875 0.07607021703489873
0.3431591298005543 0.07567239711029858
0.33155507330389 0.07521090283110246
0.320052481732506 0.07468574726943067
0.30865828381745486 0.07409727216655586
0.29737934299750524 0.07344613652982966
0.28622245328485874 0.07273329445526677
0.27519433517269654 0.0719599644227874
0.26430163158700104 0.0711275926788285
0.2535509038851079 0.07023781349327364
0.2429486279033891 0.06929240904271379
0.23250119005645137 0.06829327143351771
0.2222148834901989 0.0672423689551558
0.2120959042910774 0.06614171808027032
0.20215034775378343 0.06499336204903415
0.19238420470968637 0.06379935614638561
0.18280335791817703 0.06256175906176532
0.17341357852311146 0.06128262907242565
0.16422052257649067 0.05996402326927979
0.15522972763146647 0.058607997695664105
0.14644660940672616 0.057216606128413214
0.1378764585242665 0.055791895315274634
0.12952443732252045 0.05433589479288012
0.12139557674675777 0.052850599926604715
0.11349477331863145 0.05133794750132067
0.10582678618669683 0.04979978399854029
0.09839623425967753 0.048237827557182734
0.09120759342420814 0.04665362546147261
0.08426519384872727 0.04504850975775065
0.07757321737514639 0.04342355420354301
0.07113569499986394 0.0417795361377431
0.06495650444564427 0.04011690698520314
0.059039367825822475 0.038435774945724394
0.05338784940224234 0.036735902960777986
0.048005353438278275 0.03501672431793638
0.042895122148234655 0.03327737728139454
0.038060233744356575 0.031516758985217434
0.03350360058263052 0.029733597568148674
0.029227967408489597 0.027926540250037817
0.025235909703481607 0.026094253840333214
0.021529832133895532 0.024235533117393085
0.018111967102280024 0.022349411704407254
0.014984373402728013 0.020435269560313076
0.012148934980735715 0.01849293104981938
0.009607359798384785 0.016522747779998445
0.007361178805529334 0.014525660990886459
0.005411745017609493 0.012503239237244985
0.0037602327006450165 0.01045768834653999
0.0024076366639015356 0.0083918321113256
0.0013547716606548965 0.006309063782830665
0.0006022718974137975 0.004213270076147887
0.00015059065189787502 0.0021087309715654536
0.0 0.0
0.00015059065189787502 -0.0013600154793830944
0.0006022718974137975 -0.00271366731405516
0.0013547716606548965 -0.004054344858999487
0.0024076366639015356 -0.005375934900708806
0.0037602327006450165 -0.006673039971494389
0.005411745017609493 -0.007941161895818965
0.007361178805529334 -0.009176842016875368
0.009607359798384785 -0.010377751920865295
0.012148934980735715 -0.011542731162244156
0.014984373402728013 -0.012671771337417214
0.018111967102280024 -0.013765948690705942
0.021529832133895532 -0.014827310100668848
0.025235909703481607 -0.015858719635014618
0.029227967408489597 -0.016863674747728204
0.03350360058263052 -0.017846102521128723
0.038060233744356575 -0.018810147061964138
0.042895122148234655 -0.019759959216592467
0.048005353438278275 -0.020699499187967894
0.05338784940224234 -0.021632361467233074
0.059039367825822475 -0.022561629820679777
0.06495650444564427 -0.02348976801299038
0.07113569499986394 -0.024418549635521765
0.07757321737514639 -0.02534902799174994
0.08426519384872727 -0.026281544621427805
0.09120759342420814 -0.027215772864286912
0.09839623425967753 -0.02815079100122968
0.10582678618669683 -0.029085178070328743
0.11349477331863145 -0.03001712451126734
0.12139557674675777 -0.03094454938598328
0.12952443732252045 -0.03186521606039994
0.1378764585242665 -0.032776838882275866
0.14644660940672616 -0.03367717449106055
0.15522972763146647 -0.034564092857416184
0.16422052257649067 -0.035435624862084805
0.17341357852311146 -0.03628998506233147
0.18280335791817703 -0.03712557013107315
0.19238420470968637 -0.0379409351649992
0.20215034775378343 -0.03873475153190552
0.2120959042910774 -0.039505751072153636
0.2222148834901989 -0.040252662218091345
0.23250119005645137 -0.040974143911221
0.2429486279033891 -0.041668723073873634
0.2535509038851079 -0.04233474085499012
0.26430163158700104 -0.042970311971643714
0.27519433517269654 -0.04357330028657898
0.28622245328485874 -0.044141312392868566
0.29737934299750524 -0.04467170952645497
0.30865828381745486 -0.045161636705795774
0.320052481732506 -0.04560806671044711
0.33155507330389 -0.04600785545055232
0.3431591298005543 -0.0463578045216926
0.35485766137276875 -0.046654726335594636
0.36664362126255073 -0.04689550719096516
0.3785099100483679 -0.04707716399595429
0.3904493799215649 -0.04719689104231762
0.4024548389919357 -0.04725209420386014
0.41451905561984914 -0.047240411109903443
0.42663476277231926 -0.04715971713495744
0.43879466240039156 -0.04700811834694737
0.4509914298352198 -0.04678393376595124
0.46321771820016633 -0.04648567030789052
0.475466162836291 -0.04611199454116612
0.4877293857385438 -0.045661705806754084
0.4999999999999999 -0.04513371530601803
0.512270614261456 -0.04452703543491154
0.5245338371637088 -0.04384078295591606
0.5367822817998334 -0.043074198594643336
0.54900857016478 -0.04222668439523548
0.5612053375996082 -0.04129785875555518
0.5733652372276805 -0.04028762759088746
0.5854809443801506 -0.039196268650750425
0.5975451610080642 -0.03802452474316388
0.6095506200784349 -0.03677370060095115
0.6214900899516319 -0.035445757435855166
0.6333563787374491 -0.034043398926863
0.645142338627231 -0.03257014251109623
0.6568408701994456 -0.031030370391729165
0.6684449266961098 -0.029429355620640123
0.6799475182674938 -0.027773259898538665
0.691341716182545 -0.026069101281853274
0.7026206570024947 -0.024324691693693567
0.713777546715141 -0.022548545892593506
0.7248056648273034 -0.020749765238916414
0.7356983684129987 -0.01893790109879983
0.746449096114892 -0.017122803934116373
0.7570513720966108 -0.015314464956998314
0.7674988099435485 -0.01352285761636214
0.7777851165098009 -0.011757786098076789
0.7879040957089227 -0.010028747458434571
0.7978496522462164 -0.008344813003572784
0.8076157952903136 -0.006714533137755359
0.8171966420818224 -0.0051458682207544135
0.8265864214768883 -0.003646146110637222
0.8357794774235092 -0.0022220451495145203
0.8447702723685334 -0.0008795995090993624
0.8535533905932737 0.0003757778192120453
0.8621235414757333 0.0015392604093749994
0.8704755626774794 0.002606569057309641
0.8786044232532422 0.003573934981791171
0.8865052266813687 0.004438072677030245
0.894173213813303 0.005196168812231986
0.9016037657403225 0.005845892345943739
0.9087924065757916 0.006385429347244788
0.9157348061512727 0.006813543990914756
0.9224267826248536 0.007129664945052789
0.928864305000136 0.007333994041403892
0.9350434955543556 0.007427631864908804
0.9409606321741775 0.007412712873905201
0.9466121505977576 0.0072925410103434245
0.9519946465617215 0.007071715605441257
0.9571048778517655 0.0067562368277721335
0.9619397662556433 0.006353580020684423
0.9664963994173694 0.00587272905766832
0.9707720325915102 0.005324160289570596
0.9747640902965183 0.0047197707065882
0.9784701678661044 0.004072746492158532
0.98188803289772 0.003397371073046508
0.985015626597272 0.0027087749117968027
0.9878510650192642 0.002022632468899799
0.9903926402016152 0.0013548148003978508
0.9926388211944706 0.0007210089742063915
0.9945882549823906 0.00013631772195369404
0.9962397672993549 -0.00038514564572956936
0.9975923633360985 -0.0008306511488300688
0.9986452283393451 -0.0011892188695227111
0.9993977281025862 -0.001451943224488885
0.9998494093481021 -0.0016122610062640605
1.0 -0.00166615164889117
