1.0 0.0016405284854862149
0.9998494093481021 0.0017227475842611138
0.9993977281025862 0.001967953431146842
0.9986452283393451 0.002371846836677107
0.9975923633360985 0.0029274437817500237
0.9962397672993549 0.0036253385151596706
0.9945882549823906 0.00445405467012907
0.9926388211944706 0.0054004682602627144
0.9903926402016152 0.006450283277764167
0.9878510650192642 0.007588538467195609
0.985015626597272 0.00880012278475452
0.98188803289772 0.01007027711356802
0.9784701678661044 0.01138506096538702
0.9747640902965183 0.012731765074381387
0.9707720325915102 0.014099253842062844
0.9664963994173694 0.01547822534187539
0.9619397662556433 0.016861380822996482
0.9571048778517655 0.018243500131006857
0.9519946465617215 0.01962142394830533
0.9466121505977576 0.020993948017704628
0.9409606321741775 0.022361638338087617
0.9350434955543556 0.0237265795333288
0.928864305000136 0.025092071058313348
0.9224267826248536 0.026462287529567106
0.9157348061512727 0.027841920213795727
0.9087924065757916 0.029235816586528098
0.9016037657403225 0.030648633942749665
0.894173213813303 0.03208452140026221
0.8865052266813687 0.033546842415427144
0.8786044232532422 0.03503794728375115
0.8704755626774794 0.0365590021906345
0.8621235414757333 0.03810987837856887
0.8535533905932737 0.039689102065980024
0.8447702723685334 0.04129386303272469
0.8357794774235092 0.04292007739693064
0.8265864214768883 0.044562498137448565
0.8171966420818224 0.04621486542400669
0.8076157952903136 0.04787008782943949
0.7978496522462164 0.04952044501082811
0.7879040957089227 0.05115780242779646
0.7777851165098009 0.05277382906326407
0.7674988099435485 0.05436020985519345
0.7570513720966108 0.055908845558031994
0.746449096114892 0.05741203394679207
0.7356983684129987 0.05886262757445573
0.7248056648273034 0.060254164621088104
0.713777546715141 0.061580970667926685
0.7026206570024947 0.06283823044208356
0.691341716182545 0.06402202967170834
0.6799475182674938 0.0651293681455597
0.6684449266961098 0.06615814587523725
0.6568408701994456 0.06710712491312532
0.645142338627231 0.06797586989184952
0.6333563787374491 0.06876467073341518
0.6214900899516319 0.06947445124121049
0.6095506200784349 0.07010666744775589
0.5975451610080642 0.07066319965477043
0.5854809443801506 0.07114624207551212
0.5733652372276805 0.07155819387442668
0.5612053375996082 0.07190155519498981
0.54900857016478 0.07217883147076753
0.5367822817998334 0.07239244892499445
0.5245338371637088 0.07254468368059432
0.512270614261456 0.07263760633010488
0.4999999999999999 0.07267304316397025
0.4877293857385438 0.07265255454371365
0.475466162836291 0.07257743015850845
0.46321771820016633 0.07244870015128642
0.4509914298352198 0.07226716038073472
0.43879466240039156 0.0720334094383704
0.42663476277231926 0.07174789450559464
0.41451905561984914 0.07141096275140636
0.4024548389919357 0.07102291476806592
0.3904493799215649 0.07058405654065862
0.3785099100483679 0.07009474665623754
0.36664362126255073 0.06955543587406283
0.35485766137276875 0.06896669678065195
0.3431591298005543 0.06832924200779793
0.33155507330389 0.06764393035149978
0.320052481732506 0.06691176103798332
0.30865828381745486 0.06613385727652701
0.29737934299750524 0.0653114410527334
0.28622245328485874 0.06444580178842581
0.27519433517269654 0.06353826197176668
0.26430163158700104 0.06259014310228699
0.2535509038851079 0.061602735275427686
0.2429486279033891 0.06057727344396808
0.23250119005645137 0.05951492285365055
0.2222148834901989 0.058416775391618984
0.2120959042910774 0.057283857661309626
0.20215034775378343 0.0561171505732643
0.19238420470968637 0.05491761919524319
0.18280335791817703 0.05368625061881895
0.17341357852311146 0.05242409675357677
0.16422052257649067 0.05113231832654934
0.15522972763146647 0.049812226002263246
0.14644660940672616 0.048465314487774656
0.1378764585242665 0.047093285764842646
0.12952443732252045 0.04569805819086244
0.12139557674675777 0.04428175909937757
0.11349477331863145 0.04284669965457106
0.10582678618669683 0.0413953319968493
0.09839623425967753 0.039930190068310535
0.09120759342420814 0.03845381682878107
0.08426519384872727 0.03696868176502764
0.07757321737514639 0.03547709356356099
0.07113569499986394 0.03398111348023832
0.06495650444564427 0.032482475236453284
0.059039367825822475 0.03098251716567465
0.05338784940224234 0.029482131817302252
0.048005353438278275 0.027981737318724303
0.042895122148234655 0.026481273551416506
0.038060233744356575 0.024980224689226695
0.03350360058263052 0.023477667974007185
0.029227967408489597 0.021972346877391136
0.025235909703481607 0.020462765136448152
0.021529832133895532 0.01894729667227862
0.018111967102280024 0.017424305211355132
0.014984373402728013 0.015892266618731686
0.012148934980735715 0.014349886584655596
0.009607359798384785 0.012796206416549593
0.007361178805529334 0.01123069027909414
0.005411745017609493 0.009653288265300626
0.0037602327006450165 0.008064471108517775
0.0024076366639015356 0.006465234069216613
0.0013547716606548965 0.00485706943952874
0.0006022718974137975 0.0032419090773002242
0.00015059065189787502 0.0016220402789912218
0.0 0.0
0.00015059065189787502 -0.0016405139235363385
0.0006022718974137975 -0.003275925514744649
0.0013547716606548965 -0.004900811535008093
0.0024076366639015356 -0.006510087342311525
0.0037602327006450165 -0.008099156558186014
0.005411745017609493 -0.009664038160733905
0.007361178805529334 -0.011201465346274546
0.009607359798384785 -0.012708951966648311
0.012148934980735715 -0.014184824019255042
0.014984373402728013 -0.01562821544939932
0.018111967102280024 -0.017039029320686676
0.021529832133895532 -0.01841786712029874
0.025235909703481607 -0.01976593049892199
0.029227967408489597 -0.02108490101796881
0.03350360058263052 -0.022376804423298632
0.038060233744356575 -0.023643866538212575
0.042895122148234655 -0.024888368044364822
0.048005353438278275 -0.02611250519599208
0.05338784940224234 -0.02731826291218637
0.059039367825822475 -0.02850730575707411
0.06495650444564427 -0.029680891110699548
0.07113569499986394 -0.030839807430947677
0.07757321737514639 -0.03198433899580646
0.08426519384872727 -0.03311425698715249
0.09120759342420814 -0.03422883532260419
0.09839623425967753 -0.03532688834495153
0.10582678618669683 -0.036406826411891136
0.11349477331863145 -0.03746672464914655
0.12139557674675777 -0.03850439967537577
0.12952443732252045 -0.039517488994286955
0.1378764585242665 -0.040503527973032964
0.14644660940672616 -0.04146001986003085
0.15522972763146647 -0.04238449509453114
0.16422052257649067 -0.04327455716332775
0.17341357852311146 -0.04412791339404182
0.18280335791817703 -0.04494239025975664
0.19238420470968637 -0.04571593392532634
0.20215034775378343 -0.04644659781425191
0.2120959042910774 -0.04713251984845766
0.2222148834901989 -0.047771892656896284
0.23250119005645137 -0.04836293042487844
0.2429486279033891 -0.04890383614590441
0.2535509038851079 -0.049392772843388735
0.26430163158700104 -0.04982784187281956
0.27519433517269654 -0.05020707073560773
0.28622245328485874 -0.05052841198944052
0.29737934299750524 -0.05078975389290466
0.30865828381745486 -0.050988942447470084
0.320052481732506 -0.051123813571846914
0.33155507330389 -0.05119223333235082
0.3431591298005543 -0.05119214351921114
0.35485766137276875 -0.051121609450155876
0.36664362126255073 -0.05097886672954092
0.3785099100483679 -0.05076236380493394
0.3904493799215649 -0.05047079753444744
0.4024548389919357 -0.050103139578687804
0.41451905561984914 -0.04965865221476062
0.42663476277231926 -0.04913689307581243
0.43879466240039156 -0.048537709277530275
0.4509914298352198 -0.04786122232739219
0.46321771820016633 -0.04710780604843727
0.475466162836291 -0.046278060418274654
0.4877293857385438 -0.0453727846687894
0.4999999999999999 -0.04439295317120435
0.512270614261456 -0.043339697522793055
0.5245338371637088 -0.042214297854870596
0.5367822817998334 -0.041018185717838454
0.54900857016478 -0.03975296000992726
0.5612053375996082 -0.038420416361966296
0.5733652372276805 -0.03702258924533451
0.5854809443801506 -0.035561804917650236
0.5975451610080642 -0.03404074224741639
0.6095506200784349 -0.03246249754837139
0.6214900899516319 -0.030830648881115152
0.6333563787374491 -0.029149314903115557
0.645142338627231 -0.02742320330820834
0.6568408701994456 -0.02565764420974206
0.6684449266961098 -0.023858604479074855
0.6799475182674938 -0.022032680019468894
0.691341716182545 -0.020187064177255458
0.7026206570024947 -0.01832949189000386
0.713777546715141 -0.016468160652640697
0.7248056648273034 -0.014611630845305123
0.7356983684129987 -0.01276870930738094
0.746449096114892 -0.010948321162122868
0.7570513720966108 -0.009159375709529065
0.7674988099435485 -0.007410632644552254
0.7777851165098009 -0.005710574880672441
0.7879040957089227 -0.004067293850715676
0.7978496522462164 -0.002488392333138779
0.8076157952903136 -0.0009809086583177692
0.8171966420818224 0.00044873534104992075
0.8265864214768883 0.0017947619617344774
0.8357794774235092 0.003052041946362931
0.8447702723685334 0.004216078324275008
0.8535533905932737 0.005282974189387238
0.8621235414757333 0.006249390116391657
0.8704755626774794 0.00711249781785306
0.8786044232532422 0.00786993707801144
0.8865052266813687 0.00851978291343538
0.894173213813303 0.009060529289262863
0.9016037657403225 0.009491094582173279
0.9087924065757916 0.009810852383360998
0.9157348061512727 0.01001968926635283
0.9224267826248536 0.010118088924175872
0.928864305000136 0.010107239748761062
0.9350434955543556 0.009989160636482135
0.9409606321741775 0.009766837714842071
0.9466121505977576 0.00944436294721673
0.9519946465617215 0.009027064319034326
0.9571048778517655 0.00852161664738889
0.9619397662556433 0.007936122060395956
0.9664963994173694 0.00728014989628491
0.9707720325915102 0.006564727165751163
0.9747640902965183 0.005802272751034563
0.9784701678661044 0.005006471086411033
0.98188803289772 0.004192084045277048
0.985015626597272 0.003374702987281734
0.9878510650192642 0.002570446213370906
0.9903926402016152 0.0017956102462117183
0.9926388211944706 0.001066286209615645
0.9945882549823906 0.0003979549485968825
0.9962397672993549 -0.00019492373813521013
0.9975923633360985 -0.0006993114043676975
0.9986452283393451 -0.0011039643015055087
0.9993977281025862 -0.0013997639642754978
0.9998494093481021 -0.0015799907691359395
1.0 -0.0016405284854862149
