1.0 0.0016838890753889581
0.9998494093481021 0.0017626713282745342
0.9993977281025862 0.0019975669315268584
0.9986452283393451 0.0023842769740180744
0.9975923633360985 0.002915815916874849
0.9962397672993549 0.0035827718154233315
0.9945882549823906 0.004373653605581487
0.9926388211944706 0.005275309501323044
0.9903926402016152 0.006273397452471472
0.9878510650192642 0.0073528864938784124
0.985015626597272 0.008498566775228209
0.98188803289772 0.009695546132271634
0.9784701678661044 0.010929712220645664
0.9747640902965183 0.012188141398989733
0.9707720325915102 0.013459438582108844
0.9664963994173694 0.014733996006678681
0.9619397662556433 0.01600416304801265
0.9571048778517655 0.017264323663754896
0.9519946465617215 0.018510882480488162
0.9466121505977576 0.01974216475183059
0.9409606321741775 0.0209582391925206
0.9350434955543556 0.02216067585544367
0.928864305000136 0.023352253631964026
0.9224267826248536 0.02453663353186214
0.9157348061512727 0.025718014599342875
0.9087924065757916 0.02690078915748913
0.9016037657403225 0.028089213103292106
0.894173213813303 0.02928710529774474
0.8865052266813687 0.03049758784175428
0.8786044232532422 0.03172287635310025
0.8704755626774794 0.03296412642910188
0.8621235414757333 0.03422133946281811
0.8535533905932737 0.035493328038161735
0.8447702723685334 0.03677773840516371
0.8357794774235092 0.03807112515072113
0.8265864214768883 0.03936907122350138
0.8171966420818224 0.040666345003458025
0.8076157952903136 0.04195708515351093
0.7978496522462164 0.043235003549447405
0.7879040957089227 0.044493596622734374
0.7777851165098009 0.04572635591592278
0.7674988099435485 0.04692696947120122
0.7570513720966108 0.048089506768631926
0.746449096114892 0.0492085812167809
0.7356983684129987 0.05027948559172546
0.7248056648273034 0.05129829724432444
0.713777546715141 0.05226195128420438
0.7026206570024947 0.05316828124911831
0.691341716182545 0.054016027941214004
0.6799475182674938 0.054804818132232196
0.6684449266961098 0.05553511569528362
0.6568408701994456 0.056208148409648925
0.645142338627231 0.05682581421282432
0.6333563787374491 0.05739057105155682
0.6214900899516319 0.05790531472378025
0.6095506200784349 0.05837324921889115
0.5975451610080642 0.05879775406545721
0.5854809443801506 0.05918225309107766
0.5733652372276805 0.05953008879347149
0.5612053375996082 0.05984440621722151
0.54900857016478 0.06012804982796606
0.5367822817998334 0.060383476376651195
0.5245338371637088 0.06061268615449765
0.512270614261456 0.06081717436248438
0.4999999999999999 0.0609979035709162
0.4877293857385438 0.061155297445088484
0.475466162836291 0.061289255089014893
0.46321771820016633 0.06139918454362929
0.4509914298352198 0.061484053206502055
0.43879466240039156 0.06154245225712084
0.42663476277231926 0.061572671615082654
0.41451905561984914 0.06157278156457472
0.4024548389919357 0.0615407169770185
0.3904493799215649 0.06147436007470742
0.3785099100483679 0.0613716179094239
0.36664362126255073 0.061230491175156304
0.35485766137276875 0.06104913161226281
0.3431591298005543 0.060825886056654795
0.33155507330389 0.06055932609411077
0.320052481732506 0.06024826323918749
0.30865828381745486 0.05989175050677496
0.29737934299750524 0.059489072116886595
0.28622245328485874 0.059039723807691104
0.27519433517269654 0.05854338677395906
0.26430163158700104 0.05799989855631725
0.2535509038851079 0.05740922425539225
0.2429486279033891 0.05677143122716915
0.23250119005645137 0.05608666994472429
0.2222148834901989 0.055355163019592736
0.2120959042910774 0.05457720351395013
0.20215034775378343 0.053753162707642126
0.19238420470968637 0.05288350648707918
0.18280335791817703 0.05196881857589212
0.17341357852311146 0.05100982800835266
0.16422052257649067 0.050007437626692054
0.15522972763146647 0.048962750020068245
0.14644660940672616 0.047877087255343106
0.1378764585242665 0.0467520009954654
0.12952443732252045 0.045589270153618244
0.12139557674675777 0.044390884059652795
0.11349477331863145 0.043159010166266186
0.10582678618669683 0.041895946523132076
0.09839623425967753 0.04060406051056833
0.09120759342420814 0.0392857165549023
0.08426519384872727 0.037943196648791436
0.07757321737514639 0.03657861838073546
0.07113569499986394 0.035193855761312696
0.06495650444564427 0.03379046836107602
0.059039367825822475 0.03236964411264486
0.05338784940224234 0.03093216057104318
0.048005353438278275 0.029478368494389475
0.042895122148234655 0.028008200352406233
0.038060233744356575 0.026521204868854276
0.03350360058263052 0.02501660705227024
0.029227967408489597 0.02349339147756337
0.025235909703481607 0.0219504049656855
0.021529832133895532 0.020386473384347886
0.018111967102280024 0.018800526164010744
0.014984373402728013 0.017191721376581547
0.012148934980735715 0.015559563921408587
0.009607359798384785 0.0139040095368654
0.007361178805529334 0.012225548006454758
0.005411745017609493 0.010525260023470534
0.0037602327006450165 0.008804843654275854
0.0024076366639015356 0.007066608106545436
0.0013547716606548965 0.00531343445356738
0.0006022718974137975 0.003548704963498324
0.00015059065189787502 0.0017762046028573964
0.0 0.0
0.00015059065189787502 -0.0014915619982610354
0.0006022718974137975 -0.002980292000967541
0.0013547716606548965 -0.004462994082943945
0.0024076366639015356 -0.00593675133394057
0.0037602327006450165 -0.007399046590573414
0.005411745017609493 -0.008847861632856766
0.007361178805529334 -0.01028174955867251
0.009607359798384785 -0.011699876530452609
0.012148934980735715 -0.013102030773455703
0.014984373402728013 -0.014488598498118153
0.018111967102280024 -0.0158605082180697
0.021529832133895532 -0.017219146638681602
0.025235909703481607 -0.0185662508026816
0.029227967408489597 -0.019903782415308397
0.03350360058263052 -0.021233791164053308
0.038060233744356575 -0.022558274350005483
0.042895122148234655 -0.023879040234944394
0.048005353438278275 -0.025197582180681386
0.05338784940224234 -0.026514969938924743
0.059039367825822475 -0.0278317633878298
0.06495650444564427 -0.02914795267164666
0.07113569499986394 -0.030462927164203738
0.07757321737514639 -0.03177547403751507
0.08426519384872727 -0.033083805570561904
0.09120759342420814 -0.03438561277623187
0.09839623425967753 -0.03567814154567171
0.10582678618669683 -0.036958286385989414
0.11349477331863145 -0.03822269601977226
0.12139557674675777 -0.03946788466361497
0.12952443732252045 -0.04069034272581253
0.1378764585242665 -0.04188664095549871
0.14644660940672616 -0.043053522709261396
0.15522972763146647 -0.04418797992866145
0.16422052257649067 -0.04528730957801903
0.17341357852311146 -0.04634914859842353
0.18280335791817703 -0.047371486805623086
0.19238420470968637 -0.04835265850862967
0.20215034775378343 -0.049291314868440066
0.2120959042910774 -0.05018638007704509
0.2222148834901989 -0.051036995254336415
0.23250119005645137 -0.051842454490492455
0.2429486279033891 -0.05260213767986996
0.2535509038851079 -0.05331544469654598
0.26430163158700104 -0.053981735069809425
0.27519433517269654 -0.05460027666799406
0.28622245328485874 -0.055170206045646486
0.29737934299750524 -0.05569050211939069
0.30865828381745486 -0.05615997378709084
0.320052481732506 -0.05657726107065778
0.33155507330389 -0.05694084841977378
0.3431591298005543 -0.05724908802842433
0.35485766137276875 -0.05750023044208838
0.36664362126255073 -0.05769245940787576
0.3785099100483679 -0.057823927860835164
0.3904493799215649 -0.05789279214484256
0.4024548389919357 -0.05789724201366908
0.41451905561984914 -0.0578355246064613
0.42663476277231926 -0.05770596138611852
0.43879466240039156 -0.05750695790197049
0.4509914298352198 -0.057237007116623
0.46321771820016633 -0.05689468784705159
0.475466162836291 -0.056478660543012725
0.4877293857385438 -0.05598766310275098
0.4999999999999999 -0.05542050966258828
0.512270614261456 -0.05477609526727003
0.5245338371637088 -0.05405340902631014
0.5367822817998334 -0.05325155780362998
0.54900857016478 -0.052369801709539046
0.5612053375996082 -0.0514076017196801
0.5733652372276805 -0.050364678703501004
0.5854809443801506 -0.049241082083259155
0.5975451610080642 -0.04803726534561914
0.6095506200784349 -0.04675416477158028
0.6214900899516319 -0.04539327710868337
0.6333563787374491 -0.04395673154038515
0.645142338627231 -0.04244735125096008
0.6568408701994456 -0.040868700158192335
0.6684449266961098 -0.0392251109845001
0.6799475182674938 -0.03752169172989382
0.691341716182545 -0.03576430874454215
0.7026206570024947 -0.03395954590243153
0.713777546715141 -0.032114640763545185
0.7248056648273034 -0.03023739998408909
0.7356983684129987 -0.02833609749420861
0.746449096114892 -0.02641936001685057
0.7570513720966108 -0.02449604526809498
0.7674988099435485 -0.022575118594616646
0.7777851165098009 -0.020665533827337074
0.7879040957089227 -0.018776123748095865
0.7978496522462164 -0.01691550479340734
0.8076157952903136 -0.015091999499858098
0.8171966420818224 -0.013313578799798248
0.8265864214768883 -0.011587824696475324
0.8357794774235092 -0.009921912194151618
0.8447702723685334 -0.0083226077499622
0.8535533905932737 -0.006796280070732135
0.8621235414757333 -0.005348917913031791
0.8704755626774794 -0.003986148756576879
0.8786044232532422 -0.0027132518851638466
0.8865052266813687 -0.001535159572393026
0.894173213813303 -0.00045644074509894523
0.9016037657403225 0.0005187373359950625
0.9087924065757916 0.0013866722381690136
0.9157348061512727 0.002144215275531274
0.9224267826248536 0.0027888849262925645
0.928864305000136 0.003319001227778411
0.9350434955543556 0.003733835427400697
0.9409606321741775 0.00403376718127916
0.9466121505977576 0.0042204399663446105
0.9519946465617215 0.004296904235589527
0.9571048778517655 0.0042677373025011515
0.9619397662556433 0.0041391290586844185
0.9664963994173694 0.003918923437940071
0.9707720325915102 0.003616607027702526
0.9747640902965183 0.0032432383387339878
0.9784701678661044 0.0028113138793930967
0.98188803289772 0.002334570208723412
0.985015626597272 0.0018277244014306955
0.9878510650192642 0.0013061586665224756
0.9903926402016152 0.0007855580302709966
0.9926388211944706 0.00028151283630612487
0.9945882549823906 -0.0001908998415925758
0.9962397672993549 -0.0006175400826033835
0.9975923633360985 -0.0009856175706170482
0.9986452283393451 -0.001284075782636995
0.9993977281025862 -0.0015039318324918884
0.9998494093481021 -0.0016385574699974872
1.0 -0.0016838890753889581
