1.0 0.0017463095126815963
0.9998494093481021 0.0018255803571084102
0.9993977281025862 0.0020619271063796797
0.9986452283393451 0.002451008381060449
0.9975923633360985 0.0029857725164716036
0.9962397672993549 0.0036567245238119314
0.9945882549823906 0.004452282337113185
0.9926388211944706 0.005359205944600423
0.9903926402016152 0.006363079813736728
0.9878510650192642 0.007448826833809777
0.985015626597272 0.008601230918613851
0.98188803289772 0.00980544547330281
0.9784701678661044 0.011047466109615312
0.9747640902965183 0.012314548207797716
0.9707720325915102 0.013595553032632577
0.9664963994173694 0.014881209930719393
0.9619397662556433 0.016164286448588458
0.9571048778517655 0.017439662778068032
0.9519946465617215 0.018704311512168278
0.9466121505977576 0.019957188045156712
0.9409606321741775 0.021199040859279993
0.9350434955543556 0.022432154225167228
0.928864305000136 0.02366003836257964
0.9224267826248536 0.024887083770064797
0.9157348061512727 0.026118197194568045
0.9087924065757916 0.027358436584448514
0.9016037657403225 0.02861266140873843
0.894173213813303 0.029885213030854743
0.8865052266813687 0.03117963752906122
0.8786044232532422 0.03249846061559505
0.8704755626774794 0.03384302129174932
0.8621235414757333 0.03521336776032492
0.8535533905932737 0.03660821606517496
0.8447702723685334 0.03802496908902151
0.8357794774235092 0.03945979104038811
0.8265864214768883 0.040907730494276304
0.8171966420818224 0.04236288348282203
0.8076157952903136 0.04381858709234949
0.7978496522462164 0.04526763351118656
0.7879040957089227 0.046702494459247346
0.7777851165098009 0.04811554636318669
0.7674988099435485 0.049499287449667036
0.7570513720966108 0.05084653903245875
0.746449096114892 0.052150624580232355
0.7356983684129987 0.05340552158552969
0.7248056648273034 0.0546059827320825
0.713777546715141 0.05574762430799675
0.7026206570024947 0.0568269811796297
0.691341716182545 0.05784152888255324
0.6799475182674938 0.05878967447312648
0.6684449266961098 0.05967071870110797
0.6568408701994456 0.06048479280556561
0.645142338627231 0.061232773806593234
0.6333563787374491 0.061916182573114535
0.6214900899516319 0.06253706920430034
0.6095506200784349 0.06309789038131669
0.5975451610080642 0.06360138333848638
0.5854809443801506 0.06405044097742692
0.5733652372276805 0.06444799241072907
0.5612053375996082 0.06479689287762569
0.54900857016478 0.06509982652630021
0.5367822817998334 0.06535922501005342
0.5245338371637088 0.06557720420390667
0.512270614261456 0.06575552062484971
0.4999999999999999 0.06589554834874652
0.4877293857385438 0.06599827638207358
0.475466162836291 0.06606432559574611
0.46321771820016633 0.06609398349559882
0.4509914298352198 0.0660872543281871
0.43879466240039156 0.06604392134206928
0.42663476277231926 0.06596361748348999
0.41451905561984914 0.06584590043741782
0.4024548389919357 0.06569032775913015
0.3904493799215649 0.06549652789688643
0.3785099100483679 0.0652642631891197
0.36664362126255073 0.06499348142231176
0.35485766137276875 0.06468435323587474
0.3431591298005543 0.06433729352126975
0.33155507330389 0.06395296593503563
0.320052481732506 0.0635322706704162
0.30865828381745486 0.06307631664490587
0.29737934299750524 0.0625863801947782
0.28622245328485874 0.06206385315928971
0.27519433517269654 0.061510183831633175
0.26430163158700104 0.060926814608220276
0.2535509038851079 0.06031512025607258
0.2429486279033891 0.05967635053228173
0.23250119005645137 0.05901158044193081
0.2222148834901989 0.05832167074348555
0.2120959042910774 0.05760724045327582
0.20215034775378343 0.05686865212769797
0.19238420470968637 0.05610600968767711
0.18280335791817703 0.05531916757386886
0.17341357852311146 0.05450774916084576
0.16422052257649067 0.05367117168449281
0.15522972763146647 0.05280867450628993
0.14644660940672616 0.05191934739042993
0.1378764585242665 0.051002155622586906
0.12952443732252045 0.05005595924682048
0.12139557674675777 0.049079524409954646
0.11349477331863145 0.048071525728918915
0.10582678618669683 0.047030539665211646
0.09839623425967753 0.04595503001708565
0.09120759342420814 0.04484332773168472
0.08426519384872727 0.04369360820272278
0.07757321737514639 0.042503869967270805
0.07113569499986394 0.0412719191739696
0.06495650444564427 0.039995364310138344
0.059039367825822475 0.03867162541669576
0.05338784940224234 0.03729796138491303
0.048005353438278275 0.03587151794375708
0.042895122148234655 0.03438939766462488
0.038060233744356575 0.032848751809927836
0.03350360058263052 0.03124689223126126
0.029227967408489597 0.029581419892911565
0.025235909703481607 0.027850365073771085
0.021529832133895532 0.026052332999034138
0.018111967102280024 0.02418664767485359
0.014984373402728013 0.022253486128119494
0.012148934980735715 0.02025399514799707
0.009607359798384785 0.018190383013999865
0.007361178805529334 0.01606597957242184
0.005411745017609493 0.013885259350815925
0.0037602327006450165 0.011653824109315071
0.0024076366639015356 0.009378343221127525
0.0013547716606548965 0.007066452434528782
0.0006022718974137975 0.00472661376377772
0.00015059065189787502 0.002367941350624415
0.0 0.0
0.00015059065189787502 -0.0016491980564970871
0.0006022718974137975 -0.003293320950513917
0.0013547716606548965 -0.004926961751828652
0.0024076366639015356 -0.006545092616886174
0.0037602327006450165 -0.008143230992031984
0.005411745017609493 -0.009717579037083025
0.007361178805529334 -0.011265129620231034
0.009607359798384785 -0.01278373401913756
0.012148934980735715 -0.014272128494264433
0.014984373402728013 -0.01572991906411594
0.018111967102280024 -0.017157525986488106
0.021529832133895532 -0.018556091513718922
0.025235909703481607 -0.019927356329428193
0.029227967408489597 -0.02127351158952508
0.03350360058263052 -0.02259703460130505
0.038060233744356575 -0.023900516825543287
0.042895122148234655 -0.025186493049216843
0.048005353438278275 -0.026457280251158816
0.05338784940224234 -0.027714833898187078
0.059039367825822475 -0.028960628219942455
0.06495650444564427 -0.030195565494315565
0.07113569499986394 -0.03141991762709981
0.07757321737514639 -0.032633301436221125
0.08426519384872727 -0.03383468716446442
0.09120759342420814 -0.03502243795516422
0.09839623425967753 -0.036194376434547336
0.10582678618669683 -0.03734787323953931
0.11349477331863145 -0.03847995137857926
0.12139557674675777 -0.03958739975975738
0.12952443732252045 -0.04066688908424251
0.1378764585242665 -0.04171508357619384
0.14644660940672616 -0.04272874267066978
0.15522972763146647 -0.04370480775343878
0.16422052257649067 -0.04464047026749922
0.17341357852311146 -0.04553321888353253
0.18280335791817703 -0.0463808648809278
0.19238420470968637 -0.04718154630667647
0.20215034775378343 -0.04793371278061137
0.2120959042910774 -0.04863609391729962
0.2222148834901989 -0.049287655173419216
0.23250119005645137 -0.049887545460451446
0.2429486279033891 -0.050435041064108024
0.2535509038851079 -0.0509294902854206
0.26430163158700104 -0.05137026278785699
0.27519433517269654 -0.051756706944703926
0.28622245328485874 -0.05208811759275735
0.29737934299750524 -0.0523637155859439
0.30865828381745486 -0.05258263948660591
0.320052481732506 -0.05274394871461691
0.33155507330389 -0.052846636572210434
0.3431591298005543 -0.05288965084204129
0.35485766137276875 -0.05287191916915041
0.36664362126255073 -0.05279237621711872
0.3785099100483679 -0.05264998964679849
0.3904493799215649 -0.052443782292961115
0.4024548389919357 -0.052172848479496076
0.41451905561984914 -0.051836363168397966
0.42663476277231926 -0.051433583517777416
0.43879466240039156 -0.0509638433555206
0.4509914298352198 -0.05042654197940492
0.46321771820016633 -0.049821129494181195
0.475466162836291 -0.04914709152122839
0.4877293857385438 -0.048403936509287517
0.4999999999999999 -0.04759118899493078
0.512270614261456 -0.046708391988641525
0.5245338371637088 -0.04575512119871777
0.5367822817998334 -0.044731013075237094
0.54900857016478 -0.043635807705746814
0.5612053375996082 -0.0424694064870925
0.5733652372276805 -0.04123194331168997
0.5854809443801506 -0.03992386682787517
0.5975451610080642 -0.03854603025137816
0.6095506200784349 -0.0370997843029929
0.6214900899516319 -0.035587068200329794
0.6333563787374491 -0.034010493297237945
0.645142338627231 -0.03237341398048027
0.6568408701994456 -0.03067998081296098
0.6684449266961098 -0.028935171644062264
0.6799475182674938 -0.027144797452814035
0.691341716182545 -0.025315480987600673
0.7026206570024947 -0.023454607736027224
0.713777546715141 -0.021570250304977556
0.7248056648273034 -0.01967106881014263
0.7356983684129987 -0.01776619126159201
0.746449096114892 -0.01586507908881162
0.7570513720966108 -0.013977383789879711
0.7674988099435485 -0.012112801149711354
0.7777851165098009 -0.010280929511056445
0.7879040957089227 -0.008491138187098337
0.7978496522462164 -0.00675245129406299
0.8076157952903136 -0.005073451103865545
0.8171966420818224 -0.003462203545346762
0.8265864214768883 -0.0019262068156617202
0.8357794774235092 -0.0004723623151072665
0.8447702723685334 0.0008930345875586884
0.8535533905932737 0.0021642879921899725
0.8621235414757333 0.003336284396765108
0.8704755626774794 0.00440447128327795
0.8786044232532422 0.005364837937519451
0.8865052266813687 0.006213904985965758
0.894173213813303 0.006948728516936046
0.9016037657403225 0.007566923537223924
0.9087924065757916 0.00806670995677659
0.9157348061512727 0.00844698238262816
0.9224267826248536 0.008707402856799839
0.928864305000136 0.008848513429616022
0.9350434955543556 0.008871863270357775
0.9409606321741775 0.008780143034488867
0.9466121505977576 0.00857731757649771
0.9519946465617215 0.008268746948120622
0.9571048778517655 0.007861285055597734
0.9619397662556433 0.007363345435293064
0.9664963994173694 0.006784924374037828
0.9707720325915102 0.006137573036344776
0.9747640902965183 0.005434312310024488
0.9784701678661044 0.004689486649274256
0.98188803289772 0.0039185561491724375
0.985015626597272 0.0031378292687558366
0.9878510650192642 0.0023641418535799994
0.9903926402016152 0.00161449120657386
0.9926388211944706 0.000905636734662864
0.9945882549823906 0.0002536809887516221
0.9962397672993549 -0.00032635342835987376
0.9975923633360985 -0.0008209346984062891
0.9986452283393451 -0.0012184038809760285
0.9993977281025862 -0.0015093125136555446
0.9998494093481021 -0.0016867015192720165
1.0 -0.0017463095126815963
