1.0 0.0013449906900332284
0.9998494093481021 0.001426505053653208
0.9993977281025862 0.001669592875065937
0.9986452283393451 0.0020699431283176385
0.9975923633360985 0.0026205508021519596
0.9962397672993549 0.0033119780689346385
0.9945882549823906 0.004132702647396236
0.9926388211944706 0.005069537186883754
0.9903926402016152 0.0061081003813543405
0.9878510650192642 0.0072333184062748175
0.985015626597272 0.00842993425861431
0.98188803289772 0.009683002704343212
0.9784701678661044 0.010978349770617148
0.9747640902965183 0.012302977971592008
0.9707720325915102 0.013645401583566252
0.9664963994173694 0.014995900098060705
0.9619397662556433 0.016346682259025358
0.9571048778517655 0.017691957592240893
0.9519946465617215 0.019027916816534766
0.9466121505977576 0.020352626753110763
0.9409606321741775 0.021665849109995278
0.9350434955543556 0.022968795636977592
0.928864305000136 0.024263834489766312
0.9224267826248536 0.025554164127044206
0.9157348061512727 0.026843471659226084
0.9087924065757916 0.02813559229258449
0.9016037657403225 0.029434185433691706
0.894173213813303 0.03074244124397173
0.8865052266813687 0.03206282910135171
0.8786044232532422 0.033396896695763165
0.8704755626774794 0.03474512552820899
0.8621235414757333 0.03610684556953593
0.8535533905932737 0.03748020892460971
0.8447702723685334 0.038862219680780595
0.8357794774235092 0.040248814810813625
0.8265864214768883 0.04163498913376159
0.8171966420818224 0.04301495596375922
0.8076157952903136 0.04438233421503625
0.7978496522462164 0.04573035236995965
0.7879040957089227 0.04705205981786091
0.7777851165098009 0.04834053657736568
0.7674988099435485 0.04958909325107083
0.7570513720966108 0.05079145414805099
0.746449096114892 0.05194191776455059
0.7356983684129987 0.05303549015811239
0.7248056648273034 0.05406798811554905
0.713777546715141 0.055036110342494615
0.7026206570024947 0.05593747614703184
0.691341716182545 0.0567706322209862
0.6799475182674938 0.057535029121461544
0.6684449266961098 0.05823096991426295
0.6568408701994456 0.05885953416014336
0.645142338627231 0.05942248100934401
0.6333563787374491 0.05992213562662583
0.6214900899516319 0.06036126350417125
0.6095506200784349 0.06074293743704559
0.5975451610080642 0.06107040203537347
0.5854809443801506 0.06134694062530277
0.5733652372276805 0.06157574924061104
0.5612053375996082 0.06175982212065341
0.54900857016478 0.06190185270149527
0.5367822817998334 0.06200415351237063
0.5245338371637088 0.06206859767207695
0.512270614261456 0.062096583830943644
0.4999999999999999 0.06208902544489238
0.4877293857385438 0.06204636423068228
0.475466162836291 0.061968606577646516
0.46321771820016633 0.061855380631555795
0.4509914298352198 0.061706010777033006
0.43879466240039156 0.06151960538482193
0.42663476277231926 0.06129515301585066
0.41451905561984914 0.06103162183557695
0.4024548389919357 0.06072805682868389
0.3904493799215649 0.06038366953992528
0.3785099100483679 0.05999791550776163
0.36664362126255073 0.05957055528927698
0.35485766137276875 0.05910169596310252
0.3431591298005543 0.05859181118770038
0.33155507330389 0.05804173921475046
0.320052481732506 0.05745265962850787
0.30865828381745486 0.05682605091185819
0.29737934299750524 0.05616363213770099
0.28622245328485874 0.05546729306552056
0.27519433517269654 0.05473901761534155
0.26430163158700104 0.05398080604086287
0.2535509038851079 0.053194601099689286
0.2429486279033891 0.052382223116741136
0.23250119005645137 0.05154531808019667
0.2222148834901989 0.05068532184752564
0.2120959042910774 0.04980344224606677
0.20215034775378343 0.04890065942107621
0.19238420470968637 0.047977743319889264
0.18280335791817703 0.04703528581460857
0.17341357852311146 0.04607374376533137
0.16422052257649067 0.04509348840783747
0.15522972763146647 0.044094855891394634
0.14644660940672616 0.04307819364607339
0.1378764585242665 0.04204389754678056
0.12952443732252045 0.04099243555260615
0.12139557674675777 0.03992435459175487
0.11349477331863145 0.038840268860607714
0.10582678618669683 0.03774082931091914
0.09839623425967753 0.03662667579345194
0.09120759342420814 0.03549837498057681
0.08426519384872727 0.03435634867447668
0.07757321737514639 0.03320079830014856
0.07113569499986394 0.032031632179892355
0.06495650444564427 0.03084840251113168
0.059039367825822475 0.029650258777635347
0.05338784940224234 0.02843592360785528
0.048005353438278275 0.027203695884056557
0.042895122148234655 0.025951484270388656
0.038060233744356575 0.02467687236856314
0.03350360058263052 0.02337721455467652
0.029227967408489597 0.0220497593464094
0.025235909703481607 0.020691795050805498
0.021529832133895532 0.019300810600610525
0.018111967102280024 0.017874663039371595
0.014984373402728013 0.01641174217578843
0.012148934980735715 0.014911122577176238
0.009607359798384785 0.01337269335235696
0.007361178805529334 0.011797257085136032
0.005411745017609493 0.010186590776651199
0.0037602327006450165 0.008543463653152472
0.0024076366639015356 0.006871609074367845
0.0013547716606548965 0.005175650387900126
0.0006022718974137975 0.0034609832506626624
0.00015059065189787502 0.001733619506271255
0.0 0.0
0.00015059065189787502 -0.0018042182420980864
0.0006022718974137975 -0.0036007576848958115
0.0013547716606548965 -0.005381750952649197
0.0024076366639015356 -0.007139754351216466
0.0037602327006450165 -0.008867936379975638
0.005411745017609493 -0.010560239483150696
0.007361178805529334 -0.012211508336980254
0.009607359798384785 -0.013817579705792895
0.012148934980735715 -0.01537533087809488
0.014984373402728013 -0.01688268580176825
0.018111967102280024 -0.018338580157384092
0.021529832133895532 -0.01974288862277335
0.025235909703481607 -0.02109631937990285
0.029227967408489597 -0.022400282400000204
0.03350360058263052 -0.023656739137181932
0.038060233744356575 -0.024868041910628767
0.042895122148234655 -0.02603677143321731
0.048005353438278275 -0.027165580650947412
0.05338784940224234 -0.028257052320490587
0.059039367825822475 -0.029313576625221386
0.06495650444564427 -0.0303372536886161
0.07113569499986394 -0.03132982418046345
0.07757321737514639 -0.032292629429760175
0.08426519384872727 -0.03322660066711261
0.09120759342420814 -0.034132275325730356
0.09839623425967753 -0.03500983683213822
0.10582678618669683 -0.03585917309975913
0.11349477331863145 -0.03667994806558429
0.12139557674675777 -0.03747168012443551
0.12952443732252045 -0.03823382123396971
0.1378764585242665 -0.03896583077805486
0.14644660940672616 -0.03966723895331097
0.15522972763146647 -0.040337695428248894
0.16422052257649067 -0.0409770002432559
0.17341357852311146 -0.041585115286306366
0.18280335791817703 -0.042162156100134233
0.19238420470968637 -0.042708365157091
0.20215034775378343 -0.04322406898859968
0.2120959042910774 -0.0437096225985192
0.2222148834901989 -0.04416534536128971
0.23250119005645137 -0.0445914530636282
0.2429486279033891 -0.04498799087225573
0.2535509038851079 -0.04535477180232196
0.26430163158700104 -0.04569132474715408
0.27519433517269654 -0.04599685535547104
0.28622245328485874 -0.04627022207002683
0.29737934299750524 -0.04650992854690911
0.30865828381745486 -0.04671413253946466
0.320052481732506 -0.046880670238174056
0.33155507330389 -0.04700709408604857
0.3431591298005543 -0.04709072130624911
0.35485766137276875 -0.04712868983752214
0.36664362126255073 -0.04711801810788156
0.3785099100483679 -0.0470556651008586
0.3904493799215649 -0.04693858747285983
0.4024548389919357 -0.046763791034898035
0.41451905561984914 -0.04652837466854052
0.42663476277231926 -0.046229565640524405
0.43879466240039156 -0.04586474623884008
0.4509914298352198 -0.04543147259596654
0.46321771820016633 -0.04492748741412083
0.475466162836291 -0.044350728991459545
0.4877293857385438 -0.04369933940801869
0.4999999999999999 -0.042971674923501055
0.512270614261456 -0.04216632154376665
0.5245338371637088 -0.041282118329166735
0.5367822817998334 -0.0403181903683475
0.54900857016478 -0.03927399246973104
0.5612053375996082 -0.038149363591821826
0.5733652372276805 -0.036944590919148396
0.5854809443801506 -0.03566048137811145
0.5975451610080642 -0.03429843736394765
0.6095506200784349 -0.03286053260024839
0.6214900899516319 -0.031349583449683846
0.6333563787374491 -0.029769210696576023
0.645142338627231 -0.02812388686601981
0.6568408701994456 -0.026418964543766344
0.6684449266961098 -0.024660681903919596
0.6799475182674938 -0.022856142700098104
0.691341716182545 -0.021013269269052347
0.7026206570024947 -0.01914072855299482
0.713777546715141 -0.017247832672702072
0.7248056648273034 -0.015344417074197824
0.7356983684129987 -0.01344070062285027
0.746449096114892 -0.011547133131727177
0.7570513720966108 -0.009674236601239164
0.7674988099435485 -0.007832446849625188
0.7777851165098009 -0.006031962188968787
0.7879040957089227 -0.004282605338167685
0.7978496522462164 -0.0025937038819814013
0.8076157952903136 -0.0009739933332819673
0.8171966420818224 0.000568454689263545
0.8265864214768883 0.00202627839389822
0.8357794774235092 0.0033928468993493256
0.8447702723685334 0.004662259275349138
0.8535533905932737 0.005829325936191592
0.8621235414757333 0.006889538079299843
0.8704755626774794 0.007839031760316134
0.8786044232532422 0.00867455362110722
0.8865052266813687 0.009393435189043824
0.894173213813303 0.009993582031021287
0.9016037657403225 0.010473482896412574
0.9087924065757916 0.010832242378041888
0.9157348061512727 0.011069638651243725
0.9224267826248536 0.011186205638299198
0.928864305000136 0.011183336630390473
0.9350434955543556 0.011063404135526023
0.9409606321741775 0.010829888665235828
0.9466121505977576 0.01048750747428764
0.9519946465617215 0.010042333057822204
0.9571048778517655 0.009501890594137925
0.9619397662556433 0.008875223569654377
0.9664963994173694 0.008172917566331029
0.9707720325915102 0.007407073619050819
0.9747640902965183 0.006591224605806212
0.9784701678661044 0.005740190720460622
0.98188803289772 0.0048698730637472725
0.985015626597272 0.00399698761160829
0.9878510650192642 0.003138745100107182
0.9903926402016152 0.00231248551342411
0.9926388211944706 0.0015352786890785969
0.9945882549823906 0.0008235048899977761
0.9962397672993549 0.000192430888880145
0.9975923633360985 -0.00034420194658293804
0.9986452283393451 -0.000774560959949159
0.9993977281025862 -0.0010890610255827392
0.9998494093481021 -0.0012806445574683664
1.0 -0.0013449906900332284
