1.0 0.0017978292182786466
0.9998494093481021 0.0018787981364802894
0.9993977281025862 0.0021202699325160615
0.9986452283393451 0.0025179949444022335
0.9975923633360985 0.0030650718575906772
0.9962397672993549 0.003752210957781772
0.9945882549823906 0.004568085305261966
0.9926388211944706 0.005499753545468726
0.9903926402016152 0.006533134910215824
0.9878510650192642 0.007653514804450196
0.985015626597272 0.008846058314078155
0.98188803289772 0.01009630904930053
0.9784701678661044 0.011390651930163758
0.9747640902965183 0.012716720741509542
0.9707720325915102 0.014063734393733627
0.9664963994173694 0.01542274963920898
0.9619397662556433 0.01678682229391788
0.9571048778517655 0.018151073561723605
0.9519946465617215 0.019512662610913084
0.9466121505977576 0.02087067087351715
0.9409606321741775 0.022225907413329346
0.9350434955543556 0.023580647957220077
0.928864305000136 0.02493832266700211
0.9224267826248536 0.02630316935453564
0.9157348061512727 0.02767986957090431
0.9087924065757916 0.029073184842173878
0.9016037657403225 0.030487609337918675
0.894173213813303 0.03192705354444938
0.8865052266813687 0.0333945712059958
0.8786044232532422 0.034892139051153154
0.8704755626774794 0.03642049580882944
0.8621235414757333 0.03797904391017458
0.8535533905932737 0.039565814234981976
0.8447702723685334 0.041177491440420926
0.8357794774235092 0.04280949493006236
0.8265864214768883 0.04445610847603433
0.8171966420818224 0.04611064995853176
0.8076157952903136 0.04776567166365982
0.7978496522462164 0.0494131810802072
0.7879040957089227 0.051044872127986494
0.7777851165098009 0.052652357181395194
0.7674988099435485 0.05422739105124126
0.7570513720966108 0.05576207917437631
0.746449096114892 0.05724906354863539
0.7356983684129987 0.05868168135596403
0.7248056648273034 0.06005409266194486
0.713777546715141 0.06136137499821673
0.7026206570024947 0.06259958397147213
0.691341716182545 0.06376578025890536
0.6799475182674938 0.06485802441919301
0.6684449266961098 0.06587534185699506
0.6568408701994456 0.0668176610247423
0.645142338627231 0.06768572853304651
0.6333563787374491 0.06848100528022626
0.6214900899516319 0.06920554801399928
0.6095506200784349 0.06986188091581852
0.5975451610080642 0.07045286185998076
0.5854809443801506 0.07098154795178746
0.5733652372276805 0.07145106479473019
0.5612053375996082 0.07186448367639088
0.54900857016478 0.07222471049569877
0.5367822817998334 0.07253438978011208
0.5245338371637088 0.07279582656242775
0.512270614261456 0.07301092820993907
0.4999999999999999 0.07318116753625911
0.4877293857385438 0.07330756769807527
0.475466162836291 0.07339070851251599
0.46321771820016633 0.07343075295961156
0.4509914298352198 0.07342749179780884
0.43879466240039156 0.07338040346109065
0.42663476277231926 0.07328872576669285
0.41451905561984914 0.07315153548248847
0.4024548389919357 0.07296783151624663
0.3904493799215649 0.0727366174190905
0.3785099100483679 0.0724569790542641
0.36664362126255073 0.07212815366735151
0.35485766137276875 0.07174958718794372
0.3431591298005543 0.07132097736324176
0.33155507330389 0.07084230122576195
0.320052481732506 0.07031382637406006
0.30865828381745486 0.06973610653407797
0.29737934299750524 0.0691099628035339
0.28622245328485874 0.06843645279907944
0.27519433517269654 0.06771683056909712
0.26430163158700104 0.06695250055889562
0.2535509038851079 0.06614496908992419
0.2429486279033891 0.06529579672878863
0.23250119005645137 0.06440655458316498
0.2222148834901989 0.06347878699749294
0.2120959042910774 0.0625139823768026
0.20215034775378343 0.06151355300223263
0.19238420470968637 0.06047882378733034
0.18280335791817703 0.05941102903590687
0.17341357852311146 0.05831131547528416
0.16422052257649067 0.05718074922185239
0.15522972763146647 0.056020323945316024
0.14644660940672616 0.054830967373136544
0.1378764585242665 0.053613543435983506
0.12952443732252045 0.05236884779411569
0.12139557674675777 0.05109759517590025
0.11349477331863145 0.04980039785365719
0.10582678618669683 0.04847773561059058
0.09839623425967753 0.04712991863374226
0.09120759342420814 0.04575704581180315
0.08426519384872727 0.04435896183228527
0.07757321737514639 0.042935217175045434
0.07113569499986394 0.04148503551638299
0.06495650444564427 0.040007293136804775
0.059039367825822475 0.038500514636722445
0.05338784940224234 0.03696288860544223
0.048005353438278275 0.03539230588559076
0.042895122148234655 0.033786421780632625
0.038060233744356575 0.0321427420447267
0.03350360058263052 0.030458730868639153
0.029227967408489597 0.02873193744257301
0.025235909703481607 0.026960136151776993
0.021529832133895532 0.025141474156056505
0.018111967102280024 0.02327461912120877
0.014984373402728013 0.021358899291720537
0.012148934980735715 0.019394427977512535
0.009607359798384785 0.01738220490097903
0.007361178805529334 0.015324187709354757
0.005411745017609493 0.013223328263834454
0.0037602327006450165 0.01108357000197321
0.0024076366639015356 0.008909804637809118
0.0013547716606548965 0.006707788597997507
0.0006022718974137975 0.004484021761886898
0.00015059065189787502 0.0022455931441473045
0.0 0.0
0.00015059065189787502 -0.001827559763125786
0.0006022718974137975 -0.0036459581871445784
0.0013547716606548965 -0.005445770804449606
0.0024076366639015356 -0.00721811818433369
0.0037602327006450165 -0.00895490928563341
0.005411745017609493 -0.010649051300888083
0.007361178805529334 -0.01229461753054385
0.009607359798384785 -0.013886966948436438
0.012148934980735715 -0.015422811539097706
0.014984373402728013 -0.016900230068188214
0.018111967102280024 -0.018318629546589162
0.021529832133895532 -0.019678658124049887
0.025235909703481607 -0.020982075366402918
0.029227967408489597 -0.022231587714610115
0.03350360058263052 -0.02343065830105154
0.038060233744356575 -0.024583301143907773
0.042895122148234655 -0.025693870021609427
0.048005353438278275 -0.0267668520469929
0.05338784940224234 -0.027806675148687884
0.059039367825822475 -0.028817537389279536
0.06495650444564427 -0.029803264395628918
0.07113569499986394 -0.030767199255952574
0.07757321737514639 -0.03171212717318249
0.08426519384872727 -0.032640235082105395
0.09120759342420814 -0.03355310446326723
0.09839623425967753 -0.03445173383355212
0.10582678618669683 -0.035336585958295134
0.11349477331863145 -0.036207653786402026
0.12139557674675777 -0.03706453850487697
0.12952443732252045 -0.03790653295977946
0.1378764585242665 -0.038732703984735675
0.14644660940672616 -0.03954196787545619
0.15522972763146647 -0.040333154284299295
0.16422052257649067 -0.04110505509798731
0.17341357852311146 -0.04185645630560084
0.18280335791817703 -0.04258615235752797
0.19238420470968637 -0.0432929439540268
0.20215034775378343 -0.04397562148668957
0.2120959042910774 -0.04463293740334626
0.2222148834901989 -0.04526357151191136
0.23250119005645137 -0.045866093639554864
0.2429486279033891 -0.0464389281040615
0.2535509038851079 -0.04698032414405096
0.26430163158700104 -0.04748833582845614
0.27519433517269654 -0.047960814079820856
0.28622245328485874 -0.048395412374666574
0.29737934299750524 -0.04878960651349732
0.30865828381745486 -0.04914072767476164
0.320052481732506 -0.049446006872112966
0.33155507330389 -0.04970262800596386
0.3431591298005543 -0.04990778600855505
0.35485766137276875 -0.05005874617811065
0.36664362126255073 -0.050152900711693406
0.3785099100483679 -0.050187818683634935
0.3904493799215649 -0.05016128625807258
0.4024548389919357 -0.050071334728429194
0.41451905561984914 -0.049916254982005526
0.42663476277231926 -0.04969459811722986
0.43879466240039156 -0.04940516310775994
0.4509914298352198 -0.049046973521332436
0.46321771820016633 -0.048619246274922506
0.475466162836291 -0.04812135616385787
0.4877293857385438 -0.047552800378780444
0.4999999999999999 -0.04691316737850366
0.512270614261456 -0.046202114299927495
0.5245338371637088 -0.045419356564251334
0.5367822817998334 -0.04456467251263366
0.54900857016478 -0.04363792482801153
0.5612053375996082 -0.04263909924623292
0.5733652372276805 -0.041568359716603075
0.5854809443801506 -0.040426117835350175
0.5975451610080642 -0.03921311314287819
0.6095506200784349 -0.03793049983905976
0.6214900899516319 -0.036579934710190665
0.6333563787374491 -0.0351636606384469
0.645142338627231 -0.033684580018825315
0.6568408701994456 -0.032146312752623224
0.6684449266961098 -0.03055323420607101
0.6799475182674938 -0.028910489576340924
0.691341716182545 -0.027223982428799413
0.7026206570024947 -0.025500336672633198
0.713777546715141 -0.023746832825737817
0.7248056648273034 -0.0219713209750342
0.7356983684129987 -0.02018211425584089
0.746449096114892 -0.01838786785164867
0.7570513720966108 -0.016597449366374504
0.7674988099435485 -0.014819806878883976
0.7777851165098009 -0.013063841014546959
0.7879040957089227 -0.011338286950835632
0.7978496522462164 -0.009651611434639572
0.8076157952903136 -0.00801192867961597
0.8171966420818224 -0.006426937511653939
0.8265864214768883 -0.00490388044126173
0.8357794774235092 -0.003449523581502435
0.8447702723685334 -0.0020701546255043456
0.8535533905932737 -0.000771594574980364
0.8621235414757333 0.00044078231192596295
0.8704755626774794 0.0015620267085751699
0.8786044232532422 0.002587597246897921
0.8865052266813687 0.0035133549151523434
0.894173213813303 0.004335574655907552
0.9016037657403225 0.005050978787762915
0.9087924065757916 0.005656795226318894
0.9157348061512727 0.006150841484756427
0.9224267826248536 0.006531633214291205
0.928864305000136 0.006798513742176815
0.9350434955543556 0.006951798833609698
0.9409606321741775 0.006992928899219126
0.9466121505977576 0.00692461923861579
0.9519946465617215 0.006750997781143136
0.9571048778517655 0.006477719258651098
0.9619397662556433 0.006112044888278687
0.9664963994173694 0.005662877482439135
0.9707720325915102 0.0051407434222046095
0.9747640902965183 0.0045577150698416415
0.9784701678661044 0.003927269856651199
0.98188803289772 0.0032640853284773147
0.985015626597272 0.0025837727003760916
0.9878510650192642 0.0019025547825753302
0.9903926402016152 0.001236897302788825
0.9926388211944706 0.0006031054794881857
0.9945882549823906 1.6900026048288557e-05
0.9962397672993549 -0.0005070115586257771
0.9975923633360985 -0.0009553516421253777
0.9986452283393451 -0.0013166601965764883
0.9993977281025862 -0.0015816375323778288
0.9998494093481021 -0.0017434275300121835
1.0 -0.0017978292182786466
