1.0 0.00176934130265631
0.9998494093481021 0.0018478434940572496
0.9993977281025862 0.0020818579445190197
0.9986452283393451 0.002466964108604061
0.9975923633360985 0.0029959779071523254
0.9962397672993549 0.0036592180458060557
0.9945882549823906 0.0044448614917503414
0.9926388211944706 0.0053393718389022835
0.9903926402016152 0.0063279811420085385
0.9878510650192642 0.0073952036535437846
0.985015626597272 0.008525358852045771
0.98188803289772 0.009703081242370702
0.9784701678661044 0.0109137956095872
0.9747640902965183 0.01214413863045088
0.9707720325915102 0.01338231084685644
0.9664963994173694 0.01461834679681739
0.9619397662556433 0.015844295360091024
0.9571048778517655 0.017054306868232245
0.9519946465617215 0.018244628008803793
0.9466121505977576 0.01941350978664936
0.9409606321741775 0.020561037580614304
0.9350434955543556 0.021688895475352292
0.928864305000136 0.022800079421702677
0.9224267826248536 0.023898575301467623
0.9157348061512727 0.024989018610875952
0.9087924065757916 0.026076352250134986
0.9016037657403225 0.02716549787987339
0.894173213813303 0.028261054585108816
0.8865052266813687 0.029367036311545552
0.8786044232532422 0.030486656867004972
0.8704755626774794 0.03162216838269047
0.8621235414757333 0.03277475617459967
0.8535533905932737 0.033944490094037265
0.8447702723685334 0.035130329847976864
0.8357794774235092 0.036330179518960275
0.8265864214768883 0.03754098470354751
0.8171966420818224 0.03875886436824191
0.8076157952903136 0.0399792687095852
0.7978496522462164 0.041197153987368396
0.7879040957089227 0.042407165436729455
0.7777851165098009 0.043603819895404315
0.7674988099435485 0.044781680631019595
0.7570513720966108 0.04593551793665384
0.746449096114892 0.047060450296094285
0.7356983684129987 0.048152062222880467
0.7248056648273034 0.049206496178077326
0.713777546715141 0.0502205172120611
0.7026206570024947 0.051191550111204145
0.691341716182545 0.052117689831918126
0.6799475182674938 0.05299768685680075
0.6684449266961098 0.053830909807384864
0.6568408701994456 0.05461728820118755
0.645142338627231 0.05535723865933206
0.6333563787374491 0.05605157816959433
0.6214900899516319 0.056701428202613834
0.6095506200784349 0.05730811357783017
0.5975451610080642 0.057873059987847156
0.5854809443801506 0.05839769401792811
0.5733652372276805 0.05888334933926739
0.5612053375996082 0.05933118250541604
0.54900857016478 0.05974210143433649
0.5367822817998334 0.06011670920869845
0.5245338371637088 0.060455265272498754
0.512270614261456 0.06075766544712881
0.4999999999999999 0.06102344144664758
0.4877293857385438 0.061251779761133905
0.475466162836291 0.06144155892848722
0.46321771820016633 0.06159140336695213
0.4509914298352198 0.061699751137201685
0.43879466240039156 0.061764932291668365
0.42663476277231926 0.06178525389748507
0.41451905561984914 0.06175908743137644
0.4024548389919357 0.06168495407557996
0.3904493799215649 0.06156160351714906
0.3785099100483679 0.06138808217787253
0.36664362126255073 0.06116378737092352
0.35485766137276875 0.06088850466815219
0.3431591298005543 0.060562426726762125
0.33155507330389 0.060186152909269965
0.320052481732506 0.05976067016806012
0.30865828381745486 0.05928731678053669
0.29737934299750524 0.058767731536299
0.28622245328485874 0.05820379182155304
0.27519433517269654 0.057597544655620676
0.26430163158700104 0.0569511350624873
0.2535509038851079 0.0562667361787449
0.2429486279033891 0.0555464852021823
0.23250119005645137 0.054792428690352134
0.2222148834901989 0.05400647986645857
0.2120959042910774 0.05319038954235039
0.20215034775378343 0.05234573110346313
0.19238420470968637 0.05147389880764477
0.18280335791817703 0.05057611752297607
0.17341357852311146 0.04965346106051187
0.16422052257649067 0.04870687552815976
0.15522972763146647 0.047737203707067216
0.14644660940672616 0.04674520637524918
0.1378764585242665 0.0457315767918724
0.12952443732252045 0.04469694519832301
0.12139557674675777 0.043641871149100245
0.11349477331863145 0.04256682269045892
0.10582678618669683 0.041472142769138014
0.09839623425967753 0.040358004672888144
0.09120759342420814 0.03922435966563644
0.08426519384872727 0.03807088116955931
0.07757321737514639 0.0368969107590678
0.07113569499986394 0.035701411779505886
0.06495650444564427 0.034482936522057486
0.059039367825822475 0.03323961254156749
0.05338784940224234 0.03196915289476953
0.048005353438278275 0.030668893836541256
0.042895122148234655 0.02933586190844767
0.038060233744356575 0.027966870483771313
0.03350360058263052 0.026558643816761675
0.029227967408489597 0.025107964616788863
0.025235909703481607 0.023611839272467676
0.021529832133895532 0.022067673224805812
0.018111967102280024 0.02047344775636428
0.014984373402728013 0.018827888726592447
0.012148934980735715 0.017130617612363945
0.009607359798384785 0.015382275641178096
0.007361178805529334 0.013584612826567005
0.005411745017609493 0.011740535284743673
0.0037602327006450165 0.009854106244273905
0.0024076366639015356 0.00793049853955414
0.0013547716606548965 0.005975898961701847
0.0006022718974137975 0.003997367468633002
0.00015059065189787502 0.002002656765617626
0.0 0.0
0.00015059065189787502 -0.0019545193505134976
0.0006022718974137975 -0.003900337412407815
0.0013547716606548965 -0.005828457446311462
0.0024076366639015356 -0.0077303478132486995
0.0037602327006450165 -0.00959814994020541
0.005411745017609493 -0.01142485800559587
0.007361178805529334 -0.013204463189829457
0.009607359798384785 -0.014932057118707983
0.012148934980735715 -0.01660389116097656
0.014984373402728013 -0.018217390413370397
0.018111967102280024 -0.01977112339754938
0.021529832133895532 -0.021264730584180956
0.025235909703481607 -0.02269881673799317
0.029227967408489597 -0.02407481364532829
0.03350360058263052 -0.025394820963168165
0.038060233744356575 -0.02666143365996702
0.042895122148234655 -0.027877564774647503
0.048005353438278275 -0.02904627199946034
0.05338784940224234 -0.030170595921336748
0.059039367825822475 -0.03125341668676701
0.06495650444564427 -0.03229733446111395
0.07113569499986394 -0.03330457742593491
0.07757321737514639 -0.03427693930016636
0.08426519384872727 -0.03521574659083455
0.09120759342420814 -0.036121854082633936
0.09839623425967753 -0.036995665561561177
0.10582678618669683 -0.03783717552017117
0.11349477331863145 -0.03864602667643811
0.12139557674675777 -0.039421577597616296
0.12952443732252045 -0.04016297457307955
0.1378764585242665 -0.04086922211868435
0.14644660940672616 -0.041539247088160744
0.15522972763146647 -0.04217195226096012
0.16422052257649067 -0.04276625639953017
0.17341357852311146 -0.043321119037865174
0.18280335791817703 -0.043835549585974916
0.19238420470968637 -0.04430860161923884
0.20215034775378343 -0.04473935438022475
0.2120959042910774 -0.045126884477112564
0.2222148834901989 -0.045470231456837096
0.23250119005645137 -0.045768361321519097
0.2429486279033891 -0.04602013212484342
0.2535509038851079 -0.04622426553487763
0.26430163158700104 -0.046379327707885824
0.27519433517269654 -0.046483722030635534
0.28622245328485874 -0.046535695319838706
0.29737934299750524 -0.04653335799204907
0.30865828381745486 -0.046474717617471996
0.320052481732506 -0.04635772422935004
0.33155507330389 -0.046180324854320685
0.3431591298005543 -0.045940524025180784
0.35485766137276875 -0.045636446587217085
0.36664362126255073 -0.045266398945024634
0.3785099100483679 -0.0448289250295777
0.3904493799215649 -0.044322853684202426
0.4024548389919357 -0.04374733484072447
0.41451905561984914 -0.04310186273217357
0.42663476277231926 -0.04238628539951629
0.43879466240039156 -0.04160080082000433
0.4509914298352198 -0.04074594103203505
0.46321771820016633 -0.03982254657519735
0.475466162836291 -0.038831734330713664
0.4877293857385438 -0.037774862375611826
0.4999999999999999 -0.036653495709617956
0.512270614261456 -0.03546937665351064
0.5245338371637088 -0.03422440335063809
0.5367822817998334 -0.032920619151569804
0.54900857016478 -0.03156021476921833
0.5612053375996082 -0.030145544020838324
0.5733652372276805 -0.028679152801263406
0.5854809443801506 -0.027163819744912283
0.5975451610080642 -0.0256026059218383
0.6095506200784349 -0.023998909961277043
0.6214900899516319 -0.02235652428084068
0.6333563787374491 -0.020679687681167246
0.645142338627231 -0.018973129484590377
0.6568408701994456 -0.01724210066863256
0.6684449266961098 -0.015492388061735836
0.6799475182674938 -0.013730308595077866
0.691341716182545 -0.011962681782452444
0.7026206570024947 -0.01019677995193421
0.713777546715141 -0.008440257185475234
0.7248056648273034 -0.006701059334268309
0.7356983684129987 -0.004987318765776198
0.746449096114892 -0.0033072385658599675
0.7570513720966108 -0.0016689716825703696
0.7674988099435485 -8.050089252146023e-05
0.7777851165098009 0.0014504745433846149
0.7879040957089227 0.0029166401022621006
0.7978496522462164 0.004311150502674186
0.8076157952903136 0.005627694081621964
0.8171966420818224 0.006860535105425296
0.8265864214768883 0.008004533723688135
0.8357794774235092 0.009055144991230205
0.8447702723685334 0.010008400042355016
0.8535533905932737 0.010860873981411593
0.8621235414757333 0.011609646237659844
0.8704755626774794 0.01225225992167287
0.8786044232532422 0.012786687039468666
0.8865052266813687 0.013211306223732974
0.894173213813303 0.013524898917466258
0.9016037657403225 0.013726668718887945
0.9087924065757916 0.013816286927938161
0.9157348061512727 0.013793965317661373
0.9224267826248536 0.013660554909401976
0.928864305000136 0.01341766720107415
0.9350434955543556 0.013067812036757569
0.9409606321741775 0.012614544269709975
0.9466121505977576 0.012062609707780373
0.9519946465617215 0.011418079670398075
0.9571048778517655 0.010688462933014037
0.9619397662556433 0.00988278395669489
0.9664963994173694 0.009011617126006913
0.9707720325915102 0.008087068232676586
0.9747640902965183 0.007122696587478648
0.9784701678661044 0.006133373818921844
0.98188803289772 0.005135078488969778
0.985015626597272 0.004144628959021103
0.9878510650192642 0.003179360290205006
0.9903926402016152 0.0022567541688789956
0.9926388211944706 0.0013940337223434247
0.9945882549823906 0.0006077374572316741
0.9962397672993549 -8.671173463135743e-05
0.9975923633360985 -0.0006754256143685338
0.9986452283393451 -0.0011464406856189985
0.9993977281025862 -0.0014900631025729348
0.9998494093481021 -0.0016991537614065827
1.0 -0.00176934130265631
