1.0 0.0015529429066825048
0.9998494093481021 0.0016348978233179572
0.9993977281025862 0.0018793271179705826
0.9986452283393451 0.002281978544489821
0.9975923633360985 0.0028359428909073723
0.9962397672993549 0.0035319120417012127
0.9945882549823906 0.0043585232656812006
0.9926388211944706 0.005302773801718168
0.9903926402016152 0.006350486725264228
0.9878510650192642 0.0074868069690630906
0.985015626597272 0.008696705338945067
0.98188803289772 0.009965468447185556
0.9784701678661044 0.011279153657007532
0.9747640902965183 0.012624990308787326
0.9707720325915102 0.013991711544540443
0.9664963994173694 0.015369804781327634
0.9619397662556433 0.016751673092601584
0.9571048778517655 0.018131704205852032
0.9519946465617215 0.019506248276180457
0.9466121505977576 0.020873509817770513
0.9409606321741775 0.02223336295890194
0.9350434955543556 0.023587102353764596
0.928864305000136 0.024937144499713123
0.9224267826248536 0.026286695782825543
0.9157348061512727 0.02763940426899152
0.9087924065757916 0.028999012083530944
0.9016037657403225 0.030369024237565725
0.894173213813303 0.031752408062926334
0.8865052266813687 0.033151335140928634
0.8786044232532422 0.03456697490874103
0.8704755626774794 0.03599934616776387
0.8621235414757333 0.03744722967108271
0.8535533905932737 0.038908141993260724
0.8447702723685334 0.040378368130381356
0.8357794774235092 0.041853047862231256
0.8265864214768883 0.04332630892366612
0.8171966420818224 0.044791438538418334
0.8076157952903136 0.04624108389323775
0.7978496522462164 0.047667471669646536
0.7879040957089227 0.049062636773466596
0.7777851165098009 0.050418650854647806
0.7674988099435485 0.05172784202089656
0.7570513720966108 0.052982998236835235
0.746449096114892 0.054177548180392825
0.7356983684129987 0.05530571471611581
0.7248056648273034 0.05636263756413515
0.713777546715141 0.05734446312734731
0.7026206570024947 0.05824840073488393
0.691341716182545 0.05907274572845735
0.6799475182674938 0.05981687083520299
0.6684449266961098 0.06048118812467097
0.6568408701994456 0.061067084537892884
0.645142338627231 0.061576834510229814
0.6333563787374491 0.062013493599304324
0.6214900899516319 0.06238077728917632
0.6095506200784349 0.06268292928611727
0.5975451610080642 0.06292458366168188
0.5854809443801506 0.06311062514368557
0.5733652372276805 0.06324605170989538
0.5612053375996082 0.06333584340426404
0.54900857016478 0.06338484097089837
0.5367822817998334 0.0633976374858468
0.5245338371637088 0.06337848566199546
0.512270614261456 0.06333122291218629
0.4999999999999999 0.0632592155895916
0.4877293857385438 0.06316532309819575
0.475466162836291 0.06305188180252522
0.46321771820016633 0.06292070789354598
0.4509914298352198 0.06277311762120093
0.43879466240039156 0.0626099626209959
0.42663476277231926 0.062431677480731224
0.41451905561984914 0.06223833625005306
0.4024548389919357 0.062029714320724405
0.3904493799215649 0.061805352021780675
0.3785099100483679 0.061564616392493776
0.36664362126255073 0.06130675791599182
0.35485766137276875 0.06103095950242407
0.3431591298005543 0.060736375674128144
0.33155507330389 0.060422160685461246
0.320052481732506 0.06008748515601633
0.30865828381745486 0.05973154165048222
0.29737934299750524 0.05935354044150057
0.28622245328485874 0.05895269738552693
0.27519433517269654 0.058528216374374185
0.26430163158700104 0.05807926915594741
0.2535509038851079 0.05760497542009008
0.2429486279033891 0.05710438590971199
0.23250119005645137 0.056576470951946206
0.2222148834901989 0.05602011623563537
0.2120959042910774 0.05543412693332626
0.20215034775378343 0.054817240435320304
0.19238420470968637 0.054168147097126876
0.18280335791817703 0.0534855175715942
0.17341357852311146 0.052768034573998646
0.16422052257649067 0.05201442637698118
0.15522972763146647 0.051223499005152474
0.14644660940672616 0.050394164032822424
0.1378764585242665 0.04952545909915009
0.12952443732252045 0.048616558737726974
0.12139557674675777 0.04766677384465141
0.11349477331863145 0.04667553903212428
0.10582678618669683 0.04564238816731575
0.09839623425967753 0.04456691949926307
0.09120759342420814 0.04344875284287168
0.08426519384872727 0.042287482230663934
0.07757321737514639 0.04108262817743741
0.07113569499986394 0.039833594160428226
0.06495650444564427 0.038539632046021274
0.059039367825822475 0.03719982096433877
0.05338784940224234 0.0358130635418028
0.048005353438278275 0.034378102472618556
0.042895122148234655 0.032893559192856144
0.038060233744356575 0.03135799498860618
0.03350360058263052 0.029769993314525334
0.029227967408489597 0.02812826052560969
0.025235909703481607 0.026431740743306575
0.021529832133895532 0.02467973929480644
0.018111967102280024 0.022872048179043893
0.014984373402728013 0.02100906640462164
0.012148934980735715 0.01909190786995533
0.009607359798384785 0.01712248974260776
0.007361178805529334 0.015103595040338057
0.005411745017609493 0.01303890428679138
0.0037602327006450165 0.010932992646293483
0.0024076366639015356 0.00879129074546643
0.0013547716606548965 0.006620009354879972
0.0006022718974137975 0.004426030109487736
0.00015059065189787502 0.002216766365408379
0.0 0.0
0.00015059065189787502 -0.0019083055354099175
0.0006022718974137975 -0.003806247940940037
0.0013547716606548965 -0.005683276126766544
0.0024076366639015356 -0.0075293872631592065
0.0037602327006450165 -0.00933537279814026
0.005411745017609493 -0.01109303218440594
0.007361178805529334 -0.012795346142215322
0.009607359798384785 -0.01443660331446003
0.012148934980735715 -0.016012476482168757
0.014984373402728013 -0.017520046973589037
0.018111967102280024 -0.01895777838069886
0.021529832133895532 -0.020325443057311862
0.025235909703481607 -0.021624006985467653
0.029227967408489597 -0.022855480350496074
0.03350360058263052 -0.024022742471641077
0.038060233744356575 -0.025129350533741386
0.042895122148234655 -0.02617934182635996
0.048005353438278275 -0.027177038922274285
0.05338784940224234 -0.028126866451175746
0.059039367825822475 -0.0290331869094147
0.06495650444564427 -0.02990016137975737
0.07113569499986394 -0.030731639222131988
0.07757321737514639 -0.03153107885472644
0.08426519384872727 -0.03230149979628695
0.09120759342420814 -0.033045464303373656
0.09839623425967753 -0.03376508531824004
0.10582678618669683 -0.03446205613427459
0.11349477331863145 -0.03513769625440082
0.12139557674675777 -0.03579300740502571
0.12952443732252045 -0.036428733587300956
0.1378764585242665 -0.03704541938344819
0.14644660940672616 -0.03764346144679428
0.15522972763146647 -0.03822314912475332
0.16422052257649067 -0.03878469141064927
0.17341357852311146 -0.03932822879693691
0.18280335791817703 -0.03985383000730063
0.19238420470968637 -0.04036147491782717
0.20215034775378343 -0.04085102614556089
0.2120959042910774 -0.04132219270804459
0.2222148834901989 -0.04177448978096706
0.23250119005645137 -0.042207198866731056
0.2429486279033891 -0.04261933262357956
0.2535509038851079 -0.0430096082070907
0.26430163158700104 -0.04337643228146967
0.27519433517269654 -0.043717899926000614
0.28622245328485874 -0.04403180856743899
0.29737934299750524 -0.04431568689793569
0.30865828381745486 -0.04456683758063365
0.320052481732506 -0.044782391489642935
0.33155507330389 -0.04495937035751726
0.3431591298005543 -0.04509475407732989
0.35485766137276875 -0.04518554857485373
0.36664362126255073 -0.0452288501539157
0.3785099100483679 -0.04522190252554889
0.3904493799215649 -0.04516214333599711
0.4024548389919357 -0.045047237864570405
0.41451905561984914 -0.044875098605439166
0.42663476277231926 -0.04464389059896117
0.43879466240039156 -0.04435202355066083
0.4509914298352198 -0.04399813287975626
0.46321771820016633 -0.04358105278859817
0.475466162836291 -0.043099785164428306
0.4877293857385438 -0.04255346855643426
0.4999999999999999 -0.04194135157562766
0.512270614261456 -0.04126277482765501
0.5245338371637088 -0.04051716491927895
0.5367822817998334 -0.039704043212572086
0.54900857016478 -0.03882305089394301
0.5612053375996082 -0.03787399065376949
0.5733652372276805 -0.0368568839260082
0.5854809443801506 -0.03577204131240882
0.5975451610080642 -0.03462014261017227
0.6095506200784349 -0.03340232186593409
0.6214900899516319 -0.032120252170715374
0.6333563787374491 -0.03077622454901307
0.645142338627231 -0.02937321531617743
0.6568408701994456 -0.027914936690924794
0.6684449266961098 -0.026405866235940725
0.6799475182674938 -0.024851251813861237
0.691341716182545 -0.02325709011904332
0.7026206570024947 -0.02163007838814989
0.713777546715141 -0.019977540501358068
0.7248056648273034 -0.018307330250584022
0.7356983684129987 -0.01662771596164164
0.746449096114892 -0.01494725181213228
0.7570513720966108 -0.01327464200002621
0.7674988099435485 -0.011618604325223731
0.7777851165098009 -0.009987739710668167
0.7879040957089227 -0.00839041370378546
0.7978496522462164 -0.006834655087510587
0.8076157952903136 -0.005328075447775185
0.8171966420818224 -0.003877811973389573
0.8265864214768883 -0.00249049400951251
0.8357794774235092 -0.001172232067970297
0.8447702723685334 7.137375496656475e-05
0.8535533905932737 0.0012352105623083494
0.8621235414757333 0.0023146204987729213
0.8704755626774794 0.0033053663456440053
0.8786044232532422 0.004203601911504553
0.8865052266813687 0.0050058540812022686
0.894173213813303 0.005709022664564453
0.9016037657403225 0.0063104029535386704
0.9087924065757916 0.006807734215298639
0.9157348061512727 0.007199275315936983
0.9224267826248536 0.007483906408557017
0.928864305000136 0.007661253274813621
0.9350434955543556 0.007731828635320897
0.9409606321741775 0.007697182698285899
0.9466121505977576 0.007560053544866462
0.9519946465617215 0.00732450678307583
0.9571048778517655 0.00699605334104924
0.9619397662556433 0.006581734381820218
0.9664963994173694 0.0060901631320456895
0.9707720325915102 0.0055315149101319815
0.9747640902965183 0.004917458755698669
0.9784701678661044 0.004261026702602084
0.98188803289772 0.003576419766875497
0.985015626597272 0.0028787529762123072
0.9878510650192642 0.0021837450678661692
0.9903926402016152 0.00150736163816836
0.9926388211944706 0.0008654233539282202
0.9945882549823906 0.00027319316330274125
0.9962397672993549 -0.0002550418738019719
0.9975923633360985 -0.0007063775887121779
0.9986452283393451 -0.0010696718906763154
0.9993977281025862 -0.0013358802321647013
0.9998494093481021 -0.001498333013964849
1.0 -0.0015529429066825048
