1.0 0.0016390632606675492
0.9998494093481021 0.0017261758602032458
0.9993977281025862 0.0019860413899824353
0.9986452283393451 0.0024142983772225224
0.9975923633360985 0.0030038595640612233
0.9962397672993549 0.0037451758003488
0.9945882549823906 0.0046265881685355744
0.9926388211944706 0.0056347521068741396
0.9903926402016152 0.006755114147321076
0.9878510650192642 0.007972419732342273
0.985015626597272 0.009271229519309955
0.98188803289772 0.010636421659927332
0.9784701678661044 0.012053658729958134
0.9747640902965183 0.013509800196141678
0.9707720325915102 0.014993244403040444
0.9664963994173694 0.01649418785826168
0.9619397662556433 0.018004793872293628
0.9571048778517655 0.0195192671314555
0.9519946465617215 0.021033835305855456
0.9466121505977576 0.022546643083855646
0.9409606321741775 0.02405756786708977
0.9350434955543556 0.025567969575295117
0.928864305000136 0.027080389459968258
0.9224267826248536 0.02859821442016371
0.9157348061512727 0.030125324013891463
0.9087924065757916 0.0316657371767278
0.9016037657403225 0.03322327465526134
0.894173213813303 0.034801251438258365
0.8865052266813687 0.03640221115766113
0.8786044232532422 0.038027711692945936
0.8704755626774794 0.03967816821692019
0.8621235414757333 0.04135275684169723
0.8535533905932737 0.043049379024974486
0.8447702723685334 0.04476468412621041
0.8357794774235092 0.04649414508254179
0.8265864214768883 0.04823218019818484
0.8171966420818224 0.04997231256873023
0.8076157952903136 0.05170735771993476
0.7978496522462164 0.05342962962431083
0.7879040957089227 0.05513115533471275
0.7777851165098009 0.056803888985636423
0.7674988099435485 0.058439916786193674
0.7570513720966108 0.060031645779123316
0.746449096114892 0.061571970478911456
0.7356983684129987 0.06305441294216524
0.7248056648273034 0.06447323328483909
0.713777546715141 0.0658235090748154
0.7026206570024947 0.06710118333940442
0.691341716182545 0.06830308209517896
0.6799475182674938 0.06942690330663315
0.6684449266961098 0.0704711799984313
0.6568408701994456 0.07143522088286865
0.645142338627231 0.0723190323275713
0.6333563787374491 0.0731232257920203
0.6214900899516319 0.07384891502144994
0.6095506200784349 0.07449760731941855
0.5975451610080642 0.07507109314043314
0.5854809443801506 0.0755713380629482
0.5733652372276805 0.07600038092901953
0.5612053375996082 0.07636024157508536
0.54900857016478 0.07665284113216111
0.5367822817998334 0.07687993734630888
0.5245338371637088 0.07704307676632398
0.512270614261456 0.07714356497331201
0.4999999999999999 0.07718245529929704
0.4877293857385438 0.07716055571824304
0.475466162836291 0.07707845281818439
0.46321771820016633 0.07693655100863357
0.4509914298352198 0.07673512441862011
0.43879466240039156 0.07647437833557263
0.42663476277231926 0.07615451656147253
0.41451905561984914 0.07577581075464654
0.4024548389919357 0.07533866771107153
0.3904493799215649 0.07484369063651596
0.3785099100483679 0.07429173077662646
0.36664362126255073 0.07368392629888937
0.35485766137276875 0.07302172603650617
0.3431591298005543 0.07230689657383706
0.33155507330389 0.07154151212789468
0.320052481732506 0.07072792770232043
0.30865828381745486 0.06986873699509122
0.29737934299750524 0.06896671746283672
0.28622245328485874 0.06802476572002555
0.27519433517269654 0.0670458270251408
0.26430163158700104 0.06603282293527482
0.2535509038851079 0.06498858126829342
0.2429486279033891 0.06391577228943471
0.23250119005645137 0.0628168545484995
0.2222148834901989 0.06169403306607448
0.2120959042910774 0.060549231652096226
0.20215034775378343 0.05938408010213701
0.19238420470968637 0.05819991593133717
0.18280335791817703 0.05699779925345027
0.17341357852311146 0.0557785384728511
0.16422052257649067 0.05454272370367707
0.15522972763146647 0.05329076432306813
0.14644660940672616 0.052022926847835015
0.1378764585242665 0.05073936941762723
0.12952443732252045 0.0494401695711262
0.12139557674675777 0.04812534268928276
0.11349477331863145 0.04679484940280527
0.10582678618669683 0.045448591352062424
0.09839623425967753 0.04408639586346329
0.09120759342420814 0.042707991275417544
0.08426519384872727 0.04131297571518389
0.07757321737514639 0.03990078300622471
0.07113569499986394 0.03847064999689846
0.06495650444564427 0.03702158988629554
0.059039367825822475 0.03555237604564032
0.05338784940224234 0.03406154038424678
0.048005353438278275 0.03254738950569192
0.042895122148234655 0.031008040788104346
0.038060233744356575 0.029441479172316275
0.03350360058263052 0.027845633943238905
0.029227967408489597 0.02621847324726332
0.025235909703481607 0.02455811261246176
0.021529832133895532 0.022862932438247822
0.018111967102280024 0.0211316983969945
0.014984373402728013 0.019363678025147647
0.012148934980735715 0.0175587465356471
0.009607359798384785 0.015717475089014582
0.007361178805529334 0.013841195418446446
0.005411745017609493 0.011932035784311224
0.0037602327006450165 0.00999292467529022
0.0024076366639015356 0.008027560390582902
0.0013547716606548965 0.006040346523210211
0.0006022718974137975 0.004036295298356854
0.00015059065189787502 0.002020902577769619
0.0 0.0
0.00015059065189787502 -0.0015416494839329325
0.0006022718974137975 -0.0030765329681862372
0.0013547716606548965 -0.004597626280822864
0.0024076366639015356 -0.006098365488923243
0.0037602327006450165 -0.007572850196440221
0.005411745017609493 -0.009016016096598113
0.007361178805529334 -0.010423769128207541
0.009607359798384785 -0.011793075617309896
0.012148934980735715 -0.013122005096169375
0.014984373402728013 -0.01440972494856523
0.018111967102280024 -0.015656448493994276
0.021529832133895532 -0.016863340455141762
0.025235909703481607 -0.018032385823406237
0.029227967408489597 -0.019166229833854555
0.03350360058263052 -0.02026799799462579
0.038060233744356575 -0.021341105825907696
0.042895122148234655 -0.022389068121352735
0.048005353438278275 -0.02341531715445588
0.05338784940224234 -0.024423038350597122
0.059039367825822475 -0.025415030598405945
0.06495650444564427 -0.026393596673189326
0.07113569499986394 -0.027360467300849952
0.07757321737514639 -0.028316760325474113
0.08426519384872727 -0.02926297438430216
0.09120759342420814 -0.030199014563162947
0.09839623425967753 -0.031124245815497907
0.10582678618669683 -0.03203756857272059
0.11349477331863145 -0.03293751002332148
0.12139557674675777 -0.03382232403597114
0.12952443732252045 -0.03469009266157393
0.1378764585242665 -0.03553882255483754
0.14644660940672616 -0.036366530463579655
0.15522972763146647 -0.037171313075395826
0.16422052257649067 -0.03795139789873916
0.17341357852311146 -0.038705173387941036
0.18280335791817703 -0.03943119809194263
0.19238420470968637 -0.040128190108132546
0.20215034775378343 -0.040794999457253324
0.2120959042910774 -0.04143056707872793
0.2222148834901989 -0.04203387491348855
0.23250119005645137 -0.042603891952511456
0.2429486279033891 -0.04313952116864739
0.2535509038851079 -0.04363955192810264
0.26430163158700104 -0.044102621832161945
0.27519433517269654 -0.044527191027473934
0.28622245328485874 -0.044911530919937784
0.29737934299750524 -0.04525372802029622
0.30865828381745486 -0.04555170243180102
0.320052481732506 -0.04580323935344731
0.33155507330389 -0.04600603100024638
0.3431591298005543 -0.04615772560520391
0.35485766137276875 -0.04625597971795439
0.36664362126255073 -0.04629850988219009
0.3785099100483679 -0.04628313996389224
0.3904493799215649 -0.04620784089643281
0.4024548389919357 -0.04607076036557751
0.41451905561984914 -0.04587024091630568
0.42663476277231926 -0.04560482604801067
0.43879466240039156 -0.04527325498931466
0.4509914298352198 -0.04487444791937638
0.46321771820016633 -0.04440748434339553
0.475466162836291 -0.04387157805978014
0.4877293857385438 -0.04326605261414514
0.4999999999999999 -0.04259032127977346
0.512270614261456 -0.041843875417263386
0.5245338371637088 -0.0410262845542735
0.5367822817998334 -0.040137210720457166
0.54900857016478 -0.03917643852622529
0.5612053375996082 -0.03814392125916849
0.5733652372276805 -0.0370398419750158
0.5854809443801506 -0.03586468727500457
0.5975451610080642 -0.03461933028380085
0.6095506200784349 -0.03330511836129074
0.6214900899516319 -0.031923960375117556
0.6333563787374491 -0.030478407988200687
0.645142338627231 -0.028971725413476177
0.6568408701994456 -0.027407942467897784
0.6684449266961098 -0.025791886503488397
0.6799475182674938 -0.02412918986269297
0.691341716182545 -0.02242627083225837
0.7026206570024947 -0.020690287568406806
0.713777546715141 -0.018929066036140946
0.7248056648273034 -0.017151004539772457
0.7356983684129987 -0.015364958812931028
0.746449096114892 -0.013580112784804114
0.7570513720966108 -0.011805840960396293
0.7674988099435485 -0.010051568782553403
0.7777851165098009 -0.008326637344815202
0.7879040957089227 -0.006640178388613631
0.7978496522462164 -0.005001004668307261
0.8076157952903136 -0.003417519555203399
0.8171966420818224 -0.0018976482561387756
0.8265864214768883 -0.00044879134447863066
0.8357794774235092 0.000922200441694861
0.8447702723685334 0.00220903286329098
0.8535533905932737 0.003405960535373147
0.8621235414757333 0.004507770405428949
0.8704755626774794 0.00550976259239812
0.8786044232532422 0.006407735160830529
0.8865052266813687 0.007197979229082259
0.894173213813303 0.00787729011401473
0.9016037657403225 0.008442999024217948
0.9087924065757916 0.008893028191365804
0.9157348061512727 0.009225970368957686
0.9224267826248536 0.009441191450124783
0.928864305000136 0.009538952701633753
0.9350434955543556 0.009520546930783148
0.9409606321741775 0.009388440947895108
0.9466121505977576 0.009146415103189032
0.9519946465617215 0.008799689588312695
0.9571048778517655 0.008355026698042313
0.9619397662556433 0.00782079841086413
0.9664963994173694 0.007207009493283244
0.9707720325915102 0.0065252678447619795
0.9747640902965183 0.005788695919043892
0.9784701678661044 0.005011779684593602
0.98188803289772 0.004210154588801833
0.985015626597272 0.00340033120718875
0.9878510650192642 0.0025993665118541087
0.9903926402016152 0.001824489797196098
0.9926388211944706 0.0010926950734287556
0.9945882549823906 0.000420314012387587
0.9962397672993549 -0.00017741483668470772
0.9975923633360985 -0.0006867639594451958
0.9986452283393451 -0.0010959052468557644
0.9993977281025862 -0.0013952529234717835
0.9998494093481021 -0.001577746715282294
1.0 -0.0016390632606675492
