1.0 0.0018446411191861483
0.9998494093481021 0.0019212106421813541
0.9993977281025862 0.0021494710275520076
0.9986452283393451 0.0025251331100650965
0.9975923633360985 0.0030412303228791945
0.9962397672993549 0.0036883828767122584
0.9945882549823906 0.0044551503223711755
0.9926388211944706 0.005328456297760552
0.9903926402016152 0.006294066117703867
0.9878510650192642 0.007337095717092523
0.985015626597272 0.008442529403030708
0.98188803289772 0.00959572394627322
0.9784701678661044 0.010782877720136344
0.9747640902965183 0.01199144578998278
0.9707720325915102 0.01321048492829451
0.9664963994173694 0.014430916294759911
0.9619397662556433 0.015645697760561253
0.9571048778517655 0.016849902334812164
0.9519946465617215 0.018040703627602735
0.9466121505977576 0.019217273526244145
0.9409606321741775 0.020380601059226077
0.9350434955543556 0.021533244599719906
0.928864305000136 0.022679031983097658
0.9224267826248536 0.023822724694866945
0.9157348061512727 0.024969662991376557
0.9087924065757916 0.02612540866047186
0.9016037657403225 0.027295401174307194
0.894173213813303 0.028484641333248857
0.8865052266813687 0.029697414281435984
0.8786044232532422 0.03093706114613761
0.8704755626774794 0.03220580568071311
0.8621235414757333 0.03350463934146658
0.8535533905932737 0.0348332653592457
0.8447702723685334 0.036190099716559655
0.8357794774235092 0.0375723246247375
0.8265864214768883 0.03897598819826077
0.8171966420818224 0.04039614259814867
0.8076157952903136 0.041827011984626544
0.7978496522462164 0.04326218117300808
0.7879040957089227 0.04469479589163991
0.7777851165098009 0.0461177659421206
0.7674988099435485 0.047523963290413425
0.7570513720966108 0.04890640809535469
0.746449096114892 0.050258436828760765
0.7356983684129987 0.0515738478827561
0.7248056648273034 0.052847021326947734
0.713777546715141 0.05407301071379627
0.7026206570024947 0.05524760599117397
0.691341716182545 0.05636736763635996
0.6799475182674938 0.05742963305796059
0.6684449266961098 0.05843249711459309
0.6568408701994456 0.0593747692729304
0.645142338627231 0.06025591047931774
0.6333563787374491 0.061075953257248496
0.6214900899516319 0.06183540887558419
0.6095506200784349 0.0625351656649775
0.5975451610080642 0.06317638269408964
0.5854809443801506 0.06376038305026967
0.5733652372276805 0.0642885508951611
0.5612053375996082 0.06476223627583058
0.54900857016478 0.06518267135797123
0.5367822817998334 0.06555090130336184
0.5245338371637088 0.06586773243776958
0.512270614261456 0.06613369965371407
0.4999999999999999 0.06634905417969546
0.4877293857385438 0.06651377194816922
0.475466162836291 0.06662758184305655
0.46321771820016633 0.066690012146922
0.4509914298352198 0.0667004525877069
0.43879466240039156 0.06665822855815098
0.42663476277231926 0.06656268340061262
0.41451905561984914 0.06641326416438484
0.4024548389919357 0.06620960599171553
0.3904493799215649 0.06595161030011311
0.3785099100483679 0.06563951221414725
0.36664362126255073 0.06527393325419727
0.35485766137276875 0.0648559160883262
0.3431591298005543 0.06438693915465567
0.33155507330389 0.06386891010741416
0.320052481732506 0.06330413825994606
0.30865828381745486 0.06269528741428146
0.29737934299750524 0.06204531159883288
0.28622245328485874 0.06135737720634972
0.27519433517269654 0.060634775765701476
0.26430163158700104 0.05988083204038027
0.2535509038851079 0.05909881229004377
0.2429486279033891 0.05829183734750816
0.23250119005645137 0.05746280466480415
0.2222148834901989 0.05661432270427203
0.2120959042910774 0.0557486600517513
0.20215034775378343 0.05486771048392692
0.19238420470968637 0.053972974018377654
0.18280335791817703 0.0530655528062521
0.17341357852311146 0.05214615968599778
0.16422052257649067 0.051215136386009615
0.15522972763146647 0.050272477813091666
0.14644660940672616 0.04931785864000682
0.1378764585242665 0.04835065853166847
0.12952443732252045 0.04736998282062608
0.12139557674675777 0.04637467622533328
0.11349477331863145 0.04536332823999697
0.10582678618669683 0.04433427003103701
0.09839623425967753 0.043285563954244266
0.09120759342420814 0.04221498805113982
0.08426519384872727 0.041120018984114895
0.07757321737514639 0.0399978177261519
0.07113569499986394 0.03884522284612186
0.06495650444564427 0.037658756361183404
0.059039367825822475 0.036434646828244766
0.05338784940224234 0.035168873613287764
0.048005353438278275 0.03385723514039846
0.042895122148234655 0.03249544244362994
0.038060233744356575 0.031079237615073
0.03350360058263052 0.02960453487538272
0.029227967408489597 0.028067580117450194
0.025235909703481607 0.026465123025189236
0.021529832133895532 0.02479459437946021
0.018111967102280024 0.023054280050904718
0.014984373402728013 0.021243482541902295
0.012148934980735715 0.019362660844454753
0.009607359798384785 0.017413539859925223
0.007361178805529334 0.015399181674260158
0.005411745017609493 0.013324012553851593
0.0037602327006450165 0.011193801541177778
0.0024076366639015356 0.009015588872718352
0.0013547716606548965 0.006797564976708294
0.0006022718974137975 0.00454890338187368
0.00015059065189787502 0.0022795533218224087
0.0 0.0
0.00015059065189787502 -0.0019325574242059
0.0006022718974137975 -0.003856816457083977
0.0013547716606548965 -0.00576418426219336
0.0024076366639015356 -0.007646579124227312
0.0037602327006450165 -0.00949665809577214
0.005411745017609493 -0.011308012550169586
0.007361178805529334 -0.013075323519081698
0.009607359798384785 -0.014794470715678585
0.012148934980735715 -0.016462591452532604
0.014984373402728013 -0.018078088130155028
0.018111967102280024 -0.01964058546289668
0.021529832133895532 -0.021150840989134296
0.025235909703481607 -0.02261061455576452
0.029227967408489597 -0.024022504261810736
0.03350360058263052 -0.025389757702706687
0.038060233744356575 -0.026716068212339215
0.042895122148234655 -0.028005366120726242
0.048005353438278275 -0.029261614829023345
0.05338784940224234 -0.030488620778921578
0.059039367825822475 -0.031689865217478616
0.06495650444564427 -0.03286836411261167
0.07113569499986394 -0.034026560759646676
0.07757321737514639 -0.0351662536489293
0.08426519384872727 -0.0362885601575952
0.09120759342420814 -0.03739391470244057
0.09839623425967753 -0.03848209825383852
0.10582678618669683 -0.03955229465596249
0.11349477331863145 -0.0406031680987722
0.12139557674675777 -0.04163295539036674
0.12952443732252045 -0.042639566405685024
0.1378764585242665 -0.043620686233084814
0.14644660940672616 -0.044573873071884214
0.15522972763146647 -0.04549664679606364
0.16422052257649067 -0.04638656421762189
0.17341357852311146 -0.047241278369651044
0.18280335791817703 -0.048058580488825615
0.19238420470968637 -0.04883642471371827
0.20215034775378343 -0.04957293673886372
0.2120959042910774 -0.050266408696131075
0.2222148834901989 -0.05091528331271708
0.23250119005645137 -0.05151813087734887
0.2429486279033891 -0.05207362271427637
0.2535509038851079 -0.05258050472296618
0.26430163158700104 -0.05303757411726164
0.27519433517269654 -0.05344366183836065
0.28622245328485874 -0.053797622284682614
0.29737934299750524 -0.05409833107319124
0.30865828381745486 -0.05434469060120801
0.320052481732506 -0.05453564229493882
0.33155507330389 -0.05467018368420282
0.3431591298005543 -0.05474738789377659
0.35485766137276875 -0.05476642283558696
0.36664362126255073 -0.05472656734831736
0.3785099100483679 -0.054627221765909055
0.3904493799215649 -0.05446791088619644
0.4024548389919357 -0.05424827801723122
0.41451905561984914 -0.05396806964570824
0.42663476277231926 -0.05362711122967585
0.43879466240039156 -0.05322527558830838
0.4509914298352198 -0.05276244626418256
0.46321771820016633 -0.05223847899090388
0.475466162836291 -0.05165316494302213
0.4877293857385438 -0.051006199722500124
0.4999999999999999 -0.0502971620119406
0.512270614261456 -0.049525505486589905
0.5245338371637088 -0.04869056693534159
0.5367822817998334 -0.0477915926291578
0.54900857016478 -0.04682778384826597
0.5612053375996082 -0.04579836120963021
0.5733652372276805 -0.04470264610889459
0.5854809443801506 -0.04354015629866351
0.5975451610080642 -0.04231071146064491
0.6095506200784349 -0.04101454367979937
0.6214900899516319 -0.0396524070687979
0.6333563787374491 -0.03822568047732663
0.645142338627231 -0.03673645728713994
0.6568408701994456 -0.03518761674881084
0.6684449266961098 -0.03358287214166196
0.6799475182674938 -0.031926792190025144
0.691341716182545 -0.030224793578682598
0.7026206570024947 -0.02848310399041373
0.713777546715141 -0.026708696737365138
0.7248056648273034 -0.024909199666583986
0.7356983684129987 -0.02309278247971083
0.746449096114892 -0.021268027816414063
0.7570513720966108 -0.01944379232436691
0.7674988099435485 -0.01762906441031834
0.7777851165098009 -0.01583282539816147
0.7879040957089227 -0.014063920401433578
0.7978496522462164 -0.012330944370855345
0.8076157952903136 -0.010642147553949701
0.8171966420818224 -0.009005363082461129
0.8265864214768883 -0.007427957685791592
0.8357794774235092 -0.005916804732784462
0.8447702723685334 -0.004478277056191566
0.8535533905932737 -0.0031182554404552325
0.8621235414757333 -0.0018421473717918622
0.8704755626774794 -0.0006549097608985454
0.8786044232532422 0.0004389310704133306
0.8865052266813687 0.0014352687502015235
0.894173213813303 0.0023304215508634903
0.9016037657403225 0.0031211572724304058
0.9087924065757916 0.0038047415937608273
0.9157348061512727 0.004379011240436367
0.9224267826248536 0.004842471152979942
0.928864305000136 0.0051944125783728425
0.9350434955543556 0.005435046802847899
0.9409606321741775 0.005565647247796541
0.9466121505977576 0.005588691008645138
0.9519946465617215 0.005507989756424236
0.9571048778517655 0.005328799344749437
0.9619397662556433 0.005057897538615927
0.9664963994173694 0.004703620034328691
0.9707720325915102 0.004275846358672253
0.9747640902965183 0.003785929264464759
0.9784701678661044 0.003246563783505128
0.98188803289772 0.0026715950262789123
0.985015626597272 0.0020757669726901525
0.9878510650192642 0.0014744177030708856
0.9903926402016152 0.0008831295892831477
0.9926388211944706 0.0003173457204306092
0.9945882549823906 -0.00020803389071423245
0.9962397672993549 -0.0006790611286587422
0.9975923633360985 -0.001083137520675399
0.9986452283393451 -0.0014093846963387463
0.9993977281025862 -0.0016489720694017934
0.9998494093481021 -0.001795387771374843
1.0 -0.0018446411191861483
