1.0 0.0017472722570438695
0.9998494093481021 0.0018252893727868612
0.9993977281025862 0.0020579003515025234
0.9986452283393451 0.0024408398531464356
0.9975923633360985 0.0029671822347735357
0.9962397672993549 0.0036276073778180908
0.9945882549823906 0.004410755222037643
0.9926388211944706 0.005303652502043319
0.9903926402016152 0.006292191993933986
0.9878510650192642 0.007361642413359052
0.985015626597272 0.008497166062361517
0.98188803289772 0.009684321437111194
0.9784701678661044 0.010909529253897883
0.9747640902965183 0.012160482636403317
0.9707720325915102 0.013426485387721539
0.9664963994173694 0.014698706154526833
0.9619397662556433 0.015970340653363446
0.9571048778517655 0.01723667872587284
0.9519946465617215 0.018495077571755156
0.9466121505977576 0.019744846836069172
0.9409606321741775 0.020987055085221307
0.9350434955543556 0.022224270412775873
0.928864305000136 0.02346025033527551
0.9224267826248536 0.02469959768289989
0.9157348061512727 0.025947399826140527
0.9087924065757916 0.027208868325960395
0.9016037657403225 0.028488995017640874
0.894173213813303 0.029792238745835177
0.8865052266813687 0.031122254601168364
0.8786044232532422 0.03248167473040211
0.8704755626774794 0.03387194677730242
0.8621235414757333 0.03529323293465827
0.8535533905932737 0.03674436961381652
0.8447702723685334 0.03822288501177848
0.8357794774235092 0.039725069496045866
0.8265864214768883 0.041246091821426176
0.8171966420818224 0.04278015279456935
0.8076157952903136 0.044320667130981956
0.7978496522462164 0.04586046389391047
0.7879040957089227 0.04739199602553098
0.7777851165098009 0.04890755001705792
0.7674988099435485 0.050399447638827206
0.7570513720966108 0.0518602327785409
0.746449096114892 0.05328283772793599
0.7356983684129987 0.05466072463131529
0.7248056648273034 0.05598799918856027
0.713777546715141 0.05725949502774236
0.7026206570024947 0.05847082838005807
0.691341716182545 0.059618423769483724
0.6799475182674938 0.060699512352629666
0.6684449266961098 0.06171210530468089
0.6568408701994456 0.06265494524881023
0.645142338627231 0.06352743917950236
0.6333563787374491 0.06432957664877179
0.6214900899516319 0.06506183718270059
0.6095506200784349 0.06572509098655932
0.5975451610080642 0.06632049698895987
0.5854809443801506 0.06684940217375898
0.5733652372276805 0.06731324595354099
0.5612053375996082 0.06771347304835101
0.54900857016478 0.06805145794474332
0.5367822817998334 0.06832844352111152
0.5245338371637088 0.06854549583713941
0.512270614261456 0.06870347640517614
0.4999999999999999 0.06880303250388693
0.4877293857385438 0.06884460528246165
0.475466162836291 0.06882845456813727
0.46321771820016633 0.06875469846936087
0.4509914298352198 0.0686233651055783
0.43879466240039156 0.06843445313896858
0.42663476277231926 0.06818799727916151
0.41451905561984914 0.06788413462001837
0.4024548389919357 0.06752316758020899
0.3904493799215649 0.06710561937667633
0.3785099100483679 0.06663227836716669
0.36664362126255073 0.06610422824296833
0.35485766137276875 0.06552286190650575
0.3431591298005543 0.06488987788450572
0.33155507330389 0.06420725924568196
0.320052481732506 0.06347723614103976
0.30865828381745486 0.06270223418757674
0.29737934299750524 0.061884811894248465
0.28622245328485874 0.06102759110963109
0.27519433517269654 0.060133184991746275
0.26430163158700104 0.059204128216173456
0.2535509038851079 0.05824281402345682
0.2429486279033891 0.057251442258776375
0.23250119005645137 0.056231981798252624
0.2222148834901989 0.05518614973327031
0.2120959042910774 0.05411540846435906
0.20215034775378343 0.05302098052404297
0.19238420470968637 0.05190387959960743
0.18280335791817703 0.050764954962379705
0.17341357852311146 0.049604945427428423
0.16422052257649067 0.04842453815374463
0.15522972763146647 0.04722442711981769
0.14644660940672616 0.046005366019771454
0.1378764585242665 0.044768210640090816
0.12952443732252045 0.04351394648586012
0.12139557674675777 0.042243698487786335
0.11349477331863145 0.040958720968636245
0.10582678618669683 0.03966036758801512
0.09839623425967753 0.03835004260813486
0.09120759342420814 0.037029136411042024
0.08426519384872727 0.03569894962920303
0.07757321737514639 0.03436061141360452
0.07113569499986394 0.033014998160183405
0.06495650444564427 0.03166265937396141
0.059039367825822475 0.03030375722815635
0.05338784940224234 0.02893802576413079
0.048005353438278275 0.027564754604094074
0.042895122148234655 0.026182800573174146
0.038060233744356575 0.024790628842814612
0.03350360058263052 0.02338638323030719
0.029227967408489597 0.02196798325353775
0.025235909703481607 0.020533243587352198
0.021529832133895532 0.01908000983772431
0.018111967102280024 0.017606303169217248
0.014984373402728013 0.016110465395550395
0.012148934980735715 0.014591295748345149
0.009607359798384785 0.013048170715816407
0.007361178805529334 0.011481139092861815
0.005411745017609493 0.009890985668624428
0.0037602327006450165 0.008279258721557462
0.0024076366639015356 0.006648258586990661
0.0013547716606548965 0.0050009868743069695
0.0006022718974137975 0.0033410582897489007
0.00015059065189787502 0.0016725793100821641
0.0 0.0
0.00015059065189787502 -0.0013303446527541075
0.0006022718974137975 -0.002656750667643132
0.0013547716606548965 -0.003974939656819291
0.0024076366639015356 -0.00528099673652202
0.0037602327006450165 -0.006571528476698376
0.005411745017609493 -0.007843793605739995
0.007361178805529334 -0.009095799807159837
0.009607359798384785 -0.010326361833258269
0.012148934980735715 -0.011535118303467965
0.014984373402728013 -0.012722506826811576
0.018111967102280024 -0.013889699356581497
0.021529832133895532 -0.015038501819893418
0.025235909703481607 -0.016171223943088734
0.029227967408489597 -0.01729052671028102
0.03350360058263052 -0.018399255963392546
0.038060233744356575 -0.0195002712219316
0.042895122148234655 -0.020596278844125238
0.048005353438278275 -0.02168967817418252
0.05338784940224234 -0.022782428360736115
0.059039367825822475 -0.02387594215457504
0.06495650444564427 -0.024971011289298177
0.07113569499986394 -0.026067766124348028
0.07757321737514639 -0.02716567020520988
0.08426519384872727 -0.02826354839339892
0.09120759342420814 -0.029359645358414455
0.09839623425967753 -0.030451709613200144
0.10582678618669683 -0.03153709700424839
0.11349477331863145 -0.03261288670479101
0.12139557674675777 -0.03367600234521339
0.12952443732252045 -0.034723330960754764
0.1378764585242665 -0.03575183292552188
0.14644660940672616 -0.03675863692926667
0.15522972763146647 -0.03774111527067775
0.16422052257649067 -0.03869693620040249
0.17341357852311146 -0.039624091647843064
0.18280335791817703 -0.04052090030083648
0.19238420470968637 -0.0413859875703022
0.20215034775378343 -0.042218245364192934
0.2120959042910774 -0.043016775732014206
0.2222148834901989 -0.04378082325750664
0.23250119005645137 -0.044509701530758325
0.2429486279033891 -0.0452027191055733
0.2535509038851079 -0.045859110053006726
0.26430163158700104 -0.0464779735921988
0.27519433517269654 -0.04705822637167412
0.28622245328485874 -0.0475985698625484
0.29737934299750524 -0.0480974740963089
0.30865828381745486 -0.04855317772672789
0.320052481732506 -0.04896370321018227
0.33155507330389 -0.04932688486627268
0.3431591298005543 -0.04964040677328183
0.35485766137276875 -0.04990184692484759
0.36664362126255073 -0.0501087238578272
0.3785099100483679 -0.05025854206555042
0.3904493799215649 -0.050348832920227356
0.4024548389919357 -0.05037718850508449
0.41451905561984914 -0.05034128664281962
0.42663476277231926 -0.05023890642858255
0.43879466240039156 -0.05006793464915846
0.4509914298352198 -0.0498263645076398
0.46321771820016633 -0.0495122889894244
0.475466162836291 -0.04912389192448609
0.4877293857385438 -0.048659440260670504
0.4999999999999999 -0.048117281220611034
0.512270614261456 -0.047495847850618535
0.5245338371637088 -0.04679367598771634
0.5367822817998334 -0.04600943489927408
0.54900857016478 -0.045141972839354706
0.5612053375996082 -0.044190377586945835
0.5733652372276805 -0.0431540507680086
0.5854809443801506 -0.042032793508428846
0.5975451610080642 -0.04082689981296339
0.6095506200784349 -0.039537253105538496
0.6214900899516319 -0.03816542067657381
0.6333563787374491 -0.03671374042365504
0.645142338627231 -0.03518539428096787
0.6568408701994456 -0.03358446312311757
0.6684449266961098 -0.031915958686093364
0.6799475182674938 -0.030185829131528355
0.691341716182545 -0.028400936225201814
0.7026206570024947 -0.026569003621954065
0.713777546715141 -0.024698537347266392
0.7248056648273034 -0.022798721133255873
0.7356983684129987 -0.020879290695773507
0.746449096114892 -0.018950392228813236
0.7570513720966108 -0.017022431255964768
0.7674988099435485 -0.015105918450360117
0.7777851165098009 -0.013211319074480104
0.7879040957089227 -0.011348912288561155
0.7978496522462164 -0.009528665751155425
0.8076157952903136 -0.007760129737698837
0.8171966420818224 -0.006052353510143704
0.8265864214768883 -0.004413824982857098
0.8357794774235092 -0.002852432963451163
0.8447702723685334 -0.0013754495269706
0.8535533905932737 1.0471466816120009e-05
0.8621235414757333 0.0012992849635971363
0.8704755626774794 0.002485540534579324
0.8786044232532422 0.0035643699561434465
0.8865052266813687 0.004531482975497989
0.894173213813303 0.005383177062758298
0.9016037657403225 0.006116365825016182
0.9087924065757916 0.006728629193332967
0.9157348061512727 0.007218286580733274
0.9224267826248536 0.007584492067000059
0.928864305000136 0.007827348433382453
0.9350434955543556 0.007948034697773984
0.9409606321741775 0.007948939841033759
0.9466121505977576 0.007833793812418909
0.9519946465617215 0.00760778578338568
0.9571048778517655 0.007277659084616904
0.9619397662556433 0.006851772377590863
0.9664963994173694 0.006340117406818114
0.9707720325915102 0.005754285137605791
0.9747640902965183 0.0051073741502181864
0.9784701678661044 0.004413837738161949
0.98188803289772 0.003689269114785053
0.985015626597272 0.0029501273096819254
0.9878510650192642 0.0022134095573942297
0.9903926402016152 0.001496279060549499
0.9926388211944706 0.000815659766078769
0.9945882549823906 0.00018781205905554288
0.9962397672993549 -0.00037209508867605545
0.9975923633360985 -0.0008503990874735747
0.9986452283393451 -0.0012353293086486573
0.9993977281025862 -0.0015173475178025411
0.9998494093481021 -0.001689428968191942
1.0 -0.0017472722570438695
