1.0 0.0015336897656321844
0.9998494093481021 0.0016086105523444147
0.9993977281025862 0.001831986307673466
0.9986452283393451 0.00219971129462013
0.9975923633360985 0.0027051203382855342
0.9962397672993549 0.003339246656418848
0.9945882549823906 0.004091165795228165
0.9926388211944706 0.00494840971765225
0.9903926402016152 0.005897431998207829
0.9878510650192642 0.006924102966957195
0.985015626597272 0.008014212612115466
0.98188803289772 0.009153959132812561
0.9784701678661044 0.010330402205191665
0.9747640902965183 0.011531862201810553
0.9707720325915102 0.012748249648451816
0.9664963994173694 0.013971312932134099
0.9619397662556433 0.015194796475043584
0.9571048778517655 0.016414506027690713
0.9519946465617215 0.017628282172036575
0.9466121505977576 0.018835887331464705
0.9409606321741775 0.020038815350787494
0.9350434955543556 0.021240035860218262
0.928864305000136 0.02244368803827566
0.9224267826248536 0.023654739953223966
0.9157348061512727 0.02487863035447443
0.9087924065757916 0.02612090961778112
0.9016037657403225 0.027386895580861596
0.894173213813303 0.028681358339354132
0.8865052266813687 0.030008245838930137
0.8786044232532422 0.03137045945237566
0.8704755626774794 0.03276968583673737
0.8621235414757333 0.0342062883926071
0.8535533905932737 0.03567925875386511
0.8447702723685334 0.037186226062831555
0.8357794774235092 0.03872351944941451
0.8265864214768883 0.04028627722082137
0.8171966420818224 0.04186859483613881
0.8076157952903136 0.04346370281081095
0.7978496522462164 0.045064165262605774
0.7879040957089227 0.04666208983919026
0.7777851165098009 0.048249340202447644
0.7674988099435485 0.04981774301502041
0.7570513720966108 0.05135928239995517
0.746449096114892 0.05286627604153935
0.7356983684129987 0.05433152838418658
0.7248056648273034 0.055748457693958864
0.713777546715141 0.05711119501277256
0.7026206570024947 0.058414654210819573
0.691341716182545 0.05965457339491838
0.6799475182674938 0.06082752883993571
0.6684449266961098 0.061930923369895356
0.6568408701994456 0.06296295172755453
0.645142338627231 0.0639225459455685
0.6333563787374491 0.06480930408216626
0.6214900899516319 0.06562340592364949
0.6095506200784349 0.06636551939756533
0.5975451610080642 0.06703670149335761
0.5854809443801506 0.06763829745676415
0.5733652372276805 0.0681718419111292
0.5612053375996082 0.06863896536075674
0.54900857016478 0.06904130924426721
0.5367822817998334 0.06938045232567712
0.5245338371637088 0.06965785073606788
0.512270614261456 0.06987479341225566
0.4999999999999999 0.07003237403014731
0.4877293857385438 0.07013147981626157
0.475466162836291 0.07017279686583208
0.46321771820016633 0.07015683083190355
0.4509914298352198 0.07008394111464751
0.43879466240039156 0.06995438601507069
0.42663476277231926 0.0697683757642957
0.41451905561984914 0.069526129937822
0.4024548389919357 0.06922793554652246
0.3904493799215649 0.06887420208593709
0.3785099100483679 0.06846551003370512
0.36664362126255073 0.0680026497084426
0.35485766137276875 0.06748664802355078
0.3431591298005543 0.06691878145294894
0.33155507330389 0.06630057442579973
0.320052481732506 0.06563378332655341
0.30865828381745486 0.06492036723080735
0.29737934299750524 0.06416244738994799
0.28622245328485874 0.06336225822432606
0.27519433517269654 0.06252209313946092
0.26430163158700104 0.06164424879840068
0.2535509038851079 0.06073097153799839
0.2429486279033891 0.059784409398559
0.23250119005645137 0.05880657275651912
0.2222148834901989 0.057799305840212284
0.2120959042910774 0.05676427051953168
0.20215034775378343 0.05570294275686956
0.19238420470968637 0.05461662106522569
0.18280335791817703 0.05350644532111426
0.17341357852311146 0.05237342340511556
0.16422052257649067 0.051218462464602627
0.15522972763146647 0.050042401171064795
0.14644660940672616 0.04884603922004178
0.1378764585242665 0.04763016051432669
0.12952443732252045 0.04639554697583788
0.12139557674675777 0.04514298071870527
0.11349477331863145 0.04387323333274548
0.10582678618669683 0.04258704219980726
0.09839623425967753 0.04128507500773608
0.09120759342420814 0.03996788484157698
0.08426519384872727 0.038635859321235984
0.07757321737514639 0.03728916812720496
0.07113569499986394 0.03592771383230821
0.06495650444564427 0.034551091178496786
0.059039367825822475 0.033158559768903154
0.05338784940224234 0.031749034580151624
0.048005353438278275 0.03032109776121645
0.042895122148234655 0.028873033924502856
0.038060233744356575 0.02740288962957275
0.03350360058263052 0.02590855610809938
0.029227967408489597 0.02438787259244232
0.025235909703481607 0.02283874600830446
0.021529832133895532 0.021259281390828968
0.018111967102280024 0.019647916289245806
0.014984373402728013 0.018003551725401547
0.012148934980735715 0.01632567202869064
0.009607359798384785 0.014614446116405798
0.007361178805529334 0.012870803523614357
0.005411745017609493 0.011096479675962742
0.0037602327006450165 0.009294026476030852
0.0024076366639015356 0.0074667861449730305
0.0013547716606548965 0.005618828310494186
0.0006022718974137975 0.0037548524301371294
0.00015059065189787502 0.0018800596507185874
0.0 0.0
0.00015059065189787502 -0.0019417345488843875
0.0006022718974137975 -0.003876014479344837
0.0013547716606548965 -0.005795145647863663
0.0024076366639015356 -0.007691869331171025
0.0037602327006450165 -0.009559556452089732
0.005411745017609493 -0.011392374801175126
0.007361178805529334 -0.013185422412803105
0.009607359798384785 -0.014934821950919268
0.012148934980735715 -0.016637772897308587
0.014984373402728013 -0.018292560407758753
0.018111967102280024 -0.019898521796033086
0.021529832133895532 -0.021455973609158734
0.025235909703481607 -0.02296610406349848
0.029227967408489597 -0.024430837125156733
0.03350360058263052 -0.025852675663889563
0.038060233744356575 -0.02723453183223159
0.042895122148234655 -0.02857955309123819
0.048005353438278275 -0.02989095211759809
0.05338784940224234 -0.03117184820656871
0.059039367825822475 -0.03242512677838317
0.06495650444564427 -0.03365332227096994
0.07113569499986394 -0.03485852814450094
0.07757321737514639 -0.0360423360305657
0.08426519384872727 -0.03720580433343223
0.09120759342420814 -0.038349454935066266
0.09839623425967753 -0.03947329516473162
0.10582678618669683 -0.040576860951043646
0.11349477331863145 -0.041659276144962225
0.12139557674675777 -0.042719322431068574
0.12952443732252045 -0.04375551405286732
0.1378764585242665 -0.044766171762846085
0.14644660940672616 -0.04574949094305444
0.15522972763146647 -0.046703599679000986
0.16422052257649067 -0.04762660364267749
0.17341357852311146 -0.04851661587002445
0.18280335791817703 -0.04937177081661826
0.19238420470968637 -0.050190223353032644
0.20215034775378343 -0.05097013453213581
0.2120959042910774 -0.05170964694776177
0.2222148834901989 -0.05240685324520112
0.23250119005645137 -0.05305976179441678
0.2429486279033891 -0.05366626367332836
0.2535509038851079 -0.054224104929563866
0.26430163158700104 -0.054730867615348254
0.27519433517269654 -0.0551839623625084
0.28622245328485874 -0.055580634340914856
0.29737934299750524 -0.05591798339502339
0.30865828381745486 -0.05619299805837814
0.320052481732506 -0.056402602086158084
0.33155507330389 -0.05654371119882669
0.3431591298005543 -0.05661329696453275
0.35485766137276875 -0.05660845421922812
0.36664362126255073 -0.05652646816904474
0.3785099100483679 -0.05636487735661498
0.3904493799215649 -0.056121528997600936
0.4024548389919357 -0.055794623780488016
0.41451905561984914 -0.055382748027142395
0.42663476277231926 -0.05488489207306878
0.43879466240039156 -0.0543004547723014
0.4509914298352198 -0.05362923508342731
0.46321771820016633 -0.052871412670562716
0.475466162836291 -0.052027520281338786
0.4877293857385438 -0.051098411278767714
0.4999999999999999 -0.05008522605619302
0.512270614261456 -0.048989361124376116
0.5245338371637088 -0.047812444418564914
0.5367822817998334 -0.046556319844904104
0.54900857016478 -0.045223043305177006
0.5612053375996082 -0.043814891461329115
0.5733652372276805 -0.04233438339683837
0.5854809443801506 -0.04078431418176623
0.5975451610080642 -0.039167798238181985
0.6095506200784349 -0.03748831941721363
0.6214900899516319 -0.03574978391535766
0.6333563787374491 -0.033956571639634905
0.645142338627231 -0.03211358142422661
0.6568408701994456 -0.030226265628900184
0.6684449266961098 -0.02830065011121469
0.6799475182674938 -0.026343336334920982
0.691341716182545 -0.024361483407535862
0.7026206570024947 -0.02236276906183587
0.713777546715141 -0.020355329924273243
0.7248056648273034 -0.018347682753389563
0.7356983684129987 -0.01634862958518008
0.746449096114892 -0.014367150795822656
0.7570513720966108 -0.01241229090168458
0.7674988099435485 -0.010493042395637166
0.7777851165098009 -0.008618233023407003
0.7879040957089227 -0.006796421616184697
0.7978496522462164 -0.005035806926515826
0.8076157952903136 -0.0033441529025253886
0.8171966420818224 -0.0017287325461633682
0.8265864214768883 -0.000196291022349513
0.8357794774235092 0.0012469728773885616
0.8447702723685334 0.0025954093460227624
0.8535533905932737 0.003843908061393302
0.8621235414757333 0.004987881517193511
0.8704755626774794 0.006023246897682414
0.8786044232532422 0.006946412550926677
0.8865052266813687 0.007754274979732988
0.894173213813303 0.008444231641271359
0.9016037657403225 0.009014213744869761
0.9087924065757916 0.009462741716055314
0.9157348061512727 0.009789004139047158
0.9224267826248536 0.00999295891227189
0.928864305000136 0.010075453185446202
0.9350434955543556 0.010038356538108223
0.9409606321741775 0.009884699957010214
0.9466121505977576 0.009618811615558415
0.9519946465617215 0.009246439378101056
0.9571048778517655 0.008774849445591147
0.9619397662556433 0.00821289069446199
0.9664963994173694 0.007571015066604929
0.9707720325915102 0.006861245832796696
0.9747640902965183 0.006097087620380097
0.9784701678661044 0.005293374674139
0.98188803289772 0.004466056777615774
0.985015626597272 0.0036319254430482585
0.9878510650192642 0.0028082862050891836
0.9903926402016152 0.002012585941427148
0.9926388211944706 0.0012620069099213529
0.9945882549823906 0.0005730414683777429
0.9962397672993549 -3.893691439461281e-05
0.9975923633360985 -0.0005600898494410639
0.9986452283393451 -0.0009785008291711868
0.9993977281025862 -0.0012845168011452466
0.9998494093481021 -0.0014710302417769194
1.0 -0.0015336897656321844
