1.0 0.0015349946513536384
0.9998494093481021 0.0016149536994339323
0.9993977281025862 0.0018533423224229046
0.9986452283393451 0.0022457507292130132
0.9975923633360985 0.00278501260959393
0.9962397672993549 0.003461471295267236
0.9945882549823906 0.004263335156123184
0.9926388211944706 0.005177106080328375
0.9903926402016152 0.006188061742161022
0.9878510650192642 0.007280770202614381
0.985015626597272 0.008439614312744616
0.98188803289772 0.009649303436225927
0.9784701678661044 0.01089535115139549
0.9747640902965183 0.012164499750716318
0.9707720325915102 0.013445075390137224
0.9664963994173694 0.014727261471024988
0.9619397662556433 0.016003282049044863
0.9571048778517655 0.017267491523705915
0.9519946465617215 0.018516371329693578
0.9466121505977576 0.019748438595160643
0.9409606321741775 0.02096407554262196
0.9350434955543556 0.022165291607160652
0.928864305000136 0.023355432697838404
0.9224267826248536 0.024538853642380745
0.9157348061512727 0.025720570593599407
0.9087924065757916 0.02690591004990454
0.9016037657403225 0.028100170209760467
0.894173213813303 0.02930830874002859
0.8865052266813687 0.03053466882253242
0.8786044232532422 0.03178275270665757
0.8704755626774794 0.03305504910564538
0.8621235414757333 0.03435291779964374
0.8535533905932737 0.03567653191047743
0.8447702723685334 0.03702487563537425
0.8357794774235092 0.03839579288910595
0.8265864214768883 0.039786080396382116
0.8171966420818224 0.04119161735682882
0.8076157952903136 0.042607522898672194
0.7978496522462164 0.04402833213831656
0.7879040957089227 0.04544818173765116
0.7777851165098009 0.04686099634271959
0.7674988099435485 0.04826066812316523
0.7570513720966108 0.04964122272824831
0.746449096114892 0.05099696624503516
0.7356983684129987 0.0523226091026912
0.7248056648273034 0.05361336423610514
0.713777546715141 0.05486501813609601
0.7026206570024947 0.05607397461986976
0.691341716182545 0.05723727221694073
0.6799475182674938 0.05835257696007633
0.6684449266961098 0.0594181530891928
0.6568408701994456 0.06043281472108528
0.645142338627231 0.06139586192041042
0.6333563787374491 0.06230700484380544
0.6214900899516319 0.06316627973803367
0.6095506200784349 0.06397396057282714
0.5975451610080642 0.06473046999543301
0.5854809443801506 0.06543629311881236
0.5733652372276805 0.06609189740688122
0.5612053375996082 0.06669766160223685
0.54900857016478 0.06725381625592089
0.5367822817998334 0.06776039796532692
0.5245338371637088 0.06821721890663311
0.512270614261456 0.06862385266621054
0.4999999999999999 0.06897963673992819
0.4877293857385438 0.06928369139450795
0.475466162836291 0.06953495389173374
0.46321771820016633 0.06973222639114826
0.4509914298352198 0.06987423520166638
0.43879466240039156 0.06995969848230241
0.42663476277231926 0.06998739903270745
0.41451905561984914 0.06995625849906409
0.4024548389919357 0.06986540917847724
0.3904493799215649 0.06971425965556423
0.3785099100483679 0.06950255075797687
0.36664362126255073 0.06923039877001028
0.35485766137276875 0.06889832347863445
0.3431591298005543 0.0685072594141721
0.33155507330389 0.06805854954614661
0.320052481732506 0.06755392165134755
0.30865828381745486 0.06699544852706757
0.29737934299750524 0.0663854941162597
0.28622245328485874 0.06572664838336781
0.27519433517269654 0.0650216543764392
0.26430163158700104 0.06427333129010186
0.2535509038851079 0.06348449747659385
0.2429486279033891 0.06265789722671415
0.23250119005645137 0.06179613476619094
0.2222148834901989 0.06090161831090559
0.2120959042910774 0.05997651623921323
0.20215034775378343 0.059022726528252537
0.19238420470968637 0.058041859631135576
0.18280335791817703 0.057035234016362193
0.17341357852311146 0.05600388272296297
0.16422052257649067 0.05494856857249622
0.15522972763146647 0.053869805178926526
0.14644660940672616 0.052767880650863894
0.1378764585242665 0.05164288090966951
0.12952443732252045 0.050494709852163165
0.12139557674675777 0.04932310414669951
0.11349477331863145 0.0481276412238803
0.10582678618669683 0.046907739947639616
0.09839623425967753 0.04566265445444884
0.09120759342420814 0.04439146264500851
0.08426519384872727 0.04309305171887299
0.07757321737514639 0.04176610387716611
0.07113569499986394 0.04040908581184824
0.06495650444564427 0.03902024579840547
0.059039367825822475 0.037597622080052635
0.05338784940224234 0.03613906576766465
0.048005353438278275 0.034642280698499554
0.042895122148234655 0.03310488164139419
0.038060233744356575 0.03152447097228679
0.03350360058263052 0.029898732555951067
0.029227967408489597 0.028225540154789033
0.025235909703481607 0.02650307634644028
0.021529832133895532 0.024729956770354358
0.018111967102280024 0.022905353631872055
0.014984373402728013 0.021029111847319412
0.012148934980735715 0.019101851069707698
0.009607359798384785 0.017125047119971086
0.007361178805529334 0.01510108706224952
0.005411745017609493 0.013033293272836395
0.0037602327006450165 0.0109259133021616
0.0024076366639015356 0.008784074034127856
0.0013547716606548965 0.006613700504613779
0.0006022718974137975 0.0044214016360416665
0.00015059065189787502 0.0022143269580839767
0.0 0.0
0.00015059065189787502 -0.0013037266645596474
0.0006022718974137975 -0.0026034097867073088
0.0013547716606548965 -0.0038947298094332184
0.0024076366639015356 -0.005173730194057494
0.0037602327006450165 -0.006436974988487575
0.005411745017609493 -0.007681679022632909
0.007361178805529334 -0.008905804048961224
0.009607359798384785 -0.010108116052221222
0.012148934980735715 -0.01128820111427508
0.014984373402728013 -0.01244643951084844
0.018111967102280024 -0.013583940003020383
0.021529832133895532 -0.014702438434892514
0.025235909703481607 -0.015804166636782434
0.029227967408489597 -0.016891699153829005
0.03350360058263052 -0.01796778638937027
0.038060233744356575 -0.019035183315009085
0.042895122148234655 -0.0200964829300116
0.048005353438278275 -0.021153963158837535
0.05338784940224234 -0.02220945489575446
0.059039367825822475 -0.023264237506817765
0.06495650444564427 -0.024318966373280473
0.07113569499986394 -0.025373635116188398
0.07757321737514639 -0.026427573100139254
0.08426519384872727 -0.027479476799120495
0.09120759342420814 -0.02852747173898214
0.09839623425967753 -0.029569200117871924
0.10582678618669683 -0.030601927938162233
0.11349477331863145 -0.03162266462788584
0.12139557674675777 -0.03262828772613656
0.12952443732252045 -0.033615665265757246
0.1378764585242665 -0.034581768989169426
0.14644660940672616 -0.03552377243316113
0.15522972763146647 -0.03643912914567912
0.16422052257649067 -0.03732562776310043
0.17341357852311146 -0.03818142227826511
0.18280335791817703 -0.03900503746007079
0.19238420470968637 -0.03979535093830824
0.20215034775378343 -0.04055155484457684
0.2120959042910774 -0.04127310101805662
0.2222148834901989 -0.04195963457993412
0.23250119005645137 -0.04261092111230557
0.2429486279033891 -0.04322677273216083
0.2535509038851079 -0.04380697804052746
0.26430163158700104 -0.04435124028781978
0.27519433517269654 -0.04485912718747656
0.28622245328485874 -0.04533003470695831
0.29737934299750524 -0.04576316595567216
0.30865828381745486 -0.04615752506626683
0.320052481732506 -0.04651192482053527
0.33155507330389 -0.04682500578759561
0.3431591298005543 -0.04709526399012122
0.35485766137276875 -0.04732108364563907
0.36664362126255073 -0.04750077137373848
0.3785099100483679 -0.047632588421878085
0.3904493799215649 -0.04771477792361879
0.4024548389919357 -0.04774558492215737
0.41451905561984914 -0.04772326780808342
0.42663476277231926 -0.04764610085744571
0.43879466240039156 -0.04751236862924176
0.4509914298352198 -0.04732035400200533
0.46321771820016633 -0.04706832251240122
0.475466162836291 -0.04675450632955017
0.4877293857385438 -0.04637709159752338
0.4999999999999999 -0.04593421296536551
0.512270614261456 -0.04542395888256434
0.5245338371637088 -0.04484439067617549
0.5367822817998334 -0.044193577576328004
0.54900857016478 -0.04346964877448405
0.5612053375996082 -0.04267086235724892
0.5733652372276805 -0.04179568964509291
0.5854809443801506 -0.04084291217502188
0.5975451610080642 -0.03981172739486504
0.6095506200784349 -0.03870185817423328
0.6214900899516319 -0.03751366056052215
0.6333563787374491 -0.03624822387631483
0.645142338627231 -0.034907457302882354
0.6568408701994456 -0.033494157532782134
0.6684449266961098 -0.03201205288507395
0.6799475182674938 -0.030465820414949614
0.691341716182545 -0.028861073946994248
0.7026206570024947 -0.027204322529374696
0.713777546715141 -0.02550290044240494
0.7248056648273034 -0.023764871489387912
0.7356983684129987 -0.021998911740898897
0.746449096114892 -0.02021417609430574
0.7570513720966108 -0.01842015486209683
0.7674988099435485 -0.016626527050962053
0.7777851165098009 -0.014843017000637206
0.7879040957089227 -0.013079260609297082
0.7978496522462164 -0.011344686503989723
0.8076157952903136 -0.009648416273804984
0.8171966420818224 -0.007999186351119757
0.8265864214768883 -0.006405292405745057
0.8357794774235092 -0.004874555327419693
0.8447702723685334 -0.003414306141141807
0.8535533905932737 -0.0020313856541291156
0.8621235414757333 -0.0007321533902447818
0.8704755626774794 0.0004775004725579104
0.8786044232532422 0.0015921468088891226
0.8865052266813687 0.002606819384708846
0.894173213813303 0.0035170326260303805
0.9016037657403225 0.004318819920910699
0.9087924065757916 0.005008795422216306
0.9157348061512727 0.00558424033660557
0.9224267826248536 0.0060432124794609935
0.928864305000136 0.006384675588596002
0.9350434955543556 0.006608642674998494
0.9409606321741775 0.006716325701585154
0.9466121505977576 0.006710282267093572
0.9519946465617215 0.0065945488594835126
0.9571048778517655 0.006374749731850952
0.9619397662556433 0.0060581706095532
0.9664963994173694 0.005653787285829731
0.9707720325915102 0.005172240687873487
0.9747640902965183 0.004625752136463707
0.9784701678661044 0.004027975180103955
0.98188803289772 0.003393783424229159
0.985015626597272 0.002738997034968494
0.9878510650192642 0.002080053894399002
0.9903926402016152 0.001433634531788635
0.9926388211944706 0.0008162527682388241
0.9945882549823906 0.00024382632053130998
0.9962397672993549 -0.00026875673059811606
0.9975923633360985 -0.0007080588020745304
0.9986452283393451 -0.0010624841211749891
0.9993977281025862 -0.0013226243868650024
0.9998494093481021 -0.0014815442772832153
1.0 -0.0015349946513536384
