1.0 0.0022896073859253662
0.9998494093481021 0.0023448763564053194
0.9993977281025862 0.0025105973187213803
0.9986452283393451 0.0027864939795926883
0.9975923633360985 0.0031720463784528407
0.9962397672993549 0.003666408546190017
0.9945882549823906 0.004268306311217796
0.9926388211944706 0.004975926879968055
0.9903926402016152 0.005786813202653174
0.9878510650192642 0.0066977763019814346
0.985015626597272 0.0077048376599783705
0.98188803289772 0.008803211503888693
0.9784701678661044 0.009987333588243181
0.9747640902965183 0.01125093910796886
0.9707720325915102 0.012587188035159172
0.9664963994173694 0.013988831826546025
0.9619397662556433 0.01544841148311027
0.9571048778517655 0.016958473714669558
0.9519946465617215 0.018511789770647227
0.9466121505977576 0.020101560560004353
0.9409606321741775 0.0217215921119338
0.9350434955543556 0.023366427223530297
0.928864305000136 0.02503142218460149
0.9224267826248536 0.02671276153851095
0.9157348061512727 0.028407408616235273
0.9087924065757916 0.030112994687713893
0.9016037657403225 0.031827654594139505
0.894173213813303 0.03354982124022833
0.8865052266813687 0.03527799495353123
0.8786044232532422 0.03701050614124466
0.8704755626774794 0.03874529066960661
0.8621235414757333 0.040479696845772295
0.8535533905932737 0.0422103408098618
0.8447702723685334 0.04393302368324694
0.8357794774235092 0.045642719220975195
0.8265864214768883 0.04733363533078383
0.8171966420818224 0.0489993470669781
0.8076157952903136 0.05063299303928834
0.7978496522462164 0.05222752204920059
0.7879040957089227 0.05377597259660089
0.7777851165098009 0.055271765033947706
0.7674988099435485 0.05670898482935131
0.7570513720966108 0.05808263575834852
0.746449096114892 0.059388843868374466
0.7356983684129987 0.06062499660786501
0.7248056648273034 0.061789806317728194
0.713777546715141 0.06288329297714094
0.7026206570024947 0.06390668723383212
0.691341716182545 0.06486226084688732
0.6799475182674938 0.06575309724205694
0.6684449266961098 0.06658281947784091
0.6568408701994456 0.06735529617185775
0.645142338627231 0.06807434757292477
0.6333563787374491 0.06874347384440117
0.6214900899516319 0.06936562574848197
0.6095506200784349 0.06994303443067577
0.5975451610080642 0.07047711217149735
0.5854809443801506 0.07096843018186753
0.5733652372276805 0.0714167732337893
0.5612053375996082 0.07182126464620003
0.54900857016478 0.07218054939805017
0.5367822817998334 0.07249301838870625
0.5245338371637088 0.07275705350459813
0.512270614261456 0.07297127146540151
0.4999999999999999 0.07313474456338419
0.4877293857385438 0.07324717837819011
0.475466162836291 0.07330903019879992
0.46321771820016633 0.07332155692765295
0.4509914298352198 0.07328678727419483
0.43879466240039156 0.07320741957551732
0.42663476277231926 0.07308665307225368
0.41451905561984914 0.07292796637663292
0.4024548389919357 0.0727348616951284
0.3904493799215649 0.07251059669094284
0.3785099100483679 0.07225792738956059
0.36664362126255073 0.07197888508555292
0.35485766137276875 0.07167460780163729
0.3431591298005543 0.07134524264421704
0.33155507330389 0.07098992970699927
0.320052481732506 0.07060687143785514
0.30865828381745486 0.07019348414061075
0.29737934299750524 0.06974662112259612
0.28622245328485874 0.06926285051628962
0.27519433517269654 0.06873876555301416
0.26430163158700104 0.06817130151448346
0.2535509038851079 0.06755803207312687
0.2429486279033891 0.0668974184365779
0.23250119005645137 0.0661889876424888
0.2222148834901989 0.06543342133449223
0.2120959042910774 0.06463254304658515
0.20215034775378343 0.06378919994318073
0.19238420470968637 0.0629070435065961
0.18280335791817703 0.06199022216808963
0.17341357852311146 0.061043006663292786
0.16422052257649067 0.060069375317044385
0.15522972763146647 0.05907259097497879
0.14644660940672616 0.058054803483506466
0.1378764585242665 0.057016711230368264
0.12952443732252045 0.05595731224271488
0.12139557674675777 0.05487376984870592
0.11349477331863145 0.05376141028705607
0.10582678618669683 0.052613860414742496
0.09839623425967753 0.05142332347107793
0.09120759342420814 0.050180980451121876
0.08426519384872727 0.04887749480236998
0.07757321737514639 0.04750358964150642
0.07113569499986394 0.04605066016687712
0.06495650444564427 0.044511379957257374
0.059039367825822475 0.04288025876096071
0.05338784940224234 0.04115411134577891
0.048005353438278275 0.03933240193051035
0.042895122148234655 0.037417436361389736
0.038060233744356575 0.03541438403552649
0.03350360058263052 0.033331122941383885
0.029227967408489597 0.03117791329193478
0.025235909703481607 0.028966917210252085
0.021529832133895532 0.026711592925444585
0.018111967102280024 0.024426001142781536
0.014984373402728013 0.022124067977526456
0.012148934980735715 0.019818852569482844
0.009607359798384785 0.01752186791656531
0.007361178805529334 0.015242500507568382
0.005411745017609493 0.012987568165847894
0.0037602327006450165 0.010761046538281839
0.0024076366639015356 0.008563983484201029
0.0013547716606548965 0.00639460800615819
0.0006022718974137975 0.0042486271956669345
0.00015059065189787502 0.0021196918648060353
0.0 0.0
0.00015059065189787502 -0.0012041007976300781
0.0006022718974137975 -0.002400152515106016
0.0013547716606548965 -0.003579798478574437
0.0024076366639015356 -0.0047354254429080485
0.0037602327006450165 -0.005860484429288203
0.005411745017609493 -0.006949753942132437
0.007361178805529334 -0.007999532214677418
0.009607359798384785 -0.009007749616600603
0.012148934980735715 -0.009973997339492642
0.014984373402728013 -0.010899473610514904
0.018111967102280024 -0.011786853617719516
0.021529832133895532 -0.012640093727360824
0.025235909703481607 -0.013464184141985707
0.029227967408489597 -0.014264866659821995
0.03350360058263052 -0.015048335502434949
0.038060233744356575 -0.01582093922003041
0.042895122148234655 -0.01658890049635393
0.048005353438278275 -0.017358068381269822
0.05338784940224234 -0.018133714280955397
0.059039367825822475 -0.01892037919785947
0.06495650444564427 -0.019721775541473967
0.07113569499986394 -0.020540742650797587
0.07757321737514639 -0.02137925129742532
0.08426519384872727 -0.022238449160728098
0.09120759342420814 -0.023118736817333767
0.09839623425967753 -0.024019862330079658
0.10582678618669683 -0.024941022139331855
0.11349477331863145 -0.02588095664785763
0.12139557674675777 -0.026838030559805336
0.12952443732252045 -0.027810290518052908
0.1378764585242665 -0.028795495652272476
0.14644660940672616 -0.02979112002816723
0.15522972763146647 -0.030794329379908187
0.16422052257649067 -0.031801937617883594
0.17341357852311146 -0.032810351162697864
0.18280335791817703 -0.033815510940836506
0.19238420470968637 -0.034812842728942
0.20215034775378343 -0.03579722637077028
0.2120959042910774 -0.03676299321593718
0.2222148834901989 -0.037703959028637025
0.23250119005645137 -0.03861349675097446
0.2429486279033891 -0.03948465010739277
0.2535509038851079 -0.04031028537877782
0.26430163158700104 -0.04108327505751546
0.27519433517269654 -0.04179670382033202
0.28622245328485874 -0.04244408460452263
0.29737934299750524 -0.043019570781419984
0.30865828381745486 -0.043518149661819286
0.320052481732506 -0.043935802937373196
0.33155507330389 -0.04426962116976689
0.3431591298005543 -0.04451786200821459
0.35485766137276875 -0.04467994528498648
0.36664362126255073 -0.044756382275966025
0.3785099100483679 -0.04474864093103772
0.3904493799215649 -0.044658953455369105
0.4024548389919357 -0.04449007692443425
0.41451905561984914 -0.04424502132360933
0.42663476277231926 -0.04392676223530525
0.43879466240039156 -0.04353795712915537
0.4509914298352198 -0.04308068469515297
0.46321771820016633 -0.0425562258338403
0.475466162836291 -0.04196490281140308
0.4877293857385438 -0.04130598982081205
0.4999999999999999 -0.0405777039651833
0.512270614261456 -0.03977728076684529
0.5245338371637088 -0.0389011330252194
0.5367822817998334 -0.03794508654573607
0.54900857016478 -0.03690468129076288
0.5612053375996082 -0.03577552219069909
0.5733652372276805 -0.03455366048371437
0.5854809443801506 -0.03323598424730346
0.5975451610080642 -0.03182059588678826
0.6095506200784349 -0.03030715481046636
0.6214900899516319 -0.02869716531311918
0.6333563787374491 -0.026994192686700183
0.645142338627231 -0.025203994579120852
0.6568408701994456 -0.023334559365913374
0.6684449266961098 -0.021396048477637538
0.6799475182674938 -0.019400644907908413
0.691341716182545 -0.017362315182462867
0.7026206570024947 -0.015296496590508217
0.713777546715141 -0.013219725199783178
0.7248056648273034 -0.011149222889480176
0.7356983684129987 -0.009102463204906696
0.746449096114892 -0.007096736207312469
0.7570513720966108 -0.005148731684086637
0.7674988099435485 -0.003274158196404992
0.7777851165098009 -0.0014874126373665766
0.7879040957089227 0.00019868852974888281
0.7978496522462164 0.0017731091338477273
0.8076157952903136 0.003226721167447007
0.8171966420818224 0.004552361612692322
0.8265864214768883 0.0057448228660269855
0.8357794774235092 0.006800784553296513
0.8447702723685334 0.007718696960328893
0.8535533905932737 0.008498627916251323
0.8621235414757333 0.00914208571281795
0.8704755626774794 0.009651830538597795
0.8786044232532422 0.010031686024051144
0.8865052266813687 0.010286360952128903
0.894173213813303 0.010421289145230172
0.9016037657403225 0.010442493172276662
0.9087924065757916 0.010356475017145449
0.9157348061512727 0.01017013439430778
0.9224267826248536 0.00989071315384276
0.928864305000136 0.00952576232213981
0.9350434955543556 0.009083126876527781
0.9409606321741775 0.008570942411160284
0.9466121505977576 0.007997637435549033
0.9519946465617215 0.007371935134606301
0.9571048778517655 0.006702848954078283
0.9619397662556433 0.005999667274999076
0.9664963994173694 0.005271923604297895
0.9707720325915102 0.004529350026344081
0.9747640902965183 0.0037818130231003907
0.9784701678661044 0.00303923207892203
0.98188803289772 0.002311482656123897
0.985015626597272 0.001608286096377648
0.9878510650192642 0.0009390897313636994
0.9903926402016152 0.00031294095820309916
0.9926388211944706 -0.00026164074282271094
0.9945882549823906 -0.0007767898745547471
0.9962397672993549 -0.0012254152915467098
0.9975923633360985 -0.0016013114243668065
0.9986452283393451 -0.0018992573442151211
0.9993977281025862 -0.0021151011361823504
0.9998494093481021 -0.0022458275497054918
1.0 -0.0022896073859253662
