1.0 0.0022842942934056328
0.9998494093481021 0.0023366708468920867
0.9993977281025862 0.0024937343049272437
0.9986452283393451 0.0027552675093990946
0.9975923633360985 0.0031208487228331144
0.9962397672993549 0.0035897688323770546
0.9945882549823906 0.0041609286115930275
0.9926388211944706 0.004832727748914814
0.9903926402016152 0.005602958744357159
0.9878510650192642 0.006468718942386886
0.985015626597272 0.007426352875591898
0.98188803289772 0.008471434818593271
0.9784701678661044 0.009598798177165241
0.9747640902965183 0.010802614336566072
0.9707720325915102 0.012076519205978126
0.9664963994173694 0.0134137813020993
0.9619397662556433 0.014807501200690194
0.9571048778517655 0.016250828910662988
0.9519946465617215 0.01773718349450133
0.9466121505977576 0.019260458291211584
0.9409606321741775 0.020815195510056034
0.9350434955543556 0.022396715756657377
0.928864305000136 0.02400119111280669
0.9224267826248536 0.025625654493819136
0.9157348061512727 0.02726794283730773
0.9087924065757916 0.028926576852748246
0.9016037657403225 0.030600585164137883
0.894173213813303 0.03228928528844662
0.8865052266813687 0.03399203762324119
0.8786044232532422 0.03570799114586507
0.8704755626774794 0.03743584062452582
0.8621235414757333 0.03917361469207075
0.8535533905932737 0.040918512143507606
0.8447702723685334 0.04266680042094595
0.8357794774235092 0.04441378569301296
0.8265864214768883 0.046153858565636356
0.8171966420818224 0.04788061369349731
0.8076157952903136 0.04958703585008621
0.7978496522462164 0.051265739813995535
0.7879040957089227 0.0529092471591119
0.7777851165098009 0.05451028004607137
0.7674988099435485 0.05606205065211013
0.7570513720966108 0.05755852507651932
0.746449096114892 0.05899464241753549
0.7356983684129987 0.06036647309884442
0.7248056648273034 0.06167130517157365
0.713777546715141 0.06290765286856305
0.7026206570024947 0.06407518770418233
0.691341716182545 0.06517459841657182
0.6799475182674938 0.06620739155898779
0.6684449266961098 0.06717564911838958
0.6568408701994456 0.06808176280065228
0.645142338627231 0.06892816630434014
0.6333563787374491 0.06971708686639563
0.6214900899516319 0.07045033559956394
0.6095506200784349 0.07112915278919374
0.5975451610080642 0.07175411964277544
0.5854809443801506 0.07232514236544037
0.5733652372276805 0.07284150832492578
0.5612053375996082 0.07330200797007816
0.54900857016478 0.07370511058092213
0.5367822817998334 0.07404917732094826
0.5245338371637088 0.07433269182267761
0.512270614261456 0.0745544869460411
0.4999999999999999 0.07471394655307854
0.4877293857385438 0.0748111631428597
0.475466162836291 0.07484703584006139
0.46321771820016633 0.07482329824399239
0.4509914298352198 0.0747424716203913
0.43879466240039156 0.07460774536934509
0.42663476277231926 0.07442279309623799
0.41451905561984914 0.07419153841247625
0.4024548389919357 0.07391788930316395
0.3904493799215649 0.0736054631060155
0.3785099100483679 0.07325732555263384
0.36664362126255073 0.07287576677605098
0.35485766137276875 0.07246213469150561
0.3431591298005543 0.0720167418757861
0.33155507330389 0.07153885631914988
0.320052481732506 0.0710267796451094
0.30865828381745486 0.07047800912324488
0.29737934299750524 0.06988947262670356
0.28622245328485874 0.06925781920269283
0.27519433517269654 0.06857974268215242
0.26430163158700104 0.06785231221721912
0.2535509038851079 0.06707328213842682
0.2429486279033891 0.06624135424744967
0.23250119005645137 0.06535636861067214
0.2222148834901989 0.06441940392021638
0.2120959042910774 0.06343277519957155
0.20215034775378343 0.06239992456245312
0.19238420470968637 0.061325209287735945
0.18280335791817703 0.0602135999867889
0.17341357852311146 0.05907030943451359
0.16422052257649067 0.057900379072770305
0.15522972763146647 0.056708254725292305
0.14644660940672616 0.05549738527210775
0.1378764585242665 0.054269877674555066
0.12952443732252045 0.05302623876797507
0.12139557674675777 0.05176522879832596
0.11349477331863145 0.0504838441158985
0.10582678618669683 0.049177437270763784
0.09839623425967753 0.04783997263354198
0.09120759342420814 0.046464405333684365
0.08426519384872727 0.045043161542276784
0.07757321737514639 0.04356868967997562
0.07113569499986394 0.04203404567405895
0.06495650444564427 0.040433471458695296
0.059039367825822475 0.03876292486920797
0.05338784940224234 0.03702052107652445
0.048005353438278275 0.035206850671400614
0.042895122148234655 0.033325147146962934
0.038060233744356575 0.03138128634642116
0.03350360058263052 0.029383611773962717
0.029227967408489597 0.027342591720689348
0.025235909703481607 0.02527032607672639
0.021529832133895532 0.023179931623204343
0.018111967102280024 0.021084843720114044
0.014984373402728013 0.01899807894288451
0.012148934980735715 0.01693150685683559
0.009607359798384785 0.014895179449143635
0.007361178805529334 0.012896763691784646
0.005411745017609493 0.010941116457293879
0.0037602327006450165 0.009030031955187355
0.0024076366639015356 0.0071621806083042566
0.0013547716606548965 0.005333245615126291
0.0006022718974137975 0.0035362502239542877
0.00015059065189787502 0.0017620559001974155
0.0 0.0
0.00015059065189787502 -0.0011896995992850773
0.0006022718974137975 -0.00237475606898286
0.0013547716606548965 -0.0035501301198435403
0.0024076366639015356 -0.004711349006428134
0.0037602327006450165 -0.005854747365372407
0.005411745017609493 -0.006977660079504958
0.007361178805529334 -0.008078556254335841
0.009607359798384785 -0.009157107271093621
0.012148934980735715 -0.010214186176072828
0.014984373402728013 -0.011251800073790487
0.018111967102280024 -0.0122729614001272
0.021529832133895532 -0.013281507667660489
0.025235909703481607 -0.014281882244458524
0.029227967408489597 -0.01527889075323683
0.03350360058263052 -0.016277448635492672
0.038060233744356575 -0.017282335271124757
0.042895122148234655 -0.018297968817248343
0.048005353438278275 -0.019328213748751308
0.05338784940224234 -0.020376230135268895
0.059039367825822475 -0.02144437021665222
0.06495650444564427 -0.022534124118850505
0.07113569499986394 -0.023646112875191277
0.07757321737514639 -0.02478012356617583
0.08426519384872727 -0.025935178615371625
0.09120759342420814 -0.027109629281323534
0.09839623425967753 -0.028301262302283994
0.10582678618669683 -0.029507408543733564
0.11349477331863145 -0.030725043350847143
0.12139557674675777 -0.03195087002499784
0.12952443732252045 -0.03318138026189573
0.1378764585242665 -0.03441288829037293
0.14644660940672616 -0.03564153857874212
0.15522972763146647 -0.036863290056583856
0.16422052257649067 -0.038073882565173064
0.17341357852311146 -0.03926879345740706
0.18280335791817703 -0.04044319372188242
0.19238420470968637 -0.04159191357136462
0.20215034775378343 -0.04270942705188748
0.2120959042910774 -0.04378986391193054
0.2222148834901989 -0.04482705481584434
0.23250119005645137 -0.0458146131567765
0.2429486279033891 -0.04674605344480955
0.2535509038851079 -0.04761494277988152
0.26430163158700104 -0.04841507855101983
0.27519433517269654 -0.049140682516626476
0.28622245328485874 -0.04978659907436181
0.29737934299750524 -0.050348484038550266
0.30865828381745486 -0.05082296976112131
0.320052481732506 -0.05120779303743829
0.33155507330389 -0.05150187392757917
0.3431591298005543 -0.05170533631035663
0.35485766137276875 -0.05181946450735375
0.36664362126255073 -0.051846594436494274
0.3785099100483679 -0.05178994219750121
0.3904493799215649 -0.05165337744286139
0.4024548389919357 -0.05144115302744945
0.41451905561984914 -0.05115760595297314
0.42663476277231926 -0.05080684726280888
0.43879466240039156 -0.05039246008906195
0.4509914298352198 -0.04991722537050844
0.46321771820016633 -0.049382893794947445
0.475466162836291 -0.048790020308188665
0.4877293857385438 -0.048137874196725834
0.4999999999999999 -0.04742443349292043
0.512270614261456 -0.04664646753603398
0.5245338371637088 -0.04579970626223814
0.5367822817998334 -0.04487908952963833
0.54900857016478 -0.043879084850276494
0.5612053375996082 -0.042794057618743074
0.5733652372276805 -0.04161867457225598
0.5854809443801506 -0.040348319004245604
0.5975451610080642 -0.038979495321427485
0.6095506200784349 -0.037510200937481385
0.6214900899516319 -0.035940245202033455
0.6333563787374491 -0.034271497954869085
0.645142338627231 -0.032508054180361116
0.6568408701994456 -0.030656305863050865
0.6684449266961098 -0.02872491721606542
0.6799475182674938 -0.026724704650867577
0.691341716182545 -0.024668427860027282
0.7026206570024947 -0.022570502894883885
0.713777546715141 -0.020446651877387242
0.7248056648273034 -0.01831350678610079
0.7356983684129987 -0.016188186463983564
0.746449096114892 -0.014087866548372342
0.7570513720966108 -0.012029361435839499
0.7674988099435485 -0.010028735752993564
0.7777851165098009 -0.008100960259303987
0.7879040957089227 -0.006259623861332544
0.7978496522462164 -0.004516709706504814
0.8076157952903136 -0.0028824394039115415
0.8171966420818224 -0.0013651855447508864
0.8265864214768883 2.855089617034433e-05
0.8357794774235092 0.0012941047984328115
0.8447702723685334 0.0024285617459764717
0.8535533905932737 0.0034306341556214416
0.8621235414757333 0.004300510236665476
0.8704755626774794 0.005039687418957477
0.8786044232532422 0.005650801231037755
0.8865052266813687 0.006137459319514966
0.894173213813303 0.006504088517075059
0.9016037657403225 0.006755800753468839
0.9087924065757916 0.006898281335149758
0.9157348061512727 0.006937700865080427
0.9224267826248536 0.006880649989292628
0.928864305000136 0.006734094370372809
0.9350434955543556 0.006505345896684702
0.9409606321741775 0.006202045199258031
0.9466121505977576 0.005832150086967476
0.9519946465617215 0.005403924509490131
0.9571048778517655 0.0049259230691234435
0.9619397662556433 0.004406966854000057
0.9664963994173694 0.0038561073662859197
0.9707720325915102 0.00328257647064701
0.9747640902965183 0.0026957214915887323
0.9784701678661044 0.00210492575193324
0.98188803289772 0.0015195158915529356
0.985015626597272 0.0009486581771083005
0.9878510650192642 0.00040124667272174166
0.9903926402016152 -0.00011421342737975067
0.9926388211944706 -0.0005897237958859259
0.9945882549823906 -0.0010179087861393863
0.9962397672993549 -0.0013921257145657886
0.9975923633360985 -0.001706566557887551
0.9986452283393451 -0.001956348392290461
0.9993977281025862 -0.002137590330473068
0.9998494093481021 -0.0022474751563983522
1.0 -0.0022842942934056328
