1.0 0.0018255795185756986
0.9998494093481021 0.0018818262150899214
0.9993977281025862 0.002050491707685936
0.9986452283393451 0.002331334653917
0.9975923633360985 0.00272389627156634
0.9962397672993549 0.0032274222014009504
0.9945882549823906 0.0038407658357273466
0.9926388211944706 0.004562284398752771
0.9903926402016152 0.00538974038099174
0.9878510650192642 0.006320221049129956
0.985015626597272 0.007350087644199629
0.98188803289772 0.008474963622891898
0.9784701678661044 0.009689768070595173
0.9747640902965183 0.010988796489940155
0.9707720325915102 0.012365846880863323
0.9664963994173694 0.013814384750927156
0.9619397662556433 0.015327736807500058
0.9571048778517655 0.01689929993973533
0.9519946465617215 0.018522749994547782
0.9466121505977576 0.020192234000338097
0.9409606321741775 0.02190253000598073
0.9350434955543556 0.02364916057788482
0.928864305000136 0.025428449116908475
0.9224267826248536 0.02723751229438008
0.9157348061512727 0.029074186747065658
0.9087924065757916 0.03093689333371376
0.9016037657403225 0.032824447324953716
0.894173213813303 0.03473582745685011
0.8865052266813687 0.03666992044263762
0.8786044232532422 0.038625259988815115
0.8704755626774794 0.04059978037514116
0.8621235414757333 0.042590604119993415
0.8535533905932737 0.04459388117330452
0.8447702723685334 0.04660469359373012
0.8357794774235092 0.048617035025054704
0.8265864214768883 0.05062386883611777
0.8171966420818224 0.05261726294578586
0.8076157952903136 0.05458859357405634
0.7978496522462164 0.05652880489774939
0.7879040957089227 0.05842870726441439
0.7777851165098009 0.060279293581357564
0.7674988099435485 0.06207205199973331
0.7570513720966108 0.0637992531882528
0.746449096114892 0.06545419233729816
0.7356983684129987 0.06703136941920487
0.7248056648273034 0.06852659589766766
0.713777546715141 0.0699370216680273
0.7026206570024947 0.07126108208390092
0.691341716182545 0.07249837100586976
0.6799475182674938 0.07364945141281823
0.6684449266961098 0.07471561979924096
0.6568408701994456 0.07569864396697888
0.645142338627231 0.07660049563406932
0.6333563787374491 0.0774230993782568
0.6214900899516319 0.07816811779749262
0.6095506200784349 0.07883678953335492
0.5975451610080642 0.0794298322248268
0.5854809443801506 0.07994741690851109
0.5733652372276805 0.08038921430741561
0.5612053375996082 0.08075450734928953
0.54900857016478 0.08104235862771862
0.5367822817998334 0.08125181682989265
0.5245338371637088 0.08138214279559376
0.512270614261456 0.08143303412774046
0.4999999999999999 0.08140482730053278
0.4877293857385438 0.0812986580172989
0.475466162836291 0.08111656402033922
0.46321771820016633 0.08086151937616891
0.4509914298352198 0.08053739506221858
0.43879466240039156 0.08014884699030277
0.42663476277231926 0.07970113889538417
0.41451905561984914 0.07919991326727774
0.4024548389919357 0.07865092821767312
0.3904493799215649 0.07805978144344843
0.3785099100483679 0.0774316439713799
0.36664362126255073 0.07677102599028016
0.35485766137276875 0.07608159479042446
0.3431591298005543 0.07536606079063535
0.33155507330389 0.07462614214222373
0.320052481732506 0.07386261188358113
0.30865828381745486 0.07307542460030725
0.29737934299750524 0.07226391259668861
0.28622245328485874 0.0714270352854818
0.27519433517269654 0.07056366039470378
0.26430163158700104 0.06967285212832286
0.2535509038851079 0.06875413993498147
0.2429486279033891 0.06780774221506462
0.23250119005645137 0.06683472214089227
0.2222148834901989 0.06583705761180314
0.2120959042910774 0.0648176138838316
0.20215034775378343 0.06378001512784129
0.19238420470968637 0.06272841949699043
0.18280335791817703 0.06166721057594896
0.17341357852311146 0.060600625676916695
0.16422052257649067 0.05953234771455876
0.15522972763146647 0.058465091793719746
0.14644660940672616 0.057400219771729266
0.1378764585242665 0.056337415668947226
0.12952443732252045 0.05527445184354452
0.12139557674675777 0.05420707046340897
0.11349477331863145 0.05312899733433835
0.10582678618669683 0.05203209608348623
0.09839623425967753 0.050906660688904426
0.09120759342420814 0.04974183411699245
0.08426519384872727 0.04852613114169926
0.07757321737514639 0.04724803501217088
0.07113569499986394 0.04589663117023917
0.06495650444564427 0.04446223722654904
0.059039367825822475 0.042936987242377433
0.05338784940224234 0.0413153301886668
0.048005353438278275 0.0395944072017216
0.042895122148234655 0.03777427964641028
0.038060233744356575 0.03585798955255077
0.03350360058263052 0.03385144506081061
0.029227967408489597 0.03176313533109622
0.025235909703481607 0.029603691092135988
0.021529832133895532 0.027385317802597252
0.018111967102280024 0.0251211374641374
0.014984373402728013 0.02282448180206046
0.012148934980735715 0.020508183301468374
0.009607359798384785 0.018183911151675752
0.007361178805529334 0.015861596433166363
0.005411745017609493 0.013548985039455681
0.0037602327006450165 0.011251348247112599
0.0024076366639015356 0.008971370117112328
0.0013547716606548965 0.006709218774576285
0.0006022718974137975 0.004462795922399248
0.00015059065189787502 0.0022281465923627234
0.0 0.0
0.00015059065189787502 -0.001224011762738088
0.0006022718974137975 -0.002440020319210824
0.0013547716606548965 -0.0036398366861747473
0.0024076366639015356 -0.004815980426987933
0.0037602327006450165 -0.005961985650292133
0.005411745017609493 -0.007072652396773861
0.007361178805529334 -0.008144230802201419
0.009607359798384785 -0.009174529702008353
0.012148934980735715 -0.010162946089147088
0.014984373402728013 -0.011110416719644998
0.018111967102280024 -0.012019297839681135
0.021529832133895532 -0.012893183162992173
0.025235909703481607 -0.013736673578895197
0.029227967408489597 -0.014555114402249504
0.03350360058263052 -0.015354317147909404
0.038060233744356575 -0.01614028277139671
0.042895122148234655 -0.01691894210237698
0.048005353438278275 -0.017695926931888373
0.05338784940224234 -0.018476382097698092
0.059039367825822475 -0.0192648252039197
0.06495650444564427 -0.02006505660968837
0.07113569499986394 -0.02088011834191589
0.07757321737514639 -0.02171229693540964
0.08426519384872727 -0.02256316215480685
0.09120759342420814 -0.023433631329289273
0.09839623425967753 -0.024324047786310758
0.10582678618669683 -0.025234261677787563
0.11349477331863145 -0.026163702339487376
0.12139557674675777 -0.027111433116493944
0.12952443732252045 -0.02807618215428691
0.1378764585242665 -0.029056345764748675
0.14644660940672616 -0.03004996435551307
0.15522972763146647 -0.031054674265337836
0.16422052257649067 -0.03206764188655951
0.17341357852311146 -0.03308548891343263
0.18280335791817703 -0.034104219214962095
0.19238420470968637 -0.035119158540237005
0.20215034775378343 -0.0361249179479594
0.2120959042910774 -0.03711539051799421
0.2222148834901989 -0.03808378864279322
0.23250119005645137 -0.03902272617846065
0.2429486279033891 -0.039924346190936745
0.2535509038851079 -0.040780491240306194
0.26430163158700104 -0.04158290940842511
0.27519433517269654 -0.042323485896062635
0.28622245328485874 -0.042994487277414895
0.29737934299750524 -0.043588803639573126
0.30865828381745486 -0.0441001730264208
0.320052481732506 -0.044523372947150135
0.33155507330389 -0.04485436520994416
0.3431591298005543 -0.04509038292443912
0.35485766137276875 -0.04522995202232701
0.36664362126255073 -0.04527284384173101
0.3785099100483679 -0.04521995991989906
0.3904493799215649 -0.04507315481739344
0.4024548389919357 -0.044835007220744
0.41451905561984914 -0.044508553417667886
0.42663476277231926 -0.04409700022395501
0.43879466240039156 -0.0436034363358564
0.4509914298352198 -0.04303056173242719
0.46321771820016633 -0.042380454090766836
0.475466162836291 -0.04165438922667916
0.4877293857385438 -0.04085272944722448
0.4999999999999999 -0.039974889595616646
0.512270614261456 -0.039019385747465954
0.5245338371637088 -0.03798396629543709
0.5367822817998334 -0.036865819880415894
0.54900857016478 -0.0356618496392681
0.5612053375996082 -0.034368998870740006
0.5733652372276805 -0.03298460975843211
0.5854809443801506 -0.0315067944580203
0.5975451610080642 -0.029934796803511295
0.6095506200784349 -0.02826932317689793
0.6214900899516319 -0.02651282269051572
0.6333563787374491 -0.024669699638725943
0.645142338627231 -0.022746444994856296
0.6568408701994456 -0.020751678306841263
0.6684449266961098 -0.018696096381819825
0.6799475182674938 -0.016592330323060678
0.691341716182545 -0.014454717467114738
0.7026206570024947 -0.012298999260165323
0.713777546715141 -0.010141959845245737
0.7248056648273034 -0.008001022898079947
0.7356983684129987 -0.005893825909483568
0.746449096114892 -0.003837791603466615
0.7570513720966108 -0.0018497155171724265
0.7674988099435485 5.461295948143668e-05
0.7777851165098009 0.0018607414257838324
0.7879040957089227 0.0035558258784850853
0.7978496522462164 0.005128835175339496
0.8076157952903136 0.00657068504692903
0.8171966420818224 0.007874302092170922
0.8265864214768883 0.00903462183054343
0.8357794774235092 0.010048528007305204
0.8447702723685334 0.010914742793479294
0.8535533905932737 0.011633679181624397
0.8621235414757333 0.012207267702258983
0.8704755626774794 0.012638769584263588
0.8786044232532422 0.012932587720638667
0.8865052266813687 0.013094085390561068
0.894173213813303 0.013129420777731026
0.9016037657403225 0.013045403084697513
0.9087924065757916 0.012849373653802329
0.9157348061512727 0.012549113144091711
0.9224267826248536 0.012152773640036741
0.928864305000136 0.011668832715440454
0.9350434955543556 0.011106065043409781
0.9409606321741775 0.010473526190857963
0.9466121505977576 0.0097805427838396
0.9519946465617215 0.009036703260262135
0.9571048778517655 0.008251843888056939
0.9619397662556433 0.007436025542293225
0.9664963994173694 0.006599497808627966
0.9707720325915102 0.005752648208757621
0.9747640902965183 0.004905935622197757
0.9784701678661044 0.0040698082121451516
0.98188803289772 0.0032546072707243592
0.985015626597272 0.0024704593197086705
0.9878510650192642 0.0017271594982367045
0.9903926402016152 0.0010340497231915338
0.9926388211944706 0.0003998953257483807
0.9945882549823906 -0.0001672361284137632
0.9962397672993549 -0.0006600903023755115
0.9975923633360985 -0.0010723326125187426
0.9986452283393451 -0.001398642994338084
0.9993977281025862 -0.0016347965418522725
0.9998494093481021 -0.0017777281211775315
1.0 -0.0018255795185756986
