1.0 0.0016840283224259951
0.9998494093481021 0.0017333980375120368
0.9993977281025862 0.0018814238025700461
0.9986452283393451 0.0021278381993362202
0.9975923633360985 0.0024721398924891255
0.9962397672993549 0.0029135168307215915
0.9945882549823906 0.003450751410540076
0.9926388211944706 0.0040821188607068
0.9903926402016152 0.004805291426392344
0.9878510650192642 0.00561726106298492
0.985015626597272 0.0065142922581400906
0.98188803289772 0.007491914362861129
0.9784701678661044 0.008544959606059997
0.9747640902965183 0.009667649057822716
0.9707720325915102 0.010853724525970984
0.9664963994173694 0.012096620088133829
0.9619397662556433 0.013389663054101884
0.9571048778517655 0.0147262909723984
0.9519946465617215 0.01610026913719699
0.9466121505977576 0.017505892132172515
0.9409606321741775 0.018938153381281467
0.9350434955543556 0.02039286846570864
0.928864305000136 0.021866741000444865
0.9224267826248536 0.023357363925975944
0.9157348061512727 0.0248631538532637
0.9087924065757916 0.026383221230572476
0.9016037657403225 0.027917184169618362
0.894173213813303 0.02946493836389469
0.8865052266813687 0.03102639927256082
0.8786044232532422 0.032601235310180166
0.8704755626774794 0.03418861194645627
0.8621235414757333 0.03578696626096752
0.8535533905932737 0.03739382961634971
0.8447702723685334 0.039005712832281124
0.8357794774235092 0.0406180637986519
0.8265864214768883 0.04222530219228103
0.8171966420818224 0.04382093026076467
0.8076157952903136 0.04539771295158442
0.7978496522462164 0.04694791544023308
0.7879040957089227 0.04846358176148271
0.7777851165098009 0.04993683512108291
0.7674988099435485 0.05136017881499632
0.7570513720966108 0.052726776648315384
0.746449096114892 0.05403069333732834
0.7356983684129987 0.05526707847758961
0.7248056648273034 0.05643228202920751
0.713777546715141 0.057523894566298646
0.7026206570024947 0.05854071134328354
0.691341716182545 0.05948262508627996
0.6799475182674938 0.06035045785716632
0.6684449266961098 0.061145746926312146
0.6568408701994456 0.06187050295963424
0.645142338627231 0.06252696070549303
0.6333563787374491 0.06311734260529284
0.6214900899516319 0.06364365432910934
0.6095506200784349 0.06410752826956549
0.5975451610080642 0.0645101267550232
0.5854809443801506 0.0648521115158336
0.5733652372276805 0.0651336801834549
0.5612053375996082 0.06535466479558939
0.54900857016478 0.06551468190196781
0.5367822817998334 0.06561331936362426
0.5245338371637088 0.06565034169286028
0.512270614261456 0.06562589407013113
0.4999999999999999 0.0655406851517498
0.4877293857385438 0.06539613046412411
0.475466162836291 0.06519444144067969
0.46321771820016633 0.06493864973883517
0.4509914298352198 0.06463256200599084
0.43879466240039156 0.06428064629154878
0.42663476277231926 0.06388785732539837
0.41451905561984914 0.06345941339429256
0.4024548389919357 0.0630005420733248
0.3904493799215649 0.06251621521182091
0.3785099100483679 0.062010895041116794
0.36664362126255073 0.06148831290930077
0.35485766137276875 0.06095129994723121
0.3431591298005543 0.06040168507507436
0.33155507330389 0.05984027045617329
0.320052481732506 0.05926688820419252
0.30865828381745486 0.05868053535011378
0.29737934299750524 0.05807957732975954
0.28622245328485874 0.057462004120331325
0.27519433517269654 0.05682571815920351
0.26430163158700104 0.05616882976306583
0.2535509038851079 0.05548993425606095
0.2429486279033891 0.05478834559112906
0.23250119005645137 0.05406426392477133
0.2222148834901989 0.053318859228550945
0.2120959042910774 0.05255425927725297
0.20215034775378343 0.05177343779119756
0.19238420470968637 0.050980006570079346
0.18280335791817703 0.05017792351488715
0.17341357852311146 0.04937113585330703
0.16422052257649067 0.04856318405620746
0.15522972763146647 0.04775679633360615
0.14644660940672616 0.046953505827698534
0.1378764585242665 0.046153322436285456
0.12952443732252045 0.04535448854126609
0.12139557674675777 0.04455334291224042
0.11349477331863145 0.043744310016863325
0.10582678618669683 0.04292002337322573
0.09839623425967753 0.04207158203161178
0.09120759342420814 0.04118892946684079
0.08426519384872727 0.040261334827267244
0.07757321737514639 0.03927794833275044
0.07113569499986394 0.038228396278862396
0.06495650444564427 0.037103377103076936
0.059039367825822475 0.035895218651895044
0.05338784940224234 0.03459835831419009
0.048005353438278275 0.03320971200588135
0.042895122148234655 0.03172890484704151
0.038060233744356575 0.030158345315614676
0.03350360058263052 0.028503135081724404
0.029227967408489597 0.026770817894484853
0.025235909703481607 0.024970982014826577
0.021529832133895532 0.023114740960658447
0.018111967102280024 0.02121412600342147
0.014984373402728013 0.01928143028358566
0.012148934980735715 0.01732854810840602
0.009607359798384785 0.015366353662946955
0.007361178805529334 0.013404160926276885
0.005411745017609493 0.011449301184396238
0.0037602327006450165 0.009506846530846123
0.0024076366639015356 0.007579497696635753
0.0013547716606548965 0.00566764315624989
0.0006022718974137975 0.0037695845203772125
0.00015059065189787502 0.0018819115960417956
0.0 0.0
0.00015059065189787502 -0.001105504176856886
0.0006022718974137975 -0.0022047519022096057
0.0013547716606548965 -0.0032913136250377513
0.0024076366639015356 -0.004359409039949895
0.0037602327006450165 -0.005404184988632
0.005411745017609493 -0.0064219405703226165
0.007361178805529334 -0.007410287362523501
0.009607359798384785 -0.008368236856091331
0.012148934980735715 -0.009296211870174733
0.014984373402728013 -0.010195983503349096
0.018111967102280024 -0.011070539762703549
0.021529832133895532 -0.011923896075926168
0.025235909703481607 -0.012760861157601007
0.029227967408489597 -0.013586773956539573
0.03350360058263052 -0.014407228519350602
0.038060233744356575 -0.015227803516078183
0.042895122148234655 -0.0160538119250076
0.048005353438278275 -0.016890084089070806
0.05338784940224234 -0.017740794233798787
0.059039367825822475 -0.01860933683340538
0.06495650444564427 -0.019498255222874433
0.07113569499986394 -0.02040922089099069
0.07757321737514639 -0.02134305825484627
0.08426519384872727 -0.022299806681675326
0.09120759342420814 -0.02327880930806359
0.09839623425967753 -0.02427881696037038
0.10582678618669683 -0.025298095274953535
0.11349477331863145 -0.026334523939795317
0.12139557674675777 -0.027385678735471344
0.12952443732252045 -0.028448889574185784
0.1378764585242665 -0.029521270791929122
0.14644660940672616 -0.030599723270414488
0.15522972763146647 -0.031680911262408504
0.16422052257649067 -0.03276121978011141
0.17341357852311146 -0.03383670082160898
0.18280335791817703 -0.034903018342686574
0.19238420470968637 -0.0359554025824404
0.20215034775378343 -0.03698862404951504
0.2120959042910774 -0.03799699618226149
0.2222148834901989 -0.038974413503477065
0.23250119005645137 -0.0399144291666301
0.2429486279033891 -0.04081037236596333
0.2535509038851079 -0.04165550243262029
0.26430163158700104 -0.042443192861367156
0.27519433517269654 -0.04316713530610853
0.28622245328485874 -0.04382155102245999
0.29737934299750524 -0.0444013955522852
0.30865828381745486 -0.04490254180488218
0.320052481732506 -0.045321927181598436
0.33155507330389 -0.04565765201888377
0.3431591298005543 -0.04590901930606737
0.35485766137276875 -0.04607650920343911
0.36664362126255073 -0.04616168610780696
0.3785099100483679 -0.04616704059677147
0.3904493799215649 -0.04609577320638306
0.4024548389919357 -0.04595153132662687
0.41451905561984914 -0.04573811421675087
0.42663476277231926 -0.04545916396711299
0.43879466240039156 -0.045117861943934794
0.4509914298352198 -0.044716650701327715
0.46321771820016633 -0.044257000470942214
0.475466162836291 -0.04373923717481409
0.4877293857385438 -0.04316244557265761
0.4999999999999999 -0.042524456854110944
0.512270614261456 -0.041821924990498346
0.5245338371637088 -0.04105049079009852
0.5367822817998334 -0.040205027203464645
0.54900857016478 -0.03927995435193838
0.5612053375996082 -0.03826960833305667
0.5733652372276805 -0.03716864437743734
0.5854809443801506 -0.03597245261644026
0.5975451610080642 -0.03467756371425548
0.6095506200784349 -0.03328202198096426
0.6214900899516319 -0.03178570528346311
0.6333563787374491 -0.030190573990992533
0.645142338627231 -0.028500835135766827
0.6568408701994456 -0.026723012677926657
0.6684449266961098 -0.02486591993396429
0.6799475182674938 -0.02294053553150983
0.691341716182545 -0.02095978936229289
0.7026206570024947 -0.01893826961132714
0.713777546715141 -0.016891865776773995
0.7248056648273034 -0.014837365451836114
0.7356983684129987 -0.012792024377395983
0.746449096114892 -0.010773129828765628
0.7570513720966108 -0.008797576787007575
0.7674988099435485 -0.0068814746545146875
0.7777851165098009 -0.005039799661189479
0.7879040957089227 -0.003286104779445219
0.7978496522462164 -0.0016322951674482326
0.8076157952903136 -8.847315278638591e-05
0.8171966420818224 0.0013371471850707702
0.8265864214768883 0.002638259431907774
0.8357794774235092 0.0038104250036978876
0.8447702723685334 0.004850983286942828
0.8535533905932737 0.005758922682454919
0.8621235414757333 0.006534724352817276
0.8704755626774794 0.007180190527511497
0.8786044232532422 0.007698268519510603
0.8865052266813687 0.008092880264117667
0.894173213813303 0.00836876535176666
0.9016037657403225 0.008531343360948771
0.9087924065757916 0.008586598983975268
0.9157348061512727 0.0085409911510571
0.9224267826248536 0.00840138525453873
0.928864305000136 0.008175005785520138
0.9350434955543556 0.007869405315633122
0.9409606321741775 0.007492444844878316
0.9466121505977576 0.007052280110021689
0.9519946465617215 0.0065573484874459145
0.9571048778517655 0.006016351577303661
0.9619397662556433 0.005438229344534636
0.9664963994173694 0.004832122721948679
0.9707720325915102 0.004207322748410543
0.9747640902965183 0.003573205519513593
0.9784701678661044 0.002939153376480811
0.98188803289772 0.002314463774520088
0.985015626597272 0.0017082480978904203
0.9878510650192642 0.0011293232914870743
0.9903926402016152 0.0005860995465192063
0.9926388211944706 8.646742023333577e-05
0.9945882549823906 -0.0003623122869455778
0.9962397672993549 -0.0007537127905173955
0.9975923633360985 -0.0010820369434039732
0.9986452283393451 -0.0013425018480569676
0.9993977281025862 -0.00153131051742099
0.9998494093481021 -0.0016457090676505047
1.0 -0.0016840283224259951
