1.0 0.0020939787354792056
0.9998494093481021 0.0021480738582801058
0.9993977281025862 0.0023102880930843386
0.9986452283393451 0.00258038929039558
0.9975923633360985 0.002957930055517336
0.9962397672993549 0.0034421639053790645
0.9945882549823906 0.004031940992986476
0.9926388211944706 0.004725595055375176
0.9903926402016152 0.005520834642469628
0.9878510650192642 0.006414651873575805
0.985015626597272 0.007403260911622389
0.98188803289772 0.00848207611819225
0.9784701678661044 0.009645736633783332
0.9747640902965183 0.010888180185524112
0.9707720325915102 0.012202764593424838
0.9664963994173694 0.013582431099654525
0.9619397662556433 0.015019899664062713
0.9571048778517655 0.016507883108868242
0.9519946465617215 0.018039304756118965
0.9466121505977576 0.01960750320130864
0.9409606321741775 0.021206408222172058
0.9350434955543556 0.02283067353719444
0.928864305000136 0.024475755093222164
0.9224267826248536 0.026137927558133617
0.9157348061512727 0.027814236414835762
0.9087924065757916 0.029502388122814936
0.9016037657403225 0.031200585823051966
0.894173213813303 0.03290732259875562
0.8865052266813687 0.03462114798705291
0.8786044232532422 0.03634042594790761
0.8704755626774794 0.038063103608924655
0.8621235414757333 0.039786509701548685
0.8535533905932737 0.04150719969007914
0.8447702723685334 0.04322086129727987
0.8357794774235092 0.04492228969046648
0.8265864214768883 0.04660543634695641
0.8171966420818224 0.048263529974419093
0.8076157952903136 0.04988926226420751
0.7978496522462164 0.051475026150335446
0.7879040957089227 0.053013190045356325
0.7777851165098009 0.0544963885710984
0.7674988099435485 0.055917808844651015
0.7570513720966108 0.05727145154841249
0.746449096114892 0.058552347808423374
0.7356983684129987 0.05975671619817313
0.7248056648273034 0.06088204872478086
0.713777546715141 0.06192712008792182
0.7026206570024947 0.06289192040145286
0.691341716182545 0.06377751746495704
0.6799475182674938 0.06458586009564878
0.6684449266961098 0.06531953854330332
0.6568408701994456 0.06598152124555486
0.645142338627231 0.06657488887212168
0.6333563787374491 0.06710258661136503
0.6214900899516319 0.06756721396374211
0.6095506200784349 0.06797086805418452
0.5975451610080642 0.06831505191714708
0.5854809443801506 0.06860065371002813
0.5733652372276805 0.0688279968181159
0.5612053375996082 0.06899695481615489
0.54900857016478 0.06910711974136753
0.5367822817998334 0.06915800756777304
0.5245338371637088 0.06914928153589862
0.512270614261456 0.06908097236387946
0.4999999999999999 0.06895367449449692
0.4877293857385438 0.06876869942393064
0.475466162836291 0.06852817067284872
0.46321771820016633 0.06823504982446423
0.4509914298352198 0.06789308887829595
0.43879466240039156 0.06750671047929328
0.42663476277231926 0.06708082385983066
0.41451905561984914 0.06662059005223761
0.4024548389919357 0.06613115460552303
0.3904493799215649 0.06561736926375868
0.3785099100483679 0.06508352554021558
0.36664362126255073 0.06453312269468772
0.35485766137276875 0.06396869028931385
0.3431591298005543 0.06339168141512451
0.33155507330389 0.06280244714886057
0.320052481732506 0.062200296243630486
0.30865828381745486 0.06158363699664497
0.29737934299750524 0.0609501912437763
0.28622245328485874 0.060297264082255435
0.27519433517269654 0.059622047758033286
0.26430163158700104 0.05892193462790163
0.2535509038851079 0.05819481255084843
0.2429486279033891 0.05743931665922965
0.23250119005645137 0.05665501421981206
0.2222148834901989 0.05584250405536217
0.2120959042910774 0.05500341843230311
0.20215034775378343 0.05414032295980914
0.19238420470968637 0.05325651831314976
0.18280335791817703 0.052355755846833996
0.17341357852311146 0.05144188674325731
0.16422052257649067 0.050518470628114105
0.15522972763146647 0.04958837403831352
0.14644660940672616 0.0486533913445513
0.1378764585242665 0.047713920466199884
0.12952443732252045 0.04676872291471554
0.12139557674675777 0.04581479250250842
0.11349477331863145 0.044847349785177675
0.10582678618669683 0.04385997046183042
0.09839623425967753 0.0428448461697084
0.09120759342420814 0.04179316609218511
0.08426519384872727 0.04069559830494475
0.07757321737514639 0.039542841543776956
0.07113569499986394 0.03832621174141888
0.06495650444564427 0.03703822377436657
0.059039367825822475 0.035673127737248546
0.05338784940224234 0.0342273608756652
0.048005353438278275 0.03269988099641643
0.042895122148234655 0.031092354460273478
0.038060233744356575 0.029409181272842446
0.03350360058263052 0.027657350684040457
0.029227967408489597 0.025846132326045962
0.025235909703481607 0.023986619436938108
0.021529832133895532 0.02209115130022112
0.018111967102280024 0.020172650901906394
0.014984373402728013 0.018243920302817143
0.012148934980735715 0.016316939843571417
0.009607359798384785 0.014402217744406151
0.007361178805529334 0.012508233858571572
0.005411745017609493 0.010641015446813428
0.0037602327006450165 0.008803874245645871
0.0024076366639015356 0.006997323385633045
0.0013547716606548965 0.005219180616575118
0.0006022718974137975 0.003464851657536483
0.00015059065189787502 0.0017277751981043892
0.0 0.0
0.00015059065189787502 -0.0011104945870129075
0.0006022718974137975 -0.0022148096483952354
0.0013547716606548965 -0.0033064681622526396
0.0024076366639015356 -0.0043796409070066275
0.0037602327006450165 -0.005429424491037191
0.005411745017609493 -0.006452067502505027
0.007361178805529334 -0.007445132879896139
0.009607359798384785 -0.00840758872564833
0.012148934980735715 -0.00933982435493877
0.014984373402728013 -0.01024359306613562
0.018111967102280024 -0.011121887609384174
0.021529832133895532 -0.011978758304499364
0.025235909703481607 -0.012819086949137222
0.029227967408489597 -0.01364833185430586
0.03350360058263052 -0.014472260413577916
0.038060233744356575 -0.015296685506723005
0.042895122148234655 -0.01612722079730883
0.048005353438278275 -0.016969067730184067
0.05338784940224234 -0.017826843965086225
0.059039367825822475 -0.018704459350971942
0.06495650444564427 -0.019605041643704236
0.07113569499986394 -0.02053091030398457
0.07757321737514639 -0.021483593180597907
0.08426519384872727 -0.02246387795220191
0.09120759342420814 -0.023471888083213516
0.09839623425967753 -0.024507171892051514
0.10582678618669683 -0.02556879320065157
0.11349477331863145 -0.026655412917162245
0.12139557674675777 -0.02776535270223026
0.12952443732252045 -0.028896634413524865
0.1378764585242665 -0.030046992084404815
0.14644660940672616 -0.03121385650169309
0.15522972763146647 -0.03239431571635251
0.16422052257649067 -0.033585057765630845
0.17341357852311146 -0.03478230424906034
0.18280335791817703 -0.03598174497413559
0.19238420470968637 -0.03717848452549035
0.20215034775378343 -0.038367011245042756
0.2120959042910774 -0.0395411977530293
0.2222148834901989 -0.040694339885765
0.23250119005645137 -0.041819237944593815
0.2429486279033891 -0.042908320672923446
0.2535509038851079 -0.043953808679679574
0.26430163158700104 -0.044947910406155464
0.27519433517269654 -0.045883040487060045
0.28622245328485874 -0.046752047760110514
0.29737934299750524 -0.04754843846119099
0.30865828381745486 -0.048266579469846284
0.320052481732506 -0.04890186693151082
0.33155507330389 -0.04945084718216201
0.3431591298005543 -0.04991127955529067
0.35485766137276875 -0.05028213419589767
0.36664362126255073 -0.050563522207049544
0.3785099100483679 -0.05075656002292375
0.3904493799215649 -0.05086317451672127
0.4024548389919357 -0.050885859680965595
0.41451905561984914 -0.05082739944454756
0.42663476277231926 -0.05069057403605024
0.43879466240039156 -0.050477869045325946
0.4509914298352198 -0.05019120682869428
0.46321771820016633 -0.04983171908712942
0.475466162836291 -0.04939957735191721
0.4877293857385438 -0.04889389485833498
0.4999999999999999 -0.0483127090760992
0.512270614261456 -0.0476530492643469
0.5245338371637088 -0.04691108814639075
0.5367822817998334 -0.04608237149993414
0.54900857016478 -0.04516211447937808
0.5612053375996082 -0.044145549154838405
0.5733652372276805 -0.04302830435069415
0.5854809443801506 -0.04180679661552098
0.5975451610080642 -0.0404786101985178
0.6095506200784349 -0.03904284430203138
0.6214900899516319 -0.037500407593170436
0.6333563787374491 -0.0358542428712355
0.645142338627231 -0.03410946870622467
0.6568408701994456 -0.03227342952876728
0.6684449266961098 -0.030355650760991674
0.6799475182674938 -0.028367700805438288
0.691341716182545 -0.026322966728772348
0.7026206570024947 -0.024236354983392425
0.713777546715141 -0.022123932238729594
0.7248056648273034 -0.02000252413834095
0.7356983684129987 -0.017889291421829438
0.746449096114892 -0.015801303292021642
0.7570513720966108 -0.013755127185851132
0.7674988099435485 -0.011766452314609295
0.7777851165098009 -0.009849761633684345
0.7879040957089227 -0.008018063493987286
0.7978496522462164 -0.006282690363401068
0.8076157952903136 -0.004653167951124768
0.8171966420818224 -0.003137154084333006
0.8265864214768883 -0.001740443020174237
0.8357794774235092 -0.00046702773760952496
0.8447702723685334 0.0006807896931473739
0.8535533905932737 0.0017022512123757735
0.8621235414757333 0.0025979716904619846
0.8704755626774794 0.0033697559725915562
0.8786044232532422 0.004020415545618767
0.8865052266813687 0.004553594857542713
0.894173213813303 0.004973615347231465
0.9016037657403225 0.005285342936975867
0.9087924065757916 0.005494082286515215
0.9157348061512727 0.005605498683639661
0.9224267826248536 0.005625566216027118
0.928864305000136 0.00556053896733032
0.9350434955543556 0.005416940508737483
0.9409606321741775 0.005201565977148914
0.9466121505977576 0.004921490564154281
0.9519946465617215 0.00458407826904095
0.9571048778517655 0.004196985243154863
0.9619397662556433 0.0037681528941965197
0.9664963994173694 0.0033057870310975452
0.9707720325915102 0.0028183206072708612
0.9747640902965183 0.002314358956232471
0.9784701678661044 0.0018026077107620585
0.98188803289772 0.0012917847714869106
0.985015626597272 0.0007905186791946897
0.9878510650192642 0.0003072365057003954
0.9903926402016152 -0.0001499551081471592
0.9926388211944706 -0.0005733918694511191
0.9945882549823906 -0.0009559727624530911
0.9962397672993549 -0.001291276193199956
0.9975923633360985 -0.0015736678487239361
0.9986452283393451 -0.001798397171338424
0.9993977281025862 -0.0019616798146097313
0.9998494093481021 -0.002060763942917304
1.0 -0.0020939787354792056
