1.0 0.001562261331372496
0.9998494093481021 0.0016198763079371442
0.9993977281025862 0.0017926551200199748
0.9986452283393451 0.0020803800087787856
0.9975923633360985 0.0024826254056168253
0.9962397672993549 0.0029986709637716694
0.9945882549823906 0.003627393124153091
0.9926388211944706 0.004367147070537964
0.9903926402016152 0.005215652364316031
0.9878510650192642 0.0061698957570457845
0.985015626597272 0.007226063625787442
0.98188803289772 0.00837951423765848
0.9784701678661044 0.009624796807048861
0.9747640902965183 0.010955720332158907
0.9707720325915102 0.012365470825192954
0.9664963994173694 0.013846771160069767
0.9619397662556433 0.01539207373763477
0.9571048778517655 0.016993772870380546
0.9519946465617215 0.018644421519596433
0.9466121505977576 0.020336935997853665
0.9409606321741775 0.022064772596478315
0.9350434955543556 0.023822061814918496
0.928864305000136 0.025603688844668102
0.9224267826248536 0.027405312974531297
0.9157348061512727 0.02922332332517631
0.9087924065757916 0.031054733411216014
0.9016037657403225 0.03289702205445746
0.894173213813303 0.034747932716220974
0.8865052266813687 0.03660524699566046
0.8786044232532422 0.03846655053515423
0.8704755626774794 0.04032901065505305
0.8621235414757333 0.04218918459215298
0.8535533905932737 0.04404287524581408
0.8447702723685334 0.04588504797341503
0.8357794774235092 0.04770981746863047
0.8265864214768883 0.04951050844431409
0.8171966420818224 0.05127978813906144
0.8076157952903136 0.05300986302274711
0.7978496522462164 0.05469272694279865
0.7879040957089227 0.05632044374584689
0.7777851165098009 0.057885444475589715
0.7674988099435485 0.059380817835992715
0.7570513720966108 0.060800572848833924
0.746449096114892 0.062139854524475846
0.7356983684129987 0.06339509677074841
0.7248056648273034 0.06456410143018365
0.713777546715141 0.0656460379004371
0.7026206570024947 0.06664136382109438
0.691341716182545 0.06755167332580873
0.6799475182674938 0.0683794848825777
0.6684449266961098 0.06912798533343355
0.6568408701994456 0.06980075002625007
0.645142338627231 0.07040146063659143
0.6333563787374491 0.07093364226250544
0.6214900899516319 0.07140043963363313
0.6095506200784349 0.0718044489411959
0.5975451610080642 0.07214761713038476
0.5854809443801506 0.0724312148741108
0.5733652372276805 0.07265588331998861
0.5612053375996082 0.07282174856807612
0.54900857016478 0.07292859219677227
0.5367822817998334 0.0729760614733234
0.5245338371637088 0.07296389955386479
0.512270614261456 0.07289217427883057
0.4999999999999999 0.07276148425456481
0.4877293857385438 0.07257312278762512
0.475466162836291 0.07232918376401307
0.46321771820016633 0.07203259846350037
0.4509914298352198 0.07168709817533979
0.43879466240039156 0.07129710385661109
0.42663476277231926 0.07086755042179081
0.41451905561984914 0.07040365904072635
0.4024548389919357 0.06991067555967134
0.3904493799215649 0.06939359643366595
0.3785099100483679 0.06885690507017884
0.36664362126255073 0.06830434107616463
0.35485766137276875 0.06773872257202102
0.3431591298005543 0.06716183764342118
0.33155507330389 0.06657441545123322
0.320052481732506 0.06597618094249631
0.30865828381745486 0.06536599002685953
0.29737934299750524 0.06474203508053074
0.28622245328485874 0.06410210429766734
0.27519433517269654 0.06344387327053666
0.26430163158700104 0.06276520370239015
0.2535509038851079 0.062064422674169534
0.2429486279033891 0.06134055657733609
0.23250119005645137 0.060593496698014046
0.2222148834901989 0.05982407832384789
0.2120959042910774 0.059034061809428134
0.20215034775378343 0.058226011800053594
0.19238420470968637 0.05740307918926891
0.18280335791817703 0.05656869872048754
0.17341357852311146 0.05572622276980105
0.16422052257649067 0.054878518136048236
0.15522972763146647 0.05402755707351524
0.14644660940672616 0.0531740359228792
0.1378764585242665 0.0523170542852631
0.12952443732252045 0.05145388469086439
0.12139557674675777 0.050579857284502636
0.11349477331863145 0.0496883765243805
0.10582678618669683 0.04877107777622279
0.09839623425967753 0.047818121626413156
0.09120759342420814 0.046818613466957586
0.08426519384872727 0.04576112618883702
0.07757321737514639 0.04463429540234959
0.07113569499986394 0.043427450147360054
0.06495650444564427 0.0421312380953759
0.059039367825822475 0.040738203137198004
0.05338784940224234 0.039243275148249566
0.048005353438278275 0.037644136562545394
0.042895122148234655 0.035941437880902476
0.038060233744356575 0.03413884390346103
0.03350360058263052 0.03224290365649008
0.029227967408489597 0.030262748901789285
0.025235909703481607 0.02820963792974929
0.021529832133895532 0.02609637219455028
0.018111967102280024 0.023936622459027678
0.014984373402728013 0.021744207800070237
0.012148934980735715 0.01953237457239601
0.009607359798384785 0.017313122934476906
0.007361178805529334 0.015096625730873704
0.005411745017609493 0.01289077856392107
0.0037602327006450165 0.01070091116631414
0.0024076366639015356 0.008529679297995741
0.0013547716606548965 0.006377144088977046
0.0006022718974137975 0.004241032893814975
0.00015059065189787502 0.0021171632175045114
0.0 0.0
0.00015059065189787502 -0.0014211985998465683
0.0006022718974137975 -0.0028316972464193413
0.0013547716606548965 -0.004220748312054341
0.0024076366639015356 -0.005578428493522096
0.0037602327006450165 -0.0068959983277638
0.005411745017609493 -0.008166202066162656
0.007361178805529334 -0.009383493922471122
0.009607359798384785 -0.010544181227463555
0.012148934980735715 -0.011646480048277588
0.014984373402728013 -0.012690484016023164
0.018111967102280024 -0.013678052098105027
0.021529832133895532 -0.014612625516853174
0.025235909703481607 -0.015498987661230361
0.029227967408489597 -0.01634298343496884
0.03350360058263052 -0.017151215883468848
0.038060233744356575 -0.0179307380837362
0.042895122148234655 -0.0186887571998182
0.048005353438278275 -0.01943236542279159
0.05338784940224234 -0.02016830942995518
0.059039367825822475 -0.02090280627522291
0.06495650444564427 -0.021641409565853278
0.07113569499986394 -0.022388925711223934
0.07757321737514639 -0.02314937626173405
0.08426519384872727 -0.023925999173169153
0.09120759342420814 -0.024721279464384793
0.09839623425967753 -0.025536998344545737
0.10582678618669683 -0.02637428954960244
0.11349477331863145 -0.027233692338870068
0.12139557674675777 -0.028115192269246487
0.12952443732252045 -0.029018243317809618
0.1378764585242665 -0.029941767931794348
0.14644660940672616 -0.030884134873240574
0.15522972763146647 -0.03184311799768484
0.16422052257649067 -0.0328158420685826
0.17341357852311146 -0.033798724094457576
0.18280335791817703 -0.03478742026467871
0.19238420470968637 -0.035776789198453667
0.20215034775378343 -0.03676088183445993
0.2120959042910774 -0.037732966884506364
0.2222148834901989 -0.038685598447189225
0.23250119005645137 -0.039610729297782934
0.2429486279033891 -0.0404998697744637
0.2535509038851079 -0.041344288350964306
0.26430163158700104 -0.04213524622941735
0.27519433517269654 -0.042864254913039225
0.28622245328485874 -0.04352334301197743
0.29737934299750524 -0.044105316737072436
0.30865828381745486 -0.0446039978206983
0.320052481732506 -0.045014423067306644
0.33155507330389 -0.04533299138721031
0.3431591298005543 -0.045557546924335474
0.35485766137276875 -0.04568739058619359
0.36664362126255073 -0.04572321668269838
0.3785099100483679 -0.04566697618344337
0.3904493799215649 -0.04552167297883381
0.4024548389919357 -0.04529110413553203
0.41451905561984914 -0.044979559140774554
0.42663476277231926 -0.0445914962403521
0.43879466240039156 -0.0441312159573439
0.4509914298352198 -0.043602552575101754
0.46321771820016633 -0.04300860370847731
0.475466162836291 -0.04235151609529171
0.4877293857385438 -0.04163234253122626
0.4999999999999999 -0.04085098064573355
0.512270614261456 -0.040006199244906955
0.5245338371637088 -0.039095752551933406
0.5367822817998334 -0.038116577208577314
0.54900857016478 -0.03706506171882264
0.5612053375996082 -0.03593737345540357
0.5733652372276805 -0.03472982470583879
0.5854809443801506 -0.03343925673854412
0.5975451610080642 -0.03206341967559691
0.6095506200784349 -0.030601326133186335
0.6214900899516319 -0.02905355810919794
0.6333563787374491 -0.02742250934717006
0.645142338627231 -0.02571254919543426
0.6568408701994456 -0.02393009855330878
0.6684449266961098 -0.022083613550298444
0.6799475182674938 -0.02018347781213676
0.691341716182545 -0.01824180919979814
0.7026206570024947 -0.016272191455008658
0.713777546715141 -0.014289344979371045
0.7248056648273034 -0.012308753802419787
0.7356983684129987 -0.01034626751498142
0.746449096114892 -0.008417697493550431
0.7570513720966108 -0.006538426133214837
0.7674988099435485 -0.004723046130229937
0.7777851165098009 -0.0029850442659758647
0.7879040957089227 -0.0013365408499730733
0.7978496522462164 0.00021190777438212646
0.8076157952903136 0.0016514402086955748
0.8171966420818224 0.002974954895975509
0.8265864214768883 0.004177112943759709
0.8357794774235092 0.0052542859406475365
0.8447702723685334 0.006204458209082395
0.8535533905932737 0.007027094525273048
0.8621235414757333 0.00772298509030156
0.8704755626774794 0.008294079467742067
0.8786044232532422 0.008743320380811468
0.8865052266813687 0.00907448680152974
0.894173213813303 0.009292053816778485
0.9016037657403225 0.009401074495429883
0.9087924065757916 0.009407086589513697
0.9157348061512727 0.00931604455830391
0.9224267826248536 0.009134275267309684
0.928864305000136 0.008868453916641022
0.9350434955543556 0.008525595391847588
0.9409606321741775 0.008113055362098318
0.9466121505977576 0.007638535091727807
0.9519946465617215 0.007110084059435932
0.9571048778517655 0.00653609503899586
0.9619397662556433 0.005925287204149364
0.9664963994173694 0.005286673978853873
0.9707720325915102 0.004629513654451896
0.9747640902965183 0.003963242130969163
0.9784701678661044 0.003297388413303343
0.98188803289772 0.00264147462331574
0.985015626597272 0.002004903215424593
0.9878510650192642 0.0013968347691586164
0.9903926402016152 0.0008260601637103471
0.9926388211944706 0.00030087112480976417
0.9945882549823906 -0.00017106690097013714
0.9962397672993549 -0.0005828358064124577
0.9975923633360985 -0.0009283764333734814
0.9986452283393451 -0.0012025877888742237
0.9993977281025862 -0.0014014114115608895
0.9998494093481021 -0.0015218989294106023
1.0 -0.001562261331372496
