1.0 0.0018395368741487375
0.9998494093481021 0.001892572184513166
0.9993977281025862 0.0020516154482264574
0.9986452283393451 0.0023164602964794614
0.9975923633360985 0.0026867035800217584
0.9962397672993549 0.003161663455102292
0.9945882549823906 0.0037402778269625216
0.9926388211944706 0.0044209948094078655
0.9903926402016152 0.005201668240910314
0.9878510650192642 0.006079471455439895
0.985015626597272 0.007050841406648001
0.98188803289772 0.008111462964692883
0.9784701678661044 0.009256299928279376
0.9747640902965183 0.01047967529285384
0.9707720325915102 0.011775398929340798
0.9664963994173694 0.013136936435430561
0.9619397662556433 0.014557608909431105
0.9571048778517655 0.016030810125494472
0.9519946465617215 0.017550225362238638
0.9466121505977576 0.019110035174621662
0.9409606321741775 0.020705087818423486
0.9350434955543556 0.022331025840220932
0.928864305000136 0.023984355419169195
0.9224267826248536 0.02566245116725723
0.9157348061512727 0.027363493947191286
0.9087924065757916 0.029086344469780617
0.9016037657403225 0.03083036056731045
0.894173213813303 0.03259517068513574
0.8865052266813687 0.03438041990209689
0.8786044232532422 0.036185507357521525
0.8704755626774794 0.038009335096852434
0.8621235414757333 0.039850087930169455
0.8535533905932737 0.041705061932603996
0.8447702723685334 0.043570555832597904
0.8357794774235092 0.045441834979043125
0.8265864214768883 0.047313172195285504
0.8171966420818224 0.04917796403168022
0.8076157952903136 0.051028915172236226
0.7978496522462164 0.05285827849057936
0.7879040957089227 0.05465813390726054
0.7777851165098009 0.056420686126856384
0.7674988099435485 0.058138559783956226
0.7570513720966108 0.05980507063731335
0.746449096114892 0.06141445322502079
0.7356983684129987 0.06296202870157296
0.7248056648273034 0.06444430116736896
0.713777546715141 0.06585897631550149
0.7026206570024947 0.06720490222591603
0.691341716182545 0.06848193815739434
0.6799475182674938 0.06969076274330156
0.6684449266961098 0.07083263764212563
0.6568408701994456 0.0719091460537355
0.645142338627231 0.07292192731367482
0.6333563787374491 0.07387242887172646
0.6214900899516319 0.07476169533571657
0.6095506200784349 0.07559021104459869
0.5975451610080642 0.07635780808366326
0.5854809443801506 0.07706364613660001
0.5733652372276805 0.07770626453235534
0.5612053375996082 0.07828370078257942
0.54900857016478 0.07879366431648539
0.5367822817998334 0.07923374946727393
0.5245338371637088 0.07960166843753193
0.512270614261456 0.07989548325378741
0.4999999999999999 0.08011381576607628
0.4877293857385438 0.08025601656628174
0.475466162836291 0.08032227715218478
0.46321771820016633 0.08031367447900425
0.4509914298352198 0.08023214282738272
0.43879466240039156 0.08008037420178477
0.42663476277231926 0.07986165473438908
0.41451905561984914 0.07957965028001251
0.4024548389919357 0.07923815905882572
0.3904493799215649 0.07884085242587136
0.3785099100483679 0.0783910263236217
0.36664362126255073 0.07789138554967295
0.35485766137276875 0.07734388064468356
0.3431591298005543 0.07674961313187915
0.33155507330389 0.07610881932249959
0.320052481732506 0.0754209363704622
0.30865828381745486 0.07468474723600241
0.29737934299750524 0.07389859427581692
0.28622245328485874 0.07306064489625701
0.27519433517269654 0.07216918762566805
0.26430163158700104 0.07122293353600684
0.2535509038851079 0.07022129650248435
0.2429486279033891 0.06916462651005827
0.23250119005645137 0.06805437310312874
0.2222148834901989 0.06689316096057993
0.2120959042910774 0.06568476612749866
0.20215034775378343 0.06443398916992181
0.19238420470968637 0.06314642985425485
0.18280335791817703 0.061828176239002344
0.17341357852311146 0.06048542863952732
0.16422052257649067 0.059124085161122934
0.15522972763146647 0.057749319854279606
0.14644660940672616 0.05636518662370114
0.1378764585242665 0.054974281581626344
0.12952443732252045 0.05357749352838857
0.12139557674675777 0.052173866818867896
0.11349477331863145 0.05076059337347571
0.10582678618669683 0.04933314152651679
0.09839623425967753 0.0478855194168266
0.09120759342420814 0.04641066044642925
0.08426519384872727 0.04490090872696884
0.07757321737514639 0.04334857414110646
0.07113569499986394 0.041746520326416466
0.06495650444564427 0.04008874506964898
0.059039367825822475 0.03837091163177734
0.05338784940224234 0.036590791556455116
0.048005353438278275 0.03474858447400535
0.042895122148234655 0.03284708800900184
0.038060233744356575 0.030891700640292084
0.03350360058263052 0.02889025158867977
0.029227967408489597 0.026852663738549908
0.025235909703481607 0.024790467388783016
0.021529832133895532 0.022716193424293027
0.018111967102280024 0.020642683509533775
0.014984373402728013 0.01858236145362416
0.012148934980735715 0.01654651347578579
0.009607359798384785 0.014544625409335732
0.007361178805529334 0.01258382185385057
0.005411745017609493 0.010668446088662431
0.0037602327006450165 0.00879981059582731
0.0024076366639015356 0.006976136908431566
0.0013547716606548965 0.005192690961936203
0.0006022718974137975 0.0034421070497514155
0.00015059065189787502 0.0017148807811155126
0.0 0.0
0.00015059065189787502 -0.0013692521030983045
0.0006022718974137975 -0.0027292496907730672
0.0013547716606548965 -0.004070562900896464
0.0024076366639015356 -0.005384499473259712
0.0037602327006450165 -0.006663424738510913
0.005411745017609493 -0.007901026346979485
0.007361178805529334 -0.009092510907766435
0.009607359798384785 -0.010234723986398091
0.012148934980735715 -0.011326189659552368
0.014984373402728013 -0.012367070716200827
0.018111967102280024 -0.013359055287818663
0.021529832133895532 -0.01430517986628994
0.025235909703481607 -0.015209602048627013
0.029227967408489597 -0.016077338716242985
0.03350360058263052 -0.01691398657392798
0.038060233744356575 -0.01772544198706565
0.042895122148234655 -0.018517635901520686
0.048005353438278275 -0.019296297431041793
0.05338784940224234 -0.020066756649112717
0.059039367825822475 -0.020833793482335272
0.06495650444564427 -0.02160153566597386
0.07113569499986394 -0.022373404800448977
0.07757321737514639 -0.023152105943365062
0.08426519384872727 -0.023939653156707517
0.09120759342420814 -0.024737421222730753
0.09839623425967753 -0.025546212495930407
0.10582678618669683 -0.02636632764406144
0.11349477331863145 -0.02719762983598331
0.12139557674675777 -0.028039593663425476
0.12952443732252045 -0.028891332568763247
0.1378764585242665 -0.029751601562747462
0.14644660940672616 -0.03061877528463829
0.15522972763146647 -0.03149080469261942
0.16422052257649067 -0.03236515858876415
0.17341357852311146 -0.033238758520991264
0.18280335791817703 -0.03410791715278829
0.19238420470968637 -0.03496829080310505
0.20215034775378343 -0.03581485646357034
0.2120959042910774 -0.036641922210655375
0.2222148834901989 -0.037443177641481425
0.23250119005645137 -0.03821178794389049
0.2429486279033891 -0.03894053169693646
0.2535509038851079 -0.039621978764563956
0.26430163158700104 -0.04024870099369624
0.27519433517269654 -0.04081350515895981
0.28622245328485874 -0.041309674986955376
0.29737934299750524 -0.0417312073749988
0.30865828381745486 -0.04207302726019975
0.320052481732506 -0.04233116608435072
0.33155507330389 -0.042502890442194435
0.3431591298005543 -0.04258677021161984
0.35485766137276875 -0.042582679078166596
0.36664362126255073 -0.04249172464573611
0.3785099100483679 -0.042316109978986834
0.3904493799215649 -0.042058933125349814
0.4024548389919357 -0.041723935580707916
0.41451905561984914 -0.04131521447168362
0.42663476277231926 -0.0408369161462232
0.43879466240039156 -0.04029293066856783
0.4509914298352198 -0.03968660725602441
0.46321771820016633 -0.03902050991119902
0.475466162836291 -0.03829623042427601
0.4877293857385438 -0.037514272665492406
0.4999999999999999 -0.036674017860281384
0.512270614261456 -0.03577377560903669
0.5245338371637088 -0.03481092009996603
0.5367822817998334 -0.03378210561423204
0.54900857016478 -0.03268355038789763
0.5612053375996082 -0.03151137350448943
0.5733652372276805 -0.030261966031100578
0.5854809443801506 -0.028932375302806755
0.5975451610080642 -0.027520680250029326
0.6095506200784349 -0.026026336009712103
0.6214900899516319 -0.024450467732256825
0.6333563787374491 -0.02279609637385569
0.645142338627231 -0.0210682831525115
0.6568408701994456 -0.019274183986975273
0.6684449266961098 -0.017423010327931504
0.6799475182674938 -0.015525898003725615
0.691341716182545 -0.013595690711707471
0.7026206570024947 -0.011646649285057235
0.713777546715141 -0.009694101589188377
0.7248056648273034 -0.0077540506447828575
0.7356983684129987 -0.005842760199514074
0.746449096114892 -0.003976337417922857
0.7570513720966108 -0.002170331647519754
0.7674988099435485 -0.0004393664422372418
0.7777851165098009 0.0012031806595567266
0.7879040957089227 0.002745439485463511
0.7978496522462164 0.004177242420941828
0.8076157952903136 0.005490250171892091
0.8171966420818224 0.006678008766768892
0.8265864214768883 0.007735942086639757
0.8357794774235092 0.008661287302370984
0.8447702723685334 0.009452982998561267
0.8535533905932737 0.010111521368219585
0.8621235414757333 0.010638776624769076
0.8704755626774794 0.011037821712651042
0.8786044232532422 0.011312744573598862
0.8865052266813687 0.01146847375835268
0.894173213813303 0.011510621214628567
0.9016037657403225 0.011445347805516315
0.9087924065757916 0.011279254700734768
0.9157348061512727 0.011019301413818645
0.9224267826248536 0.010672749091346783
0.928864305000136 0.010247125827979204
0.9350434955543556 0.009750209380329151
0.9409606321741775 0.009190021740992742
0.9466121505977576 0.008574829628325677
0.9519946465617215 0.00791314502643026
0.9571048778517655 0.007213720418638805
0.9619397662556433 0.006485534215797624
0.9664963994173694 0.005737762989671343
0.9707720325915102 0.004979738375477338
0.9747640902965183 0.004220887800591367
0.9784701678661044 0.003470659432756854
0.98188803289772 0.0027384328404848977
0.985015626597272 0.0020334177611756607
0.9878510650192642 0.0013645440422679674
0.9903926402016152 0.0007403462441015203
0.9926388211944706 0.00016884657807758065
0.9945882549823906 -0.00034256017436533164
0.9962397672993549 -0.0007872163193467863
0.9975923633360985 -0.0011593023746931529
0.9986452283393451 -0.0014539269664251722
0.9993977281025862 -0.0016672032597381484
0.9998494093481021 -0.0017963101488480098
1.0 -0.0018395368741487375
