1.0 0.0021563914627449176
0.9998494093481021 0.0022119677289953593
0.9993977281025862 0.002378610530225473
0.9986452283393451 0.002656043092985645
0.9975923633360985 0.0030437435777084633
0.9962397672993549 0.003540861249101566
0.9945882549823906 0.004146112448081656
0.9926388211944706 0.0048576682194496875
0.9903926402016152 0.005673046867830206
0.9878510650192642 0.006589024895969365
0.985015626597272 0.007601578690427354
0.98188803289772 0.008705867037755971
0.9784701678661044 0.009896261262825345
0.9747640902965183 0.011166425754264946
0.9707720325915102 0.012509447222234907
0.9664963994173694 0.013918006602527523
0.9619397662556433 0.01538458346699198
0.9571048778517655 0.01690167948610633
0.9519946465617215 0.018462045220565045
0.9466121505977576 0.02005889351636616
0.9409606321741775 0.021686083159581114
0.9350434955543556 0.02333825821495864
0.928864305000136 0.02501093151188517
0.9224267826248536 0.026700504827923365
0.9157348061512727 0.028404223138147083
0.9087924065757916 0.030120065464788754
0.9016037657403225 0.03184657995728791
0.894173213813303 0.03358267543690159
0.8865052266813687 0.03532738536491728
0.8786044232532422 0.037079622717156265
0.8704755626774794 0.038837945340925974
0.8621235414757333 0.040600350918292706
0.8535533905932737 0.042364118670252374
0.8447702723685334 0.04412571154427785
0.8357794774235092 0.04588074808309571
0.8265864214768883 0.04762404782291291
0.8171966420818224 0.049349748332327935
0.8076157952903136 0.051051486333501726
0.7978496522462164 0.052722630200007226
0.7879040957089227 0.05435654691982377
0.7777851165098009 0.055946883695021585
0.7674988099435485 0.05748784296967573
0.7570513720966108 0.05897442996127952
0.746449096114892 0.06040265371245422
0.7356983684129987 0.061769666139557894
0.7248056648273034 0.06307382826961386
0.713777546715141 0.06431469845991607
0.7026206570024947 0.06549294344384608
0.691341716182545 0.06661017906006339
0.6799475182674938 0.06766875301722981
0.6684449266961098 0.0686714865775641
0.6568408701994456 0.0696213952388487
0.645142338627231 0.07052141009011481
0.6333563787374491 0.07137412137281857
0.6214900899516319 0.0721815638985782
0.6095506200784349 0.07294506049932856
0.5975451610080642 0.073665134889793
0.5854809443801506 0.07434149958903288
0.5733652372276805 0.07497311834073292
0.5612053375996082 0.07555833629672833
0.54900857016478 0.0760950655928606
0.5367822817998334 0.07658100931876997
0.5245338371637088 0.07701390365370368
0.512270614261456 0.0773917563878758
0.4999999999999999 0.07771306031738866
0.4877293857385438 0.07797696208583219
0.475466162836291 0.0781833707932084
0.46321771820016633 0.07833299580944549
0.4509914298352198 0.0784273093052504
0.43879466240039156 0.07846843555226249
0.42663476277231926 0.07845897550675761
0.41451905561984914 0.07840178103394761
0.4024548389919357 0.07829969785313635
0.3904493799215649 0.07815529947166375
0.3785099100483679 0.07797063573124789
0.36664362126255073 0.07774701896335794
0.35485766137276875 0.07748486815062522
0.3431591298005543 0.07718362709177663
0.33155507330389 0.07684176669261944
0.320052481732506 0.07645687460788293
0.30865828381745486 0.07602582808483895
0.29737934299750524 0.07554503860766003
0.28622245328485874 0.07501075041360492
0.27519433517269654 0.0744193697060115
0.26430163158700104 0.0737677978919383
0.2535509038851079 0.0730537407612879
0.2429486279033891 0.07227596637651541
0.23250119005645137 0.07143448755690598
0.2222148834901989 0.07053065003643269
0.2120959042910774 0.06956711429546197
0.20215034775378343 0.06854772721286946
0.19238420470968637 0.06747728844428418
0.18280335791817703 0.06636122512680724
0.17341357852311146 0.06520519644991708
0.16422052257649067 0.06401465616625494
0.15522972763146647 0.06279440568690955
0.14644660940672616 0.06154817259423609
0.1378764585242665 0.060278248965719955
0.12952443732252045 0.05898522078663111
0.12139557674675777 0.05766781409427732
0.11349477331863145 0.05632287569753099
0.10582678618669683 0.05494549688202659
0.09839623425967753 0.05352927811236058
0.09120759342420814 0.052066722136396806
0.08426519384872727 0.050549732876443765
0.07757321737514639 0.04897018882560031
0.07113569499986394 0.04732055303922759
0.06495650444564427 0.04559447776853459
0.059039367825822475 0.043787360691991795
0.05338784940224234 0.04189681171524867
0.048005353438278275 0.03992299435867028
0.042895122148234655 0.037868813534881716
0.038060233744356575 0.035739931530604285
0.03350360058263052 0.033544605567961065
0.029227967408489597 0.031293352624838684
0.025235909703481607 0.028998459368069725
0.021529832133895532 0.026673366218535492
0.018111967102280024 0.02433196390483944
0.014984373402728013 0.021987847673583378
0.012148934980735715 0.019653578084265187
0.009607359798384785 0.017339997713755207
0.007361178805529334 0.015055650056121942
0.005411745017609493 0.012806340601518924
0.0037602327006450165 0.01059487092210658
0.0024076366639015356 0.00842096520104924
0.0013547716606548965 0.006281395795026768
0.0006022718974137975 0.004170301013538694
0.00015059065189787502 0.0020796752673738813
0.0 0.0
0.00015059065189787502 -0.001425053345862819
0.0006022718974137975 -0.0028384697687330604
0.0013547716606548965 -0.004228418953041296
0.0024076366639015356 -0.005583959594706877
0.0037602327006450165 -0.006895426767656477
0.005411745017609493 -0.00815475451759964
0.007361178805529334 -0.009355718506096893
0.009607359798384785 -0.010494088446088156
0.012148934980735715 -0.0115676855435302
0.014984373402728013 -0.01257634581316565
0.018111967102280024 -0.013521795585890613
0.021529832133895532 -0.014407450406278539
0.025235909703481607 -0.015238152512688846
0.029227967408489597 -0.016019864948400565
0.03350360058263052 -0.016759341905339984
0.038060233744356575 -0.017463795083787044
0.042895122148234655 -0.01814057469376729
0.048005353438278275 -0.018796881354942768
0.05338784940224234 -0.019439521785468296
0.059039367825822475 -0.02007471708849411
0.06495650444564427 -0.02070796797585119
0.07113569499986394 -0.021343976760709444
0.07757321737514639 -0.021986621747400674
0.08426519384872727 -0.022638976057971754
0.09120759342420814 -0.023303360217073812
0.09839623425967753 -0.023981416151321117
0.10582678618669683 -0.024674189741335905
0.11349477331863145 -0.02538220969655685
0.12139557674675777 -0.026105552215053777
0.12952443732252045 -0.026843883470074333
0.1378764585242665 -0.027596475189994207
0.14644660940672616 -0.02836219217784992
0.15522972763146647 -0.029139454234294707
0.16422052257649067 -0.029926178287086984
0.17341357852311146 -0.030719709299643818
0.18280335791817703 -0.03151675048758057
0.19238420470968637 -0.0323133043398897
0.20215034775378343 -0.03310463582638609
0.2120959042910774 -0.03388526797024418
0.2222148834901989 -0.0346490177585065
0.23250119005645137 -0.03538907732219664
0.2429486279033891 -0.03609814167924949
0.2535509038851079 -0.036768580387800356
0.26430163158700104 -0.03739264652368763
0.27519433517269654 -0.03796271279793657
0.28622245328485874 -0.038471521670209785
0.29737934299750524 -0.038912434250687855
0.30865828381745486 -0.039279661808284586
0.320052481732506 -0.03956846392936174
0.33155507330389 -0.03977529881965983
0.3431591298005543 -0.039897913841422605
0.35485766137276875 -0.039935367967339104
0.36664362126255073 -0.03988798217498582
0.3785099100483679 -0.039757218601239985
0.3904493799215649 -0.039545494187868534
0.4024548389919357 -0.0392559392249082
0.41451905561984914 -0.038892115296589765
0.42663476277231926 -0.03845771035087117
0.43879466240039156 -0.037956230702474725
0.4509914298352198 -0.03739071057212895
0.46321771820016633 -0.03676345918275302
0.475466162836291 -0.0360758634937502
0.4877293857385438 -0.03532826146971077
0.4999999999999999 -0.034519896549429815
0.512270614261456 -0.03364895897854833
0.5245338371637088 -0.03271271422202482
0.5367822817998334 -0.031707713140146504
0.54900857016478 -0.030630073359302953
0.5612053375996082 -0.029475816642577604
0.5733652372276805 -0.02824124336869483
0.5854809443801506 -0.02692332270071077
0.5975451610080642 -0.02552007582819079
0.6095506200784349 -0.024030929868814527
0.6214900899516319 -0.022457021594178197
0.6333563787374491 -0.020801432986018723
0.645142338627231 -0.019069344537516866
0.6568408701994456 -0.017268096927066524
0.6684449266961098 -0.015407156898262053
0.6799475182674938 -0.013497988543212897
0.691341716182545 -0.011553836367355873
0.7026206570024947 -0.009589431193750404
0.713777546715141 -0.007620633865806452
0.7248056648273034 -0.0056640346108483095
0.7356983684129987 -0.003736527686113337
0.746449096114892 -0.0018548814765750527
0.7570513720966108 -3.532356458709829e-05
0.7674988099435485 0.0017068414634423869
0.7777851165098009 0.003357566408151074
0.7879040957089227 0.004904336411177364
0.7978496522462164 0.006336376744712205
0.8076157952903136 0.007644789822563826
0.8171966420818224 0.00882262186587645
0.8265864214768883 0.009864863385478036
0.8357794774235092 0.010768390836184912
0.8447702723685334 0.011531859287721394
0.8535533905932737 0.012155557631167189
0.8621235414757333 0.01264123865002075
0.8704755626774794 0.012991936243834601
0.8786044232532422 0.013211781269889743
0.8865052266813687 0.013305825983130458
0.894173213813303 0.013279885062274246
0.9016037657403225 0.01314039888986415
0.9087924065757916 0.012894322294312609
0.9157348061512727 0.012549039545799027
0.9224267826248536 0.01211230419024975
0.928864305000136 0.011592200442801603
0.9350434955543556 0.010997121443834097
0.9409606321741775 0.010335758765547808
0.9466121505977576 0.00961709716187701
0.9519946465617215 0.008850408656293975
0.9571048778517655 0.00804524060340065
0.9619397662556433 0.007211393256812163
0.9664963994173694 0.006358883525547395
0.9707720325915102 0.00549789289363891
0.9747640902965183 0.004638698803992598
0.9784701678661044 0.0037915900686524774
0.98188803289772 0.002966767981369745
0.985015626597272 0.0021742357142672556
0.9878510650192642 0.0014236792421035405
0.9903926402016152 0.0007243434431242336
0.9926388211944706 8.49071848194158e-05
0.9945882549823906 -0.0004866388556396396
0.9962397672993549 -0.0009831081217119627
0.9975923633360985 -0.0013982247076288234
0.9986452283393451 -0.0017267177803377705
0.9993977281025862 -0.001964401662578421
0.9998494093481021 -0.0021082398222108823
1.0 -0.0021563914627449176
