1.0 0.002113358051621748
0.9998494093481021 0.002163691058731804
0.9993977281025862 0.0023146097275358983
0.9986452283393451 0.0025658553891728495
0.9975923633360985 0.0029169401995859075
0.9962397672993549 0.0033670687757341305
0.9945882549823906 0.003915041306041709
0.9926388211944706 0.004559149516926287
0.9903926402016152 0.005297078215896601
0.9878510650192642 0.00612582526898868
0.985015626597272 0.007041651774107559
0.98188803289772 0.008040071938865636
0.9784701678661044 0.009115888941493806
0.9747640902965183 0.010263279114634056
0.9707720325915102 0.011475922478928625
0.9664963994173694 0.012747173339321983
0.9619397662556433 0.014070260721815912
0.9571048778517655 0.015438505226534092
0.9519946465617215 0.01684553670286743
0.9466121505977576 0.01828549623053202
0.9409606321741775 0.019753206331304195
0.9350434955543556 0.021244295141785226
0.928864305000136 0.02275526333480795
0.9224267826248536 0.024283486665812218
0.9157348061512727 0.025827151829966102
0.9087924065757916 0.02738512846909756
0.9016037657403225 0.0289567852517384
0.894173213813303 0.030541762549402628
0.8865052266813687 0.03213971796392302
0.8786044232532422 0.03375006350421435
0.8704755626774794 0.035371714336936026
0.8621235414757333 0.03700286862579474
0.8535533905932737 0.038640836032272106
0.8447702723685334 0.04028192910351416
0.8357794774235092 0.041921427262891074
0.8265864214768883 0.04355361778400399
0.8171966420818224 0.045171912378934725
0.8076157952903136 0.04676903231399675
0.7978496522462164 0.04833724973164005
0.7879040957089227 0.04986866852255952
0.7777851165098009 0.051355525007221015
0.7674988099435485 0.052790487104578995
0.7570513720966108 0.05416693072397145
0.746449096114892 0.05547917382079139
0.7356983684129987 0.05672265178320099
0.7248056648273034 0.05789402231919709
0.713777546715141 0.05899119344062831
0.7026206570024947 0.0600132740669876
0.691341716182545 0.06096045272817283
0.6799475182674938 0.06183381535803188
0.6684449266961098 0.06263511779850586
0.6568408701994456 0.06336653200543398
0.645142338627231 0.06403038678867629
0.6333563787374491 0.06462892408018751
0.6214900899516319 0.06516409018801506
0.6095506200784349 0.0656373783830574
0.5975451610080642 0.06604973472826586
0.5854809443801506 0.06640153365524448
0.5733652372276805 0.0666926238600083
0.5612053375996082 0.06692243911269027
0.54900857016478 0.06709016304644165
0.5367822817998334 0.06719493236639495
0.5245338371637088 0.06723605958708463
0.512270614261456 0.06721325464967602
0.4999999999999999 0.06712682474501216
0.4877293857385438 0.06697783338989063
0.475466162836291 0.06676820314333613
0.46321771820016633 0.0665007510433595
0.4509914298352198 0.06617915151458849
0.43879466240039156 0.06580782768004378
0.42663476277231926 0.06539177819506577
0.41451905561984914 0.06493635239012574
0.4024548389919357 0.06444699117981594
0.3904493799215649 0.06392895446123364
0.3785099100483679 0.0633870572898885
0.36664362126255073 0.06282543682478672
0.35485766137276875 0.06224736986736744
0.3431591298005543 0.06165515692678105
0.33155507330389 0.061050083417046444
0.320052481732506 0.06043246224424133
0.30865828381745486 0.05980175518076178
0.29737934299750524 0.05915676360826456
0.28622245328485874 0.05849587300888506
0.27519433517269654 0.05781733052570756
0.26430163158700104 0.057119531446867614
0.2535509038851079 0.056401288922320776
0.2429486279033891 0.055662061779014005
0.23250119005645137 0.054902117973547986
0.2222148834901989 0.05412261585506243
0.2120959042910774 0.05332559168643399
0.20215034775378343 0.0525138493299983
0.19238420470968637 0.05169075607898486
0.18280335791817703 0.0508599566773367
0.17341357852311146 0.05002502497228695
0.16422052257649067 0.04918907877442854
0.15522972763146647 0.04835438783116646
0.14644660940672616 0.04752200695062321
0.1378764585242665 0.04669146600484401
0.12952443732252045 0.045860545737865674
0.12139557674675777 0.04502516314248354
0.11349477331863145 0.04417938297204181
0.10582678618669683 0.04331556320827286
0.09839623425967753 0.042424632632534515
0.09120759342420814 0.04149648875194316
0.08426519384872727 0.04052049495475574
0.07757321737514639 0.03948604763074239
0.07113569499986394 0.03838317773588682
0.06495650444564427 0.037203147423828124
0.059039367825822475 0.035939001258347474
0.05338784940224234 0.03458603331384941
0.048005353438278275 0.03314213610369175
0.042895122148234655 0.031608004477192274
0.038060233744356575 0.029987176927987063
0.03350360058263052 0.028285907528487853
0.029227967408489597 0.026512873197603343
0.025235909703481607 0.02467873240628471
0.021529832133895532 0.02279556190625826
0.018111967102280024 0.02087620686421654
0.014984373402728013 0.018933586240871894
0.012148934980735715 0.01697999887664766
0.009607359798384785 0.01502647623740502
0.007361178805529334 0.013082225061218386
0.005411745017609493 0.011154197387826172
0.0037602327006450165 0.009246817023846093
0.0024076366639015356 0.007361880972183502
0.0013547716606548965 0.005498642461203134
0.0006022718974137975 0.003654069779202384
0.00015059065189787502 0.0018232630269309025
0.0 0.0
0.00015059065189787502 -0.001386712601831686
0.0006022718974137975 -0.002765563436633031
0.0013547716606548965 -0.00412841548671399
0.0024076366639015356 -0.005467834874840121
0.0037602327006450165 -0.006777394526933273
0.005411745017609493 -0.008051923594178431
0.007361178805529334 -0.009287690086898951
0.009607359798384785 -0.010482508405182596
0.012148934980735715 -0.011635768149823379
0.014984373402728013 -0.012748385432814575
0.018111967102280024 -0.013822682544114798
0.021529832133895532 -0.014862205953663185
0.025235909703481607 -0.015871495958948278
0.029227967408489597 -0.01685582361444717
0.03350360058263052 -0.01782091176202791
0.038060233744356575 -0.0187726569688943
0.042895122148234655 -0.01971686800847579
0.048005353438278275 -0.020659034311285705
0.05338784940224234 -0.021604134763236693
0.059039367825822475 -0.02255649359305657
0.06495650444564427 -0.023519686161799627
0.07113569499986394 -0.024496493555284653
0.07757321737514639 -0.02548890128578294
0.08426519384872727 -0.0264981344024185
0.09120759342420814 -0.027524719108880172
0.09839623425967753 -0.028568559742578294
0.10582678618669683 -0.029629019752828594
0.11349477331863145 -0.030704996114931417
0.12139557674675777 -0.03179497833827905
0.12952443732252045 -0.032897085702395044
0.1378764585242665 -0.03400907935791783
0.14644660940672616 -0.03512834919160254
0.15522972763146647 -0.03625187858750258
0.16422052257649067 -0.03737619313628595
0.17341357852311146 -0.03849730169321814
0.18280335791817703 -0.03961063975190212
0.19238420470968637 -0.04071102573873367
0.20215034775378343 -0.041792640471618486
0.2120959042910774 -0.04284903867733945
0.2222148834901989 -0.04387319921828999
0.23250119005645137 -0.04485761770919573
0.2429486279033891 -0.045794441738210345
0.2535509038851079 -0.04667564521916652
0.26430163158700104 -0.04749323479089344
0.27519433517269654 -0.048239477943621725
0.28622245328485874 -0.048907139966621514
0.29737934299750524 -0.04948971510547112
0.30865828381745486 -0.04998163665843801
0.320052481732506 -0.05037845121893567
0.33155507330389 -0.050676943889303376
0.3431591298005543 -0.05087520396791929
0.35485766137276875 -0.05097262418275656
0.36664362126255073 -0.05096983077514519
0.3785099100483679 -0.05086854633877469
0.3904493799215649 -0.05067139196849373
0.4024548389919357 -0.050381639638744376
0.41451905561984914 -0.05000292949413245
0.42663476277231926 -0.0495389696137794
0.43879466240039156 -0.04899323758403591
0.4509914298352198 -0.04836870373297374
0.46321771820016633 -0.047667595082991
0.475466162836291 -0.04689121699413597
0.4877293857385438 -0.0460398462192885
0.4999999999999999 -0.04511270487372494
0.512270614261456 -0.04410801990439836
0.5245338371637088 -0.043023167346401714
0.5367822817998334 -0.04185489532080818
0.54900857016478 -0.04059961470807292
0.5612053375996082 -0.03925374205250996
0.5733652372276805 -0.037814075801033534
0.5854809443801506 -0.03627818467606059
0.5975451610080642 -0.03464478597381153
0.6095506200784349 -0.03291409192448962
0.6214900899516319 -0.031088103919821853
0.6333563787374491 -0.029170837289707093
0.645142338627231 -0.02716846319951096
0.6568408701994456 -0.025089358886124548
0.6684449266961098 -0.02294406255288414
0.6799475182674938 -0.020745134475902795
0.691341716182545 -0.018506930911091568
0.7026206570024947 -0.016245301926540702
0.713777546715141 -0.01397722805389203
0.7248056648273034 -0.011720413446902531
0.7356983684129987 -0.009492854916933382
0.746449096114892 -0.007312406721429296
0.7570513720966108 -0.005196360328380971
0.7674988099435485 -0.0031610566572987725
0.7777851165098009 -0.0012215456606885346
0.7879040957089227 0.0006086952329864917
0.7978496522462164 0.0023179760996343383
0.8076157952903136 0.003896539214671229
0.8171966420818224 0.00533663370089557
0.8265864214768883 0.006632524010010642
0.8357794774235092 0.007780439248932355
0.8447702723685334 0.008778472816534592
0.8535533905932737 0.009626443487242141
0.8621235414757333 0.01032572991614022
0.8704755626774794 0.010879090556378436
0.8786044232532422 0.011290480238744937
0.8865052266813687 0.011564873277248337
0.894173213813303 0.011708101081053314
0.9016037657403225 0.011726710042798998
0.9087924065757916 0.011627843116020985
0.9157348061512727 0.011419146165616376
0.9224267826248536 0.0111086980339232
0.928864305000136 0.010704961443058778
0.9350434955543556 0.010216750449338244
0.9409606321741775 0.009653209236802523
0.9466121505977576 0.00902379660322062
0.9519946465617215 0.008338270534692096
0.9571048778517655 0.007606667732458888
0.9619397662556433 0.0068392737700177335
0.9664963994173694 0.006046580624802357
0.9707720325915102 0.005239229542819256
0.9747640902965183 0.004427938453413003
0.9784701678661044 0.003623414360193479
0.98188803289772 0.002836252213678558
0.985015626597272 0.0020768226619349343
0.9878510650192642 0.0013551517403622925
0.9903926402016152 0.0006807959863681708
0.9926388211944706 6.271665547004585e-05
0.9945882549823906 -0.000490843303887887
0.9962397672993549 -0.0009724760524800304
0.9975923633360985 -0.001375716298353773
0.9986452283393451 -0.0016951366383200785
0.9993977281025862 -0.0019264285227850752
0.9998494093481021 -0.002066467025965849
1.0 -0.002113358051621748
