1.0 0.0018850895207253595
0.9998494093481021 0.0019325612258025175
0.9993977281025862 0.0020749244480528397
0.9986452283393451 0.0023120058539601997
0.9975923633360985 0.0026434596540344146
0.9962397672993549 0.0030686888916788336
0.9945882549823906 0.003586747895032559
0.9926388211944706 0.0041962371223226835
0.9903926402016152 0.004895202954804212
0.9878510650192642 0.005681055131450831
0.985015626597272 0.006550513444829607
0.98188803289772 0.007499593103962785
0.9784701678661044 0.008523634994890882
0.9747640902965183 0.009617383197744382
0.9707720325915102 0.010775107880296276
0.9664963994173694 0.011990767449738798
0.9619397662556433 0.013258199980900352
0.9571048778517655 0.014571330799017415
0.9519946465617215 0.015924380971780738
0.9466121505977576 0.0173120605707248
0.9409606321741775 0.018729731007792225
0.9350434955543556 0.020173522539308722
0.928864305000136 0.021640396043746554
0.9224267826248536 0.02312814220306813
0.9157348061512727 0.024635315942723123
0.9087924065757916 0.02616110904030662
0.9016037657403225 0.02770516879032365
0.894173213813303 0.029267375103501428
0.8865052266813687 0.030847592046614775
0.8786044232532422 0.032445412279281355
0.8704755626774794 0.034059913894210016
0.8621235414757333 0.03568944870338648
0.8535533905932737 0.03733147904177308
0.8447702723685334 0.03898247681135649
0.8357794774235092 0.04063789400398138
0.8265864214768883 0.042292208658620344
0.8171966420818224 0.04393904453381877
0.8076157952903136 0.04557135715236125
0.7978496522462164 0.04718167374781168
0.7879040957089227 0.04876237042243849
0.7777851165098009 0.050305966856507546
0.7674988099435485 0.051805417437332975
0.7570513720966108 0.05325437783328424
0.746449096114892 0.05464742782496054
0.7356983684129987 0.055980234494793245
0.7248056648273034 0.05724964441825329
0.713777546715141 0.0584536989434177
0.7026206570024947 0.059591572564915825
0.691341716182545 0.060663440326109284
0.6799475182674938 0.06167028564868197
0.6684449266961098 0.06261366455445361
0.6568408701994456 0.06349544554237355
0.645142338627231 0.06431754614598643
0.6333563787374491 0.06508168727679638
0.6214900899516319 0.0657891848451042
0.6095506200784349 0.06644079496687341
0.5975451610080642 0.06703662456533763
0.5854809443801506 0.06757611371982901
0.5733652372276805 0.0680580901418318
0.5612053375996082 0.06848089015436483
0.54900857016478 0.0688425350059572
0.5367822817998334 0.06914094672105904
0.5245338371637088 0.0693741843595548
0.512270614261456 0.06954067981046169
0.4999999999999999 0.06963945223290113
0.4877293857385438 0.06967028199390729
0.475466162836291 0.069633828306921
0.46321771820016633 0.06953167948185875
0.4509914298352198 0.06936633037827795
0.43879466240039156 0.06914108784374298
0.42663476277231926 0.06885991110892734
0.41451905561984914 0.06852719978188672
0.4024548389919357 0.06814754675494582
0.3904493799215649 0.0677254766032971
0.3785099100483679 0.06726519161943499
0.36664362126255073 0.0667703473326052
0.35485766137276875 0.06624387719931071
0.3431591298005543 0.06568788226553639
0.33155507330389 0.06510359628454027
0.320052481732506 0.06449143044023721
0.30865828381745486 0.06385109498187691
0.29737934299750524 0.06318178827993734
0.28622245328485874 0.06248243763310291
0.27519433517269654 0.0617519711213229
0.26430163158700104 0.06098959635836516
0.2535509038851079 0.06019506047785969
0.2429486279033891 0.05936886627018568
0.23250119005645137 0.05851242208833946
0.2222148834901989 0.05762810780301419
0.2120959042910774 0.05671924539234627
0.20215034775378343 0.055789970241656626
0.19238420470968637 0.05484500733755322
0.18280335791817703 0.053889364638868634
0.17341357852311146 0.052927963347737916
0.16422052257649067 0.051965230975640805
0.15522972763146647 0.05100468747255484
0.14644660940672616 0.05004855686013741
0.1378764585242665 0.04909743654046788
0.12952443732252045 0.04815005368197081
0.12139557674675777 0.04720313294719982
0.11349477331863145 0.04625139264249878
0.10582678618669683 0.04528767762178929
0.09839623425967753 0.04430322758216538
0.09120759342420814 0.04328806945123202
0.08426519384872727 0.04223151312433548
0.07757321737514639 0.04112272158314993
0.07113569499986394 0.0399513200597988
0.06495650444564427 0.03870800492211626
0.059039367825822475 0.03738511169866109
0.05338784940224234 0.035977103293592314
0.048005353438278275 0.03448094390727417
0.042895122148234655 0.03289633121361923
0.038060233744356575 0.031225768490524212
0.03350360058263052 0.029474469032955964
0.029227967408489597 0.027650096557549735
0.025235909703481607 0.025762356625062807
0.021529832133895532 0.02382246454739542
0.018111967102280024 0.021842524046518964
0.014984373402728013 0.01983485744034499
0.012148934980735715 0.017811331850767963
0.009607359798384785 0.015782726563852628
0.007361178805529334 0.013758184143738842
0.005411745017609493 0.011744782360603539
0.0037602327006450165 0.009747255808062882
0.0024076366639015356 0.007767885819387596
0.0013547716606548965 0.005806565661288837
0.0006022718974137975 0.0038610358078349522
0.00015059065189787502 0.0019272722378056546
0.0 0.0
0.00015059065189787502 -0.0014874123179048002
0.0006022718974137975 -0.0029656346525574113
0.0013547716606548965 -0.004425291251109025
0.0024076366639015356 -0.0058577504790074545
0.0037602327006450165 -0.007255447860034684
0.005411745017609493 -0.008612153608579426
0.007361178805529334 -0.009923171751750745
0.009607359798384785 -0.011185462225359261
0.012148934980735715 -0.012397682088687743
0.014984373402728013 -0.013560146906577968
0.018111967102280024 -0.014674718055304105
0.021529832133895532 -0.01574462590079804
0.025235909703481607 -0.01677424219533006
0.029227967408489597 -0.01776881742461178
0.03350360058263052 -0.01873420007125169
0.038060233744356575 -0.019676554788743732
0.042895122148234655 -0.020602095338193127
0.048005353438278275 -0.021516845948778313
0.05338784940224234 -0.022426441718774493
0.059039367825822475 -0.023335975032532597
0.06495650444564427 -0.024249891025070934
0.07113569499986394 -0.02517193119110971
0.07757321737514639 -0.02610512061291092
0.08426519384872727 -0.027051791243655563
0.09120759342420814 -0.028013631451181523
0.09839623425967753 -0.02899175075354431
0.10582678618669683 -0.02998674843673647
0.11349477331863145 -0.03099877552570818
0.12139557674675777 -0.03202758128999576
0.12952443732252045 -0.0330725379380224
0.1378764585242665 -0.03413264016241582
0.14644660940672616 -0.03520647947358978
0.15522972763146647 -0.03629219651134274
0.16422052257649067 -0.037387417468423216
0.17341357852311146 -0.038489183135976095
0.18280335791817703 -0.039593880675458965
0.19238420470968637 -0.040697188885927583
0.20215034775378343 -0.041794047396591996
0.2120959042910774 -0.04287865888158711
0.2222148834901989 -0.04394453115835047
0.23250119005645137 -0.04498456305953665
0.2429486279033891 -0.04599117449041546
0.2535509038851079 -0.04695647737369802
0.26430163158700104 -0.047872480540163055
0.27519433517269654 -0.04873131834552312
0.28622245328485874 -0.049525490158246824
0.29737934299750524 -0.05024809610166734
0.30865828381745486 -0.05089305371575688
0.320052481732506 -0.051455280621635034
0.33155507330389 -0.051930829832333915
0.3431591298005543 -0.052316966976926435
0.35485766137276875 -0.052612182230160245
0.36664362126255073 -0.052816133933590664
0.3785099100483679 -0.0529295254696308
0.3904493799215649 -0.05295392158572908
0.4024548389919357 -0.052891514730137916
0.41451905561984914 -0.05274485573505465
0.42663476277231926 -0.052516566085792145
0.43879466240039156 -0.05220905082224459
0.4509914298352198 -0.051824231681769375
0.46321771820016633 -0.05136331934693786
0.475466162836291 -0.05082664163449452
0.4877293857385438 -0.05021354126990545
0.4999999999999999 -0.04952235273336616
0.512270614261456 -0.04875046280445443
0.5245338371637088 -0.047894454189713886
0.5367822817998334 -0.04695032633393456
0.54900857016478 -0.045913782539130685
0.5612053375996082 -0.04478056817234863
0.5733652372276805 -0.04354684131893567
0.5854809443801506 -0.042209554954254234
0.5975451610080642 -0.04076682870975665
0.6095506200784349 -0.03921828865847605
0.6214900899516319 -0.03756535521072778
0.6333563787374491 -0.035811462077295575
0.645142338627231 -0.03396219313152622
0.6568408701994456 -0.03202532862746618
0.6684449266961098 -0.030010797307617916
0.6799475182674938 -0.02793053613660472
0.691341716182545 -0.025798264400165694
0.7026206570024947 -0.023629183407122757
0.713777546715141 -0.02143961676039733
0.7248056648273034 -0.019246608914074745
0.7356983684129987 -0.0170675013685761
0.746449096114892 -0.014919506313458782
0.7570513720966108 -0.01281929682365309
0.7674988099435485 -0.010782630940925757
0.7777851165098009 -0.008824024284498199
0.7879040957089227 -0.006956482442056771
0.7978496522462164 -0.005191300540264535
0.8076157952903136 -0.003537933345978169
0.8171966420818224 -0.0020039352690163874
0.8265864214768883 -0.0005949659696627572
0.8357794774235092 0.0006851458696007669
0.8447702723685334 0.0018342905036697718
0.8535533905932737 0.0028519283682220736
0.8621235414757333 0.0037389169687965787
0.8704755626774794 0.004497325749172213
0.8786044232532422 0.005130250472508014
0.8865052266813687 0.005641637189689512
0.894173213813303 0.006036123901126736
0.9016037657403225 0.006318905714211037
0.9087924065757916 0.0064956268419586755
0.9157348061512727 0.006572300358451542
0.9224267826248536 0.006555254386642815
0.928864305000136 0.006451101480333855
0.9350434955543556 0.006266726476598218
0.9409606321741775 0.0060092871005355515
0.9466121505977576 0.005686221123502606
0.9519946465617215 0.005305253892855301
0.9571048778517655 0.004874400515767305
0.9619397662556433 0.004401957814794434
0.9664963994173694 0.0038964822827260914
0.9707720325915102 0.0033667515434708415
0.9747640902965183 0.002821708168213412
0.9784701678661044 0.002270386003435471
0.98188803289772 0.001721820355583533
0.985015626597272 0.0011849443814948462
0.9878510650192642 0.0006684748115088175
0.9903926402016152 0.0001807906634823922
0.9926388211944706 -0.00027019110821695723
0.9945882549823906 -0.0006771390252761789
0.9962397672993549 -0.0010334256908244876
0.9975923633360985 -0.001333238007272543
0.9986452283393451 -0.0015716758249350786
0.9993977281025862 -0.0017448363076651948
0.9998494093481021 -0.0018498818037890323
1.0 -0.0018850895207253595
