1.0 0.001932999649537891
0.9998494093481021 0.0019788943806906124
0.9993977281025862 0.0021165268242739396
0.9986452283393451 0.002345723788329719
0.9975923633360985 0.0026661388127260477
0.9962397672993549 0.0030771722767951597
0.9945882549823906 0.003577872535147579
0.9926388211944706 0.004166829606159151
0.9903926402016152 0.00484207428742554
0.9878510650192642 0.005600995703345034
0.985015626597272 0.00644028917047866
0.98188803289772 0.007355943975786107
0.9784701678661044 0.008343277385347276
0.9747640902965183 0.009397017210707487
0.9707720325915102 0.010511430897550954
0.9664963994173694 0.011680494746478772
0.9619397662556433 0.01289809291396106
0.9571048778517655 0.014158232631985027
0.9519946465617215 0.015455259928616901
0.9466121505977576 0.01678405924528576
0.9409606321741775 0.0181402208426432
0.9350434955543556 0.019520161762572232
0.928864305000136 0.02092118924965275
0.9224267826248536 0.02234149970267694
0.9157348061512727 0.023780111105818017
0.9087924065757916 0.025236732093771835
0.9016037657403225 0.026711575914491664
0.894173213813303 0.02820513214518538
0.8865052266813687 0.02971791270440017
0.8786044232532422 0.03125019116441656
0.8704755626774794 0.032801755377150285
0.8621235414757333 0.034371692871031846
0.8535533905932737 0.03595822636885291
0.8447702723685334 0.03755861325645282
0.8357794774235092 0.03916911815508721
0.8265864214768883 0.04078506226960854
0.8171966420818224 0.04240094732359306
0.8076157952903136 0.04401064611145933
0.7978496522462164 0.0456076464566368
0.7879040957089227 0.047185331086959104
0.7777851165098009 0.0487372729748687
0.7674988099435485 0.05025752429088557
0.7570513720966108 0.05174087741199126
0.746449096114892 0.0531830784059555
0.7356983684129987 0.05458097693717427
0.7248056648273034 0.055932601343309574
0.713777546715141 0.057237153344201847
0.7026206570024947 0.0584949230185127
0.691341716182545 0.05970713083204857
0.6799475182674938 0.06087570913563398
0.6684449266961098 0.06200304021828785
0.6568408701994456 0.06309167132618954
0.645142338627231 0.0641440287677523
0.6333563787374491 0.06516215317650795
0.6214900899516319 0.06614747619371095
0.6095506200784349 0.06710065540105258
0.5975451610080642 0.06802147955212849
0.5854809443801506 0.06890885040191666
0.5733652372276805 0.0697608411800521
0.5612053375996082 0.07057482550365964
0.54900857016478 0.07134766478953233
0.5367822817998334 0.0720759374756391
0.5245338371637088 0.07275618999313554
0.512270614261456 0.07338518772679803
0.4999999999999999 0.07396014431412123
0.4877293857385438 0.07447890956305107
0.475466162836291 0.07494009986743526
0.46321771820016633 0.0753431599803392
0.4509914298352198 0.07568835096357336
0.43879466240039156 0.07597666557666924
0.42663476277231926 0.0762096787632862
0.41451905561984914 0.07638934669787387
0.4024548389919357 0.07651777257198465
0.3904493799215649 0.07659696051253757
0.3785099100483679 0.0766285804365655
0.36664362126255073 0.07661376610621674
0.35485766137276875 0.07655296616135424
0.3431591298005543 0.07644586364417479
0.33155507330389 0.07629137381098312
0.320052481732506 0.07608772329831508
0.30865828381745486 0.0758326065152577
0.29737934299750524 0.07552340806352788
0.28622245328485874 0.0751574736381511
0.27519433517269654 0.07473240678654884
0.26430163158700104 0.07424636556445566
0.2535509038851079 0.07369833185569154
0.2429486279033891 0.07308832709233644
0.23250119005645137 0.07241755131809166
0.2222148834901989 0.07168842779535624
0.2120959042910774 0.0709045423099864
0.20215034775378343 0.07007047447464916
0.19238420470968637 0.0691915270598529
0.18280335791817703 0.0682733680145443
0.17341357852311146 0.06732160768652279
0.16422052257649067 0.06634134016917528
0.15522972763146647 0.06533668213066543
0.14644660940672616 0.06431034450907906
0.1378764585242665 0.06326327184098841
0.12952443732252045 0.062194380687847946
0.12139557674675777 0.06110042279656911
0.11349477331863145 0.05997599063756326
0.10582678618669683 0.05881367334054527
0.09839623425967753 0.057604360468655455
0.09120759342420814 0.056337680298134976
0.08426519384872727 0.05500254910105043
0.07757321737514639 0.05358779913395899
0.07113569499986394 0.052082846303164274
0.06495650444564427 0.0504783543568465
0.059039367825822475 0.04876685131373681
0.05338784940224234 0.046943255832467876
0.048005353438278275 0.04500527628256281
0.042895122148234655 0.04295365309788539
0.038060233744356575 0.040792225068695065
0.03350360058263052 0.03852781187762399
0.029227967408489597 0.0361699175999255
0.025235909703481607 0.03373027219253485
0.021529832133895532 0.031222239307930673
0.018111967102280024 0.028660128265021595
0.014984373402728013 0.026058454988264267
0.012148934980735715 0.023431200659033247
0.009607359798384785 0.020791117394622832
0.007361178805529334 0.018149127403597802
0.005411745017609493 0.015513855931484861
0.0037602327006450165 0.012891329314167099
0.0024076366639015356 0.010284858212551859
0.0013547716606548965 0.007695113391227905
0.0006022718974137975 0.005120388115919037
0.00015059065189787502 0.0025570283156253373
0.0 0.0
0.00015059065189787502 -0.0012501115780000226
0.0006022718974137975 -0.0024922454094146204
0.0013547716606548965 -0.003718203130340974
0.0024076366639015356 -0.004920489873616325
0.0037602327006450165 -0.0060926175226329125
0.005411745017609493 -0.007229353096058297
0.007361178805529334 -0.00832689959590122
0.009607359798384785 -0.009383000952592046
0.012148934980735715 -0.010396967475541835
0.014984373402728013 -0.011369623131745216
0.018111967102280024 -0.012303180687550465
0.021529832133895532 -0.013201054937298866
0.025235909703481607 -0.014067627626605978
0.029227967408489597 -0.014907980039268975
0.03350360058263052 -0.015727610414395517
0.038060233744356575 -0.016532153340809375
0.042895122148234655 -0.017327117075638634
0.048005353438278275 -0.018117652476026615
0.05338784940224234 -0.018908364115816645
0.059039367825822475 -0.01970317044147423
0.06495650444564427 -0.020505215801587463
0.07113569499986394 -0.02131683317654111
0.07757321737514639 -0.022139552746007648
0.08426519384872727 -0.02297414833705847
0.09120759342420814 -0.02382071151818561
0.09839623425967753 -0.024678741798853578
0.10582678618669683 -0.02554724113501898
0.11349477331863145 -0.026424801718257996
0.12139557674675777 -0.027309677746609296
0.12952443732252045 -0.028199834371006618
0.1378764585242665 -0.02909297005342456
0.14644660940672616 -0.029986511890562416
0.15522972763146647 -0.03087758675869384
0.16422052257649067 -0.03176297413293144
0.17341357852311146 -0.03263904886546817
0.18280335791817703 -0.033501723857373204
0.19238420470968637 -0.03434640327666358
0.20215034775378343 -0.03516795668765781
0.2120959042910774 -0.035960723171857355
0.2222148834901989 -0.03671855233008429
0.23250119005645137 -0.03743488612632182
0.2429486279033891 -0.03810288209563271
0.2535509038851079 -0.038715574766883316
0.26430163158700104 -0.03926606854491738
0.27519433517269654 -0.039747752056029574
0.28622245328485874 -0.040154521361859645
0.29737934299750524 -0.040480997722087464
0.30865828381745486 -0.0407227249039804
0.320052481732506 -0.040876331487961
0.33155507330389 -0.0409396452084607
0.3431591298005543 -0.04091174901679957
0.35485766137276875 -0.040792972093854886
0.36664362126255073 -0.040584813240011196
0.3785099100483679 -0.04028979863904983
0.3904493799215649 -0.0399112806083632
0.4024548389919357 -0.03945318827715508
0.41451905561984914 -0.038919744858338656
0.42663476277231926 -0.038315169017630456
0.43879466240039156 -0.03764337957241979
0.4509914298352198 -0.03690772322619095
0.46321771820016633 -0.03611074420097606
0.475466162836291 -0.035254012501483294
0.4877293857385438 -0.03433802425119548
0.4999999999999999 -0.03336218328587212
0.512270614261456 -0.0323248682446281
0.5245338371637088 -0.031223584083532183
0.5367822817998334 -0.03005519159899035
0.54900857016478 -0.0288162035385462
0.5612053375996082 -0.027503131524397016
0.5733652372276805 -0.026112864605291723
0.5854809443801506 -0.02464305800772554
0.5975451610080642 -0.023092509721624813
0.6095506200784349 -0.021461502985909202
0.6214900899516319 -0.01975209450203585
0.6333563787374491 -0.017968331178417493
0.645142338627231 -0.01611638219724945
0.6568408701994456 -0.01420457793627488
0.6684449266961098 -0.012243352465204603
0.6799475182674938 -0.010245091640450253
0.691341716182545 -0.008223893912351132
0.7026206570024947 -0.006195255527372946
0.713777546715141 -0.004175695586520087
0.7248056648273034 -0.002182339201384019
0.7356983684129987 -0.00023247863232848313
0.746449096114892 0.0016568672615505258
0.7570513720966108 0.003469375665568348
0.7674988099435485 0.0051898067712409105
0.7777851165098009 0.006804340029430037
0.7879040957089227 0.008300848128721025
0.7978496522462164 0.009669101059138985
0.8076157952903136 0.010900896745584542
0.8171966420818224 0.01199011879138504
0.8265864214768883 0.012932725612524796
0.8357794774235092 0.013726678454355568
0.8447702723685334 0.014371818299078947
0.8535533905932737 0.014869703384142719
0.8621235414757333 0.015223419909364875
0.8704755626774794 0.015437378524690668
0.8786044232532422 0.015517108427350249
0.8865052266813687 0.01546905947074042
0.894173213813303 0.01530042074800437
0.9016037657403225 0.01501896183484549
0.9087924065757916 0.014632900441874193
0.9157348061512727 0.014150797815776193
0.9224267826248536 0.013581481003072628
0.928864305000136 0.012933989185313568
0.9350434955543556 0.012217539810518133
0.9409606321741775 0.011441509243595483
0.9466121505977576 0.010615422159012063
0.9519946465617215 0.009748943884405704
0.9571048778517655 0.008851870322952489
0.9619397662556433 0.007934110857353308
0.9664963994173694 0.007005660673660091
0.9707720325915102 0.006076560134425659
0.9747640902965183 0.0051568400737928375
0.9784701678661044 0.004256453086692239
0.98188803289772 0.0033851919600870937
0.985015626597272 0.0025525972860289663
0.9878510650192642 0.001767856966530885
0.9903926402016152 0.0010397007541302287
0.9926388211944706 0.0003762931757018183
0.9945882549823906 -0.00021487181575194098
0.9962397672993549 -0.0007270712896713472
0.9975923633360985 -0.0011544460150903404
0.9986452283393451 -0.0014920828763063494
0.9993977281025862 -0.0017360849591290782
0.9998494093481021 -0.0018836276684415624
1.0 -0.001932999649537891
