1.0 0.0022081687902986242
0.9998494093481021 0.0022580201194753392
0.9993977281025862 0.0024075112017399327
0.9986452283393451 0.0026564353665197906
0.9975923633360985 0.003004390298616065
0.9962397672993549 0.0034506980063271965
0.9945882549823906 0.003994305662753502
0.9926388211944706 0.0046336787627594325
0.9903926402016152 0.00536669938692538
0.9878510650192642 0.006190582507263189
0.985015626597272 0.007101822175735312
0.98188803289772 0.008096177183260772
0.9784701678661044 0.009168702544892863
0.9747640902965183 0.010313829225993526
0.9707720325915102 0.011525490210676725
0.9664963994173694 0.012797286701945677
0.9619397662556433 0.014122684313729835
0.9571048778517655 0.015495225923333088
0.9519946465617215 0.016908745696860582
0.9466121505977576 0.018357567895286482
0.9409606321741775 0.019836674527860372
0.9350434955543556 0.021341827741816727
0.928864305000136 0.02286963590688786
0.9224267826248536 0.02441755644650144
0.9157348061512727 0.02598383327092081
0.9087924065757916 0.0275673718013505
0.9016037657403225 0.02916755962333106
0.894173213813303 0.03078404535631247
0.8865052266813687 0.032416491990799906
0.8786044232532422 0.03406432340667962
0.8704755626774794 0.035726483820238575
0.8621235414757333 0.0374012293992229
0.8535533905932737 0.03908596924441794
0.8447702723685334 0.040777169496375824
0.8357794774235092 0.04247032973590843
0.8265864214768883 0.0441600354522692
0.8171966420818224 0.045840084568934486
0.8076157952903136 0.04750368029617076
0.7978496522462164 0.049143677375881586
0.7879040957089227 0.05075286451585555
0.7777851165098009 0.0523242628262059
0.7674988099435485 0.053851418620736176
0.7570513720966108 0.0553286691608054
0.746449096114892 0.05675136179813628
0.7356983684129987 0.058116010382410356
0.7248056648273034 0.059420377482631674
0.713777546715141 0.06066347656757289
0.7026206570024947 0.06184549436384483
0.691341716182545 0.06296763968262173
0.6799475182674938 0.06403193059688232
0.6684449266961098 0.06504093651462436
0.6568408701994456 0.0659974950558094
0.645142338627231 0.06690442542987206
0.6333563787374491 0.0677642600794312
0.6214900899516319 0.06857901469491859
0.6095506200784349 0.06935001344415304
0.5975451610080642 0.07007778166028862
0.5854809443801506 0.07076201266071104
0.5733652372276805 0.07140160927865956
0.5612053375996082 0.0719947945736281
0.54900857016478 0.07253928054577992
0.5367822817998334 0.0730324789777019
0.5245338371637088 0.07347173515390533
0.512270614261456 0.07385456344823867
0.4999999999999999 0.07417886377499551
0.4877293857385438 0.07444309967988641
0.475466162836291 0.07464642226471217
0.46321771820016633 0.074788728920357
0.4509914298352198 0.07487065159680753
0.43879466240039156 0.07489347559145026
0.42663476277231926 0.07485899606604261
0.41451905561984914 0.0747693251818436
0.4024548389919357 0.07462666738322044
0.3904493799215649 0.07443308355351873
0.3785099100483679 0.07419026621789936
0.36664362126255073 0.07389934752092839
0.35485766137276875 0.0735607593616555
0.3431591298005543 0.07317416098305736
0.33155507330389 0.07273844379094277
0.320052481732506 0.07225181664992117
0.30865828381745486 0.07171196789361596
0.29737934299750524 0.07111629336749282
0.28622245328485874 0.07046217357604105
0.27519433517269654 0.06974727797113243
0.26430163158700104 0.06896987104908035
0.2535509038851079 0.06812909354988059
0.2429486279033891 0.0672251928493731
0.23250119005645137 0.06625967960838383
0.2222148834901989 0.06523539272145483
0.2120959042910774 0.06415646125468617
0.20215034775378343 0.06302815989754991
0.19238420470968637 0.06185666288906474
0.18280335791817703 0.06064870976191974
0.17341357852311146 0.059411203912251416
0.16422052257649067 0.058150771318959966
0.15522972763146647 0.05687331116398118
0.14644660940672616 0.0555835722356734
0.1378764585242665 0.054284788590745106
0.12952443732252045 0.052978404955381475
0.12139557674675777 0.05166391691129687
0.11349477331863145 0.050338843376776445
0.10582678618669683 0.04899883976561325
0.09839623425967753 0.047637950131961336
0.09120759342420814 0.04624898631855614
0.08426519384872727 0.0448240123859687
0.07757321737514639 0.0433549041549562
0.07113569499986394 0.04183394720613803
0.06495650444564427 0.04025443268327759
0.059039367825822475 0.03861120909641811
0.05338784940224234 0.03690115017284317
0.048005353438278275 0.035123503591709994
0.042895122148234655 0.03328009287825708
0.038060233744356575 0.031375354340803775
0.03350360058263052 0.02941620205524568
0.029227967408489597 0.027411725761897227
0.025235909703481607 0.02537273829592237
0.021529832133895532 0.023311199977086323
0.018111967102280024 0.021239556445624884
0.014984373402728013 0.019170033072616808
0.012148934980735715 0.017113932785711175
0.009607359798384785 0.015080984630331234
0.007361178805529334 0.013078787558371533
0.005411745017609493 0.011112387964304709
0.0037602327006450165 0.009184020763605683
0.0024076366639015356 0.007293032922735978
0.0013547716606548965 0.005435996055414612
0.0006022718974137975 0.0036070018544462753
0.00015059065189787502 0.0017981216344209177
0.0 0.0
0.00015059065189787502 -0.0012547262840363453
0.0006022718974137975 -0.0024998930897860558
0.0013547716606548965 -0.0037256845704171874
0.0024076366639015356 -0.004923081035056689
0.0037602327006450165 -0.0060842045321476005
0.005411745017609493 -0.00720260493842067
0.007361178805529334 -0.00827347267316456
0.009607359798384785 -0.009293768717014763
0.012148934980735715 -0.01026226768429319
0.014984373402728013 -0.011179514927797694
0.018111967102280024 -0.01204770368724694
0.021529832133895532 -0.012870482788348507
0.025235909703481607 -0.013652709062820283
0.029227967408489597 -0.01440016125909777
0.03350360058263052 -0.015119233597825197
0.038060233744356575 -0.015816627235082283
0.042895122148234655 -0.01649905676299812
0.048005353438278275 -0.01717298662534752
0.05338784940224234 -0.0178444091578275
0.059039367825822475 -0.01851867214500581
0.06495650444564427 -0.01920035962657072
0.07113569499986394 -0.019893225510791798
0.07757321737514639 -0.020600175682372324
0.08426519384872727 -0.021323291013216217
0.09120759342420814 -0.022063881233193423
0.09839623425967753 -0.02282255815858992
0.10582678618669683 -0.023599316391266743
0.11349477331863145 -0.024393610286845686
0.12139557674675777 -0.025204417654718526
0.12952443732252045 -0.02603028312772971
0.1378764585242665 -0.026869337192736986
0.14644660940672616 -0.027719290228017324
0.15522972763146647 -0.02857740425058785
0.16422052257649067 -0.02944044813878836
0.17341357852311146 -0.03030464459149801
0.18280335791817703 -0.03116561879120408
0.19238420470968637 -0.03201835949536007
0.20215034775378343 -0.03285720300892016
0.2120959042910774 -0.03367584919545647
0.2222148834901989 -0.03446741645468098
0.23250119005645137 -0.03522453959865219
0.2429486279033891 -0.03593951103111936
0.2535509038851079 -0.03660446185550837
0.26430163158700104 -0.037211575813895025
0.27519433517269654 -0.03775332560065993
0.28622245328485874 -0.03822271838670035
0.29737934299750524 -0.03861353557439138
0.30865828381745486 -0.03892055105686781
0.320052481732506 -0.03913971267565764
0.33155507330389 -0.03926827316868615
0.3431591298005543 -0.039304859597043586
0.35485766137276875 -0.03924947386961635
0.36664362126255073 -0.039103421311937614
0.3785099100483679 -0.03886916895464458
0.3904493799215649 -0.038550140017122016
0.4024548389919357 -0.03815045559075841
0.41451905561984914 -0.0376746384543276
0.42663476277231926 -0.037127296989169396
0.43879466240039156 -0.03651280907074898
0.4509914298352198 -0.03583502643866302
0.46321771820016633 -0.035097019320177024
0.475466162836291 -0.03430087902748916
0.4877293857385438 -0.033447592983177205
0.4999999999999999 -0.032537002353378905
0.512270614261456 -0.031567847456674326
0.5245338371637088 -0.030537900692748678
0.5367822817998334 -0.029444181252463283
0.54900857016478 -0.028283240688534578
0.5612053375996082 -0.027051503882296695
0.5733652372276805 -0.025745646332580932
0.5854809443801506 -0.024362986250063414
0.5975451610080642 -0.02290186881848159
0.6095506200784349 -0.021362020248569376
0.6214900899516319 -0.019744850875301975
0.6333563787374491 -0.01805368941904395
0.645142338627231 -0.016293934451584974
0.6568408701994456 -0.014473113818494506
0.6684449266961098 -0.012600847962629433
0.6799475182674938 -0.01068871843767223
0.691341716182545 -0.008750048060566477
0.7026206570024947 -0.006799603813059439
0.713777546715141 -0.0048532374913222475
0.7248056648273034 -0.0029274820027393824
0.7356983684129987 -0.0010391229749768245
0.746449096114892 0.0007952340929551118
0.7570513720966108 0.0025595815320879614
0.7674988099435485 0.004238894175742151
0.7777851165098009 0.00581946578845552
0.7879040957089227 0.007289185437678401
0.7978496522462164 0.00863774587909381
0.8076157952903136 0.009856780128034842
0.8171966420818224 0.010939926439917615
0.8265864214768883 0.011882825671765598
0.8357794774235092 0.012683058228595282
0.8447702723685334 0.013340030343470723
0.8535533905932737 0.013854821185132187
0.8621235414757333 0.014230003179562876
0.8704755626774794 0.014469447979545873
0.8786044232532422 0.014578129783377724
0.8865052266813687 0.014561936302884278
0.894173213813303 0.01442749576133871
0.9016037657403225 0.014182026037508877
0.9087924065757916 0.013833209646622834
0.9157348061512727 0.013389095842513684
0.9224267826248536 0.012858028901142153
0.928864305000136 0.012248599740666014
0.9350434955543556 0.011569616549043833
0.9409606321741775 0.010830089089269294
0.9466121505977576 0.010039220856559108
0.9519946465617215 0.00920640325430656
0.9571048778517655 0.00834120638561054
0.9619397662556433 0.007453361847070071
0.9664963994173694 0.006552733965343564
0.9707720325915102 0.005649277129700038
0.9747640902965183 0.004752978140491387
0.9784701678661044 0.0038737837176058463
0.98188803289772 0.0030215144131097486
0.985015626597272 0.002205767087059316
0.9878510650192642 0.0014358087960573765
0.9903926402016152 0.0007204653947053825
0.9926388211944706 6.800836599893563e-05
0.9945882549823906 -0.000513956599047358
0.9962397672993549 -0.001018595923788969
0.9975923633360985 -0.0014399463256322335
0.9986452283393451 -0.001773002199755042
0.9993977281025862 -0.002013789990784964
0.9998494093481021 -0.002159427784870913
1.0 -0.0022081687902986242
