1.0 0.001959561799642239
0.9998494093481021 0.002007828184319754
0.9993977281025862 0.0021525830937817168
0.9986452283393451 0.0023936752517034446
0.9975923633360985 0.002730792736205047
0.9962397672993549 0.0031633801518847096
0.9945882549823906 0.0036905357484776522
0.9926388211944706 0.004310900104218815
0.9903926402016152 0.0050225493691814305
0.9878510650192642 0.005822906221636498
0.985015626597272 0.006708680596347946
0.98188803289772 0.0076758499756481545
0.9784701678661044 0.008719685774609302
0.9747640902965183 0.009834828372878968
0.9707720325915102 0.011015408987179036
0.9664963994173694 0.012255212218201006
0.9619397662556433 0.013547869128527552
0.9571048778517655 0.014887067472997074
0.9519946465617215 0.016266763511258837
0.9466121505977576 0.017681378902191687
0.9409606321741775 0.019125966626166786
0.9350434955543556 0.020596331703991867
0.928864305000136 0.022089095564630064
0.9224267826248536 0.023601697032795566
0.9157348061512727 0.025132327746301357
0.9087924065757916 0.0266798049890849
0.9016037657403225 0.028243390020942703
0.894173213813303 0.02982256457929088
0.8865052266813687 0.03141678193487586
0.8786044232532422 0.033025211380850336
0.8704755626774794 0.034646496094353545
0.8621235414757333 0.03627854381604394
0.8535533905932737 0.03791836775429807
0.8447702723685334 0.03956199167061377
0.8357794774235092 0.04120442849075946
0.8265864214768883 0.04283973635940619
0.8171966420818224 0.044461150231876884
0.8076157952903136 0.046061281330388136
0.7978496522462164 0.047632371540168215
0.7879040957089227 0.04916658550399784
0.7777851165098009 0.05065632014305155
0.7674988099435485 0.05209450983946632
0.7570513720966108 0.053474905693667044
0.746449096114892 0.054792309116836885
0.7356983684129987 0.056042743402465754
0.7248056648273034 0.05722355158323589
0.713777546715141 0.05833341445905548
0.7026206570024947 0.05937228874130828
0.691341716182545 0.060341271318506404
0.6799475182674938 0.06124240122760195
0.6684449266961098 0.062078415567100455
0.6568408701994456 0.06285247893877134
0.645142338627231 0.06356790778293547
0.6333563787374491 0.06422791103234723
0.6214900899516319 0.06483536684413681
0.6095506200784349 0.06539265191058967
0.5975451610080642 0.06590153526032737
0.5854809443801506 0.06636314291414194
0.5733652372276805 0.06677799370709973
0.5612053375996082 0.06714610052742577
0.54900857016478 0.06746712565388555
0.5367822817998334 0.06774057426068551
0.5245338371637088 0.06796600689087985
0.512270614261456 0.06814325005667371
0.4999999999999999 0.06827258425678116
0.4877293857385438 0.06835489061060239
0.475466162836291 0.06839174085258083
0.46321771820016633 0.06838542032660418
0.4509914298352198 0.0683388794728961
0.43879466240039156 0.06825561562701288
0.42663476277231926 0.06813949322467694
0.41451905561984914 0.06799451619617095
0.4024548389919357 0.06782457094900096
0.3904493799215649 0.06763316146778162
0.3785099100483679 0.0674231594122138
0.36664362126255073 0.0671965915161767
0.35485766137276875 0.06695448408900613
0.3431591298005543 0.06669678015907904
0.33155507330389 0.06642233909392173
0.320052481732506 0.06612902182039276
0.30865828381745486 0.06581385758603757
0.29737934299750524 0.0654732811326952
0.28622245328485874 0.06510342278497994
0.27519433517269654 0.06470042883569245
0.26430163158700104 0.06426078619595958
0.2535509038851079 0.06378162390152156
0.2429486279033891 0.06326096490321809
0.23250119005645137 0.0626979046204382
0.2222148834901989 0.06209269782397005
0.2120959042910774 0.0614467421939545
0.20215034775378343 0.06076245487943497
0.19238420470968637 0.06004304696898273
0.18280335791817703 0.059292209303268784
0.17341357852311146 0.05851373084283814
0.16422052257649067 0.05771107720959873
0.15522972763146647 0.056886961500750344
0.14644660940672616 0.05604294161633672
0.1378764585242665 0.055179077904040905
0.12952443732252045 0.054293681858277036
0.12139557674675777 0.053383181067604805
0.11349477331863145 0.05244211793192262
0.10582678618669683 0.05146329038781426
0.09839623425967753 0.05043803264204437
0.09120759342420814 0.04935662346385469
0.08426519384872727 0.04820879970513824
0.07757321737514639 0.04698434415851366
0.07113569499986394 0.04567371029997723
0.06495650444564427 0.04426864243442954
0.059039367825822475 0.042762748631097545
0.05338784940224234 0.041151985756273754
0.048005353438278275 0.039435020814528834
0.042895122148234655 0.03761344040654259
0.038060233744356575 0.03569178990796451
0.03350360058263052 0.033677435304719304
0.029227967408489597 0.031580252697360006
0.025235909703481607 0.029412162454258532
0.021529832133895532 0.027186535988955943
0.018111967102280024 0.024917512357015073
0.014984373402728013 0.02261926862591999
0.012148934980735715 0.020305291750842964
0.009607359798384785 0.01798770018125896
0.007361178805529334 0.015676660553793405
0.005411745017609493 0.013379938761972226
0.0037602327006450165 0.011102615831548574
0.0024076366639015356 0.008846987972872901
0.0013547716606548965 0.006612657693345889
0.0006022718974137975 0.004396809804990257
0.00015059065189787502 0.002194653471347212
0.0 0.0
0.00015059065189787502 -0.0013594137375020157
0.0006022718974137975 -0.002710539901556342
0.0013547716606548965 -0.004044876584128616
0.0024076366639015356 -0.005354653520057815
0.0037602327006450165 -0.006633148367449679
0.005411745017609493 -0.007874946892518062
0.007361178805529334 -0.00907613403551536
0.009607359798384785 -0.010234407179680135
0.012148934980735715 -0.011349107773215444
0.014984373402728013 -0.012421172429686158
0.018111967102280024 -0.013453009412501596
0.021529832133895532 -0.014448310670075395
0.025235909703481607 -0.015411813047214703
0.029227967408489597 -0.016349024734633177
0.03350360058263052 -0.017265934289006746
0.038060233744356575 -0.018168719604618102
0.042895122148234655 -0.019063473078419723
0.048005353438278275 -0.01995595700374259
0.05338784940224234 -0.02085140015053488
0.059039367825822475 -0.021754342798915995
0.06495650444564427 -0.022668533485023193
0.07113569499986394 -0.02359687670762257
0.07757321737514639 -0.024541427137547808
0.08426519384872727 -0.02550342274591562
0.09120759342420814 -0.026483346946026203
0.09839623425967753 -0.027481008484587233
0.10582678618669683 -0.028495627497742947
0.11349477331863145 -0.029525916859299513
0.12139557674675777 -0.03057014960264053
0.12952443732252045 -0.03162620562938783
0.1378764585242665 -0.03269159390107954
0.14644660940672616 -0.033763449576576024
0.15522972763146647 -0.034838508818219434
0.16422052257649067 -0.035913066956954405
0.17341357852311146 -0.0369829281189912
0.18280335791817703 -0.03804335605876916
0.19238420470968637 -0.03908903666315171
0.20215034775378343 -0.04011406231401095
0.2120959042910774 -0.041111947026903524
0.2222148834901989 -0.04207567911076683
0.23250119005645137 -0.042997815181386734
0.2429486279033891 -0.04387061593682446
0.2535509038851079 -0.04468622043864796
0.26430163158700104 -0.04543685203585546
0.27519433517269654 -0.04611504581734564
0.28622245328485874 -0.04671388486024231
0.29737934299750524 -0.04722723078806598
0.30865828381745486 -0.047649933434942525
0.320052481732506 -0.047978004823611704
0.33155507330389 -0.0482087442150986
0.3431591298005543 -0.048340803599137554
0.35485766137276875 -0.04837418650742831
0.36664362126255073 -0.04831017721614655
0.3785099100483679 -0.04815120197457514
0.3904493799215649 -0.04790062853368128
0.4024548389919357 -0.04756251462115724
0.41451905561984914 -0.04714131980002022
0.42663476277231926 -0.04664159807473105
0.43879466240039156 -0.046067690447367735
0.4509914298352198 -0.045423437225801444
0.46321771820016633 -0.044711929180332344
0.475466162836291 -0.04393531465946392
0.4877293857385438 -0.043094676623217275
0.4999999999999999 -0.042189989428875474
0.512270614261456 -0.04122016037263364
0.5245338371637088 -0.04018315576437488
0.5367822817998334 -0.039076206032738765
0.54900857016478 -0.03789607936913874
0.5612053375996082 -0.03663940904821167
0.5733652372276805 -0.03530305609226271
0.5854809443801506 -0.033884486601451165
0.5975451610080642 -0.03238214199675671
0.6095506200784349 -0.03079578068104549
0.6214900899516319 -0.029126771188324952
0.6333563787374491 -0.027378319650570082
0.645142338627231 -0.025555618176759887
0.6568408701994456 -0.023665905258791663
0.6684449266961098 -0.021718434298015853
0.6799475182674938 -0.0197243514648048
0.691341716182545 -0.017696489040651193
0.7026206570024947 -0.01564908484649362
0.713777546715141 -0.013597442070586342
0.7248056648273034 -0.011557546568621319
0.7356983684129987 -0.00954566038045793
0.746449096114892 -0.007577910729439297
0.7570513720966108 -0.005669893156350042
0.7674988099435485 -0.003836305778142286
0.7777851165098009 -0.0020906291034789156
0.7879040957089227 -0.0004448625862377247
0.7978496522462164 0.0010906746067654404
0.8076157952903136 0.0025074750398682982
0.8171966420818224 0.0037989069341538605
0.8265864214768883 0.004960214391192286
0.8357794774235092 0.005988460777120372
0.8447702723685334 0.0068824245142927775
0.8535533905932737 0.007642458147245342
0.8621235414757333 0.008270322356896113
0.8704755626774794 0.008769006602958004
0.8786044232532422 0.009142547344261906
0.8865052266813687 0.00939585343051272
0.894173213813303 0.009534546422111
0.9016037657403225 0.009564821444305722
0.9087924065757916 0.009493331893830288
0.9157348061512727 0.009327099061245802
0.9224267826248536 0.009073445664537324
0.928864305000136 0.008739950536313604
0.9350434955543556 0.008334420361400832
0.9409606321741775 0.007864873478645604
0.9466121505977576 0.007339530356213621
0.9519946465617215 0.006766805402575243
0.9571048778517655 0.006155295232743114
0.9619397662556433 0.005513759293309616
0.9664963994173694 0.0048510897661208
0.9707720325915102 0.004176268817351729
0.9747640902965183 0.0034983124361407775
0.9784701678661044 0.002826201224100167
0.98188803289772 0.0021687994791028467
0.985015626597272 0.0015347647092508203
0.9878510650192642 0.0009324502838895083
0.9903926402016152 0.00036980426854272825
0.9926388211944706 -0.00014573238923178936
0.9945882549823906 -0.0006073252280492402
0.9962397672993549 -0.0010088403245413443
0.9975923633360985 -0.001344930490018422
0.9986452283393451 -0.0016111114656909425
0.9993977281025862 -0.0018038263822943291
0.9998494093481021 -0.0019204971488577499
1.0 -0.001959561799642239
