1.0 0.0022214890217894545
0.9998494093481021 0.0022691063455059497
0.9993977281025862 0.0024118882792995805
0.9986452283393451 0.0026496061273644975
0.9975923633360985 0.002981818817309074
0.9962397672993549 0.0034077899615769175
0.9945882549823906 0.0039263849533879925
0.9926388211944706 0.0045359598453724925
0.9903926402016152 0.005234255169884643
0.9878510650192642 0.006018308047711862
0.985015626597272 0.006884394862309572
0.98188803289772 0.007828014525687219
0.9784701678661044 0.008843919109856196
0.9747640902965183 0.009926194634269152
0.9707720325915102 0.01106839042222235
0.9664963994173694 0.012263691044211843
0.9619397662556433 0.013505120837590603
0.9571048778517655 0.01478576768818978
0.9519946465617215 0.016099010483455578
0.9466121505977576 0.017438733618295014
0.9409606321741775 0.018799512272327852
0.9350434955543556 0.020176753885223116
0.928864305000136 0.0215667842245077
0.9224267826248536 0.02296687044913632
0.9157348061512727 0.0243751783126981
0.9087924065757916 0.025790665746391238
0.9016037657403225 0.027212920101644462
0.894173213813303 0.028641950900832346
0.8865052266813687 0.030077953659034755
0.8786044232532422 0.03152106288121349
0.8704755626774794 0.03297111347950126
0.8621235414757333 0.03442742947757434
0.8535533905932737 0.035888656978454454
0.8447702723685334 0.03735265509710198
0.8357794774235092 0.038816454142798974
0.8265864214768883 0.04027628511769102
0.8171966420818224 0.04172767898574829
0.8076157952903136 0.0431656286068878
0.7978496522462164 0.04458480117158008
0.7879040957089227 0.04597978482457015
0.7777851165098009 0.04734535027622597
0.7674988099435485 0.04867670681285474
0.7570513720966108 0.04996973236100023
0.746449096114892 0.051221159132933375
0.7356983684129987 0.05242869974762726
0.7248056648273034 0.05359110332783311
0.713777546715141 0.054708136561317317
0.7026206570024947 0.055780490650133706
0.691341716182545 0.05680962098290406
0.6799475182674938 0.05779753177588922
0.6684449266961098 0.05874652239952497
0.6568408701994456 0.05965891527030849
0.645142338627231 0.060536786777966124
0.6333563787374491 0.06138172259398706
0.6214900899516319 0.062194616866438394
0.6095506200784349 0.06297553138295013
0.5975451610080642 0.06372362604354866
0.5854809443801506 0.06443716630130096
0.5733652372276805 0.06511360705491819
0.5612053375996082 0.0657497463106944
0.54900857016478 0.06634193627237299
0.5367822817998334 0.06688633483084873
0.5245338371637088 0.0673791771002488
0.512270614261456 0.06781704496478645
0.4999999999999999 0.06819711271241495
0.4877293857385438 0.06851734874226822
0.475466162836291 0.06877665690167865
0.46321771820016633 0.06897494595653986
0.4509914298352198 0.06911312163123604
0.43879466240039156 0.06919300209131772
0.42663476277231926 0.06921716415646023
0.41451905561984914 0.06918873339114497
0.4024548389919357 0.06911113603271607
0.3904493799215649 0.06898783406716545
0.3785099100483679 0.06882206635272767
0.36664362126255073 0.06861661836113639
0.35485766137276875 0.06837364085291238
0.3431591298005543 0.06809453378141607
0.33155507330389 0.06777990623415883
0.320052481732506 0.06742961669881493
0.30865828381745486 0.06704289090884662
0.29737934299750524 0.0666185075556801
0.28622245328485874 0.0661550358339338
0.27519433517269654 0.06565110365608331
0.26430163158700104 0.06510567189101021
0.2535509038851079 0.06451828848130019
0.2429486279033891 0.06388929695788245
0.23250119005645137 0.06321997670748697
0.2222148834901989 0.06251259719264751
0.2120959042910774 0.06177037484349608
0.20215034775378343 0.060997329059691234
0.19238420470968637 0.060198042094830685
0.18280335791817703 0.0593773358947644
0.17341357852311146 0.05853988656025923
0.16422052257649067 0.05768980337518374
0.15522972763146647 0.056830203742515135
0.14644660940672616 0.05596281749225523
0.1378764585242665 0.055087653624487976
0.12952443732252045 0.05420275957335045
0.12139557674675777 0.05330409766747958
0.11349477331863145 0.05238555595463024
0.10582678618669683 0.05143910145746953
0.09839623425967753 0.050455073873648275
0.09120759342420814 0.049422607454547546
0.08426519384872727 0.04833015905723266
0.07757321737514639 0.04716611190469606
0.07113569499986394 0.04591941807338508
0.06495650444564427 0.04458023868703546
0.059039367825822475 0.04314053959191838
0.05338784940224234 0.04159460207772411
0.048005353438278275 0.039939412929052794
0.042895122148234655 0.03817490546591493
0.038060233744356575 0.03630403277843984
0.03350360058263052 0.03433266543385422
0.029227967408489597 0.03226931776286492
0.025235909703481607 0.030124718580565812
0.021529832133895532 0.02791125301999447
0.018111967102280024 0.025642311266007193
0.014984373402728013 0.023331586698778897
0.012148934980735715 0.020992369780285437
0.009607359798384785 0.018636884637772414
0.007361178805529334 0.01627571263782212
0.005411745017609493 0.013917341461531271
0.0037602327006450165 0.011567869670155157
0.0024076366639015356 0.009230886076083132
0.0013547716606548965 0.006907531149731543
0.0006022718974137975 0.004596735048215189
0.00015059065189787502 0.00229561454048638
0.0 0.0
0.00015059065189787502 -0.001136990727648139
0.0006022718974137975 -0.002267206633707847
0.0013547716606548965 -0.0033835690299408084
0.0024076366639015356 -0.004479709410078699
0.0037602327006450165 -0.00555027450868762
0.005411745017609493 -0.006591174738606863
0.007361178805529334 -0.0075997629533504675
0.009607359798384785 -0.008574934934701533
0.012148934980735715 -0.009517147951187764
0.014984373402728013 -0.010428358824538327
0.018111967102280024 -0.011311887825872943
0.021529832133895532 -0.01217221906728866
0.025235909703481607 -0.013014751566704758
0.029227967408489597 -0.013845517617270445
0.03350360058263052 -0.014670886340255523
0.038060233744356575 -0.015497270284997294
0.042895122148234655 -0.01633085169711757
0.048005353438278275 -0.01717734273207022
0.05338784940224234 -0.01804179064911111
0.059039367825822475 -0.018928435147413984
0.06495650444564427 -0.019840620809241084
0.07113569499986394 -0.02078076342047154
0.07757321737514639 -0.021750365064795628
0.08426519384872727 -0.022750069621472892
0.09120759342420814 -0.023779747871738314
0.09839623425967753 -0.024838599999481695
0.10582678618669683 -0.025925262939487482
0.11349477331863145 -0.027037910775765242
0.12139557674675777 -0.02817433813194118
0.12952443732252045 -0.029332019056184544
0.1378764585242665 -0.030508137051918367
0.14644660940672616 -0.03169958536508107
0.15522972763146647 -0.03290294010902014
0.16422052257649067 -0.03411441199080182
0.17341357852311146 -0.03532978502466304
0.18280335791817703 -0.03654435245330635
0.19238420470968637 -0.0377528609844255
0.20215034775378343 -0.03894947430464922
0.2120959042910774 -0.0401277656568741
0.2222148834901989 -0.04128074714519749
0.23250119005645137 -0.04240094052794147
0.2429486279033891 -0.043480490802711255
0.2535509038851079 -0.044511320154950094
0.26430163158700104 -0.0454853161362365
0.27519433517269654 -0.04639454456643953
0.28622245328485874 -0.04723147489931317
0.29737934299750524 -0.04798920389494557
0.30865828381745486 -0.04866166258252278
0.320052481732506 -0.049243791773581014
0.33155507330389 -0.049731672813720845
0.3431591298005543 -0.050122602765917276
0.35485766137276875 -0.05041510664370023
0.36664362126255073 -0.050608883427517404
0.3785099100483679 -0.05070468711612276
0.3904493799215649 -0.050704148664926084
0.4024548389919357 -0.050609549010950716
0.41451905561984914 -0.05042355715798259
0.42663476277231926 -0.05014895021055178
0.43879466240039156 -0.049788334073964054
0.4509914298352198 -0.04934388412659725
0.46321771820016633 -0.04881712445321307
0.475466162836291 -0.048208762228804346
0.4877293857385438 -0.04751859067660128
0.4999999999999999 -0.04674546988901174
0.512270614261456 -0.04588738996315007
0.5245338371637088 -0.0449416156802004
0.5367822817998334 -0.04390490669531148
0.54900857016478 -0.042773802251211364
0.5612053375996082 -0.04154495511319991
0.5733652372276805 -0.04021549603158696
0.5854809443801506 -0.03878340779345516
0.5975451610080642 -0.037247886974811746
0.6095506200784349 -0.03560967190581737
0.6214900899516319 -0.0338713170848169
0.6333563787374491 -0.032037397203283816
0.645142338627231 -0.030114627877607335
0.6568408701994456 -0.028111894865508004
0.6684449266961098 -0.026040188670472402
0.6799475182674938 -0.023912446679132882
0.691341716182545 -0.021743310005177645
0.7026206570024947 -0.019548806721521983
0.713777546715141 -0.017345976883795838
0.7248056648273034 -0.01515245747455574
0.7356983684129987 -0.012986046991330026
0.746449096114892 -0.010864269802637147
0.7570513720966108 -0.008803959623583706
0.7674988099435485 -0.0068208796108753696
0.7777851165098009 -0.00492939380649623
0.7879040957089227 -0.0031422011831648937
0.7978496522462164 -0.0014701396124990477
0.8076157952903136 7.793704394570855e-05
0.8171966420818224 0.0014952095634791006
0.8265864214768883 0.002776876271191134
0.8357794774235092 0.003920075968882978
0.8447702723685334 0.004923761100698086
0.8535533905932737 0.005788533037417975
0.8621235414757333 0.0065164521672365795
0.8704755626774794 0.007110835439739531
0.8786044232532422 0.007576053190250334
0.8865052266813687 0.007917335589810162
0.894173213813303 0.008140597074450341
0.9016037657403225 0.008252284782012247
0.9087924065757916 0.008259254550713671
0.9157348061512727 0.008168675591498892
0.9224267826248536 0.007987962699290163
0.928864305000136 0.007724732952287174
0.9350434955543556 0.007386782363830242
0.9409606321741775 0.006982076958685765
0.9466121505977576 0.006518752264690089
0.9519946465617215 0.006005115222491664
0.9571048778517655 0.005449642967803358
0.9619397662556433 0.004860973752564332
0.9664963994173694 0.004247886346115453
0.9707720325915102 0.003619265488610066
0.9747640902965183 0.0029840522505796196
0.9784701678661044 0.002351179387822135
0.98188803289772 0.0017294928880905863
0.985015626597272 0.0011276618243114623
0.9878510650192642 0.0005540793200280816
0.9903926402016152 1.6757881392857193e-05
0.9926388211944706 -0.00047677743740157574
0.9945882549823906 -0.0009195945678666382
0.9962397672993549 -0.0013054553674919913
0.9975923633360985 -0.001628908979787577
0.9986452283393451 -0.0018853750186347382
0.9993977281025862 -0.002071214416032036
0.9998494093481021 -0.0021837862155668773
1.0 -0.0022214890217894545
