1.0 0.0019353865461394896
0.9998494093481021 0.001978376331677339
0.9993977281025862 0.002107316880782725
0.9986452283393451 0.0023221035962829244
0.9975923633360985 0.002622503564782642
0.9962397672993549 0.0030080744862760337
0.9945882549823906 0.00347806414243625
0.9926388211944706 0.004031301918689185
0.9903926402016152 0.0046660952536707895
0.9878510650192642 0.005380144035580845
0.985015626597272 0.006170484866120521
0.98188803289772 0.00703347484686475
0.9784701678661044 0.007964821291799795
0.9747640902965183 0.008959659804388684
0.9707720325915102 0.010012678815770077
0.9664963994173694 0.011118284338942878
0.9619397662556433 0.012270794735126087
0.9571048778517655 0.01346465206998516
0.9519946465617215 0.01469463445934202
0.9466121505977576 0.01595605288337793
0.9409606321741775 0.017244916399436594
0.9350434955543556 0.01855805150647234
0.928864305000136 0.01989316449327793
0.9224267826248536 0.021248839714146185
0.9157348061512727 0.022624471564864353
0.9087924065757916 0.02402013309795209
0.9016037657403225 0.0254363893022394
0.894173213813303 0.0268740676599451
0.8865052266813687 0.028334002298884737
0.8786044232532422 0.029816770557937723
0.8704755626774794 0.03132244185244035
0.8621235414757333 0.032850358247277875
0.8535533905932737 0.034398964127205445
0.8447702723685334 0.035965698929189896
0.8357794774235092 0.03754696231884402
0.8265864214768883 0.039138155797954086
0.8171966420818224 0.040733798938684826
0.8076157952903136 0.04232771270592245
0.7978496522462164 0.04391325710745655
0.7879040957089227 0.04548360612209881
0.7777851165098009 0.047032039848665386
0.7674988099435485 0.04855223234571255
0.7570513720966108 0.050038513824903146
0.746449096114892 0.051486087719997284
0.7356983684129987 0.052891186545798864
0.7248056648273034 0.05425115513033885
0.713777546715141 0.05556445538835697
0.7026206570024947 0.05683059286783747
0.691341716182545 0.05804997136539114
0.6799475182674938 0.05922368748856709
0.6684449266961098 0.06035328169688695
0.6568408701994456 0.06144046570320441
0.645142338627231 0.06248684788988315
0.6333563787374491 0.06349367844237831
0.6214900899516319 0.06446163421619924
0.6095506200784349 0.06539066006189223
0.5975451610080642 0.06627987869696264
0.5854809443801506 0.06712757560422962
0.5733652372276805 0.06793125930476308
0.5612053375996082 0.06868779119720146
0.54900857016478 0.06939357347591257
0.5367822817998334 0.07004477890450848
0.5245338371637088 0.07063760282113928
0.512270614261456 0.07116851597371189
0.4999999999999999 0.07163449678187989
0.4877293857385438 0.07203322340878739
0.475466162836291 0.07236320946265418
0.46321771820016633 0.07262387196256531
0.4509914298352198 0.07281552600416197
0.43879466240039156 0.07293930687347078
0.42663476277231926 0.07299702665731637
0.41451905561984914 0.07299097815771656
0.4024548389919357 0.07292370364438798
0.3904493799215649 0.07279774926176792
0.3785099100483679 0.07261542744626026
0.36664362126255073 0.07237860934709772
0.35485766137276875 0.07208856697674412
0.3431591298005543 0.0717458807985176
0.33155507330389 0.07135042299247703
0.320052481732506 0.07090142015381488
0.30865828381745486 0.0703975921924959
0.29737934299750524 0.06983735729255111
0.28622245328485874 0.06921908653488072
0.27519433517269654 0.06854138672887435
0.26430163158700104 0.06780338659081499
0.2535509038851079 0.06700499998236688
0.2429486279033891 0.06614714065871395
0.23250119005645137 0.06523186588039846
0.2222148834901989 0.06426243114743857
0.2120959042910774 0.06324324488470479
0.20215034775378343 0.06217971966646904
0.19238420470968637 0.061078024929664014
0.18280335791817703 0.05994475443929852
0.17341357852311146 0.05878652937066638
0.16422052257649067 0.05760956413398082
0.15522972763146647 0.0564192264481027
0.14644660940672616 0.05521962526353822
0.1378764585242665 0.054013259700353686
0.12952443732252045 0.05280075915339033
0.12139557674675777 0.0515807392726035
0.11349477331863145 0.05034979098928057
0.10582678618669683 0.049102610637738124
0.09839623425967753 0.04783226915971032
0.09120759342420814 0.04653060810608877
0.08426519384872727 0.04518874043345292
0.07757321737514639 0.04379762567337353
0.07113569499986394 0.04234868259346742
0.06495650444564427 0.04083439850189657
0.059039367825822475 0.03924889322869996
0.05338784940224234 0.037588397701157863
0.048005353438278275 0.03585161185008606
0.042895122148234655 0.034039914054992744
0.038060233744356575 0.03215740397298687
0.03350360058263052 0.030210771745655375
0.029227967408489597 0.028208998463930563
0.025235909703481607 0.026162904550489658
0.021529832133895532 0.024084573544061176
0.018111967102280024 0.021986687848427097
0.014984373402728013 0.019881819664747086
0.012148934980735715 0.017781724049417778
0.009607359798384785 0.015696681527013114
0.007361178805529334 0.013634934864923419
0.005411745017609493 0.011602258646764424
0.0037602327006450165 0.00960169155690382
0.0024076366639015356 0.007633450401229716
0.0013547716606548965 0.005695032591849174
0.0006022718974137975 0.0037815009741771484
0.00015059065189787502 0.0018859323768083169
0.0 0.0
0.00015059065189787502 -0.0014716624935429425
0.0006022718974137975 -0.0029356340107590767
0.0013547716606548965 -0.004383983749123173
0.0024076366639015356 -0.005809448789571508
0.0037602327006450165 -0.0072057228701741804
0.005411745017609493 -0.008567694037850467
0.007361178805529334 -0.009891619369657666
0.009607359798384785 -0.011175228955655266
0.012148934980735715 -0.012417755773319534
0.014984373402728013 -0.013619892646740102
0.018111967102280024 -0.014783681854311202
0.021529832133895532 -0.015912346825890766
0.025235909703481607 -0.017010078493621957
0.029227967408489597 -0.018081791027569637
0.03350360058263052 -0.019132862768772785
0.038060233744356575 -0.020168878120856642
0.042895122148234655 -0.021195385014015865
0.048005353438278275 -0.02221768042965247
0.05338784940224234 -0.02324063355867303
0.059039367825822475 -0.02426855270546693
0.06495650444564427 -0.02530509832325984
0.07113569499986394 -0.02635324086965005
0.07757321737514639 -0.02741525879007134
0.08426519384872727 -0.02849276912767619
0.09120759342420814 -0.029586781226817856
0.09839623425967753 -0.030697762884707824
0.10582678618669683 -0.03182570817706506
0.11349477331863145 -0.03297019702378752
0.12139557674675777 -0.03413043827690546
0.12952443732252045 -0.03530529054224619
0.1378764585242665 -0.03649325786862994
0.14644660940672616 -0.037692460595454086
0.15522972763146647 -0.038900584764625344
0.16422052257649067 -0.04011481630355892
0.17341357852311146 -0.041331768425975315
0.18280335791817703 -0.0425474121758681
0.19238420470968637 -0.043757020618647155
0.20215034775378343 -0.04495513679674557
0.2120959042910774 -0.04613557422849501
0.2222148834901989 -0.04729145653076002
0.23250119005645137 -0.0484152998512262
0.2429486279033891 -0.04949913842823223
0.2535509038851079 -0.05053469001969362
0.26430163158700104 -0.05151355444490251
0.27519433517269654 -0.05242743535023366
0.28622245328485874 -0.053268372805614826
0.29737934299750524 -0.05402897268294416
0.30865828381745486 -0.05470261811907868
0.320052481732506 -0.05528364880884922
0.33155507330389 -0.055767495410176574
0.3431591298005543 -0.05615075889295951
0.35485766137276875 -0.05643122806685066
0.36664362126255073 -0.056607832553794056
0.3785099100483679 -0.0566805328512923
0.3904493799215649 -0.05665015355238738
0.4024548389919357 -0.05651816992987609
0.41451905561984914 -0.05628646165123163
0.42663476277231926 -0.05595705009963572
0.43879466240039156 -0.055531837424515285
0.4509914298352198 -0.05501236589336914
0.46321771820016633 -0.054399615309722975
0.475466162836291 -0.053693854231529656
0.4877293857385438 -0.05289455758787885
0.4999999999999999 -0.05200039924512526
0.512270614261456 -0.05100932337671442
0.5245338371637088 -0.04991869345080569
0.5367822817998334 -0.048725512598211645
0.54900857016478 -0.04742670439426141
0.5612053375996082 -0.046019438995043044
0.5733652372276805 -0.04450148638164877
0.5854809443801506 -0.04287157639516748
0.5975451610080642 -0.04112974442493367
0.6095506200784349 -0.03927764209403925
0.6214900899516319 -0.03731879403414518
0.6333563787374491 -0.035258784737947656
0.645142338627231 -0.0331053633300508
0.6568408701994456 -0.03086845865328363
0.6684449266961098 -0.028560102033455034
0.6799475182674938 -0.02619426014544464
0.691341716182545 -0.023786585241765874
0.7026206570024947 -0.021354094326950325
0.713777546715141 -0.01891479241339827
0.7248056648273034 -0.016487257579253515
0.7356983684129987 -0.014090207036971492
0.746449096114892 -0.011742063757896281
0.7570513720966108 -0.009460542404643824
0.7674988099435485 -0.007262271492770455
0.7777851165098009 -0.005162465992642416
0.7879040957089227 -0.003174661198488889
0.7978496522462164 -0.0013105148756316293
0.8076157952903136 0.00042031929310287677
0.8171966420818224 0.00201024784806088
0.8265864214768883 0.003453727753332225
0.8357794774235092 0.004747198191574755
0.8447702723685334 0.00588896386587004
0.8535533905932737 0.006879041312795948
0.8621235414757333 0.007718980489948124
0.8704755626774794 0.008411673840674674
0.8786044232532422 0.008961164225562191
0.8865052266813687 0.00937246165692776
0.894173213813303 0.009651376827106843
0.9016037657403225 0.009804377154077249
0.9087924065757916 0.00983846865832325
0.9157348061512727 0.00976110460792225
0.9224267826248536 0.009580119683298152
0.928864305000136 0.009303686551085048
0.9350434955543556 0.008940290296278507
0.9409606321741775 0.008498715203199374
0.9466121505977576 0.007988037919147591
0.9519946465617215 0.007417621062790352
0.9571048778517655 0.006797101802155032
0.9619397662556433 0.006136370748239756
0.9664963994173694 0.005445537595410216
0.9707720325915102 0.004734881185588259
0.9747640902965183 0.004014782976194868
0.9784701678661044 0.0032956441561460817
0.98188803289772 0.0025877877985361706
0.985015626597272 0.0019013484007388516
0.9878510650192642 0.0012461519019849054
0.9903926402016152 0.0006315897667060859
0.9926388211944706 6.649098136076196e-05
0.9945882549823906 -0.00044100414724437473
0.9962397672993549 -0.0008835646503599132
0.9975923633360985 -0.0012547805630976402
0.9986452283393451 -0.0015492625441491407
0.9993977281025862 -0.0017627268547567411
0.9998494093481021 -0.0018920635899210268
1.0 -0.0019353865461394896
