1.0 0.00200141546459484
0.9998494093481021 0.0020545634962546833
0.9993977281025862 0.002213941510800778
0.9986452283393451 0.0024793337017381743
0.9975923633360985 0.0028503237936211953
0.9962397672993549 0.003326216798982913
0.9945882549823906 0.0039059421514039206
0.9926388211944706 0.004587949464227224
0.9903926402016152 0.005370109484408236
0.9878510650192642 0.006249632942373559
0.985015626597272 0.0072230189106038505
0.98188803289772 0.00828604205294772
0.9784701678661044 0.009433784952498636
0.9747640902965183 0.010660717814923993
0.9707720325915102 0.011960823588571675
0.9664963994173694 0.013327762292249083
0.9619397662556433 0.014755064472299708
0.9571048778517655 0.016236340572628474
0.9519946465617215 0.01776549088863246
0.9466121505977576 0.01933689990047958
0.9409606321741775 0.020945599253492587
0.9350434955543556 0.02258738547189358
0.928864305000136 0.024258881541351106
0.9224267826248536 0.025957535554066984
0.9157348061512727 0.02768155436678341
0.9087924065757916 0.029429775301570673
0.9016037657403225 0.031201483911519782
0.894173213813303 0.03299619032735954
0.8865052266813687 0.03481338031826936
0.8786044232532422 0.0366522596271157
0.8704755626774794 0.038511511154718174
0.8621235414757333 0.04038908405837893
0.8535533905932737 0.04228203180738196
0.8447702723685334 0.04418641283591187
0.8357794774235092 0.04609726289891072
0.8265864214768883 0.048008642911052675
0.8171966420818224 0.04991376034422781
0.8076157952903136 0.05180515662197021
0.7978496522462164 0.05367494782799669
0.7879040957089227 0.05551510185269216
0.7777851165098009 0.05731773217893005
0.7674988099435485 0.05907538710216491
0.7570513720966108 0.06078131341580478
0.746449096114892 0.06242967546779511
0.7356983684129987 0.06401571387332682
0.7248056648273034 0.06553583279511078
0.713777546715141 0.06698761021806844
0.7026206570024947 0.06836973161660259
0.691341716182545 0.06968185336678454
0.6799475182674938 0.07092440771744529
0.6684449266961098 0.07209836566388893
0.6568408701994456 0.07320497729810713
0.645142338627231 0.07424551087433764
0.6333563787374491 0.0752210117873328
0.6214900899516319 0.07613210090836545
0.6095506200784349 0.0769788283947539
0.5975451610080642 0.07776059444517833
0.5854809443801506 0.07847614288646595
0.5733652372276805 0.07912362739838326
0.5612053375996082 0.07970074410533776
0.54900857016478 0.08020491868557068
0.5367822817998334 0.08063353153052766
0.5245338371637088 0.08098416121619445
0.512270614261456 0.0812548249040372
0.4999999999999999 0.08144419442088574
0.4877293857385438 0.08155176867949443
0.475466162836291 0.08157798665325389
0.46321771820016633 0.08152427003189211
0.4509914298352198 0.08139299056701088
0.43879466240039156 0.08118736348933445
0.42663476277231926 0.08091127471933543
0.41451905561984914 0.08056905537071811
0.4024548389919357 0.08016522177204659
0.3904493799215649 0.07970420249485155
0.3785099100483679 0.07919007538011749
0.36664362126255073 0.07862633714242494
0.35485766137276875 0.07801572580056343
0.3431591298005543 0.07736011209126684
0.33155507330389 0.07666047047277194
0.320052481732506 0.07591693374674255
0.30865828381745486 0.07512892824339515
0.29737934299750524 0.07429537950045266
0.28622245328485874 0.07341497200371667
0.27519433517269654 0.0724864413873392
0.26430163158700104 0.07150887397238924
0.2535509038851079 0.07048198698689782
0.2429486279033891 0.06940636344040513
0.23250119005645137 0.06828361843183448
0.2222148834901989 0.06711647848696774
0.2120959042910774 0.06590876202084485
0.20215034775378343 0.0646652567278702
0.19238420470968637 0.06339149803634443
0.18280335791817703 0.06209346107748741
0.17341357852311146 0.060777186249225415
0.16422052257649067 0.05944836477586255
0.15522972763146647 0.05811191513628968
0.14644660940672616 0.056771583446227
0.1378764585242665 0.05542960059012185
0.12952443732252045 0.05408642604985709
0.12139557674675777 0.05274060311111756
0.11349477331863145 0.05138874277498712
0.10582678618669683 0.050025644761780175
0.09839623425967753 0.0486445540999893
0.09120759342420814 0.04723754166769811
0.08426519384872727 0.0457959874541652
0.07757321737514639 0.04431113697107677
0.07113569499986394 0.04277469482375914
0.06495650444564427 0.041179415480791466
0.059039367825822475 0.03951965011276299
0.05338784940224234 0.037791810162651984
0.048005353438278275 0.035994712999926896
0.042895122148234655 0.03412978232046634
0.038060233744356575 0.032201085408352294
0.03350360058263052 0.03021520033042891
0.029227967408489597 0.02818091782562745
0.025235909703481607 0.026108794247114906
0.021529832133895532 0.024010582578755515
0.018111967102280024 0.021898577496000805
0.014984373402728013 0.019784917006607283
0.012148934980735715 0.01768088688403237
0.009607359798384785 0.015596274594362525
0.007361178805529334 0.013538816641576641
0.005411745017609493 0.011513777375926664
0.0037602327006450165 0.009523688711348581
0.0024076366639015356 0.007568269464109664
0.0013547716606548965 0.005644530898171309
0.0006022718974137975 0.0037470623898467437
0.00015059065189787502 0.0018684787962868889
0.0 0.0
0.00015059065189787502 -0.001200584878633622
0.0006022718974137975 -0.0023939380103445555
0.0013547716606548965 -0.003572577107941465
0.0024076366639015356 -0.004729705175375909
0.0037602327006450165 -0.005859505685664181
0.005411745017609493 -0.006957384056316444
0.007361178805529334 -0.008020143049880827
0.009607359798384785 -0.009046083954626674
0.012148934980735715 -0.010035030090586233
0.014984373402728013 -0.01098827400931736
0.018111967102280024 -0.0119084543756868
0.021529832133895532 -0.012799372618956877
0.025235909703481607 -0.013665762742380731
0.029227967408489597 -0.014513029970933282
0.03350360058263052 -0.015346975058187018
0.038060233744356575 -0.016173521014464978
0.042895122148234655 -0.016998457797183862
0.048005353438278275 -0.017827218243906057
0.05338784940224234 -0.01866469542715169
0.059039367825822475 -0.01951510792463206
0.06495650444564427 -0.0203819155251958
0.07113569499986394 -0.021267783941148515
0.07757321737514639 -0.02217459347516864
0.08426519384872727 -0.023103483566783233
0.09120759342420814 -0.02405492293922205
0.09839623425967753 -0.025028793833891817
0.10582678618669683 -0.026024478628684053
0.11349477331863145 -0.0270409379755752
0.12139557674675777 -0.02807677136778349
0.12952443732252045 -0.02913025358814694
0.1378764585242665 -0.030199343569133126
0.14644660940672616 -0.03128166554003221
0.15522972763146647 -0.03237446565754696
0.16422052257649067 -0.033474550324662795
0.17341357852311146 -0.03457821483814139
0.18280335791817703 -0.03568117265318069
0.19238420470968637 -0.036778496264975154
0.20215034775378343 -0.03786458040774457
0.2120959042910774 -0.03893313697145856
0.2222148834901989 -0.039977228826346
0.23250119005645137 -0.04098934679213667
0.2429486279033891 -0.041961530522395
0.2535509038851079 -0.04288553036891057
0.26430163158700104 -0.043753003645439374
0.27519433517269654 -0.04455573542333386
0.28622245328485874 -0.045285871340206105
0.29737934299750524 -0.04593614811865829
0.30865828381745486 -0.04650010674412232
0.320052481732506 -0.0469722736309229
0.33155507330389 -0.04734829662077645
0.3431591298005543 -0.04762502522841147
0.35485766137276875 -0.047800528013421696
0.36664362126255073 -0.047874044083785094
0.3785099100483679 -0.0478458702384458
0.3904493799215649 -0.04771718981418848
0.4024548389919357 -0.04748985358571887
0.41451905561984914 -0.04716612676134217
0.42663476277231926 -0.04674841894110611
0.43879466240039156 -0.04623901563893285
0.4509914298352198 -0.04563983046878494
0.46321771820016633 -0.044952196296699186
0.475466162836291 -0.0441767115956673
0.4877293857385438 -0.043313155028103366
0.4999999999999999 -0.04236047712143751
0.512270614261456 -0.04131687306403283
0.5245338371637088 -0.04017993544770768
0.5367822817998334 -0.0389468805629416
0.54900857016478 -0.03761483695944045
0.5612053375996082 -0.03618118074302773
0.5733652372276805 -0.03464389877112377
0.5854809443801506 -0.03300195875191886
0.5975451610080642 -0.03125566438789214
0.6095506200784349 -0.029406974187229838
0.6214900899516319 -0.027459764362193072
0.6333563787374491 -0.025420019220653338
0.645142338627231 -0.023295936438060882
0.6568408701994456 -0.02109793931179685
0.6684449266961098 -0.018838593244025544
0.6799475182674938 -0.016532428945984935
0.691341716182545 -0.014195679879016716
0.7026206570024947 -0.011845945940080971
0.713777546715141 -0.009501799098157904
0.7248056648273034 -0.007182349387137701
0.7356983684129987 -0.004906791225169626
0.746449096114892 -0.0026939504019465894
0.7570513720966108 -0.0005618512746692555
0.7674988099435485 0.0014726781642076029
0.7777851165098009 0.0033943484779896936
0.7879040957089227 0.005189686862502743
0.7978496522462164 0.006847243685711491
0.8076157952903136 0.008357724204420488
0.8171966420818224 0.009714046230775255
0.8265864214768883 0.010911328254621721
0.8357794774235092 0.01194681572415664
0.8447702723685334 0.012819755682331463
0.8535533905932737 0.013531231641761546
0.8621235414757333 0.01408397140841508
0.8704755626774794 0.01448214054616499
0.8786044232532422 0.014731133378098048
0.8865052266813687 0.014837371961459721
0.894173213813303 0.0148081215027858
0.9016037657403225 0.014651328372929826
0.9087924065757916 0.01437548442247271
0.9157348061512727 0.013989518866142771
0.9224267826248536 0.013502716763240644
0.928864305000136 0.012924661205230616
0.9350434955543556 0.012265194832293394
0.9409606321741775 0.011534395299015527
0.9466121505977576 0.010742558816267503
0.9519946465617215 0.009900185893926208
0.9571048778517655 0.009017963845956534
0.9619397662556433 0.00810674141734264
0.9664963994173694 0.007177491955162752
0.9707720325915102 0.006241262768522476
0.9747640902965183 0.005309109599030978
0.9784701678661044 0.004392016358371123
0.98188803289772 0.0035008014007202725
0.985015626597272 0.0026460125237117884
0.9878510650192642 0.0018378135931535053
0.9903926402016152 0.0010858661475730475
0.9926388211944706 0.0003992095636657011
0.9945882549823906 -0.00021385662466812875
0.9962397672993549 -0.000745884827461022
0.9975923633360985 -0.0011903827955163447
0.9986452283393451 -0.001541905580853469
0.9993977281025862 -0.001796133770161017
0.9998494093481021 -0.0019499361569267407
1.0 -0.00200141546459484
