1.0 0.0019215441729876223
0.9998494093481021 0.0019760863203840415
0.9993977281025862 0.002139635434915886
0.9986452283393451 0.0024119408928573905
0.9975923633360985 0.0027925248676095075
0.9962397672993549 0.003280599019173557
0.9945882549823906 0.0038749609529018995
0.9926388211944706 0.004573882089247712
0.9903926402016152 0.005374999980260765
0.9878510650192642 0.006275228288597716
0.985015626597272 0.007270696577460852
0.98188803289772 0.008356729821334903
0.9784701678661044 0.00952787431759022
0.9747640902965183 0.010777972727106193
0.9707720325915102 0.012100286634068822
0.9664963994173694 0.013487660665838655
0.9619397662556433 0.014932718235246402
0.9571048778517655 0.01642807571644841
0.9519946465617215 0.01796655964211871
0.9466121505977576 0.019541410532454884
0.9409606321741775 0.02114645735149711
0.9350434955543556 0.0227762483365658
0.928864305000136 0.024426126950049736
0.9224267826248536 0.02609224573959451
0.9157348061512727 0.027771515652468035
0.9087924065757916 0.029461493455702665
0.9016037657403225 0.031160214952692267
0.894173213813303 0.03286598624402597
0.8865052266813687 0.034577148972086726
0.8786044232532422 0.03629183799588494
0.8704755626774794 0.03800775103634459
0.8621235414757333 0.03972194939561617
0.8535533905932737 0.04143070689201641
0.8447702723685334 0.04312942079362044
0.8357794774235092 0.04481259402188797
0.8265864214768883 0.046473892572135585
0.8171966420818224 0.048106276370578425
0.8076157952903136 0.049702196106403605
0.7978496522462164 0.05125384339241896
0.7879040957089227 0.05275343733558862
0.7777851165098009 0.05419352758747235
0.7674988099435485 0.05556729244554909
0.7570513720966108 0.05686881072287587
0.746449096114892 0.058093287898688575
0.7356983684129987 0.05923722037811689
0.7248056648273034 0.060298486274452924
0.713777546715141 0.061276356628398095
0.7026206570024947 0.06217142696569919
0.691341716182545 0.06298547509610665
0.6799475182674938 0.06372125659702556
0.6684449266961098 0.06438225406307417
0.6568408701994456 0.06497239956644894
0.645142338627231 0.06549579159133848
0.6333563787374491 0.06595642783045513
0.6214900899516319 0.06635797365068412
0.6095506200784349 0.06670358287326432
0.5975451610080642 0.0669957830257217
0.5854809443801506 0.06723643177072261
0.5733652372276805 0.06742674524398364
0.5612053375996082 0.06756739302695773
0.54900857016478 0.06765864893312339
0.5367822817998334 0.06770058215741977
0.5245338371637088 0.06769327001226964
0.512270614261456 0.06763701173164066
0.4999999999999999 0.06753252281908004
0.4877293857385438 0.067381091156744
0.475466162836291 0.06718467944579669
0.46321771820016633 0.06694596324490824
0.4509914298352198 0.0666682995294299
0.43879466240039156 0.06635562684159368
0.42663476277231926 0.0660123042276387
0.41451905561984914 0.06564290174210867
0.4024548389919357 0.06525195986151751
0.3904493799215649 0.06484373828594772
0.3785099100483679 0.06442197602712221
0.36664362126255073 0.06398968423231648
0.35485766137276875 0.06354899087538222
0.3431591298005543 0.06310105241490672
0.33155507330389 0.06264604207654656
0.320052481732506 0.062183217986876566
0.30865828381745486 0.06171106748596992
0.29737934299750524 0.06122751714255355
0.28622245328485874 0.060730191861816926
0.27519433517269654 0.06021670154382312
0.26430163158700104 0.059684930467063926
0.2535509038851079 0.059133303261031875
0.2429486279033891 0.05856100216569421
0.23250119005645137 0.057968113256900655
0.2222148834901989 0.05735568427380795
0.2120959042910774 0.05672568328196435
0.20215034775378343 0.05608085516701964
0.19238420470968637 0.055424481295489
0.18280335791817703 0.05476005595373824
0.17341357852311146 0.054090900723852635
0.16422052257649067 0.05341974415277772
0.15522972763146647 0.05274829838430574
0.14644660940672616 0.052076866449095496
0.1378764585242665 0.05140401340920939
0.12952443732252045 0.050726331482560005
0.12139557674675777 0.05003832377799107
0.11349477331863145 0.049332423692292196
0.10582678618669683 0.04859915786348391
0.09839623425967753 0.04782745048081416
0.09120759342420814 0.04700505644918895
0.08426519384872727 0.04611910115640785
0.07757321737514639 0.045156696134825314
0.07113569499986394 0.044105593404923024
0.06495650444564427 0.042954837266285954
0.059039367825822475 0.04169537111839667
0.05338784940224234 0.0403205587036194
0.048005353438278275 0.03882658390406243
0.042895122148234655 0.03721270061220029
0.038060233744356575 0.03548131375218067
0.03350360058263052 0.03363788360747866
0.029227967408489597 0.0316906574420418
0.025235909703481607 0.029650244150537124
0.021529832133895532 0.027529058496835963
0.018111967102280024 0.025340670612140074
0.014984373402728013 0.023099103152821487
0.012148934980735715 0.020818122355261454
0.009607359798384785 0.018510569866219396
0.007361178805529334 0.01618777959555944
0.005411745017609493 0.013859118091725518
0.0037602327006450165 0.01153167846293059
0.0024076366639015356 0.009210147241683876
0.0013547716606548965 0.006896851558283326
0.0006022718974137975 0.004591981396846771
0.00015059065189787502 0.002293969446352444
0.0 0.0
0.00015059065189787502 -0.001338423813750459
0.0006022718974137975 -0.0026677416287536324
0.0013547716606548965 -0.003978649481272348
0.0024076366639015356 -0.0052625852503346456
0.0037602327006450165 -0.00651205092623097
0.005411745017609493 -0.007720879775569415
0.007361178805529334 -0.008884435585358608
0.009607359798384785 -0.009999735416211263
0.012148934980735715 -0.011065492011876184
0.014984373402728013 -0.012082076869900432
0.018111967102280024 -0.01305140964086438
0.021529832133895532 -0.013976783674090183
0.025235909703481607 -0.014862640890100517
0.029227967408489597 -0.01571431151977613
0.03350360058263052 -0.01653773546893884
0.038060233744356575 -0.017339182092607573
0.042895122148234655 -0.01812498403169606
0.048005353438278275 -0.018901298597472516
0.05338784940224234 -0.019673907181218607
0.059039367825822475 -0.02044805957245753
0.06495650444564427 -0.02122836618168872
0.07113569499986394 -0.022018737291278637
0.07757321737514639 -0.022822364901318802
0.08426519384872727 -0.023641739764928765
0.09120759342420814 -0.024478694037013606
0.09839623425967753 -0.02533445874127119
0.10582678618669683 -0.026209725062803026
0.11349477331863145 -0.027104699284993664
0.12139557674675777 -0.028019142914685703
0.12952443732252045 -0.028952392010928075
0.1378764585242665 -0.029903352722050174
0.14644660940672616 -0.03087047327487231
0.15522972763146647 -0.03185169586060412
0.16422052257649067 -0.03284439474040957
0.17341357852311146 -0.03384530919245951
0.18280335791817703 -0.03485048143172017
0.19238420470968637 -0.03585521020834463
0.20215034775378343 -0.03685403036132172
0.2120959042910774 -0.03784072718432865
0.2222148834901989 -0.03880839214574644
0.23250119005645137 -0.03974952346472897
0.2429486279033891 -0.04065617151248946
0.2535509038851079 -0.041520125259458876
0.26430163158700104 -0.04233313232477331
0.27519433517269654 -0.0430871419046876
0.28622245328485874 -0.04377455723755028
0.29737934299750524 -0.044388482536205455
0.30865828381745486 -0.044922948651631975
0.320052481732506 -0.04537310221424922
0.33155507330389 -0.04573534463599406
0.3431591298005543 -0.04600741006422837
0.35485766137276875 -0.04618837499277141
0.36664362126255073 -0.04627859651984749
0.3785099100483679 -0.04627958090700751
0.3904493799215649 -0.04619378881291881
0.4024548389919357 -0.046024388016802247
0.41451905561984914 -0.0457749682876829
0.42663476277231926 -0.04544923601437782
0.43879466240039156 -0.04505070806235899
0.4509914298352198 -0.0445824249172626
0.46321771820016633 -0.04404670244702815
0.475466162836291 -0.043444939592876076
0.4877293857385438 -0.04277749610087247
0.4999999999999999 -0.04204365022992295
0.512270614261456 -0.04124164148617878
0.5245338371637088 -0.040368798155172275
0.5367822817998334 -0.03942174407631936
0.54900857016478 -0.03839667407825667
0.5612053375996082 -0.03728968309604571
0.5733652372276805 -0.036097130508032996
0.5854809443801506 -0.03481601888452529
0.5975451610080642 -0.033444365279027506
0.6095506200784349 -0.03198154347613056
0.6214900899516319 -0.030428577209563767
0.6333563787374491 -0.028788367164644706
0.645142338627231 -0.027065838389494563
0.6568408701994456 -0.02526799930420206
0.6684449266961098 -0.02340390851732567
0.6799475182674938 -0.02148455081194137
0.691341716182545 -0.019522628624810207
0.7026206570024947 -0.017532279808625425
0.713777546715141 -0.015528736175556054
0.7248056648273034 -0.013527940064231138
0.7356983684129987 -0.011546137814773984
0.746449096114892 -0.009599469516520296
0.7570513720966108 -0.007703573727271254
0.7674988099435485 -0.005873224141768736
0.7777851165098009 -0.00412201256583559
0.7879040957089227 -0.0024620892384259133
0.7978496522462164 -0.0009039677794670132
0.8076157952903136 0.0005436019127374875
0.8171966420818224 0.0018736933750735346
0.8265864214768883 0.0030812000381438493
0.8357794774235092 0.004162775619376417
0.8447702723685334 0.005116728017666876
0.8535533905932737 0.005942877870054174
0.8621235414757333 0.006642393694463702
0.8704755626774794 0.007217615488795118
0.8786044232532422 0.0076718778528475015
0.8865052266813687 0.0080093422594315
0.894173213813303 0.008234846173587848
0.9016037657403225 0.008353774475674364
0.9087924065757916 0.008371956265477272
0.9157348061512727 0.008295587785918586
0.9224267826248536 0.008131180064733812
0.928864305000136 0.007885528061762175
0.9350434955543556 0.007565696724568593
0.9409606321741775 0.00717901845333104
0.9466121505977576 0.006733096074581581
0.9519946465617215 0.0062358055019002545
0.9571048778517655 0.00569529276645276
0.9619397662556433 0.005119960951847568
0.9664963994173694 0.004518443669289924
0.9707720325915102 0.0038995629553585927
0.9747640902965183 0.0032722707616707645
0.9784701678661044 0.0026455744379585413
0.98188803289772 0.002028447707950797
0.985015626597272 0.0014297295415001804
0.9878510650192642 0.0008580139998617931
0.9903926402016152 0.00032153456008310083
0.9926388211944706 -0.00017195338370951758
0.9945882549823906 -0.0006152881651256405
0.9962397672993549 -0.0010020121556212581
0.9975923633360985 -0.0013264735864627832
0.9986452283393451 -0.0015839171419074296
0.9993977281025862 -0.0017705610391114067
0.9998494093481021 -0.001883658775337213
1.0 -0.0019215441729876223
