1.0 0.002243697652611216
0.9998494093481021 0.0022901342144446284
0.9993977281025862 0.002429385884043107
0.9986452283393451 0.0026612609469216465
0.9975923633360985 0.002985382939291171
0.9962397672993549 0.0034011118821802473
0.9945882549823906 0.003907446663793009
0.9926388211944706 0.004502919804768276
0.9903926402016152 0.005185497161982018
0.9878510650192642 0.0059524952621943465
0.985015626597272 0.00680052787632345
0.98188803289772 0.007725491225214198
0.9784701678661044 0.008722594027061185
0.9747640902965183 0.00978643472112908
0.9707720325915102 0.010911123963353904
0.9664963994173694 0.012090446255586411
0.9619397662556433 0.013318050716691432
0.9571048778517655 0.014587657879657065
0.9519946465617215 0.015893267297483228
0.9466121505977576 0.017229349873202682
0.9409606321741775 0.018591009306185242
0.9350434955543556 0.019974098866062464
0.928864305000136 0.021375282751705714
0.9224267826248536 0.02279203534429519
0.9157348061512727 0.024222576410153834
0.9087924065757916 0.02566574537550384
0.9016037657403225 0.02712082277188648
0.894173213813303 0.028587311426740338
0.8865052266813687 0.03006469357039
0.8786044232532422 0.03155218243476577
0.8704755626774794 0.03304848790810953
0.8621235414757333 0.034551615272279027
0.8535533905932737 0.036058713995348754
0.8447702723685334 0.0375659901151965
0.8357794774235092 0.03906869117663114
0.8265864214768883 0.04056116731779944
0.8171966420818224 0.04203700635260378
0.8076157952903136 0.04348923501293108
0.7978496522462164 0.044910573346972356
0.7879040957089227 0.04629372503204013
0.7777851165098009 0.04763168339746712
0.7674988099435485 0.04891803151335449
0.7570513720966108 0.05014721491373381
0.746449096114892 0.05131476738759505
0.7356983684129987 0.05241747365638514
0.7248056648273034 0.05345345740806674
0.713777546715141 0.054422188718879674
0.7026206570024947 0.05532441093262145
0.691341716182545 0.05616199311043764
0.6799475182674938 0.05693771973510215
0.6684449266961098 0.05765503401055351
0.6568408701994456 0.05831775446846243
0.645142338627231 0.05892978640808123
0.6333563787374491 0.059494849806174734
0.6214900899516319 0.06001624372914257
0.6095506200784349 0.06049666408618001
0.5975451610080642 0.06093808703585287
0.5854809443801506 0.061341724863111756
0.5733652372276805 0.061708055124115264
0.5612053375996082 0.06203691780162382
0.54900857016478 0.06232766961891888
0.5367822817998334 0.06257937998515303
0.5245338371637088 0.06279104967721663
0.512270614261456 0.06296183158539882
0.4999999999999999 0.06309123281645675
0.4877293857385438 0.06317927916989023
0.475466162836291 0.06322662634822312
0.46321771820016633 0.06323460696156244
0.4509914298352198 0.0632052080575526
0.43879466240039156 0.0631409800823037
0.42663476277231926 0.06304488434095008
0.41451905561984914 0.0629200916575853
0.4024548389919357 0.06276974954990919
0.3904493799215649 0.0625967384277914
0.3785099100483679 0.06240343880267615
0.36664362126255073 0.0621915310995403
0.35485766137276875 0.061961847390944826
0.3431591298005543 0.06171429037518207
0.33155507330389 0.061447829495181246
0.320052481732506 0.061160577663531786
0.30865828381745486 0.06084994513575744
0.29737934299750524 0.0605128602249529
0.28622245328485874 0.06014604034930294
0.27519433517269654 0.059746291883758684
0.26430163158700104 0.059310813898801294
0.2535509038851079 0.058837479441738845
0.2429486279033891 0.058325068727562296
0.23250119005645137 0.057773431466753455
0.2222148834901989 0.0571835604032579
0.2120959042910774 0.056557564639776826
0.20215034775378343 0.05589853902055308
0.19238420470968637 0.055210334147141424
0.18280335791817703 0.05449723987882823
0.17341357852311146 0.053763602759472305
0.16422052257649067 0.05301340409541303
0.15522972763146647 0.05224982984886676
0.14644660940672616 0.051474865701210924
0.1378764585242665 0.050688950337813635
0.12952443732252045 0.04989071715408423
0.12139557674675777 0.049076849319657785
0.11349477331863145 0.04824206579119066
0.10582678618669683 0.04737924692892301
0.09839623425967753 0.046479698476144006
0.09120759342420814 0.04553354252042178
0.08426519384872727 0.04453021442297738
0.07757321737514639 0.04345903630916433
0.07113569499986394 0.04230983121347368
0.06495650444564427 0.04107353789432137
0.059039367825822475 0.03974278503524179
0.05338784940224234 0.03831238518894404
0.048005353438278275 0.036779713343358805
0.042895122148234655 0.035144942124732355
0.038060233744356575 0.033411114935124636
0.03350360058263052 0.031584049117846145
0.029227967408489597 0.029672072800772713
0.025235909703481607 0.02768561056338753
0.021529832133895532 0.025636643680737148
0.018111967102280024 0.023538079641732015
0.014984373402728013 0.02140307225703931
0.012148934980735715 0.019244337460966123
0.009607359798384785 0.017073510569573472
0.007361178805529334 0.014900588204776407
0.005411745017609493 0.012733492483749867
0.0037602327006450165 0.01057778677901743
0.0024076366639015356 0.008436561948023275
0.0013547716606548965 0.006310500138692708
0.0006022718974137975 0.004198110930470068
0.00015059065189787502 0.0020961225437169254
0.0 0.0
0.00015059065189787502 -0.0013147380756303065
0.0006022718974137975 -0.0026221542905388354
0.0013547716606548965 -0.003914620096199291
0.0024076366639015356 -0.005185225377206639
0.0037602327006450165 -0.006428088862451595
0.005411745017609493 -0.0076386132354544925
0.007361178805529334 -0.008813672094219436
0.009607359798384785 -0.009951720185899338
0.012148934980735715 -0.011052823090848993
0.014984373402728013 -0.012118607423995682
0.018111967102280024 -0.013152137321949243
0.021529832133895532 -0.014157727172997807
0.025235909703481607 -0.015140703946377407
0.029227967408489597 -0.016107134870441957
0.03350360058263052 -0.017063537456500764
0.038060233744356575 -0.018016588911932536
0.042895122148234655 -0.01897285086731716
0.048005353438278275 -0.019938523177363325
0.05338784940224234 -0.020919237538830168
0.059039367825822475 -0.021919898054072105
0.06495650444564427 -0.02294457194899574
0.07113569499986394 -0.023996429738077495
0.07757321737514639 -0.02507773051801607
0.08426519384872727 -0.0261898450362935
0.09120759342420814 -0.02733330694096274
0.09839623425967753 -0.028507881325451078
0.10582678618669683 -0.029712639410661074
0.11349477331863145 -0.0309460289464608
0.12139557674675777 -0.03220593157448198
0.12952443732252045 -0.03348970080913395
0.1378764585242665 -0.03479417723925643
0.14644660940672616 -0.0361156807628085
0.15522972763146647 -0.03744998285547416
0.16422052257649067 -0.03879226475824795
0.17341357852311146 -0.04013706979200294
0.18280335791817703 -0.041478259558309104
0.19238420470968637 -0.042808984418435884
0.20215034775378343 -0.04412167828509672
0.2120959042910774 -0.04540808642419236
0.2222148834901989 -0.046659332737933226
0.23250119005645137 -0.04786603005213212
0.2429486279033891 -0.04901843348699931
0.2535509038851079 -0.0501066333247268
0.26430163158700104 -0.05112078019426052
0.27519433517269654 -0.052051332170075945
0.28622245328485874 -0.052889310800872495
0.29737934299750524 -0.053626551374878415
0.30865828381745486 -0.05425593205714337
0.320052481732506 -0.0547715669905755
0.33155507330389 -0.055168950041873395
0.3431591298005543 -0.05544503851518844
0.35485766137276875 -0.05559826968835978
0.36664362126255073 -0.055628507216778755
0.3785099100483679 -0.05553691901241047
0.3904493799215649 -0.05532579282100762
0.4024548389919357 -0.05499830005971872
0.41451905561984914 -0.05455822222464356
0.42663476277231926 -0.054009657055010866
0.43879466240039156 -0.053356723426797474
0.4509914298352198 -0.05260328449711616
0.46321771820016633 -0.05175270787019995
0.475466162836291 -0.05080767953516338
0.4877293857385438 -0.04977008515258004
0.4999999999999999 -0.048640968139786286
0.512270614261456 -0.047420569189452665
0.5245338371637088 -0.04610844666683294
0.5367822817998334 -0.044703672109573184
0.54900857016478 -0.0432050901445373
0.5612053375996082 -0.04161162786258862
0.5733652372276805 -0.03992263533551384
0.5854809443801506 -0.0381382367381089
0.5975451610080642 -0.036259670595086564
0.6095506200784349 -0.03428959806341555
0.6214900899516319 -0.032232359853796286
0.6333563787374491 -0.0300941652725153
0.645142338627231 -0.027883200732823743
0.6568408701994456 -0.02560964968703113
0.6684449266961098 -0.023285620966647703
0.6799475182674938 -0.020924987665315923
0.691341716182545 -0.01854314363448167
0.7026206570024947 -0.016156689082426727
0.713777546715141 -0.01378306041196567
0.7248056648273034 -0.011440122096720403
0.7356983684129987 -0.009145739945743518
0.746449096114892 -0.0069173554830948706
0.7570513720966108 -0.00477158039228717
0.7674988099435485 -0.0027238281387022773
0.7777851165098009 -0.0007879971444378711
0.7879040957089227 0.001023783540332656
0.7978496522462164 0.002701339001847042
0.8076157952903136 0.004236560654798116
0.8171966420818224 0.0056234468337871685
0.8265864214768883 0.006858076413632977
0.8357794774235092 0.007938523214002246
0.8447702723685334 0.008864721376124924
0.8535533905932737 0.009638293531141203
0.8621235414757333 0.01026235436380594
0.8704755626774794 0.010741302124182277
0.8786044232532422 0.011080609820974497
0.8865052266813687 0.011286626357597761
0.894173213813303 0.011366395896210413
0.9016037657403225 0.011327501428995643
0.9087924065757916 0.011177936082421274
0.9157348061512727 0.01092600325708024
0.9224267826248536 0.010580244474299397
0.928864305000136 0.010149391895212979
0.9350434955543556 0.00964234099801775
0.9409606321741775 0.009068137905199445
0.9466121505977576 0.00843597536499762
0.9519946465617215 0.007755191392423936
0.9571048778517655 0.007035265013518794
0.9619397662556433 0.006285804354532734
0.9664963994173694 0.0055165233796641054
0.9707720325915102 0.004737204802332258
0.9747640902965183 0.003957647971310936
0.9784701678661044 0.003187601768320484
0.98188803289772 0.0024366836667748075
0.985015626597272 0.001714287030966636
0.9878510650192642 0.001029479442013031
0.9903926402016152 0.00039089530501506707
0.9926388211944706 -0.00019337377431349672
0.9945882549823906 -0.0007158873337445551
0.9962397672993549 -0.0011699597653771893
0.9975923633360985 -0.001549756330139995
0.9986452283393451 -0.0018503787946127302
0.9993977281025862 -0.00206793844025017
0.9998494093481021 -0.002199614642115984
1.0 -0.002243697652611216
