1.0 0.002059976579044245
0.9998494093481021 0.0021081583577994664
0.9993977281025862 0.0022526665909202784
0.9986452283393451 0.0024933703983163083
0.9975923633360985 0.00282998846852328
0.9962397672993549 0.0032620013073603113
0.9945882549823906 0.0037885417645519776
0.9926388211944706 0.004408275751017596
0.9903926402016152 0.005119286511584396
0.9878510650192642 0.005918976042493365
0.985015626597272 0.006803996205037905
0.98188803289772 0.007770219860963599
0.9784701678661044 0.008812759121203679
0.9747640902965183 0.009926033826315983
0.9707720325915102 0.011103889001312699
0.9664963994173694 0.012339755625492298
0.9619397662556433 0.013626845013109906
0.9571048778517655 0.014958363772023956
0.9519946465617215 0.01632773399790696
0.9466121505977576 0.01772880229217441
0.9409606321741775 0.019156021481688938
0.9350434955543556 0.02060459057355713
0.928864305000136 0.02207054138986737
0.9224267826248536 0.023550764278331547
0.9157348061512727 0.025042969977948647
0.9087924065757916 0.02654558975997443
0.9016037657403225 0.02805762095339619
0.894173213813303 0.02957842948785345
0.8865052266813687 0.031107524764121167
0.8786044232532422 0.03264432467503057
0.8704755626774794 0.03418792972079335
0.8621235414757333 0.0357369247755192
0.8535533905932737 0.03728922517132239
0.8447702723685334 0.03884198050082434
0.8357794774235092 0.04039154514014658
0.8265864214768883 0.04193351930053463
0.8171966420818224 0.04346285883487032
0.8076157952903136 0.044974046499963415
0.7978496522462164 0.04646131235250115
0.7879040957089227 0.04791888684688386
0.7777851165098009 0.04934126734926956
0.7674988099435485 0.050723477429113574
0.7570513720966108 0.05206129856427529
0.746449096114892 0.05335145579543134
0.7356983684129987 0.05459174225615644
0.7248056648273034 0.055781072131031825
0.713777546715141 0.056919457097728936
0.7026206570024947 0.058007907258027486
0.691341716182545 0.05904826348481799
0.6799475182674938 0.06004297353255137
0.6684449266961098 0.06099482873851625
0.6568408701994456 0.06190668131469908
0.645142338627231 0.06278116382987944
0.6333563787374491 0.06362043236863678
0.6214900899516319 0.0644259530247379
0.6095506200784349 0.06519834797620454
0.5975451610080642 0.06593731266245434
0.5854809443801506 0.0666416099132682
0.5733652372276805 0.0673091407175423
0.5612053375996082 0.06793708516304081
0.54900857016478 0.0685221014266913
0.5367822817998334 0.06906056601159948
0.5245338371637088 0.06954883510041282
0.512270614261456 0.06998350520633125
0.4999999999999999 0.070361651403291
0.4877293857385438 0.07068102331124258
0.475466162836291 0.07094018255989983
0.46321771820016633 0.07113857037682454
0.4509914298352198 0.07127649984941906
0.43879466240039156 0.07135507381639182
0.42663476277231926 0.07137603572656726
0.41451905561984914 0.07134156663078571
0.4024548389919357 0.07125404625386705
0.3904493799215649 0.07111579941518888
0.3785099100483679 0.07092885062945828
0.36664362126255073 0.07069470936500694
0.35485766137276875 0.07041420616201133
0.3431591298005543 0.07008739577212443
0.33155507330389 0.06971353797691575
0.320052481732506 0.06929116020409103
0.30865828381745486 0.06881819900992842
0.29737934299750524 0.06829221050862362
0.28622245328485874 0.06771063348620503
0.27519433517269654 0.06707108378031781
0.26430163158700104 0.06637165499482743
0.2535509038851079 0.06561119908397328
0.2429486279033891 0.06478956096610924
0.23250119005645137 0.06390774412275578
0.2222148834901989 0.06296798894054932
0.2120959042910774 0.06197375203170933
0.20215034775378343 0.0609295824497582
0.19238420470968637 0.05984089901965641
0.18280335791817703 0.05871368127854699
0.17341357852311146 0.05755409411298692
0.16422052257649067 0.0563680724555924
0.15522972763146647 0.05516089682979894
0.14644660940672616 0.05393679269826034
0.1378764585242665 0.05269858623636122
0.12952443732252045 0.051447446263933064
0.12139557674675777 0.050182736768952955
0.11349477331863145 0.04890199708037866
0.10582678618669683 0.0476010577956682
0.09839623425967753 0.046274290678072025
0.09120759342420814 0.04491498063351603
0.08426519384872727 0.04351579831534285
0.07757321737514639 0.04206934362326045
0.07113569499986394 0.04056872401750817
0.06495650444564427 0.03900812768714046
0.059039367825822475 0.03738335054644212
0.05338784940224234 0.0356922379372399
0.048005353438278275 0.033935006720935315
0.042895122148234655 0.032114420869407856
0.038060233744356575 0.03023580322611374
0.03350360058263052 0.028306877158483852
0.029227967408489597 0.02633744358951351
0.025235909703481607 0.024338910543472602
0.021529832133895532 0.022323703025826754
0.018111967102280024 0.0203045899952396
0.014984373402728013 0.01829397170553153
0.012148934980735715 0.01630317429303689
0.009607359798384785 0.014341798859905483
0.007361178805529334 0.012417169385302932
0.005411745017609493 0.010533917749301904
0.0037602327006450165 0.008693735370158268
0.0024076366639015356 0.006895310026321437
0.0013547716606548965 0.005134454110231452
0.0006022718974137975 0.003404417697391663
0.00015059065189787502 0.0016963673111392579
0.0 0.0
0.00015059065189787502 -0.001393339168722619
0.0006022718974137975 -0.002777744630923812
0.0013547716606548965 -0.004144040290348243
0.0024076366639015356 -0.005483786202678961
0.0037602327006450165 -0.006789597404559308
0.005411745017609493 -0.00805540698154518
0.007361178805529334 -0.00927666044991506
0.009607359798384785 -0.010450432859926214
0.012148934980735715 -0.011575464839037273
0.014984373402728013 -0.012652118746774566
0.018111967102280024 -0.013682260865603068
0.021529832133895532 -0.014669079780144138
0.025235909703481607 -0.015616854518216372
0.029227967408489597 -0.016530688421782687
0.03350360058263052 -0.017416225942264264
0.038060233744356575 -0.018279369558750026
0.042895122148234655 -0.019126012835859553
0.048005353438278275 -0.019961803393581667
0.05338784940224234 -0.020791946453795954
0.059039367825822475 -0.021621055917148194
0.06495650444564427 -0.022453055909027256
0.07113569499986394 -0.023291131730585106
0.07757321737514639 -0.024137725468143627
0.08426519384872727 -0.02499456842858111
0.09120759342420814 -0.0258627403036403
0.09839623425967753 -0.026742743677695566
0.10582678618669683 -0.027634582256147462
0.11349477331863145 -0.02853783199476468
0.12139557674675777 -0.029451696059863582
0.12952443732252045 -0.030375037075709994
0.1378764585242665 -0.03130638318811327
0.14644660940672616 -0.03224390781843782
0.15522972763146647 -0.033185386306198474
0.16422052257649067 -0.03412813565005458
0.17341357852311146 -0.03506894599166608
0.18280335791817703 -0.036004014127271625
0.19238420470968637 -0.03692889002565525
0.20215034775378343 -0.037838447003313576
0.2120959042910774 -0.03872688486665058
0.2222148834901989 -0.039587773068840745
0.23250119005645137 -0.040414137914188124
0.2429486279033891 -0.041198594307888685
0.2535509038851079 -0.04193351877269508
0.26430163158700104 -0.04261125673939962
0.27519433517269654 -0.04322435376974748
0.28622245328485874 -0.04376579767022406
0.29737934299750524 -0.04422925664020894
0.30865828381745486 -0.04460929784163877
0.320052481732506 -0.044901571175080424
0.33155507330389 -0.04510294460823481
0.3431591298005543 -0.04521158004847957
0.35485766137276875 -0.04522694231879742
0.36664362126255073 -0.0451497380516463
0.3785099100483679 -0.04498178596748627
0.3904493799215649 -0.044725824728241874
0.4024548389919357 -0.04438526901393447
0.41451905561984914 -0.04396392833911515
0.42663476277231926 -0.04346570611740146
0.43879466240039156 -0.04289429836814696
0.4509914298352198 -0.04225291208475338
0.46321771820016633 -0.04154402258168092
0.475466162836291 -0.04076918713108837
0.4877293857385438 -0.03992892900532933
0.4999999999999999 -0.03902270185636938
0.512270614261456 -0.03804893945516026
0.5245338371637088 -0.03700519050154307
0.5367822817998334 -0.03588833284554081
0.54900857016478 -0.034694856385797605
0.5612053375996082 -0.03342119946267273
0.5733652372276805 -0.03206412003199345
0.5854809443801506 -0.030621080518638592
0.5975451610080642 -0.02909062415783538
0.6095506200784349 -0.027472720900531284
0.6214900899516319 -0.02576906256164624
0.6333563787374491 -0.023983289713402522
0.645142338627231 -0.022121136678964853
0.6568408701994456 -0.02019048560882953
0.6684449266961098 -0.0182013257224751
0.6799475182674938 -0.01616561904473961
0.691341716182545 -0.01409707903193501
0.7026206570024947 -0.012010873058312818
0.713777546715141 -0.009923263550517454
0.7248056648273034 -0.00785120540424253
0.7356983684129987 -0.005811919050811935
0.746449096114892 -0.0038224590958569012
0.7570513720966108 -0.0018992978400601355
0.7674988099435485 -5.794130031988847e-05
0.7777851165098009 0.0016874072680290815
0.7879040957089227 0.0033241246846400898
0.7978496522462164 0.004841378143391334
0.8076157952903136 0.006230264674744278
0.8171966420818224 0.007483879926562435
0.8265864214768883 0.008597320102375024
0.8357794774235092 0.009567624073312749
0.8447702723685334 0.010393665184801103
0.8535533905932737 0.011076004000361402
0.8621235414757333 0.01161671411069955
0.8704755626774794 0.012019193194158876
0.8786044232532422 0.012287970807274087
0.8865052266813687 0.012428523021561211
0.894173213813303 0.012447102151217778
0.9016037657403225 0.012350587606108897
0.9087924065757916 0.01214636153517879
0.9157348061512727 0.011842210573472733
0.9224267826248536 0.011446252831435287
0.928864305000136 0.010966887401820578
0.9350434955543556 0.01041276220714149
0.9409606321741775 0.00979275503029744
0.9466121505977576 0.009115962084296445
0.9519946465617215 0.00839168846740647
0.9571048778517655 0.007629435268034191
0.9619397662556433 0.0068388788532380874
0.9664963994173694 0.006029838902205826
0.9707720325915102 0.005212232928574228
0.9747640902965183 0.0043960162705296915
0.9784701678661044 0.0035911077208122338
0.98188803289772 0.002807302040493608
0.985015626597272 0.0020541714907490465
0.9878510650192642 0.00134095918793726
0.9903926402016152 0.0006764675237699801
0.9926388211944706 6.894509953611627e-05
0.9945882549823906 -0.0004740243761201287
0.9962397672993549 -0.0009456279472667051
0.9975923633360985 -0.001339921049924898
0.9986452283393451 -0.0016519143366277745
0.9993977281025862 -0.0018776475212910185
0.9998494093481021 -0.0020142485186936273
1.0 -0.002059976579044245
