1.0 0.0015745554785199683
0.9998494093481021 0.0016276442210123097
0.9993977281025862 0.0017868453793058493
0.9986452283393451 0.002051945649997906
0.9975923633360985 0.0024225311877811356
0.9962397672993549 0.0028979068435903135
0.9945882549823906 0.0034769959539554893
0.9926388211944706 0.004158232102422307
0.9903926402016152 0.004939455627337812
0.9878510650192642 0.0058178278044394025
0.985015626597272 0.00678977455521158
0.98188803289772 0.007850969299088188
0.9784701678661044 0.00899636135820865
0.9747640902965183 0.01022025240482215
0.9707720325915102 0.011516419146966331
0.9664963994173694 0.012878276149417951
0.9619397662556433 0.014299068762721221
0.9571048778517655 0.01577208293659187
0.9519946465617215 0.017290856522666043
0.9466121505977576 0.0188493757410498
0.9409606321741775 0.02044224090982573
0.9350434955543556 0.02206478731847588
0.928864305000136 0.023713150152667253
0.9224267826248536 0.02538426642982019
0.9157348061512727 0.027075811673058506
0.9087924065757916 0.02878607416041192
0.9016037657403225 0.03051377462565727
0.894173213813303 0.032257843843756635
0.8865052266813687 0.034017174225958034
0.8786044232532422 0.03579036405928258
0.8704755626774794 0.03757547412483268
0.8621235414757333 0.03936981600212405
0.8535533905932737 0.04116978941699426
0.8447702723685334 0.04297078264605497
0.8357794774235092 0.04476714549279933
0.8265864214768883 0.04655223903717902
0.8171966420818224 0.04831856063957289
0.8076157952903136 0.05005793699737607
0.7978496522462164 0.05176177285615985
0.7879040957089227 0.05342133868204234
0.7777851165098009 0.05502807755473297
0.7674988099435485 0.05657390999277176
0.7570513720966108 0.058051515507759124
0.746449096114892 0.05945457140772899
0.7356983684129987 0.06077793260555711
0.7248056648273034 0.06201774068901677
0.713777546715141 0.06317145592463579
0.7026206570024947 0.06423781177223994
0.691341716182545 0.06521669741356675
0.6799475182674938 0.0661089792746995
0.6684449266961098 0.06691627710991813
0.6568408701994456 0.06764071354462317
0.645142338627231 0.06828465777740184
0.6333563787374491 0.06885048426815699
0.6214900899516319 0.06934036567734377
0.6095506200784349 0.06975611619439441
0.5975451610080642 0.07009909695274764
0.5854809443801506 0.07037018983423061
0.5733652372276805 0.07056984005644389
0.5612053375996082 0.07069816199760563
0.54900857016478 0.07075509723401878
0.5367822817998334 0.0707406092017008
0.5245338371637088 0.0706548956298101
0.512270614261456 0.0704985982096221
0.4999999999999999 0.07027298901161681
0.4877293857385438 0.06998011495599647
0.475466162836291 0.06962288504611566
0.46321771820016633 0.06920508982279307
0.4509914298352198 0.0687313482090267
0.43879466240039156 0.0682069831236451
0.42663476277231926 0.06763783343607095
0.41451905561984914 0.06703001549399057
0.4024548389919357 0.06638965209924573
0.3904493799215649 0.06572259002920168
0.3785099100483679 0.06503412870667424
0.36664362126255073 0.06432878225339503
0.35485766137276875 0.06361009491400532
0.3431591298005543 0.06288052585855886
0.33155507330389 0.0621414139556872
0.320052481732506 0.061393026674062594
0.30865828381745486 0.06063469032683143
0.29737934299750524 0.05986499198490679
0.28622245328485874 0.05908203712072034
0.27519433517269654 0.0582837419362056
0.26430163158700104 0.05746813582721898
0.2535509038851079 0.056633647870964456
0.2429486279033891 0.055779351773717636
0.23250119005645137 0.05490514639682097
0.2222148834901989 0.05401185363156405
0.2120959042910774 0.05310122169753437
0.20215034775378343 0.05217582943303493
0.19238420470968637 0.05123889526186442
0.18280335791817703 0.05029400262542362
0.17341357852311146 0.04934476111432111
0.16422052257649067 0.048394428706080454
0.15522972763146647 0.04744552488603283
0.14644660940672616 0.0464994665954918
0.1378764585242665 0.04555625867522069
0.12952443732252045 0.044614267697689905
0.12139557674675777 0.04367010294608414
0.11349477331863145 0.0427186211252711
0.10582678618669683 0.04175306266933203
0.09839623425967753 0.04076531786262321
0.09120759342420814 0.03974631112421066
0.08426519384872727 0.03868648246085121
0.07757321737514639 0.03757633699197133
0.07113569499986394 0.036407027235154835
0.06495650444564427 0.035170929029328286
0.059039367825822475 0.033862170913407354
0.05338784940224234 0.032477078620918115
0.048005353438278275 0.031014501033332267
0.042895122148234655 0.029475991181725416
0.038060233744356575 0.027865825227765567
0.03350360058263052 0.026190853157284866
0.029227967408489597 0.024460186429968507
0.025235909703481607 0.02268473922900378
0.021529832133895532 0.020876650421160128
0.018111967102280024 0.0190486221019525
0.014984373402728013 0.017213217005749633
0.012148934980735715 0.015382160612219415
0.009607359798384785 0.013565694183622804
0.007361178805529334 0.011772022151132964
0.005411745017609493 0.010006891392699988
0.0037602327006450165 0.008273331391756589
0.0024076366639015356 0.006571573612816021
0.0013547716606548965 0.004899156409597687
0.0006022718974137975 0.0032512092298367765
0.00015059065189787502 0.001620897677796341
0.0 0.0
0.00015059065189787502 -0.0015020149377613053
0.0006022718974137975 -0.0029965855783102616
0.0013547716606548965 -0.004476140315213416
0.0024076366639015356 -0.005933782642520548
0.0037602327006450165 -0.007363582517461758
0.005411745017609493 -0.00876081545611759
0.007361178805529334 -0.010122137236115282
0.009607359798384785 -0.011445686134265973
0.012148934980735715 -0.01273110912967934
0.014984373402728013 -0.0139795131406034
0.018111967102280024 -0.015193346816197916
0.021529832133895532 -0.016376222370098184
0.025235909703481607 -0.017532690157701813
0.029227967408489597 -0.018667980958652304
0.03350360058263052 -0.019787732097760885
0.038060233744356575 -0.020897713571033826
0.042895122148234655 -0.022003569272314054
0.048005353438278275 -0.023110586354728735
0.05338784940224234 -0.024223502894985198
0.059039367825822475 -0.025346360598782244
0.06495650444564427 -0.026482405570142073
0.07113569499986394 -0.027634036459241534
0.07757321737514639 -0.028802795887543187
0.08426519384872727 -0.029989398181316698
0.09120759342420814 -0.031193784331641505
0.09839623425967753 -0.03241519388292769
0.10582678618669683 -0.03365224320042662
0.11349477331863145 -0.034903000268588766
0.12139557674675777 -0.0361650477376834
0.12952443732252045 -0.03743552820765414
0.1378764585242665 -0.03871116850148379
0.14644660940672616 -0.03998828268264064
0.15522972763146647 -0.041262756541851714
0.16422052257649067 -0.042530018950939316
0.17341357852311146 -0.04378500761484585
0.18280335791817703 -0.045022138151505214
0.19238420470968637 -0.04623528595827834
0.20215034775378343 -0.047417789920887604
0.2120959042910774 -0.04856248570149684
0.2222148834901989 -0.049661774199147066
0.23250119005645137 -0.05070772797075949
0.2429486279033891 -0.05169223515486739
0.2535509038851079 -0.052607177014534115
0.26430163158700104 -0.05344463189258464
0.27519433517269654 -0.054197095431852665
0.28622245328485874 -0.05485770461250232
0.29737934299750524 -0.05542045171031547
0.30865828381745486 -0.0558803738353132
0.320052481732506 -0.056233704346103544
0.33155507330389 -0.05647797414732055
0.3431591298005543 -0.05661205357831877
0.35485766137276875 -0.056636129126403666
0.36664362126255073 -0.056551613316556136
0.3785099100483679 -0.056360990560985244
0.3904493799215649 -0.05606760618505333
0.4024548389919357 -0.055675409962810445
0.41451905561984914 -0.055188668992957525
0.42663476277231926 -0.05461166736001709
0.43879466240039156 -0.05394841154906184
0.4509914298352198 -0.05320236088210871
0.46321771820016633 -0.05237620127053653
0.475466162836291 -0.05147167836899608
0.4877293857385438 -0.05048950289677068
0.4999999999999999 -0.049429336664893284
0.512270614261456 -0.04828986297830186
0.5245338371637088 -0.047068939884625974
0.5367822817998334 -0.045763829551964244
0.54900857016478 -0.04437149221549771
0.5612053375996082 -0.04288892895313968
0.5733652372276805 -0.04131355430605959
0.5854809443801506 -0.0396435776610769
0.5975451610080642 -0.037878371492685435
0.6095506200784349 -0.03601880507218214
0.6214900899516319 -0.034067524052083895
0.6333563787374491 -0.03202915930387167
0.645142338627231 -0.029910452329641964
0.6568408701994456 -0.027720289226588316
0.6684449266961098 -0.025469640258256758
0.6799475182674938 -0.023171407257601775
0.691341716182545 -0.020840186033721723
0.7026206570024947 -0.018491955378150914
0.713777546715141 -0.016143707910142226
0.7248056648273034 -0.013813040663028714
0.7356983684129987 -0.01151772486387807
0.746449096114892 -0.009275274740213686
0.7570513720966108 -0.007102534421342734
0.7674988099435485 -0.005015300181450952
0.7777851165098009 -0.0030279925546786665
0.7879040957089227 -0.0011533894474373908
0.7978496522462164 0.0005975724762197119
0.8076157952903136 0.0022159248936359597
0.8171966420818224 0.0036947241220115917
0.8265864214768883 0.005029040972138922
0.8357794774235092 0.006215891630256196
0.8447702723685334 0.007254119473107737
0.8535533905932737 0.008144239362475145
0.8621235414757333 0.00888825676813051
0.8704755626774794 0.009489474043580694
0.8786044232532422 0.009952295392739957
0.8865052266813687 0.010282040629855377
0.894173213813303 0.010484775897354363
0.9016037657403225 0.010567167237508997
0.9087924065757916 0.010536360494055203
0.9157348061512727 0.01039988862534907
0.9224267826248536 0.010165605301306859
0.928864305000136 0.00984164176594101
0.9350434955543556 0.009436382475589963
0.9409606321741775 0.008958454031451074
0.9466121505977576 0.008416721435709325
0.9519946465617215 0.007820285697631452
0.9571048778517655 0.007178477250524753
0.9619397662556433 0.006500840437071767
0.9664963994173694 0.005797105385649168
0.9707720325915102 0.005077144830915431
0.9747640902965183 0.004350914724799782
0.9784701678661044 0.0036283787431994866
0.98188803289772 0.0029194179374864883
0.985015626597272 0.002233727745584416
0.9878510650192642 0.0015807053237201507
0.9903926402016152 0.0009693306679120627
0.9926388211944706 0.00040804526534126903
0.9945882549823906 -9.536793112352167e-05
0.9962397672993549 -0.0005338995449310358
0.9975923633360985 -0.0009014204533838457
0.9986452283393451 -0.0011927771030652747
0.9993977281025862 -0.0014038729128337671
0.9998494093481021 -0.00153173369137842
1.0 -0.0015745554785199683
