1.0 0.0016774444088694474
0.9998494093481021 0.0017270437848609203
0.9993977281025862 0.0018757889554192227
0.9986452283393451 0.002123501518796503
0.9975923633360985 0.002469821107844285
0.9962397672993549 0.0029141178925553017
0.9945882549823906 0.0034553835239291056
0.9926388211944706 0.004092112483101605
0.9903926402016152 0.0048221872524368175
0.9878510650192642 0.005642780942069963
0.985015626597272 0.0065502899510584255
0.98188803289772 0.007540306992739008
0.9784701678661044 0.008607641550235733
0.9747640902965183 0.009746390822011982
0.9707720325915102 0.010950059808650022
0.9664963994173694 0.012211724760067183
0.9619397662556433 0.013524230134210866
0.9571048778517655 0.014880405875761211
0.9519946465617215 0.016273289512112175
0.9466121505977576 0.017696336506597837
0.9409606321741775 0.019143602625540174
0.9350434955543556 0.020609883771861535
0.928864305000136 0.022090801703107597
0.9224267826248536 0.023582828066428314
0.9157348061512727 0.025083243936185773
0.9087924065757916 0.02659003715295699
0.9016037657403225 0.02810174482059771
0.894173213813303 0.02961725290271018
0.8865052266813687 0.03113556858499013
0.8786044232532422 0.03265558361324652
0.8704755626774794 0.034175847947568054
0.8621235414757333 0.03569437267209996
0.8535533905932737 0.03720847917112295
0.8447702723685334 0.03871470825396413
0.8357794774235092 0.04020879842763756
0.8265864214768883 0.041685737218185345
0.8171966420818224 0.04313988374136409
0.8076157952903136 0.04456515507067414
0.7978496522462164 0.04595526379797166
0.7879040957089227 0.047303989946797034
0.7777851165098009 0.04860546743022387
0.7674988099435485 0.049854463794949615
0.7570513720966108 0.05104663219403973
0.746449096114892 0.052178716383741414
0.7356983684129987 0.0532486929143048
0.7248056648273034 0.05425583932680752
0.713777546715141 0.05520072271977057
0.7026206570024947 0.05608510907708695
0.691341716182545 0.056911799776982526
0.6799475182674938 0.05768440725117863
0.6684449266961098 0.05840708638978881
0.6568408701994456 0.059084241617431546
0.645142338627231 0.05972023132794685
0.6333563787374491 0.06031909141181568
0.6214900899516319 0.06088429793205967
0.6095506200784349 0.061418585730423594
0.5975451610080642 0.06192383513520177
0.5854809443801506 0.06240103336417999
0.5733652372276805 0.06285031112059904
0.5612053375996082 0.06327104876145523
0.54900857016478 0.0636620407755145
0.5367822817998334 0.06402170260719263
0.5245338371637088 0.06434830049228503
0.512270614261456 0.0646401832165003
0.4999999999999999 0.06489599472152245
0.4877293857385438 0.06511484827527696
0.475466162836291 0.0652964463560777
0.46321771820016633 0.06544113520039709
0.4509914298352198 0.065549888741221
0.43879466240039156 0.06562422294305918
0.42663476277231926 0.06566604779803749
0.41451905561984914 0.06567746995731022
0.4024548389919357 0.06566056364363673
0.3904493799215649 0.06561713071353831
0.3785099100483679 0.0655484722139179
0.36664362126255073 0.06545519335117611
0.35485766137276875 0.06533706145856166
0.3431591298005543 0.06519293246547479
0.33155507330389 0.06502075584435645
0.320052481732506 0.0648176614661113
0.30865828381745486 0.06458012475637383
0.29737934299750524 0.06430419958737167
0.28622245328485874 0.06398580204542363
0.27519433517269654 0.06362102312360715
0.26430163158700104 0.06320644495916011
0.2535509038851079 0.06273943379829008
0.2429486279033891 0.06221838360652126
0.23250119005645137 0.06164288715864195
0.2222148834901989 0.06101381637122008
0.2120959042910774 0.060333300248712356
0.20215034775378343 0.059604596624064844
0.19238420470968637 0.058831862300098035
0.18280335791817703 0.05801983458752227
0.17341357852311146 0.05717344492263026
0.16422052257649067 0.05629739160299411
0.15522972763146647 0.05539570316046578
0.14644660940672616 0.054471326086725565
0.1378764585242665 0.05352577029350121
0.12952443732252045 0.05255884277286245
0.12139557674675777 0.051568494566185515
0.11349477331863145 0.050550798688399144
0.10582678618669683 0.049500067591798834
0.09839623425967753 0.04840910873079613
0.09120759342420814 0.04726960653409974
0.08426519384872727 0.04607260936793919
0.07757321737514639 0.04480909162491804
0.07113569499986394 0.04347055456115267
0.06495650444564427 0.04204962546247147
0.059039367825822475 0.04054061350868556
0.05338784940224234 0.038939982480272764
0.048005353438278275 0.03724670515274023
0.042895122148234655 0.03546247157130155
0.038060233744356575 0.033591732912724104
0.03350360058263052 0.031641573674681914
0.029227967408489597 0.029621416715547074
0.025235909703481607 0.02754257736178928
0.021529832133895532 0.025417693562082615
0.018111967102280024 0.023260068108531057
0.014984373402728013 0.021082965592089845
0.012148934980735715 0.018898910502327386
0.009607359798384785 0.0167190334163631
0.007361178805529334 0.01455250947186923
0.005411745017609493 0.012406127444448505
0.0037602327006450165 0.010284019137084868
0.0024076366639015356 0.008187568025585007
0.0013547716606548965 0.006115503934801025
0.0006022718974137975 0.0040641777975955655
0.00015059065189787502 0.002027998168212572
0.0 0.0
0.00015059065189787502 -0.001421612505999422
0.0006022718974137975 -0.0028380389199340206
0.0013547716606548965 -0.004243867370123858
0.0024076366639015356 -0.005634228969893702
0.0037602327006450165 -0.0070050300658064685
0.005411745017609493 -0.008353140151300661
0.007361178805529334 -0.00967652534036457
0.009607359798384785 -0.010974320860899379
0.012148934980735715 -0.012246839972668736
0.014984373402728013 -0.013495520757330653
0.018111967102280024 -0.014722816080564347
0.021529832133895532 -0.01593203541823381
0.025235909703481607 -0.01712714993640744
0.029227967408489597 -0.01831257403972351
0.03350360058263052 -0.01949293744219145
0.038060233744356575 -0.02067286163235247
0.042895122148234655 -0.0218567534412925
0.048005353438278275 -0.023048626391179525
0.05338784940224234 -0.024251957781578418
0.059039367825822475 -0.025469586288202284
0.06495650444564427 -0.026703651463014844
0.07113569499986394 -0.027955573205976955
0.07757321737514639 -0.029226066287644473
0.08426519384872727 -0.030515182568598243
0.09120759342420814 -0.03182237186877138
0.09839623425967753 -0.03314655160775072
0.10582678618669683 -0.03448617541576059
0.11349477331863145 -0.03583929187957171
0.12139557674675777 -0.03720358634124013
0.12952443732252045 -0.038576401049532645
0.1378764585242665 -0.03995473176228842
0.14644660940672616 -0.04133520186696643
0.15522972763146647 -0.04271401796615634
0.16422052257649067 -0.044086913411426995
0.17341357852311146 -0.04544908823610699
0.18280335791817703 -0.0467951551543342
0.19238420470968637 -0.048119101639041074
0.20215034775378343 -0.04941427751485576
0.2120959042910774 -0.05067341602761968
0.2222148834901989 -0.05188869407864444
0.23250119005645137 -0.05305183440416328
0.2429486279033891 -0.0541542491586103
0.2535509038851079 -0.05518722088240002
0.26430163158700104 -0.056142113477260724
0.27519433517269654 -0.057010602848485074
0.28622245328485874 -0.05778491455313035
0.29737934299750524 -0.058458054321857904
0.30865828381745486 -0.059024016845058425
0.320052481732506 -0.05947795880409217
0.33155507330389 -0.059816323779692857
0.3431591298005543 -0.06003690929573276
0.35485766137276875 -0.060138869696753056
0.36664362126255073 -0.06012265258714456
0.3785099100483679 -0.059989870905572056
0.3904493799215649 -0.059743117068284855
0.4024548389919357 -0.05938572968029991
0.41451905561984914 -0.05892152679026193
0.42663476277231926 -0.05835452229592224
0.43879466240039156 -0.05768864369105361
0.4509914298352198 -0.05692746975017838
0.46321771820016633 -0.05607400592420546
0.475466162836291 -0.05513051320210194
0.4877293857385438 -0.05409840309810067
0.4999999999999999 -0.05297820744275991
0.512270614261456 -0.051769627043527
0.5245338371637088 -0.050471658334849255
0.5367822817998334 -0.04908279218171338
0.54900857016478 -0.047601274357782
0.5612053375996082 -0.04602541319338859
0.5733652372276805 -0.04435391674155761
0.5854809443801506 -0.04258623974493233
0.5975451610080642 -0.04072291983358487
0.6095506200784349 -0.038765882793005246
0.6214900899516319 -0.036718698379739026
0.6333563787374491 -0.03458677091570422
0.645142338627231 -0.03237745257638763
0.6568408701994456 -0.030100071660267434
0.6684449266961098 -0.02776587290369727
0.6799475182674938 -0.02538787178302159
0.691341716182545 -0.022980629419666488
0.7026206570024947 -0.02055995889037675
0.713777546715141 -0.018142577198335716
0.7248056648273034 -0.015745719690327047
0.7356983684129987 -0.013386735184310517
0.746449096114892 -0.01108268044643313
0.7570513720966108 -0.00884993194515495
0.7674988099435485 -0.006703831100663409
0.7777851165098009 -0.004658376688720442
0.7879040957089227 -0.0027259748467073266
0.7978496522462164 -0.0009172534964356389
0.8076157952903136 0.0007590558097484541
0.8171966420818224 0.0022961693498432223
0.8265864214768883 0.0036892401673026274
0.8357794774235092 0.0049352915881978555
0.8447702723685334 0.006033104719658918
0.8535533905932737 0.006983070870095767
0.8621235414757333 0.007787020577750485
0.8704755626774794 0.00844804089559139
0.8786044232532422 0.008970291819749636
0.8865052266813687 0.009358831372115302
0.894173213813303 0.009619456995802758
0.9016037657403225 0.009758568757324256
0.9087924065757916 0.009783057542857465
0.9157348061512727 0.009700219155650227
0.9224267826248536 0.009517693119759207
0.928864305000136 0.009243423199357765
0.9350434955543556 0.008885635247977175
0.9409606321741775 0.00845282706702732
0.9466121505977576 0.00795376449886865
0.9519946465617215 0.0073974779917050084
0.9571048778517655 0.006793254305103389
0.9619397662556433 0.0061506188041963415
0.9664963994173694 0.005479304828247573
0.9707720325915102 0.004789207816877314
0.9747640902965183 0.004090323135799046
0.9784701678661044 0.003392667771375815
0.98188803289772 0.0027061871809216506
0.985015626597272 0.0020406495326293172
0.9878510650192642 0.001405530304936636
0.9903926402016152 0.0008098907207247459
0.9926388211944706 0.00026225376729050115
0.9945882549823906 -0.00022951838444383913
0.9962397672993549 -0.0006583418689920018
0.9975923633360985 -0.0010180200983731934
0.9986452283393451 -0.0013033411654014917
0.9993977281025862 -0.0015101610679339726
0.9998494093481021 -0.00163547062069136
1.0 -0.0016774444088694474
