1.0 0.0022640558699453584
0.9998494093481021 0.0023178710185473884
0.9993977281025862 0.0024792723105785813
0.9986452283393451 0.002748108381668888
0.9975923633360985 0.0031240659533024163
0.9962397672993549 0.0036065851628093006
0.9945882549823906 0.004194754057074475
0.9926388211944706 0.004887193840390061
0.9903926402016152 0.005681947860167106
0.9878510650192642 0.0065763875022181095
0.985015626597272 0.007567147116838213
0.98188803289772 0.0086500978835001
0.9784701678661044 0.009820367324141762
0.9747640902965183 0.011072407259789443
0.9707720325915102 0.012400108705985922
0.9664963994173694 0.013796957891010646
0.9619397662556433 0.015256223636045108
0.9571048778517655 0.016771163111866237
0.9519946465617215 0.01833523078028506
0.9466121505977576 0.01994227435654403
0.9409606321741775 0.02158670200623695
0.9350434955543556 0.023263606719586927
0.928864305000136 0.02496883677548495
0.9224267826248536 0.02669900519928721
0.9157348061512727 0.02845143582381856
0.9087924065757916 0.030224048608532998
0.9016037657403225 0.03201519184803042
0.894173213813303 0.03382343339670679
0.8865052266813687 0.03564732667169455
0.8786044232532422 0.03748516965562069
0.8704755626774794 0.03933477617886007
0.8621235414757333 0.041193278303210956
0.8535533905932737 0.043056976662012934
0.8447702723685334 0.044921252265143326
0.8357794774235092 0.046780548794363
0.8265864214768883 0.048628429134078985
0.8171966420818224 0.05045770421306559
0.8076157952903136 0.05226062661954258
0.7978496522462164 0.05402913634233361
0.7879040957089227 0.0557551417971675
0.7777851165098009 0.05743081636383079
0.7674988099435485 0.05904888923426167
0.7570513720966108 0.06060290958342049
0.746449096114892 0.06208746492388532
0.7356983684129987 0.06349833786074574
0.7248056648273034 0.0648325900729063
0.713777546715141 0.06608856785523104
0.7026206570024947 0.0672658295329522
0.691341716182545 0.06836500103429417
0.6799475182674938 0.0693875714046914
0.6684449266961098 0.07033564462634893
0.6568408701994456 0.07121166740065836
0.645142338627231 0.07201815428931957
0.6333563787374491 0.07275743164737354
0.6214900899516319 0.07343142010810089
0.6095506200784349 0.07404147212409616
0.5975451610080642 0.07458827648753298
0.5854809443801506 0.07507183621122274
0.5733652372276805 0.0754915200961403
0.5612053375996082 0.07584618223082976
0.54900857016478 0.07613433805890434
0.5367822817998334 0.07635438097310421
0.5245338371637088 0.07650482003576198
0.512270614261456 0.07658451766881931
0.4999999999999999 0.07659290615562661
0.4877293857385438 0.0765301635628577
0.475466162836291 0.07639733309022291
0.46321771820016633 0.07619637461894045
0.4509914298352198 0.07593014297281878
0.43879466240039156 0.07560229365912444
0.42663476277231926 0.07521712310351045
0.41451905561984914 0.07477935611174909
0.4024548389919357 0.07429389799537782
0.3904493799215649 0.07376557208034142
0.3785099100483679 0.07319886488076426
0.36664362126255073 0.07259770090519507
0.35485766137276875 0.07196526686393562
0.3431591298005543 0.07130390111300312
0.33155507330389 0.07061505879862351
0.320052481732506 0.06989935677611897
0.30865828381745486 0.06915669548131062
0.29737934299750524 0.06838644809615813
0.28622245328485874 0.06758770114578865
0.27519433517269654 0.06675952562488437
0.26430163158700104 0.06590125432818028
0.2535509038851079 0.06501273958198507
0.2429486279033891 0.0640945662202532
0.23250119005645137 0.06314819743082545
0.2222148834901989 0.062176035853399945
0.2120959042910774 0.06118138871536014
0.20215034775378343 0.06016833337819511
0.19238420470968637 0.059141487861868555
0.18280335791817703 0.058105699078712124
0.17341357852311146 0.057065668988476835
0.16422052257649067 0.05602554506418711
0.15522972763146647 0.054988505801778706
0.14644660940672616 0.053956374111616454
0.1378764585242665 0.05292929105685628
0.12952443732252045 0.05190547949829537
0.12139557674675777 0.050881121908420125
0.11349477331863145 0.04985036925749439
0.10582678618669683 0.04880548894744399
0.09839623425967753 0.04773714990338974
0.09120759342420814 0.04663483284385863
0.08426519384872727 0.04548734418967285
0.07757321737514639 0.04428340376744408
0.07113569499986394 0.04301227006845311
0.06495650444564427 0.04166436286147167
0.059039367825822475 0.04023184178287739
0.05338784940224234 0.03870910129369299
0.048005353438278275 0.03709314704060148
0.042895122148234655 0.03538382591218603
0.038060233744356575 0.03358389147108555
0.03350360058263052 0.03169889733063735
0.029227967408489597 0.02973692267346249
0.025235909703481607 0.027708145655548907
0.021529832133895532 0.02562429107241708
0.018111967102280024 0.02349798760817669
0.014984373402728013 0.021342076580218656
0.012148934980735715 0.019168917830648877
0.009607359798384785 0.016989738999756025
0.007361178805529334 0.014814071770852068
0.005411745017609493 0.012649312956065363
0.0037602327006450165 0.010500439878239697
0.0024076366639015356 0.00836989897110289
0.0013547716606548965 0.006257674600769384
0.0006022718974137975 0.004161532643025716
0.00015059065189787502 0.0020774212132469425
0.0 0.0
0.00015059065189787502 -0.0011293945694905614
0.0006022718974137975 -0.002250572652667797
0.0013547716606548965 -0.0033550316561835533
0.0024076366639015356 -0.0044350393448463424
0.0037602327006450165 -0.005483966556795032
0.005411745017609493 -0.006496560492461075
0.007361178805529334 -0.007469144778622088
0.009607359798384785 -0.008399737112249853
0.012148934980735715 -0.009288080405792544
0.014984373402728013 -0.01013558863148446
0.018111967102280024 -0.010945213635228565
0.021529832133895532 -0.011721243717382031
0.025235909703481607 -0.012469048458878756
0.029227967408489597 -0.013194786872122029
0.03350360058263052 -0.013905097324045228
0.038060233744356575 -0.014606787752497043
0.042895122148234655 -0.015306543510542647
0.048005353438278275 -0.01601066785151396
0.05338784940224234 -0.01672486681644138
0.059039367825822475 -0.017454086374664342
0.06495650444564427 -0.018202405410572612
0.07113569499986394 -0.018972983875773525
0.07757321737514639 -0.019768061460878474
0.08426519384872727 -0.020588998777469815
0.09120759342420814 -0.02143635051815588
0.09839623425967753 -0.022309958549404124
0.10582678618669683 -0.02320905247346411
0.11349477331863145 -0.02413234586901912
0.12139557674675777 -0.0250781180949891
0.12952443732252045 -0.0260442740489389
0.1378764585242665 -0.02702837737691417
0.14644660940672616 -0.028027656055800706
0.15522972763146647 -0.029038982710158184
0.16422052257649067 -0.030058835182004834
0.17341357852311146 -0.031083245468793208
0.18280335791817703 -0.03210774695385914
0.19238420470968637 -0.033127330712664826
0.20215034775378343 -0.034136421503586624
0.2120959042910774 -0.03512888284571349
0.2222148834901989 -0.03609805843561425
0.23250119005645137 -0.037036854226753624
0.2429486279033891 -0.03793786202180556
0.2535509038851079 -0.03879352169020597
0.26430163158700104 -0.03959631542782665
0.27519433517269654 -0.040338984131723564
0.28622245328485874 -0.041014753257468915
0.29737934299750524 -0.041617553701668225
0.30865828381745486 -0.04214222248559424
0.320052481732506 -0.04258466840618343
0.33155507330389 -0.042941989379013515
0.3431591298005543 -0.043212530845708266
0.35485766137276875 -0.0433958781919008
0.36664362126255073 -0.04349278038411536
0.3785099100483679 -0.04350500669045629
0.3904493799215649 -0.04343514307093866
0.4024548389919357 -0.0432863392671525
0.41451905561984914 -0.04306202145968122
0.42663476277231926 -0.04276558830493924
0.43879466240039156 -0.04240010997978648
0.4509914298352198 -0.04196805039796322
0.46321771820016633 -0.041471031951088345
0.475466162836291 -0.040909659996583005
0.4877293857385438 -0.040283420985906475
0.4999999999999999 -0.03959066380394697
0.512270614261456 -0.038828668849810476
0.5245338371637088 -0.03799380395745126
0.5367822817998334 -0.037081760787070664
0.54900857016478 -0.036087860174348896
0.5612053375996082 -0.03500741044275633
0.5733652372276805 -0.03383609915852746
0.5854809443801506 -0.032570396468195074
0.5975451610080642 -0.03120794715505894
0.6095506200784349 -0.029747928944488463
0.6214900899516319 -0.028191356346850424
0.6333563787374491 -0.026541312329987674
0.645142338627231 -0.024803094159379653
0.6568408701994456 -0.022984264566902314
0.6684449266961098 -0.021094604695708605
0.6799475182674938 -0.019145970682028873
0.691341716182545 -0.01715206093625165
0.7026206570024947 -0.015128105858583553
0.713777546715141 -0.013090495594198524
0.7248056648273034 -0.011056364283875452
0.7356983684129987 -0.009043150955702395
0.746449096114892 -0.0070681576681699675
0.7570513720966108 -0.0051481247728155785
0.7674988099435485 -0.0032988413107815466
0.7777851165098009 -0.001534805755567195
0.7879040957089227 0.00013105121825139903
0.7978496522462164 0.0016875742679857745
0.8076157952903136 0.0031255177531752127
0.8171966420818224 0.004437607613898297
0.8265864214768883 0.005618535234774281
0.8357794774235092 0.006664891032475689
0.8447702723685334 0.007575048047037152
0.8535533905932737 0.008349007529049667
0.8621235414757333 0.008988219345216023
0.8704755626774794 0.009495389985061015
0.8786044232532422 0.009874290110855251
0.8865052266813687 0.010129572069332796
0.894173213813303 0.010266605733759294
0.9016037657403225 0.010291338648971325
0.9087924065757916 0.01021018390082279
0.9157348061512727 0.010029936611521581
0.9224267826248536 0.00975771764293559
0.928864305000136 0.009400941112411052
0.9350434955543556 0.008967300795292264
0.9409606321741775 0.0084647694697267
0.9466121505977576 0.00790160477497738
0.9519946465617215 0.007286355186722271
0.9571048778517655 0.006627860208828473
0.9619397662556433 0.0059352397599091115
0.9664963994173694 0.00521786889435148
0.9707720325915102 0.004485335331392909
0.9747640902965183 0.00374737866175827
0.9784701678661044 0.00301381145709687
0.98188803289772 0.002294423735910225
0.985015626597272 0.001598873274121357
0.9878510650192642 0.0009365650452895715
0.9903926402016152 0.0003165236147830218
0.9926388211944706 -0.0002527374039400397
0.9945882549823906 -0.0007633446737490813
0.9962397672993549 -0.0012081892330095994
0.9975923633360985 -0.0015810416722353005
0.9986452283393451 -0.0018766551114937303
0.9993977281025862 -0.002090853191101966
0.9998494093481021 -0.0022206008096322637
1.0 -0.0022640558699453584
