1.0 0.002127984693827826
0.9998494093481021 0.002182230789301284
0.9993977281025862 0.0023448959721517684
0.9986452283393451 0.002615742975595607
0.9975923633360985 0.0029943184844004878
0.9962397672993549 0.0034798730864926764
0.9945882549823906 0.00407126207745181
0.9926388211944706 0.004766838547410191
0.9903926402016152 0.005564351526123799
0.9878510650192642 0.006460862103729153
0.985015626597272 0.007452689350442795
0.98188803289772 0.008535395606013274
0.9784701678661044 0.009703817480304511
0.9747640902965183 0.0109521449699104
0.9707720325915102 0.012274046788389864
0.9664963994173694 0.013662835703872245
0.9619397662556433 0.015111663758074729
0.9571048778517655 0.01661373405964547
0.9519946465617215 0.01816251369980082
0.9466121505977576 0.01975193144397123
0.9409606321741775 0.021376544321623298
0.9350434955543556 0.023031659065940874
0.928864305000136 0.024713397428766198
0.9224267826248536 0.02641869848992026
0.9157348061512727 0.0281452558793298
0.9087924065757916 0.029891392955411464
0.9016037657403225 0.031655884019155554
0.894173213813303 0.03343773417455011
0.8865052266813687 0.035235934090004785
0.8786044232532422 0.03704920835538076
0.8704755626774794 0.038875777140762444
0.8621235414757333 0.04071315033436599
0.8535533905932737 0.04255797127935884
0.8447702723685334 0.044405923778519256
0.8357794774235092 0.04625171144216079
0.8265864214768883 0.048089113065362864
0.8171966420818224 0.04991111195140204
0.8076157952903136 0.051710091402018765
0.7978496522462164 0.05347808342478014
0.7879040957089227 0.05520705348002193
0.7777851165098009 0.05688920115102148
0.7674988099435485 0.05851725521831146
0.7570513720966108 0.06008474187938442
0.746449096114892 0.06158620677362278
0.7356983684129987 0.06301737491158661
0.7248056648273034 0.06437523730719702
0.713777546715141 0.0656580587070503
0.7026206570024947 0.06686530686433792
0.691341716182545 0.06799750983664335
0.6799475182674938 0.06905605331624319
0.6684449266961098 0.07004293458425213
0.6568408701994456 0.07096049294476085
0.645142338627231 0.07181113817432253
0.6333563787374491 0.07259709847413219
0.6214900899516319 0.07332020763398463
0.6095506200784349 0.07398174774558439
0.5975451610080642 0.07458235910511136
0.5854809443801506 0.07512202329776889
0.5733652372276805 0.07560011931694534
0.5612053375996082 0.07601554643772844
0.54900857016478 0.07636690194220513
0.5367822817998334 0.07665269714792497
0.5245338371637088 0.07687159191077123
0.512270614261456 0.07702262614035688
0.4999999999999999 0.07710542702842131
0.4877293857385438 0.0771203726508231
0.475466162836291 0.07706869621587864
0.46321771820016633 0.07695252021242117
0.4509914298352198 0.07677481566020575
0.43879466240039156 0.07653928809823457
0.42663476277231926 0.07625019833182949
0.41451905561984914 0.07591213176180366
0.4024548389919357 0.07552973484395763
0.3904493799215649 0.07510744046064104
0.3785099100483679 0.07464920543088924
0.36664362126255073 0.07415828288677156
0.35485766137276875 0.07363704980373255
0.3431591298005543 0.07308690575457531
0.33155507330389 0.07250825327268366
0.320052481732506 0.07190056349943513
0.30865828381745486 0.07126252358651143
0.29737934299750524 0.07059225521115821
0.28622245328485874 0.06988758713240316
0.27519433517269654 0.06914635951794476
0.26430163158700104 0.06836673426691842
0.2535509038851079 0.0675474840789023
0.2429486279033891 0.06668823375429037
0.23250119005645137 0.06578963016170629
0.2222148834901989 0.06485342230248048
0.2120959042910774 0.0638824395999143
0.20215034775378343 0.06288046445645967
0.19238420470968637 0.06185200365936925
0.18280335791817703 0.06080197171369455
0.17341357852311146 0.0597353069647683
0.16422052257649067 0.05865654780252555
0.15522972763146647 0.05756940076801925
0.14644660940672616 0.05647633459293215
0.1378764585242665 0.05537823384959263
0.12952443732252045 0.054274142917976116
0.12139557674675777 0.05316112553409395
0.11349477331863145 0.05203425761156283
0.10582678618669683 0.050886761837487395
0.09839623425967753 0.04971028238395791
0.09120759342420814 0.04849528768608933
0.08426519384872727 0.04723157939063123
0.07757321737514639 0.04590887702711881
0.07113569499986394 0.044517441367700555
0.06495650444564427 0.04304869536137037
0.059039367825822475 0.04149580031725972
0.05338784940224234 0.03985414682803886
0.048005353438278275 0.03812172470516928
0.042895122148234655 0.036299343659212585
0.038060233744356575 0.03439068611422118
0.03350360058263052 0.032402184739025015
0.029227967408489597 0.030342729229686463
0.025235909703481607 0.0282232187382126
0.021529832133895532 0.026055987258124684
0.018111967102280024 0.023854138449496246
0.014984373402728013 0.021630833132238358
0.012148934980735715 0.0193985764815973
0.009607359798384785 0.0171685525156662
0.007361178805529334 0.014950050694182376
0.005411745017609493 0.012750023513143027
0.0037602327006450165 0.010572805272314538
0.0024076366639015356 0.008420011306709515
0.0013547716606548965 0.006290624663571507
0.0006022718974137975 0.00418126433541187
0.00015059065189787502 0.002086616634339769
0.0 0.0
0.00015059065189787502 -0.0014499394458063384
0.0006022718974137975 -0.0028903163359768054
0.0013547716606548965 -0.004311328059811274
0.0024076366639015356 -0.0057039530344144265
0.0037602327006450165 -0.007060290081607012
0.005411745017609493 -0.008373839856666426
0.007361178805529334 -0.009639714816894792
0.009607359798384785 -0.01085476866251316
0.012148934980735715 -0.012017641121425015
0.014984373402728013 -0.013128719040281438
0.018111967102280024 -0.014190019637361051
0.021529832133895532 -0.015205006137002104
0.025235909703481607 -0.01617834955227879
0.029227967408489597 -0.017115652887269912
0.03350360058263052 -0.018023155346789946
0.038060233744356575 -0.01890743421304309
0.042895122148234655 -0.019775120910592255
0.048005353438278275 -0.020632645556784592
0.05338784940224234 -0.02148602118552547
0.059039367825822475 -0.022340675100673783
0.06495650444564427 -0.0232013307646474
0.07113569499986394 -0.024071939578404138
0.07757321737514639 -0.02495565817340817
0.08426519384872727 -0.025854863695493443
0.09120759342420814 -0.026771197242796786
0.09839623425967753 -0.027705624283386833
0.10582678618669683 -0.028658500599761907
0.11349477331863145 -0.029629633077554077
0.12139557674675777 -0.030618326380402575
0.12952443732252045 -0.03162340906148606
0.1378764585242665 -0.03264323572188593
0.14644660940672616 -0.03367566516084666
0.15522972763146647 -0.034718017776270496
0.16422052257649067 -0.03576701847158795
0.17341357852311146 -0.03681873374019408
0.18280335791817703 -0.037868513211680145
0.19238420470968637 -0.03891094660157282
0.20215034775378343 -0.03993984663290601
0.2120959042910774 -0.04094826710301736
0.2222148834901989 -0.0419285629462304
0.23250119005645137 -0.0428724960638729
0.2429486279033891 -0.04377138709339045
0.2535509038851079 -0.044616309450735164
0.26430163158700104 -0.04539831821220906
0.27519433517269654 -0.04610870301200649
0.28622245328485874 -0.04673925140524979
0.29737934299750524 -0.0472825073232567
0.30865828381745486 -0.04773200850332139
0.320052481732506 -0.048082487205605436
0.33155507330389 -0.048330020143468135
0.3431591298005543 -0.048472116269970215
0.35485766137276875 -0.048507734717018344
0.36664362126255073 -0.04843722953599815
0.3785099100483679 -0.04826222264450384
0.3904493799215649 -0.047985411212208236
0.4024548389919357 -0.04761032027775823
0.41451905561984914 -0.04714101534887946
0.42663476277231926 -0.04658179280804978
0.43879466240039156 -0.04593686789338051
0.4509914298352198 -0.04521008069196292
0.46321771820016633 -0.04440463990196146
0.475466162836291 -0.043522922114472076
0.4877293857385438 -0.04256634115297265
0.4999999999999999 -0.04153529778759758
0.512270614261456 -0.04042921518435863
0.5245338371637088 -0.03924666007820519
0.5367822817998334 -0.0379855442249669
0.54900857016478 -0.03664339554695575
0.5612053375996082 -0.03521768387664607
0.5733652372276805 -0.03370618261582026
0.5854809443801506 -0.032107345194545694
0.5975451610080642 -0.03042067408802806
0.6095506200784349 -0.02864706039480016
0.6214900899516319 -0.026789073570844247
0.6333563787374491 -0.024851183736951353
0.645142338627231 -0.02283990283766706
0.6568408701994456 -0.020763835571585038
0.6684449266961098 -0.018633636130395554
0.6799475182674938 -0.01646187204909122
0.691341716182545 -0.014262801551087187
0.7026206570024947 -0.012052075358919855
0.713777546715141 -0.009846377763350357
0.7248056648273034 -0.007663024588350015
0.7356983684129987 -0.00551953741386226
0.746449096114892 -0.0034332139571486963
0.7570513720966108 -0.0014207138807780075
0.7674988099435485 0.0005023224198424535
0.7777851165098009 0.0023216071383339197
0.7879040957089227 0.004024478937030096
0.7978496522462164 0.0056001096640104445
0.8076157952903136 0.007039640225131162
0.8171966420818224 0.00833624590934791
0.8265864214768883 0.009485135142525275
0.8357794774235092 0.01048348880583843
0.8447702723685334 0.011330349734403429
0.8535533905932737 0.012026473700091805
0.8621235414757333 0.012574154029818516
0.8704755626774794 0.012977032027038326
0.8786044232532422 0.013239904615370446
0.8865052266813687 0.013368539222190553
0.894173213813303 0.013369504015966671
0.9016037657403225 0.01325001937659071
0.9087924065757916 0.0130178340947886
0.9157348061512727 0.012681127442272266
0.9224267826248536 0.012248436089113272
0.928864305000136 0.01172860300208034
0.9350434955543556 0.011130744035739226
0.9409606321741775 0.010464226986042786
0.9466121505977576 0.009738657432685061
0.9519946465617215 0.008963865732169868
0.9571048778517655 0.00814988998555357
0.9619397662556433 0.007306950614181436
0.9664963994173694 0.006445413236883378
0.9707720325915102 0.005575737748167852
0.9747640902965183 0.0047084127448896885
0.9784701678661044 0.0038538756436656972
0.98188803289772 0.003022419893656742
0.985015626597272 0.0022240915603554015
0.9878510650192642 0.0014685781996873867
0.9903926402016152 0.0007650933450941851
0.9926388211944706 0.00012226010145902555
0.9945882549823906 -0.00045200269564404276
0.9962397672993549 -0.0009505885007737452
0.9975923633360985 -0.001367302332331139
0.9986452283393451 -0.0016969487767592069
0.9993977281025862 -0.0019354066408089116
0.9998494093481021 -0.0020796886104598204
1.0 -0.002127984693827826
