1.0 0.0018719067780224603
0.9998494093481021 0.0019273331479057185
0.9993977281025862 0.0020935347050003066
0.9986452283393451 0.002370260039446957
0.9975923633360985 0.0027570296530320124
0.9962397672993549 0.003253052141223167
0.9945882549823906 0.0038571200086350353
0.9926388211944706 0.004567496821827735
0.9903926402016152 0.005381808808373008
0.9878510650192642 0.006296954197601226
0.985015626597272 0.007309042532527206
0.98188803289772 0.0084133739401397
0.9784701678661044 0.009604465108560672
0.9747640902965183 0.010876124754064125
0.9707720325915102 0.012221577005266812
0.9664963994173694 0.013633626761670632
0.9619397662556433 0.015104857082186993
0.9571048778517655 0.01662784538408762
0.9519946465617215 0.018195382985808105
0.9466121505977576 0.019800681527607313
0.9409606321741775 0.021437550169692756
0.9350434955543556 0.023100529202055797
0.928864305000136 0.02478496869260386
0.9224267826248536 0.02648704483111451
0.9157348061512727 0.028203711385939315
0.9087924065757916 0.029932588801516412
0.9016037657403225 0.031671798514572407
0.894173213813303 0.03341975463971724
0.8865052266813687 0.03517492888689472
0.8786044232532422 0.036935607103528695
0.8704755626774794 0.03869965695380786
0.8621235414757333 0.040464325838108425
0.8535533905932737 0.04222608622102934
0.8447702723685334 0.04398054220459252
0.8357794774235092 0.04572240669641432
0.8265864214768883 0.0474455532204151
0.8171966420818224 0.04914314070965674
0.8076157952903136 0.05080780395507537
0.7978496522462164 0.05243189721045203
0.7879040957089227 0.05400777418919718
0.7777851165098009 0.05552808468074133
0.7674988099435485 0.056986066515041754
0.7570513720966108 0.05837581174647368
0.746449096114892 0.0596924877166837
0.7356983684129987 0.060932496961905086
0.7248056648273034 0.06209356450336846
0.713777546715141 0.06317474654604555
0.7026206570024947 0.06417636058149292
0.691341716182545 0.06509984287364327
0.6799475182674938 0.0659475448264248
0.6684449266961098 0.0667224843475529
0.6568408701994456 0.06742807166214296
0.645142338627231 0.06806783082178099
0.6333563787374491 0.0686451382513002
0.6214900899516319 0.06916299806462659
0.6095506200784349 0.06962387068850069
0.5975451610080642 0.07002956681323345
0.5854809443801506 0.07038121320656475
0.5733652372276805 0.07067929092418572
0.5612053375996082 0.07092374041749737
0.54900857016478 0.07111412247012415
0.5367822817998334 0.07124981924925132
0.5245338371637088 0.07133025642316124
0.512270614261456 0.07135512555478324
0.4999999999999999 0.0713245859862362
0.4877293857385438 0.07123942719220493
0.475466162836291 0.07110117596661834
0.46321771820016633 0.07091213754804065
0.4509914298352198 0.07067536550013619
0.43879466240039156 0.07039456137548236
0.42663476277231926 0.07007391138760526
0.41451905561984914 0.06971787297566563
0.4024548389919357 0.06933092878427104
0.3904493799215649 0.06891732879059712
0.3785099100483679 0.06848084279768782
0.36664362126255073 0.06802454511984819
0.35485766137276875 0.06755065101001008
0.3431591298005543 0.0670604203724018
0.33155507330389 0.06655413886565119
0.320052481732506 0.06603118005493228
0.30865828381745486 0.06549014533256997
0.29737934299750524 0.06492907146228456
0.28622245328485874 0.06434568938753361
0.27519433517269654 0.06373771291406181
0.26430163158700104 0.06310313248183998
0.2535509038851079 0.062440487810966096
0.2429486279033891 0.061749093917373564
0.23250119005645137 0.06102919785586478
0.2222148834901989 0.06028204839504527
0.2120959042910774 0.05950986733179029
0.20215034775378343 0.058715718840664934
0.19238420470968637 0.057903281547230484
0.18280335791817703 0.057076536270003704
0.17341357852311146 0.05623938993553783
0.16422052257649067 0.05539526241266119
0.15522972763146647 0.054546667399442625
0.14644660940672616 0.05369482062418376
0.1378764585242665 0.05283930824863708
0.12952443732252045 0.05197784543405378
0.12139557674675777 0.0511061496907242
0.11349477331863145 0.050217946210834676
0.10582678618669683 0.04930511338225498
0.09839623425967753 0.04835796673029817
0.09120759342420814 0.04736566935658693
0.08426519384872727 0.04631674729493976
0.07757321737514639 0.04519967981799068
0.07113569499986394 0.04400352826173154
0.06495650444564427 0.04271856291623344
0.059039367825822475 0.04133684631645693
0.05338784940224234 0.03985273301347546
0.048005353438278275 0.0382632505536952
0.042895122148234655 0.03656833366653163
0.038060233744356575 0.03477089308590601
0.03350360058263052 0.03287671136794464
0.029227967408489597 0.03089416975506957
0.025235909703481607 0.028833821747063053
0.021529832133895532 0.026707839737783384
0.018111967102280024 0.024529370081814363
0.014984373402728013 0.0223118386009543
0.012148934980735715 0.02006825232153386
0.009607359798384785 0.017810543847163008
0.007361178805529334 0.01554900214044935
0.005411745017609493 0.0132918277677555
0.0037602327006450165 0.011044842233357994
0.0024076366639015356 0.008811370471604884
0.0013547716606548965 0.006592303613196574
0.0006022718974137975 0.00438633663461273
0.00015059065189787502 0.00219036332229123
0.0 0.0
0.00015059065189787502 -0.0015357528384214005
0.0006022718974137975 -0.0030621386075679966
0.0013547716606548965 -0.004569627528118042
0.0024076366639015356 -0.00604947126986985
0.0037602327006450165 -0.007494042574001564
0.005411745017609493 -0.008897116954120597
0.007361178805529334 -0.010254082907491368
0.009607359798384785 -0.011562071466272557
0.012148934980735715 -0.012820000811707116
0.014984373402728013 -0.014028536725468665
0.018111967102280024 -0.01518997451812538
0.021529832133895532 -0.016308052429144765
0.025235909703481607 -0.017387710051601897
0.029227967408489597 -0.018434807875027635
0.03350360058263052 -0.01945582541609147
0.038060233744356575 -0.020457555560401876
0.042895122148234655 -0.021446811700922486
0.048005353438278275 -0.02243016214693688
0.05338784940224234 -0.02341370328589456
0.059039367825822475 -0.02440287936298926
0.06495650444564427 -0.025402352794343636
0.07113569499986394 -0.026415924960838385
0.07757321737514639 -0.027446503745748634
0.08426519384872727 -0.02849611095516409
0.09120759342420814 -0.029565920419594986
0.09839623425967753 -0.030656316174729133
0.10582678618669683 -0.031766959736926864
0.11349477331863145 -0.03289685611903257
0.12139557674675777 -0.03404440978670516
0.12952443732252045 -0.03520746407286761
0.1378764585242665 -0.03638332042579421
0.14644660940672616 -0.03756873700047104
0.15522972763146647 -0.03875990922837102
0.16422052257649067 -0.03995243783546983
0.17341357852311146 -0.04114129206538207
0.18280335791817703 -0.042320777393266534
0.19238420470968637 -0.04348451763922901
0.20215034775378343 -0.04462546103525664
0.2120959042910774 -0.04573591847664677
0.2222148834901989 -0.04680763998806283
0.23250119005645137 -0.04783193252090264
0.2429486279033891 -0.04879981879975436
0.2535509038851079 -0.04970223332294658
0.26430163158700104 -0.0505302480906041
0.27519433517269654 -0.051275317478555786
0.28622245328485874 -0.05192952917034363
0.29737934299750524 -0.05248584643030204
0.30865828381745486 -0.052938326413037515
0.320052481732506 -0.05328229974672343
0.33155507330389 -0.05351449830274914
0.3431591298005543 -0.05363312078939656
0.35485766137276875 -0.05363782941786116
0.36664362126255073 -0.0535296751502623
0.3785099100483679 -0.053310953662595986
0.3904493799215649 -0.05298499881896077
0.4024548389919357 -0.05255592482498878
0.41451905561984914 -0.052028331990653716
0.42663476277231926 -0.05140699390549688
0.43879466240039156 -0.050696545591093725
0.4509914298352198 -0.0499011926993981
0.46321771820016633 -0.049024461010658785
0.475466162836291 -0.048069003381189794
0.4877293857385438 -0.047036478019289625
0.4999999999999999 -0.04592750772857008
0.512270614261456 -0.04474172482128966
0.5245338371637088 -0.04347790108866849
0.5367822817998334 -0.042134156866490455
0.54900857016478 -0.04070823820176231
0.5612053375996082 -0.039197846738227925
0.5733652372276805 -0.03760100348033087
0.5854809443801506 -0.03591642528947996
0.5975451610080642 -0.034143891958637915
0.6095506200784349 -0.0322845820602538
0.6214900899516319 -0.030341357437738515
0.6333563787374491 -0.02831897909488544
0.645142338627231 -0.026224241136347227
0.6568408701994456 -0.024066014067871188
0.6684449266961098 -0.021855193875155866
0.6799475182674938 -0.01960455853904586
0.691341716182545 -0.017328538685221627
0.7026206570024947 -0.01504291360212772
0.713777546715141 -0.012764447625815415
0.7248056648273034 -0.01051048467615268
0.7356983684129987 -0.008298520396493066
0.746449096114892 -0.006145771836106411
0.7570513720966108 -0.004068763937381405
0.7674988099435485 -0.0020829503383839134
0.7777851165098009 -0.00020238333171516444
0.7879040957089227 0.0015605555588226944
0.7978496522462164 0.0031953567667604007
0.8076157952903136 0.004693512066365751
0.8171966420818224 0.006048572566835201
0.8265864214768883 0.007256139414602356
0.8357794774235092 0.008313794467023497
0.8447702723685334 0.009220980686925787
0.8535533905932737 0.009978843704800927
0.8621235414757333 0.010590046854023072
0.8704755626774794 0.0110585720138629
0.8786044232532422 0.011389517859758906
0.8865052266813687 0.011588905731760118
0.894173213813303 0.011663501437791886
0.9016037657403225 0.011620659079130647
0.9087924065757916 0.011468190601363748
0.9157348061512727 0.011214262411224382
0.9224267826248536 0.01086731821767074
0.928864305000136 0.010436025387378993
0.9350434955543556 0.009929240649178238
0.9409606321741775 0.009355989998981953
0.9466121505977576 0.008725457166817423
0.9519946465617215 0.008046974993213626
0.9571048778517655 0.007330014473073141
0.9619397662556433 0.0065841669847696085
0.9664963994173694 0.0058191162364858145
0.9707720325915102 0.00504459762810571
0.9747640902965183 0.004270343943056204
0.9784701678661044 0.0035060174566431666
0.98188803289772 0.002761129596995487
0.985015626597272 0.002044950162868564
0.9878510650192642 0.0013664087526345811
0.9903926402016152 0.0007339914766891005
0.9926388211944706 0.0001556362177956253
0.9945882549823906 -0.00036137030570140057
0.9962397672993549 -0.000810490594224889
0.9975923633360985 -0.0011860267573873073
0.9986452283393451 -0.0014832008353188896
0.9993977281025862 -0.0016982230594216833
0.9998494093481021 -0.0018283464788567726
1.0 -0.0018719067780224603
