1.0 0.002056786170382889
0.9998494093481021 0.0021026308543444965
0.9993977281025862 0.0022400870723968923
0.9986452283393451 0.002468903736491914
0.9975923633360985 0.0027886057290405783
0.9962397672993549 0.003198415708282199
0.9945882549823906 0.003697157514356719
0.9926388211944706 0.004283152607471253
0.9903926402016152 0.004954122310349605
0.9878510650192642 0.005707108759549141
0.985015626597272 0.006538426362483323
0.98188803289772 0.007443653286997627
0.9784701678661044 0.008417669259748607
0.9747640902965183 0.009454741989134288
0.9707720325915102 0.010548660195424026
0.9664963994173694 0.01169290690070012
0.9619397662556433 0.012880862686478705
0.9571048778517655 0.014106025423566215
0.9519946465617215 0.01536223081614647
0.9466121505977576 0.016643857196425995
0.9409606321741775 0.017945998470835164
0.9350434955543556 0.01926459095327196
0.928864305000136 0.020596482909024803
0.9224267826248536 0.021939439750828897
0.9157348061512727 0.023292082661228945
0.9087924065757916 0.024653763582218973
0.9016037657403225 0.026024384597728524
0.894173213813303 0.027404174319088564
0.8865052266813687 0.02879343758322754
0.8786044232532422 0.030192297268261965
0.8704755626774794 0.03160044809398012
0.8621235414757333 0.033016941790578846
0.8535533905932737 0.034440020996465995
0.8447702723685334 0.035867015818200454
0.8357794774235092 0.037294312401427186
0.8265864214768883 0.038717397466657276
0.8171966420818224 0.04013097697383464
0.8076157952903136 0.04152916134820336
0.7978496522462164 0.04290570448173972
0.7879040957089227 0.04425427943868149
0.7777851165098009 0.045568770790258506
0.7674988099435485 0.04684356203383716
0.7570513720966108 0.048073796746812884
0.746449096114892 0.0492555939855296
0.7356983684129987 0.050386201831209516
0.7248056648273034 0.05146407765175474
0.713777546715141 0.05248888922976607
0.7026206570024947 0.05346143696669232
0.691341716182545 0.05438350343267851
0.6799475182674938 0.05525764211004429
0.6684449266961098 0.05608692182936691
0.6568408701994456 0.05687464674638984
0.645142338627231 0.05762407348323472
0.6333563787374491 0.058338147111503216
0.6214900899516319 0.05901927597849222
0.6095506200784349 0.05966916210122166
0.5975451610080642 0.06028869923672528
0.5854809443801506 0.060877945151519654
0.5733652372276805 0.06143616850958431
0.5612053375996082 0.06196196467257587
0.54900857016478 0.06245342905919644
0.5367822817998334 0.0629083720075535
0.5245338371637088 0.06332455571580224
0.512270614261456 0.06369993208651227
0.4999999999999999 0.06403286032239382
0.4877293857385438 0.06432228492396591
0.475466162836291 0.06456785818539167
0.46321771820016633 0.0647699960979453
0.4509914298352198 0.06492986236035109
0.43879466240039156 0.0650492814852032
0.42663476277231926 0.06513058825730855
0.41451905561984914 0.06517642651473293
0.4024548389919357 0.06518951489671643
0.3904493799215649 0.06517240042389033
0.3785099100483679 0.06512722224900126
0.36664362126255073 0.06505550748456157
0.35485766137276875 0.06495801867685524
0.3431591298005543 0.06483466841101486
0.33155507330389 0.06468451100498278
0.320052481732506 0.0645058147123935
0.30865828381745486 0.06429621083006255
0.29737934299750524 0.0640529091711762
0.28622245328485874 0.06377296310299105
0.27519433517269654 0.06345356229941035
0.26430163158700104 0.06309232797997155
0.2535509038851079 0.06268758402879697
0.2429486279033891 0.062238578187138946
0.23250119005645137 0.061745630496685903
0.2222148834901989 0.06121019116696305
0.2120959042910774 0.060634796711424306
0.20215034775378343 0.060022921061898646
0.19238420470968637 0.05937872683969222
0.18280335791817703 0.05870673037878699
0.17341357852311146 0.05801140179246816
0.16422052257649067 0.05729672771724139
0.15522972763146647 0.05656576881300026
0.14644660940672616 0.05582024623469858
0.1378764585242665 0.0550601908746705
0.12952443732252045 0.054283686153283696
0.12139557674675777 0.05348672965498476
0.11349477331863145 0.0526632313056178
0.10582678618669683 0.0518051565745375
0.09839623425967753 0.05090281300643788
0.09120759342420814 0.04994526797722877
0.08426519384872727 0.04892087569539677
0.07757321737514639 0.047817882882592574
0.07113569499986394 0.046625075933151086
0.06495650444564427 0.045332428209430294
0.059039367825822475 0.0439317048420708
0.05338784940224234 0.042416984131251806
0.048005353438278275 0.04078505932689651
0.042895122148234655 0.03903569192389494
0.038060233744356575 0.03717169716252439
0.03350360058263052 0.035198853525051664
0.029227967408489597 0.033125639894210364
0.025235909703481607 0.030962815846958838
0.021529832133895532 0.028722871449708434
0.018111967102280024 0.026419382106399478
0.014984373402728013 0.02406631080987233
0.012148934980735715 0.021677304046541127
0.009607359798384785 0.019265028295455004
0.007361178805529334 0.016840591465355933
0.005411745017609493 0.014413087884014264
0.0037602327006450165 0.011989296976786423
0.0024076366639015356 0.009573555130706984
0.0013547716606548965 0.007167808180718709
0.0006022718974137975 0.004771839326419908
0.00015059065189787502 0.0023836549865436586
0.0 0.0
0.00015059065189787502 -0.0011661870368836658
0.0006022718974137975 -0.0023278388384120946
0.0013547716606548965 -0.003480091509546781
0.0024076366639015356 -0.004618645816052592
0.0037602327006450165 -0.005740007545772962
0.005411745017609493 -0.0068416804324581545
0.007361178805529334 -0.007922300834686669
0.009607359798384785 -0.008981707183346033
0.012148934980735715 -0.010020941442595604
0.014984373402728013 -0.011042184169410012
0.018111967102280024 -0.01204862889871258
0.021529832133895532 -0.013044305235425255
0.025235909703481607 -0.014033862951208375
0.029227967408489597 -0.015022331369400609
0.03350360058263052 -0.01601486925518007
0.038060233744356575 -0.01701652026752902
0.042895122148234655 -0.01803198781557046
0.048005353438278275 -0.019065441012821937
0.05338784940224234 -0.02012036052576207
0.059039367825822475 -0.021199429708025838
0.06495650444564427 -0.022304472773041803
0.07113569499986394 -0.023436438173321278
0.07757321737514639 -0.024595422101703273
0.08426519384872727 -0.025780724355459653
0.09120759342420814 -0.02699092690517893
0.09839623425967753 -0.02822398451884132
0.10582678618669683 -0.029477316764893013
0.11349477331863145 -0.030747891635276373
0.12139557674675777 -0.032032292792792266
0.12952443732252045 -0.033326764891241714
0.1378764585242665 -0.034627234321316445
0.14644660940672616 -0.03592930584318155
0.15522972763146647 -0.0372282386050074
0.16422052257649067 -0.038518907748080186
0.17341357852311146 -0.03979575992359427
0.18280335791817703 -0.04105277240055619
0.19238420470968637 -0.04228342589762102
0.20215034775378343 -0.043480700766699604
0.2120959042910774 -0.04463710471389523
0.2222148834901989 -0.04574473796239164
0.23250119005645137 -0.04679539881143591
0.2429486279033891 -0.047780729152574926
0.2535509038851079 -0.048692395936464336
0.26430163158700104 -0.049522301128685366
0.27519433517269654 -0.05026280963672232
0.28622245328485874 -0.050906982293755024
0.29737934299750524 -0.051448799464279785
0.30865828381745486 -0.05188336034534032
0.320052481732506 -0.05220704365356614
0.33155507330389 -0.05241761710797324
0.3431591298005543 -0.052514285853710936
0.35485766137276875 -0.05249767355640709
0.36664362126255073 -0.05236973409707918
0.3785099100483679 -0.052133596329428475
0.3904493799215649 -0.05179334890972024
0.4024548389919357 -0.05135377645132997
0.41451905561984914 -0.050820061883737874
0.42663476277231926 -0.050197472639474536
0.43879466240039156 -0.04949104994018203
0.4509914298352198 -0.04870532086599329
0.46321771820016633 -0.0478440520163872
0.475466162836291 -0.04691006143972558
0.4877293857385438 -0.04590510224389643
0.4999999999999999 -0.044829827101835765
0.512270614261456 -0.04368383799846944
0.5245338371637088 -0.04246582034218679
0.5367822817998334 -0.041173755322305404
0.54900857016478 -0.039805199474422986
0.5612053375996082 -0.03835761613740161
0.5733652372276805 -0.036828740125593715
0.5854809443801506 -0.03521695471306591
0.5975451610080642 -0.033521659072751966
0.6095506200784349 -0.03174360468804118
0.6214900899516319 -0.029885180925442855
0.6333563787374491 -0.027950632808714126
0.645142338627231 -0.02594619787612303
0.6568408701994456 -0.023880153581062935
0.6684449266961098 -0.021762771716478047
0.6799475182674938 -0.01960618148722411
0.691341716182545 -0.017424147802255728
0.7026206570024947 -0.015231775811323406
0.713777546715141 -0.013045156409226474
0.7248056648273034 -0.010880970170951638
0.7356983684129987 -0.00875606882725667
0.746449096114892 -0.006687053881120196
0.7570513720966108 -0.004689871315822242
0.7674988099435485 -0.0027794396426422566
0.7777851165098009 -0.0009693259316108939
0.7879040957089227 0.0007285188348994125
0.7978496522462164 0.002303957510401979
0.8076157952903136 0.003748794027828177
0.8171966420818224 0.005056830448596551
0.8265864214768883 0.006223857752870187
0.8357794774235092 0.007247587433951104
0.8447702723685334 0.008127533426956858
0.8535533905932737 0.008864855600301381
0.8621235414757333 0.009462176917056959
0.8704755626774794 0.00992338643870404
0.8786044232532422 0.010253439656489657
0.8865052266813687 0.010458166302094184
0.894173213813303 0.010544093951640068
0.9016037657403225 0.010518293560587389
0.9087924065757916 0.010388250727025572
0.9157348061512727 0.010161764149394495
0.9224267826248536 0.009846870578676076
0.928864305000136 0.009451793696285965
0.9350434955543556 0.008984912876275954
0.9409606321741775 0.008454746775898357
0.9466121505977576 0.007869946165491044
0.9519946465617215 0.007239290343668263
0.9571048778517655 0.006571681841230894
0.9619397662556433 0.005876134825480078
0.9664963994173694 0.005161753586298098
0.9707720325915102 0.004437698617836885
0.9747640902965183 0.003713139005715077
0.9784701678661044 0.002997190997329453
0.98188803289772 0.0022988436939758825
0.985015626597272 0.0016268736980647454
0.9878510650192642 0.0009897512378341483
0.9903926402016152 0.00039554075806170217
0.9926388211944706 -0.00014820078930346614
0.9945882549823906 -0.0006345246768183644
0.9962397672993549 -0.0010571870039888698
0.9975923633360985 -0.0014107382763849327
0.9986452283393451 -0.0016906034149430627
0.9993977281025862 -0.0018931500481955052
0.9998494093481021 -0.0020157433587858526
1.0 -0.002056786170382889
