1.0 0.002151598024060425
0.9998494093481021 0.0021976927485847482
0.9993977281025862 0.0023359305154601884
0.9986452283393451 0.0025661535812099854
0.9975923633360985 0.0028880393098120166
0.9962397672993549 0.0033010174431223746
0.9945882549823906 0.003804167362472859
0.9926388211944706 0.004396106968546608
0.9903926402016152 0.005074886191297057
0.9878510650192642 0.0058378983096086245
0.985015626597272 0.006681821178754354
0.98188803289772 0.0076025982096500026
0.9784701678661044 0.008595465698726412
0.9747640902965183 0.00965502914168125
0.9707720325915102 0.010775386816123436
0.9664963994173694 0.011950294563560523
0.9619397662556433 0.013173361723507035
0.9571048778517655 0.014438264929046688
0.9519946465617215 0.015738964264636016
0.9466121505977576 0.01706990533089864
0.9409606321741775 0.018426191172599558
0.9350434955543556 0.019803709805939027
0.928864305000136 0.021199206115153767
0.9224267826248536 0.022610290953682357
0.9157348061512727 0.0240353850685455
0.9087924065757916 0.02547360058870019
0.9016037657403225 0.02692456786400735
0.894173213813303 0.028388219994514095
0.8865052266813687 0.0298645510662078
0.8786044232532422 0.03135336659047082
0.8704755626774794 0.03285404570355758
0.8621235414757333 0.03436533420518155
0.8535533905932737 0.03588518551054771
0.8447702723685334 0.037410663191007484
0.8357794774235092 0.0389379142331623
0.8265864214768883 0.040462216799428755
0.8171966420818224 0.041978100539286106
0.8076157952903136 0.04347953183116108
0.7978496522462164 0.044960151182559
0.7879040957089227 0.046413545797291435
0.7777851165098009 0.04783353738031928
0.7674988099435485 0.04921446384097029
0.7570513720966108 0.05055143380250158
0.746449096114892 0.0518405347270741
0.7356983684129987 0.05307897888460217
0.7248056648273034 0.05426517607306784
0.713777546715141 0.05539872757491865
0.7026206570024947 0.05648034187215261
0.691341716182545 0.05751167866416201
0.6799475182674938 0.05849513325747453
0.6684449266961098 0.05943357798162335
0.6568408701994456 0.06033008055935052
0.645142338627231 0.06118762105405173
0.6333563787374491 0.06200882899021782
0.6214900899516319 0.06279576048911598
0.6095506200784349 0.06354973191719242
0.5975451610080642 0.06427122187356234
0.5854809443801506 0.0649598477197475
0.5733652372276805 0.06561441673367929
0.5612053375996082 0.06623304584869501
0.54900857016478 0.06681333831811594
0.5367822817998334 0.06735260099099263
0.5245338371637088 0.06784808258322761
0.512270614261456 0.06829721166109076
0.4999999999999999 0.06869781316975006
0.4877293857385438 0.06904828424100556
0.475466162836291 0.06934771355782696
0.46321771820016633 0.06959593345727431
0.4509914298352198 0.0697934998209821
0.43879466240039156 0.06994160115204485
0.42663476277231926 0.07004190454115654
0.41451905561984914 0.07009635195202371
0.4024548389919357 0.07010692491524474
0.3904493799215649 0.07007539890082091
0.3785099100483679 0.07000311004789861
0.36664362126255073 0.06989075641372004
0.35485766137276875 0.0697382534663234
0.3431591298005543 0.06954465935060994
0.33155507330389 0.06930817981696481
0.320052481732506 0.06902625605356649
0.30865828381745486 0.06869573153838962
0.29737934299750524 0.06831308700649916
0.28622245328485874 0.06787472629939394
0.27519433517269654 0.0673772907702322
0.26430163158700104 0.06681797651866392
0.2535509038851079 0.06619482735230699
0.2429486279033891 0.06550697719352407
0.23250119005645137 0.06475481867163321
0.2222148834901989 0.06394007968617314
0.2120959042910774 0.06306579645300385
0.20215034775378343 0.062136179464495005
0.19238420470968637 0.06115637731178677
0.18280335791817703 0.06013215177099396
0.17341357852311146 0.05906948527274247
0.16422052257649067 0.05797414822135701
0.15522972763146647 0.05685125806211998
0.14644660940672616 0.055704864102827885
0.1378764585242665 0.054537591639732444
0.12952443732252045 0.05335037587071163
0.12139557674675777 0.052142310553632595
0.11349477331863145 0.050910628732192084
0.10582678618669683 0.04965082362303086
0.09839623425967753 0.048356907589818
0.09120759342420814 0.04702179676376166
0.08426519384872727 0.045637799080784476
0.07757321737514639 0.04419717504405168
0.07113569499986394 0.04269273405542918
0.06495650444564427 0.04111842522551462
0.059039367825822475 0.03946988052688383
0.05338784940224234 0.03774487014966138
0.048005353438278275 0.03594363488060943
0.042895122148234655 0.03406906796374004
0.038060233744356575 0.03212672871600607
0.03350360058263052 0.030124681500239746
0.029227967408489597 0.02807316571038582
0.025235909703481607 0.025984114345662467
0.021529832133895532 0.023870549680350784
0.018111967102280024 0.02174589367273561
0.014984373402728013 0.019623237416698226
0.012148934980735715 0.017514617608625705
0.009607359798384785 0.015430348375887169
0.007361178805529334 0.013378453820055538
0.005411745017609493 0.01136424043851737
0.0037602327006450165 0.009390039603400586
0.0024076366639015356 0.0074551391021479355
0.0013547716606548965 0.005555910146503327
0.0006022718974137975 0.003686123110388366
0.00015059065189787502 0.001837432481095879
0.0 0.0
0.00015059065189787502 -0.0012828731462369506
0.0006022718974137975 -0.002557063634566451
0.0013547716606548965 -0.0038136261248395893
0.0024076366639015356 -0.0050443658468634685
0.0037602327006450165 -0.0062421641476174475
0.005411745017609493 -0.0074012477007854936
0.007361178805529334 -0.00851738829685694
0.009607359798384785 -0.009588024491893162
0.012148934980735715 -0.01061230123418535
0.014984373402728013 -0.011591028572323673
0.018111967102280024 -0.012526565330882413
0.021529832133895532 -0.01342263789484979
0.025235909703481607 -0.01428410768734697
0.029227967408489597 -0.015116703336246979
0.03350360058263052 -0.015926734761708517
0.038060233744356575 -0.01672080642428698
0.042895122148234655 -0.017505545789244948
0.048005353438278275 -0.018287360811297327
0.05338784940224234 -0.019072237126429446
0.059039367825822475 -0.01986558191538722
0.06495650444564427 -0.02067211737870167
0.07113569499986394 -0.021495822753910373
0.07757321737514639 -0.02233992012213826
0.08426519384872727 -0.02320689617176369
0.09120759342420814 -0.024098549837004345
0.09839623425967753 -0.025016054464655862
0.10582678618669683 -0.025960022957580396
0.11349477331863145 -0.026930565187492584
0.12139557674675777 -0.027927328766430677
0.12952443732252045 -0.028949516844271703
0.1378764585242665 -0.029995879725113125
0.14644660940672616 -0.03106468049167797
0.15522972763146647 -0.03215363819673059
0.16422052257649067 -0.033259855229453635
0.17341357852311146 -0.03437973792497059
0.18280335791817703 -0.03550892113673281
0.19238420470968637 -0.036642208179882584
0.20215034775378343 -0.037773537202550306
0.2120959042910774 -0.038895983659418557
0.2222148834901989 -0.04000180624018614
0.23250119005645137 -0.041082540514766425
0.2429486279033891 -0.042129140931952996
0.2535509038851079 -0.04313216793054609
0.26430163158700104 -0.044082013098536495
0.27519433517269654 -0.04496915185544943
0.28622245328485874 -0.04578441032154979
0.29737934299750524 -0.046519231116736726
0.30865828381745486 -0.04716592197913922
0.320052481732506 -0.047717871407928
0.33155507330389 -0.04816971702910746
0.3431591298005543 -0.04851745498062952
0.35485766137276875 -0.048758482153418777
0.36664362126255073 -0.04889156737395739
0.3785099100483679 -0.04891675228137691
0.3904493799215649 -0.048835187411143954
0.4024548389919357 -0.0486489135097975
0.41451905561984914 -0.04836060204462748
0.42663476277231926 -0.04797327194880353
0.43879466240039156 -0.04749000162399381
0.4509914298352198 -0.04691365595141893
0.46321771820016633 -0.04624664746758582
0.475466162836291 -0.04549074896371863
0.4877293857385438 -0.04464697168023764
0.4999999999999999 -0.043715519184970596
0.512270614261456 -0.042695822211359445
0.5245338371637088 -0.041586654507239425
0.5367822817998334 -0.0403863244514723
0.54900857016478 -0.03909293218552469
0.5612053375996082 -0.037704677611481836
0.5733652372276805 -0.0362202011164318
0.5854809443801506 -0.03463893652343388
0.5975451610080642 -0.032961454692370495
0.6095506200784349 -0.031189776464406568
0.6214900899516319 -0.029327635236215153
0.6333563787374491 -0.027380672252170182
0.645142338627231 -0.025356551523793264
0.6568408701994456 -0.02326498587125184
0.6684449266961098 -0.021117670631306387
0.6799475182674938 -0.018928126764890106
0.691341716182545 -0.016711460098391716
0.7026206570024947 -0.014484047938486929
0.713777546715141 -0.01226316804382137
0.7248056648273034 -0.010066587707657072
0.7356983684129987 -0.007912132362733587
0.746449096114892 -0.005817253598724814
0.7570513720966108 -0.0037986157978426387
0.7674988099435485 -0.0018717188341644527
0.7777851165098009 -5.05716019364214e-05
0.7879040957089227 0.0016525722547970011
0.7978496522462164 0.003227408899786957
0.8076157952903136 0.004665705703591704
0.8171966420818224 0.005961350045291129
0.8265864214768883 0.007110329781272851
0.8357794774235092 0.00811065283265154
0.8447702723685334 0.008962215848647188
0.8535533905932737 0.009666633617084357
0.8621235414757333 0.010227041764170507
0.8704755626774794 0.010647885322450258
0.8786044232532422 0.010934705012175536
0.8865052266813687 0.011093931688422085
0.894173213813303 0.011132697501630139
0.9016037657403225 0.011058670073848406
0.9087924065757916 0.010879913587513333
0.9157348061512727 0.0106047782949048
0.9224267826248536 0.010241817744998709
0.928864305000136 0.009799731124184873
0.9350434955543556 0.00928732661792224
0.9409606321741775 0.008713500682879759
0.9466121505977576 0.008087227594636424
0.9519946465617215 0.007417553587895559
0.9571048778517655 0.006713590284597984
0.9619397662556433 0.005984502834324923
0.9664963994173694 0.0052394891772551706
0.9707720325915102 0.004487747980357128
0.9747640902965183 0.003738433990471366
0.9784701678661044 0.003000600699986294
0.98188803289772 0.002283131253511122
0.985015626597272 0.001594659378690265
0.9878510650192642 0.0009434827647034753
0.9903926402016152 0.0003374717242034804
0.9926388211944706 -0.00021602383472515345
0.9945882549823906 -0.0007102661065949191
0.9962397672993549 -0.0011392169042774495
0.9975923633360985 -0.0014976184259976356
0.9986452283393451 -0.0017810650663790037
0.9993977281025862 -0.001986064456551236
0.9998494093481021 -0.0021100863104527457
1.0 -0.002151598024060425
