1.0 0.001851128677990651
0.9998494093481021 0.0019070597051582929
0.9993977281025862 0.0020747795916308646
0.9986452283393451 0.0023540499672078576
0.9975923633360985 0.0027444129751479584
0.9962397672993549 0.003245107379943513
0.9945882549823906 0.0038549643977745804
0.9926388211944706 0.004572295058074898
0.9903926402016152 0.0053947823201984805
0.9878510650192642 0.00631939135378682
0.985015626597272 0.007342310310653333
0.98188803289772 0.00845893164623854
0.9784701678661044 0.009663880771397479
0.9747640902965183 0.010951094802310565
0.9707720325915102 0.012313949767396382
0.9664963994173694 0.013745430204534498
0.9619397662556433 0.015238331026557236
0.9571048778517655 0.01678547820945451
0.9519946465617215 0.018379952571413272
0.9466121505977576 0.020015299884141618
0.9409606321741775 0.021685710910647187
0.9350434955543556 0.023386156701179047
0.928864305000136 0.02511246749055887
0.9224267826248536 0.026861347606011957
0.9157348061512727 0.028630323603324136
0.9087924065757916 0.03041762802175079
0.9016037657403225 0.03222202626871333
0.894173213813303 0.03404259879497416
0.8865052266813687 0.03587849451213458
0.8786044232532422 0.037728674013154814
0.8704755626774794 0.03959166235048902
0.8621235414757333 0.041465330784196425
0.8535533905932737 0.04334672503561124
0.8447702723685334 0.04523195429670713
0.8357794774235092 0.04711615079255068
0.8265864214768883 0.048993504412913794
0.8171966420818224 0.050857371228857286
0.8076157952903136 0.0527004490391048
0.7978496522462164 0.05451500790014715
0.7879040957089227 0.056293159300290475
0.7777851165098009 0.05802714459046588
0.7674988099435485 0.05970962173590418
0.7570513720966108 0.06133392953706401
0.746449096114892 0.06289431018969012
0.7356983684129987 0.06438607428530049
0.7248056648273034 0.06580569684504235
0.713777546715141 0.06715083837880109
0.7026206570024947 0.06842029083921297
0.691341716182545 0.06961385422687667
0.6799475182674938 0.07073215502487229
0.6684449266961098 0.07177642215858163
0.6568408701994456 0.07274823942214899
0.645142338627231 0.07364929501806458
0.6333563787374491 0.07448114887715514
0.6214900899516319 0.07524503675477578
0.6095506200784349 0.07594172686524607
0.5975451610080642 0.0765714402791018
0.5854809443801506 0.07713384083361166
0.5733652372276805 0.07762809434282933
0.5612053375996082 0.0780529909295658
0.54900857016478 0.07840711883251343
0.5367822817998334 0.07868907352543045
0.5245338371637088 0.07889768280570657
0.512270614261456 0.07903222694423011
0.4999999999999999 0.07909263318437143
0.4877293857385438 0.07907962583827058
0.475466162836291 0.0789948168107618
0.46321771820016633 0.07884072630643288
0.4509914298352198 0.07862072934986722
0.43879466240039156 0.07833893009517716
0.42663476277231926 0.07799997219449024
0.41451905561984914 0.07760879920815997
0.4024548389919357 0.07717038368352319
0.3904493799215649 0.0766894466953573
0.3785099100483679 0.07617019103585981
0.36664362126255073 0.07561607071171306
0.35485766137276875 0.0750296169530205
0.3431591298005543 0.07441233672426856
0.33155507330389 0.07376469405974787
0.320052481732506 0.07308617785960438
0.30865828381745486 0.07237545260535512
0.29737934299750524 0.07163058136477118
0.28622245328485874 0.07084930404111198
0.27519433517269654 0.07002934862537774
0.26430163158700104 0.06916874969130454
0.2535509038851079 0.06826614686549307
0.2429486279033891 0.06732103668950837
0.23250119005645137 0.06633395417529592
0.2222148834901989 0.06530656527178573
0.2120959042910774 0.0642416580741313
0.20215034775378343 0.06314302843864256
0.19238420470968637 0.062015264127753864
0.18280335791817703 0.06086344004657434
0.17341357852311146 0.05969274487661838
0.16422052257649067 0.058508065830997394
0.15522972763146647 0.05731356280364043
0.14644660940672616 0.05611226544975931
0.1378764585242665 0.05490572646938018
0.12952443732252045 0.053693761513686246
0.12139557674675777 0.052474300836819504
0.11349477331863145 0.05124337040707597
0.10582678618669683 0.04999521117474488
0.09839623425967753 0.04872253520809983
0.09120759342420814 0.047416907182400825
0.08426519384872727 0.04606923000298837
0.07757321737514639 0.04467030490467852
0.07113569499986394 0.04321142985938331
0.06495650444564427 0.04168499607584314
0.059039367825822475 0.04008504115056463
0.05338784940224234 0.03840771918558705
0.048005353438278275 0.03665165286628984
0.042895122148234655 0.034818139813272794
0.038060233744356575 0.03291119500814551
0.03350360058263052 0.030937422097589148
0.029227967408489597 0.028905718134425037
0.025235909703481607 0.026826827982299798
0.021529832133895532 0.024712775349015476
0.018111967102280024 0.022576206434968847
0.014984373402728013 0.020429688814151515
0.012148934980735715 0.01828501189706967
0.009607359798384785 0.016152535853064472
0.007361178805529334 0.014040633117420327
0.005411745017609493 0.011955260735950346
0.0037602327006450165 0.009899693192446487
0.0024076366639015356 0.007874434608594383
0.0013547716606548965 0.005877317046634186
0.0006022718974137975 0.0039037789329194592
0.00015059065189787502 0.0019473052508895959
0.0 0.0
0.00015059065189787502 -0.0015297101262776347
0.0006022718974137975 -0.003048214775903133
0.0013547716606548965 -0.004544161387903914
0.0024076366639015356 -0.006006997901009019
0.0037602327006450165 -0.007427322676704325
0.005411745017609493 -0.008797177379437861
0.007361178805529334 -0.010110269449530914
0.009607359798384785 -0.011362115131238035
0.012148934980735715 -0.012550098827458448
0.014984373402728013 -0.013673449510722278
0.018111967102280024 -0.014733139687503984
0.021529832133895532 -0.015731716668133163
0.025235909703481607 -0.016673079357659402
0.029227967408489597 -0.017562216235824633
0.03350360058263052 -0.01840492149573495
0.038060233744356575 -0.01920750640643437
0.042895122148234655 -0.019976521889354594
0.048005353438278275 -0.020718506173139715
0.05338784940224234 -0.021439768411497664
0.059039367825822475 -0.022146215569759046
0.06495650444564427 -0.02284322600206149
0.07113569499986394 -0.023535569262875013
0.07757321737514639 -0.024227368126233252
0.08426519384872727 -0.024922095794536192
0.09120759342420814 -0.025622599085241785
0.09839623425967753 -0.02633113713895572
0.10582678618669683 -0.027049424967858813
0.11349477331863145 -0.02777867194657541
0.12139557674675777 -0.028519607043850575
0.12952443732252045 -0.029272485034293125
0.1378764585242665 -0.03003707088669468
0.14644660940672616 -0.030812602729676595
0.15522972763146647 -0.03159773695801989
0.16422052257649067 -0.03239048187944706
0.17341357852311146 -0.03318812855433684
0.18280335791817703 -0.033987188940223574
0.19238420470968637 -0.034783351974272625
0.20215034775378343 -0.035571467742449465
0.2120959042910774 -0.03634556840891238
0.2222148834901989 -0.03709893221067098
0.23250119005645137 -0.037824193733478076
0.2429486279033891 -0.038513500110336156
0.2535509038851079 -0.03915870900338253
0.26430163158700104 -0.03975162054569645
0.27519433517269654 -0.04028423213363548
0.28622245328485874 -0.040749002350420234
0.29737934299750524 -0.041139108599531446
0.30865828381745486 -0.041448682399072005
0.320052481732506 -0.04167300682407972
0.33155507330389 -0.0418086622848758
0.3431591298005543 -0.041853609609948085
0.35485766137276875 -0.04180720309279009
0.36664362126255073 -0.04167013052330048
0.3785099100483679 -0.041444281960922896
0.3904493799215649 -0.041132553790226456
0.4024548389919357 -0.040738599091749476
0.41451905561984914 -0.040266539237991845
0.42663476277231926 -0.039720654601119953
0.43879466240039156 -0.03910507410926098
0.4509914298352198 -0.0384234839623177
0.46321771820016633 -0.037678875053591916
0.475466162836291 -0.03687334657018734
0.4877293857385438 -0.03600797998411248
0.4999999999999999 -0.035082793400930914
0.512270614261456 -0.03409678127622688
0.5245338371637088 -0.03304803916445455
0.5367822817998334 -0.03193396777983264
0.54900857016478 -0.030751545577989182
0.5612053375996082 -0.029497654642108424
0.5733652372276805 -0.028169441166584003
0.5854809443801506 -0.02676468949949608
0.5975451610080642 -0.025282187679217152
0.6095506200784349 -0.023722062739172784
0.6214900899516319 -0.022086065726695296
0.6333563787374491 -0.020377789268064907
0.645142338627231 -0.018602804415198633
0.6568408701994456 -0.016768708169406517
0.6684449266961098 -0.014885078188682347
0.6799475182674938 -0.012963336418178898
0.691341716182545 -0.011016528409049615
0.7026206570024947 -0.009059029600284277
0.713777546715141 -0.0071061935646242165
0.7248056648273034 -0.005173959954568501
0.7356983684129987 -0.0032784414899857707
0.746449096114892 -0.0014355097448563614
0.7570513720966108 0.00033960126363189683
0.7674988099435485 0.0020326565105338932
0.7777851165098009 0.0036307319953265724
0.7879040957089227 0.0051224663899620175
0.7978496522462164 0.006498245220799994
0.8076157952903136 0.007750314585547785
0.8171966420818224 0.008872825407120524
0.8265864214768883 0.009861812897313213
0.8357794774235092 0.01071511903187165
0.8447702723685334 0.011432268260300747
0.8535533905932737 0.012014308280390304
0.8621235414757333 0.012463628451737459
0.8704755626774794 0.012783768317949522
0.8786044232532422 0.012979227823397731
0.8865052266813687 0.013055289264993447
0.894173213813303 0.013017858966835385
0.9016037657403225 0.012873334283613286
0.9087924065757916 0.012628499014640408
0.9157348061512727 0.012290447827111488
0.9224267826248536 0.011866538010250087
0.928864305000136 0.01136436494926904
0.9350434955543556 0.010791756221837442
0.9409606321741775 0.010156778242214825
0.9466121505977576 0.00946774893020921
0.9519946465617215 0.008733249945084894
0.9571048778517655 0.007962132545369857
0.9619397662556433 0.00716351203359181
0.9664963994173694 0.006346746920834147
0.9707720325915102 0.0055214002906567115
0.9747640902965183 0.004697182246080247
0.9784701678661044 0.003883873685843737
0.98188803289772 0.003091232890882949
0.985015626597272 0.0023288874428705622
0.9878510650192642 0.0016062148003984813
0.9903926402016152 0.0009322154049931513
0.9926388211944706 0.0003153824803553719
0.9945882549823906 -0.0002364272559175222
0.9962397672993549 -0.0007161178945687561
0.9975923633360985 -0.001117469882518005
0.9986452283393451 -0.0014352434677480633
0.9993977281025862 -0.0016652671845208667
0.9998494093481021 -0.0018045090497905852
1.0 -0.001851128677990651
