1.0 0.0019665015578265955
0.9998494093481021 0.002016268490085346
0.9993977281025862 0.002165501744032474
0.9986452283393451 0.0024139800078176437
0.9975923633360985 0.0027612741781765726
0.9962397672993549 0.00320666389775233
0.9945882549823906 0.0037490338847603936
0.9926388211944706 0.004386761777867549
0.9903926402016152 0.005117610632111231
0.9878510650192642 0.005938639397008813
0.985015626597272 0.006846143651134362
0.98188803289772 0.00783563663327226
0.9784701678661044 0.008901877377428785
0.9747640902965183 0.010038948795438698
0.9707720325915102 0.011240384191707838
0.9664963994173694 0.012499336314022084
0.9619397662556433 0.01380877902422508
0.9571048778517655 0.015161728370064914
0.9519946465617215 0.016551467556444217
0.9466121505977576 0.01797175927086695
0.9409606321741775 0.019417029133046642
0.9350434955543556 0.020882505718761237
0.928864305000136 0.022364305544819413
0.9224267826248536 0.023859455379907482
0.9157348061512727 0.025365848958898422
0.9087924065757916 0.026882140253186665
0.9016037657403225 0.02840758047752918
0.894173213813303 0.029941810582351548
0.8865052266813687 0.03148462470800732
0.8786044232532422 0.03303572264529618
0.8704755626774794 0.03459447052562964
0.8621235414757333 0.03615968863537778
0.8535533905932737 0.03772948341384696
0.8447702723685334 0.039301137477175674
0.8357794774235092 0.040871067149116015
0.8265864214768883 0.04243485180796247
0.8171966420818224 0.04398733378039929
0.8076157952903136 0.04552278196922998
0.7978496522462164 0.04703510733676233
0.7879040957089227 0.048518114189483146
0.7777851165098009 0.0499657682658972
0.7674988099435485 0.05137246116569301
0.7570513720966108 0.052733250805791776
0.746449096114892 0.05404405934990285
0.7356983684129987 0.05530181330565874
0.7248056648273034 0.05650451496904147
0.713777546715141 0.05765123976953754
0.7026206570024947 0.058742059906577604
0.691341716182545 0.059777900502744306
0.6799475182674938 0.06076033986275391
0.6684449266961098 0.06169136988444274
0.6568408701994456 0.06257313585383532
0.645142338627231 0.06340767650572618
0.6333563787374491 0.06419668520130015
0.6214900899516319 0.06494131135731775
0.6095506200784349 0.06564201798626187
0.5975451610080642 0.066298506630047
0.5854809443801506 0.06690971545572935
0.5733652372276805 0.06747389027362598
0.5612053375996082 0.06798872222373029
0.54900857016478 0.06845154034732001
0.5367822817998334 0.06885954267384256
0.5245338371637088 0.06921004619227848
0.512270614261456 0.06950073442004598
0.4999999999999999 0.06972988138119325
0.4877293857385438 0.06989653266680414
0.475466162836291 0.07000062773731833
0.46321771820016633 0.07004305246682133
0.4509914298352198 0.07002561673683051
0.43879466240039156 0.0699509581908746
0.42663476277231926 0.06982237954351132
0.41451905561984914 0.0696436325753739
0.4024548389919357 0.06941866665383645
0.3904493799215649 0.06915136288902993
0.3785099100483679 0.0688452765714517
0.36664362126255073 0.06850341018251975
0.35485766137276875 0.06812803701847045
0.3431591298005543 0.06772059147234728
0.33155507330389 0.06728163657621936
0.320052481732506 0.06681091293865946
0.30865828381745486 0.06630746623603724
0.29737934299750524 0.0657698434980432
0.28622245328485874 0.06519634214334019
0.27519433517269654 0.06458529060679333
0.26430163158700104 0.06393533590886806
0.2535509038851079 0.06324571198279977
0.2429486279033891 0.06251646317782565
0.23250119005645137 0.06174860011060065
0.2222148834901989 0.060944169782323976
0.2120959042910774 0.060106228292360696
0.20215034775378343 0.05923871209452451
0.19238420470968637 0.05834621198573845
0.18280335791817703 0.05743366224929185
0.17341357852311146 0.056505964940890885
0.16422052257649067 0.055567575584606274
0.15522972763146647 0.05462208100147544
0.14644660940672616 0.05367180221800541
0.1378764585242665 0.05271745515010165
0.12952443732252045 0.05175789897059265
0.12139557674675777 0.050789996880411414
0.11349477331863145 0.049808606737685175
0.10582678618669683 0.04880671014592247
0.09839623425967753 0.047775678785980054
0.09120759342420814 0.046705666708805126
0.08426519384872727 0.04558610773537092
0.07757321737514639 0.04440628876492208
0.07113569499986394 0.043155963325147276
0.06495650444564427 0.04182596563437322
0.059039367825822475 0.04040878414418542
0.05338784940224234 0.03889905515071735
0.048005353438278275 0.03729394155034798
0.042895122148234655 0.03559336890377932
0.038060233744356575 0.03380010019793667
0.03350360058263052 0.031919641429253576
0.029227967408489597 0.02995998162520854
0.025235909703481607 0.02793118235694822
0.021529832133895532 0.02584484235033299
0.018111967102280024 0.02371347170470927
0.014984373402728013 0.021549816817549035
0.012148934980735715 0.019366180888412857
0.009607359798384785 0.017173785535690433
0.007361178805529334 0.014982216525024352
0.005411745017609493 0.012798991030359275
0.0037602327006450165 0.0106292755994227
0.0024076366639015356 0.008475773643000251
0.0013547716606548965 0.006338789534917927
0.0006022718974137975 0.00421646412419557
0.00015059065189787502 0.0021051644934287684
0.0 0.0
0.00015059065189787502 -0.001675893723229156
0.0006022718974137975 -0.0033429033833507864
0.0013547716606548965 -0.004991910879035531
0.0024076366639015356 -0.00661449669075297
0.0037602327006450165 -0.00820324487937628
0.005411745017609493 -0.009751997840362974
0.007361178805529334 -0.011256049029732857
0.009607359798384785 -0.012712265678768769
0.012148934980735715 -0.014119137737234024
0.014984373402728013 -0.015476753636891124
0.018111967102280024 -0.0167867076496565
0.021529832133895532 -0.018051947345722127
0.025235909703481607 -0.019276572691354184
0.029227967408489597 -0.02046560047357052
0.03350360058263052 -0.02162470887742953
0.038060233744356575 -0.022759977125603043
0.042895122148234655 -0.023877634152385606
0.048005353438278275 -0.024983828433580473
0.05338784940224234 -0.02608442850385594
0.059039367825822475 -0.027184860589774935
0.06495650444564427 -0.028289986428778304
0.07113569499986394 -0.029404021003911134
0.07757321737514639 -0.030530486864614684
0.08426519384872727 -0.03167219916022453
0.09120759342420814 -0.0328312736728029
0.09839623425967753 -0.03400914912634907
0.10582678618669683 -0.0352066149265714
0.11349477331863145 -0.03642383623134595
0.12139557674675777 -0.03766036977674809
0.12952443732252045 -0.03891516603286666
0.1378764585242665 -0.0401865558318968
0.14644660940672616 -0.04147222235821354
0.15522972763146647 -0.04276916206143878
0.16422052257649067 -0.044073640400156516
0.17341357852311146 -0.045381150123539826
0.18280335791817703 -0.04668638087307285
0.19238420470968637 -0.04798320911866007
0.20215034775378343 -0.049264716784249346
0.2120959042910774 -0.050523245393548015
0.2222148834901989 -0.05175049027552875
0.23250119005645137 -0.052937636477421314
0.2429486279033891 -0.054075534758934174
0.2535509038851079 -0.05515491264198794
0.26430163158700104 -0.056166612239345624
0.27519433517269654 -0.057101843753562656
0.28622245328485874 -0.057952441370070426
0.29737934299750524 -0.058711106965846874
0.30865828381745486 -0.05937162675797512
0.320052481732506 -0.05992904679154896
0.33155507330389 -0.06037979500153836
0.3431591298005543 -0.06072174038608435
0.35485766137276875 -0.06095418343233345
0.36664362126255073 -0.061077776109950264
0.3785099100483679 -0.061094374213849036
0.3904493799215649 -0.061006829290510975
0.4024548389919357 -0.0608187315094907
0.41451905561984914 -0.060534118347825024
0.42663476277231926 -0.06015716658252518
0.43879466240039156 -0.059691886634598255
0.4509914298352198 -0.05914183864841803
0.46321771820016633 -0.05850988877581915
0.475466162836291 -0.057798022003827276
0.4877293857385438 -0.05700722464095902
0.4999999999999999 -0.05613744545761896
0.512270614261456 -0.05518763972158732
0.5245338371637088 -0.054155895284573735
0.5367822817998334 -0.05303963478840051
0.54900857016478 -0.05183588329857174
0.5612053375996082 -0.05054158654619378
0.5733652372276805 -0.0491539617313928
0.5854809443801506 -0.04767086071724687
0.5975451610080642 -0.04609112455385328
0.6095506200784349 -0.04441490866662511
0.6214900899516319 -0.04264395968606832
0.6333563787374491 -0.04078182767198421
0.645142338627231 -0.038834001205138524
0.6568408701994456 -0.036807957237556234
0.6684449266961098 -0.034713122421636954
0.6799475182674938 -0.03256074757041561
0.691341716182545 -0.030363701628973155
0.7026206570024947 -0.02813619577348332
0.713777546715141 -0.0258934517523217
0.7248056648273034 -0.023651331150542944
0.7356983684129987 -0.02142594376836688
0.746449096114892 -0.019233253702080965
0.7570513720966108 -0.017088701021512383
0.7674988099435485 -0.015006855241229437
0.7777851165098009 -0.013001114233276054
0.7879040957089227 -0.011083459026516522
0.7978496522462164 -0.009264271313789648
0.8076157952903136 -0.0075522166913901375
0.8171966420818224 -0.0059541929329046716
0.8265864214768883 -0.004475339180076401
0.8357794774235092 -0.0031190990134721446
0.8447702723685334 -0.001887328097192117
0.8535533905932737 -0.0007804355743221331
0.8621235414757333 0.00020245233338543026
0.8704755626774794 0.0010633180095896552
0.8786044232532422 0.0018050781232311012
0.8865052266813687 0.0024314186311509716
0.894173213813303 0.002946646578107604
0.9016037657403225 0.0033555640125566364
0.9087924065757916 0.003663367047918156
0.9157348061512727 0.0038755708452366698
0.9224267826248536 0.003997959225265984
0.928864305000136 0.004036555861510262
0.9350434955543556 0.003997612653271955
0.9409606321741775 0.0038876099850905198
0.9466121505977576 0.0037132631640095465
0.9519946465617215 0.0034815293708615365
0.9571048778517655 0.0031996099167991145
0.9619397662556433 0.002874943387440379
0.9664963994173694 0.0025151862932522957
0.9707720325915102 0.0021281790270175956
0.9747640902965183 0.0017218961585819172
0.9784701678661044 0.0013043812827353012
0.98188803289772 0.0008836677014921691
0.985015626597272 0.0004676871093954786
0.9878510650192642 6.416912311191063e-05
0.9903926402016152 -0.0003194650607121431
0.9926388211944706 -0.0006762113780208738
0.9945882549823906 -0.0009995904659303868
0.9962397672993549 -0.001283750730828512
0.9975923633360985 -0.0015235638482280192
0.9986452283393451 -0.0017147100040695717
0.9993977281025862 -0.0018537506141848097
0.9998494093481021 -0.001938186702680522
1.0 -0.0019665015578265955
