1.0 0.0021608128216895326
0.9998494093481021 0.0022130339366399476
0.9993977281025862 0.0023696304887303094
0.9986452283393451 0.00263038410812452
0.9975923633360985 0.00299487287038264
0.9962397672993549 0.00346239113999698
0.9945882549823906 0.004031850314873632
0.9926388211944706 0.004701671981399189
0.9903926402016152 0.005469686343794293
0.9878510650192642 0.006333048931165795
0.985015626597272 0.007288187478856858
0.98188803289772 0.008330788605270825
0.9784701678661044 0.009455830643401122
0.9747640902965183 0.010657665009415195
0.9707720325915102 0.011930144137358756
0.9664963994173694 0.013266789656557237
0.9619397662556433 0.014660990520542688
0.9571048778517655 0.01610621757127425
0.9519946465617215 0.017596238841147877
0.9466121505977576 0.019125318975592175
0.9409606321741775 0.020688386615774358
0.9350434955543556 0.022281155414650904
0.928864305000136 0.023900187454822704
0.9224267826248536 0.02554289196964424
0.9157348061512727 0.027207457124811325
0.9087924065757916 0.02889271781472077
0.9016037657403225 0.030597967548883425
0.894173213813303 0.03232272712927243
0.8865052266813687 0.03406648656300461
0.8786044232532422 0.035828439194423425
0.8704755626774794 0.03760722814694599
0.8621235414757333 0.03940072472087577
0.8535533905932737 0.04120585640517857
0.8447702723685334 0.04301849876018325
0.8357794774235092 0.04483344086122137
0.8265864214768883 0.046644428604532245
0.8171966420818224 0.048444284381052825
0.8076157952903136 0.05022509587358074
0.7978496522462164 0.0519784614825712
0.7879040957089227 0.05369577555490986
0.7777851165098009 0.055368533528689104
0.7674988099435485 0.05698863556748151
0.7570513720966108 0.05854866737271068
0.746449096114892 0.06004213863404527
0.7356983684129987 0.061463662874384636
0.7248056648273034 0.06280906701385507
0.713777546715141 0.06407542445849271
0.7026206570024947 0.06526101148041476
0.691341716182545 0.06636519262240655
0.6799475182674938 0.06738824635279558
0.6684449266961098 0.06833114677337811
0.6568408701994456 0.06919532047256957
0.645142338627231 0.0699823993484568
0.6333563787374491 0.07069399025731633
0.6214900899516319 0.07133148066506288
0.6095506200784349 0.07189589622370089
0.5975451610080642 0.07238782162331074
0.5854809443801506 0.07280739055280164
0.5733652372276805 0.07315434458998475
0.5612053375996082 0.07342815482778789
0.54900857016478 0.07362819452695968
0.5367822817998334 0.07375394652800606
0.5245338371637088 0.07380522594317893
0.512270614261456 0.07378239706268204
0.4999999999999999 0.07368656359622337
0.4877293857385438 0.07351971333511254
0.475466162836291 0.07328480191796796
0.46321771820016633 0.07298576533460467
0.4509914298352198 0.07262745671211786
0.43879466240039156 0.07221550931419067
0.42663476277231926 0.07175613402248696
0.41451905561984914 0.07125586532701617
0.4024548389919357 0.07072127453950848
0.3904493799215649 0.0701586721494485
0.3785099100483679 0.06957382267113205
0.36664362126255073 0.06897169482792243
0.35485766137276875 0.06835626748917026
0.3431591298005543 0.06773040757728352
0.33155507330389 0.06709583050711249
0.320052481732506 0.06645314704319047
0.30865828381745486 0.06580199329159735
0.29737934299750524 0.06514123346335478
0.28622245328485874 0.06446921864224983
0.27519433517269654 0.06378407960720522
0.26430163158700104 0.06308402825669433
0.2535509038851079 0.062367640693854184
0.2429486279033891 0.06163409573462096
0.23250119005645137 0.060883345503521945
0.2222148834901989 0.06011619971184229
0.2120959042910774 0.05933431183254753
0.20215034775378343 0.058540063213152485
0.19238420470968637 0.05773634961002293
0.18280335791817703 0.056926283028782554
0.17341357852311146 0.05611282944439145
0.16422052257649067 0.05529840931778078
0.15522972763146647 0.054484492278822995
0.14644660940672616 0.053671219496224054
0.1378764585242665 0.05285708686025811
0.12952443732252045 0.05203871911189105
0.12139557674675777 0.05121075960904613
0.11349477331863145 0.05036589286753589
0.10582678618669683 0.049495007861343886
0.09839623425967753 0.04858749996075341
0.09120759342420814 0.04763169906251449
0.08426519384872727 0.04661540169389764
0.07757321737514639 0.04552647639925577
0.07113569499986394 0.04435350521078852
0.06495650444564427 0.04308641999985543
0.059039367825822475 0.04171709136192291
0.05338784940224234 0.04023982956249754
0.048005353438278275 0.038651761898197655
0.042895122148234655 0.036953058322020005
0.038060233744356575 0.035146986858486176
0.03350360058263052 0.03323979153722583
0.029227967408489597 0.031240397524028515
0.025235909703481607 0.029159959980394886
0.021529832133895532 0.027011284084083216
0.018111967102280024 0.02480815279863053
0.014984373402728013 0.022564605709653948
0.012148934980735715 0.02029421603714267
0.009607359798384785 0.018009413479471638
0.007361178805529334 0.015720897770794343
0.005411745017609493 0.013437181901588248
0.0037602327006450165 0.011164295253854036
0.0024076366639015356 0.008905666031257732
0.0013547716606548965 0.006662190074074782
0.0006022718974137975 0.004432480299505467
0.00015059065189787502 0.0022132785049686953
0.0 0.0
0.00015059065189787502 -0.0015643838618245817
0.0006022718974137975 -0.0031171911675310494
0.0013547716606548965 -0.004646638947549188
0.0024076366639015356 -0.006141810983883732
0.0037602327006450165 -0.00759303675206909
0.005411745017609493 -0.008992208592514124
0.007361178805529334 -0.010333022547813845
0.009607359798384785 -0.011611132925948266
0.012148934980735715 -0.012824215797478037
0.014984373402728013 -0.013971941956580546
0.018111967102280024 -0.015055865012009853
0.021529832133895532 -0.01607923488401678
0.025235909703481607 -0.017046750768851055
0.029227967408489597 -0.017964270359487906
0.03350360058263052 -0.018838493625560573
0.038060233744356575 -0.019676639693282833
0.042895122148234655 -0.020486134357121488
0.048005353438278275 -0.021274323618725874
0.05338784940224234 -0.022048225584239807
0.059039367825822475 -0.022814329320971487
0.06495650444564427 -0.023578445183270083
0.07113569499986394 -0.024345606988783297
0.07757321737514639 -0.02512002257717617
0.08426519384872727 -0.02590506600054222
0.09120759342420814 -0.026703302112785297
0.09839623425967753 -0.027516532809523046
0.10582678618669683 -0.028345853704797655
0.11349477331863145 -0.02919171061385869
0.12139557674675777 -0.030053946755252692
0.12952443732252045 -0.03093183392614263
0.1378764585242665 -0.03182408381491709
0.14644660940672616 -0.03272883882328359
0.15522972763146647 -0.033643644982749306
0.16422052257649067 -0.034565412476096256
0.17341357852311146 -0.035490371646984716
0.18280335791817703 -0.03641403398090942
0.19238420470968637 -0.037331168213793564
0.20215034775378343 -0.038235801393234105
0.2120959042910774 -0.03912125338833248
0.2222148834901989 -0.039980211107436915
0.23250119005645137 -0.04080484570632888
0.2429486279033891 -0.04158697258407463
0.2535509038851079 -0.04231825024800948
0.26430163158700104 -0.04299041048604258
0.27519433517269654 -0.043595509017707874
0.28622245328485874 -0.04412618318637859
0.29737934299750524 -0.04457590153990441
0.30865828381745486 -0.04493918949750216
0.320052481732506 -0.04521181581046481
0.33155507330389 -0.04539092619970727
0.3431591298005543 -0.04547511331222906
0.35485766137276875 -0.04546441581527469
0.36664362126255073 -0.04536024380277292
0.3785099100483679 -0.04516523242915602
0.3904493799215649 -0.04488303048178725
0.4024548389919357 -0.04451803511492281
0.41451905561984914 -0.044075087869235204
0.42663476277231926 -0.04355915010305318
0.43879466240039156 -0.04297497783535269
0.4509914298352198 -0.04232681659302297
0.46321771820016633 -0.04161813610069408
0.475466162836291 -0.04085142257813361
0.4877293857385438 -0.040028043137278785
0.4999999999999999 -0.03914819250137357
0.512270614261456 -0.038210927275155966
0.5245338371637088 -0.037214287601062684
0.5367822817998334 -0.03615550059375226
0.54900857016478 -0.035031254809530545
0.5612053375996082 -0.03383803051344631
0.5733652372276805 -0.03257246694622495
0.5854809443801506 -0.03123174539378966
0.5975451610080642 -0.029813965773404977
0.6095506200784349 -0.02831849473406218
0.6214900899516319 -0.026746264895107525
0.6333563787374491 -0.02510000769880296
0.645142338627231 -0.023384406233323683
0.6568408701994456 -0.021606159032281018
0.6684449266961098 -0.019773950969435256
0.6799475182674938 -0.017898332613165004
0.691341716182545 -0.015991514453650414
0.7026206570024947 -0.014067086956904444
0.713777546715141 -0.012139681165466891
0.7248056648273034 -0.010224587345814797
0.7356983684129987 -0.00833735083809862
0.746449096114892 -0.0064933647333455385
0.7570513720966108 -0.004707478304787158
0.7674988099435485 -0.0029936383468558295
0.7777851165098009 -0.0013645778872427407
0.7879040957089227 0.00016843665338430033
0.7978496522462164 0.0015957926242303256
0.8076157952903136 0.0029096494325129736
0.8171966420818224 0.004103988714609702
0.8265864214768883 0.005174600779514921
0.8357794774235092 0.006119014811278312
0.8447702723685334 0.0069363827172863445
0.8535533905932737 0.0076273281057243885
0.8621235414757333 0.008193772622512632
0.8704755626774794 0.008638751789972764
0.8786044232532422 0.008966231636713293
0.8865052266813687 0.009180935908297492
0.894173213813303 0.009288191654737842
0.9016037657403225 0.009293798680003929
0.9087924065757916 0.009203925895360773
0.9157348061512727 0.009025035221994614
0.9224267826248536 0.008763831500676129
0.928864305000136 0.008427235020524724
0.9350434955543556 0.008022371872802933
0.9409606321741775 0.007556576426466843
0.9466121505977576 0.007037399826219671
0.9519946465617215 0.006472618508550604
0.9571048778517655 0.005870237260493449
0.9619397662556433 0.005238482227068264
0.9664963994173694 0.004585780406500811
0.9707720325915102 0.0039207234492211005
0.9747640902965183 0.0032520148904053143
0.9784701678661044 0.002588401199116204
0.98188803289772 0.0019385881389005636
0.985015626597272 0.0013111448450940266
0.9878510650192642 0.0007143986966308617
0.9903926402016152 0.00015632448207943996
0.9926388211944706 -0.00035556846025199397
0.9945882549823906 -0.0008143474833204995
0.9962397672993549 -0.0012137628194239698
0.9975923633360985 -0.0015483456214515474
0.9986452283393451 -0.0018134951853339785
0.9993977281025862 -0.002005553141911261
0.9998494093481021 -0.002121862869648192
1.0 -0.0021608128216895326
