1.0 0.0016324781657044234
0.9998494093481021 0.001685203568933487
0.9993977281025862 0.0018432986238004392
0.9986452283393451 0.00210650194548578
0.9975923633360985 0.0024743201377708025
0.9962397672993549 0.0029459479072609625
0.9945882549823906 0.003520169075623765
0.9926388211944706 0.004195249904015435
0.9903926402016152 0.0049688374916633535
0.9878510650192642 0.005837876157303778
0.985015626597272 0.006798553626133417
0.98188803289772 0.00784628660330542
0.9784701678661044 0.008975752098005217
0.9747640902965183 0.010180966938468167
0.9707720325915102 0.01145541362278615
0.9664963994173694 0.012792206355932402
0.9619397662556433 0.014184287209572334
0.9571048778517655 0.015624639161474642
0.9519946465617215 0.017106500622809176
0.9466121505977576 0.018623565158823574
0.9409606321741775 0.020170150563847165
0.9350434955543556 0.021741323264610375
0.928864305000136 0.023332967080993954
0.9224267826248536 0.024941789447955012
0.9157348061512727 0.026565262983820653
0.9087924065757916 0.028201505400144853
0.9016037657403225 0.029849105773491497
0.894173213813303 0.031506909724978584
0.8865052266813687 0.0331737796971382
0.8786044232532422 0.03484834896239456
0.8704755626774794 0.03652878901789811
0.8621235414757333 0.038212609504107195
0.8535533905932737 0.03989650773866643
0.8447702723685334 0.04157628151603029
0.8357794774235092 0.04324681423499937
0.8265864214768883 0.044902136025360036
0.8171966420818224 0.04653555876542671
0.8076157952903136 0.04813987716601842
0.7978496522462164 0.049707622896064896
0.7879040957089227 0.051231354458228906
0.7777851165098009 0.05270396253800404
0.7674988099435485 0.05411896909694289
0.7570513720966108 0.055470798691008606
0.746449096114892 0.056755002368422555
0.7356983684129987 0.05796841790536232
0.7248056648273034 0.05910925481691744
0.713777546715141 0.0601770981756315
0.7026206570024947 0.061172831345725744
0.691341716182545 0.06209848382115702
0.6799475182674938 0.06295701595983413
0.6684449266961098 0.06375205708934964
0.6568408701994456 0.06448761684722758
0.645142338627231 0.06516779143831432
0.6333563787374491 0.06579648659528704
0.6214900899516319 0.0663771774042388
0.6095506200784349 0.06691272193393397
0.5975451610080642 0.06740524104235579
0.5854809443801506 0.06785607119515273
0.5733652372276805 0.06826579106594696
0.5612053375996082 0.0686343165916835
0.54900857016478 0.06896105352610203
0.5367822817998334 0.06924509183464135
0.5245338371637088 0.06948542289504744
0.512270614261456 0.06968115869435682
0.4999999999999999 0.06983173219960993
0.4877293857385438 0.06993705983768574
0.475466162836291 0.06999765041404604
0.46321771820016633 0.07001464955937871
0.4509914298352198 0.06998981452978555
0.43879466240039156 0.06992542042753137
0.42663476277231926 0.0698241051350555
0.41451905561984914 0.06968866593898317
0.4024548389919357 0.06952182547478854
0.3904493799215649 0.06932598783620103
0.3785099100483679 0.06910300716899814
0.36664362126255073 0.06885399064814351
0.35485766137276875 0.06857915541628558
0.3431591298005543 0.06827775499366612
0.33155507330389 0.06794808515524474
0.320052481732506 0.06758757273672364
0.30865828381745486 0.0671929437968264
0.29737934299750524 0.06676046060110348
0.28622245328485874 0.06628621058253908
0.27519433517269654 0.06576642531666245
0.26430163158700104 0.0651978040800705
0.2535509038851079 0.06457781507500022
0.2429486279033891 0.06390494808046666
0.23250119005645137 0.06317889514408889
0.2222148834901989 0.06240064079487587
0.2120959042910774 0.06157244980707654
0.20215034775378343 0.060697748306592934
0.19238420470968637 0.05978090240322707
0.18280335791817703 0.05882690690739867
0.17341357852311146 0.05784100438606416
0.16422052257649067 0.05682826120218906
0.15522972763146647 0.05579313172366856
0.14644660940672616 0.05473904416936839
0.1378764585242665 0.05366804133512101
0.12952443732252045 0.05258050665195381
0.12139557674675777 0.05147500080989795
0.11349477331863145 0.05034822686092294
0.10582678618669683 0.049195132790452026
0.09839623425967753 0.0480091506497
0.09120759342420814 0.046782561191056816
0.08426519384872727 0.045506963302319785
0.07757321737514639 0.044173819128478335
0.07113569499986394 0.04277503926088236
0.06495650444564427 0.041303568293833505
0.059039367825822475 0.039753929758351306
0.05338784940224234 0.03812269110196116
0.048005353438278275 0.036408813935690655
0.042895122148234655 0.03461386194347902
0.038060233744356575 0.032742048174684235
0.03350360058263052 0.030800114280372458
0.029227967408489597 0.028797045849722678
0.025235909703481607 0.0267436395278808
0.021529832133895532 0.024651948217397645
0.018111967102280024 0.022534639602574524
0.014984373402728013 0.02040430982241009
0.012148934980735715 0.01827279784868977
0.009607359798384785 0.016150546697667228
0.007361178805529334 0.014046054938824527
0.005411745017609493 0.011965456217724888
0.0037602327006450165 0.009912256061207637
0.0024076366639015356 0.0078872446593186
0.0013547716606548965 0.005888592353854733
0.0006022718974137975 0.0039121220474803205
0.00015059065189787502 0.0019517405636463696
0.0 0.0
0.00015059065189787502 -0.0013680860380603458
0.0006022718974137975 -0.0027253629646696326
0.0013547716606548965 -0.004060964278683291
0.0024076366639015356 -0.005364870013938928
0.0037602327006450165 -0.006628275737296924
0.005411745017609493 -0.007843900058535767
0.007361178805529334 -0.009006216225498982
0.009607359798384785 -0.010111598031213047
0.012148934980735715 -0.011158375437782808
0.014984373402728013 -0.012146800669318726
0.018111967102280024 -0.013078930679848378
0.021529832133895532 -0.013958436517632374
0.025235909703481607 -0.014790353883492884
0.029227967408489597 -0.015580791881502168
0.03350360058263052 -0.0163366184307962
0.038060233744356575 -0.017065140984103663
0.042895122148234655 -0.01777380011347223
0.048005353438278275 -0.018469891299478045
0.05338784940224234 -0.01916032710038276
0.059039367825822475 -0.019851448049843977
0.06495650444564427 -0.02054888644643279
0.07113569499986394 -0.021257482984698973
0.07757321737514639 -0.02198125225862821
0.08426519384872727 -0.022723389835725725
0.09120759342420814 -0.023486311092283912
0.09839623425967753 -0.02427171048566829
0.10582678618669683 -0.025080629503087162
0.11349477331863145 -0.025913522165600944
0.12139557674675777 -0.02677030859168646
0.12952443732252045 -0.02765040956853728
0.1378764585242665 -0.028552758109134324
0.14644660940672616 -0.02947578731140382
0.15522972763146647 -0.030417397182267658
0.16422052257649067 -0.03137490614542513
0.17341357852311146 -0.03234499544419381
0.18280335791817703 -0.03332365635408736
0.19238420470968637 -0.034306150874074
0.20215034775378343 -0.03528699628929242
0.2120959042910774 -0.036259982695439646
0.2222148834901989 -0.03721823033557741
0.23250119005645137 -0.03815429059201889
0.2429486279033891 -0.03906029093353597
0.2535509038851079 -0.03992812032352932
0.26430163158700104 -0.040749647856242605
0.27519433517269654 -0.04151696401576957
0.28622245328485874 -0.04222263123434632
0.29737934299750524 -0.042859928604973105
0.30865828381745486 -0.04342307485690613
0.320052481732506 -0.04390741412990298
0.33155507330389 -0.044309550695218365
0.3431591298005543 -0.044627421489107096
0.35485766137276875 -0.04486029898349584
0.36664362126255073 -0.04500872127985334
0.3785099100483679 -0.04507435108005755
0.3904493799215649 -0.04505977003001101
0.4024548389919357 -0.04496821950357714
0.41451905561984914 -0.044803302864769995
0.42663476277231926 -0.0445686673209724
0.43879466240039156 -0.04426768542417472
0.4509914298352198 -0.043903156932101235
0.46321771820016633 -0.043477051036295865
0.475466162836291 -0.04299030692340992
0.4877293857385438 -0.04244270737555296
0.4999999999999999 -0.041832835837106175
0.512270614261456 -0.04115812235146708
0.5245338371637088 -0.040414978326583244
0.5367822817998334 -0.03959901457724652
0.54900857016478 -0.03870533187438859
0.5612053375996082 -0.037728868646695966
0.5733652372276805 -0.03666478682438288
0.5854809443801506 -0.03550887432249324
0.5975451610080642 -0.034257941486733924
0.6095506200784349 -0.03291018903535927
0.6214900899516319 -0.03146552660105368
0.6333563787374491 -0.029925823793223776
0.645142338627231 -0.028295079569943385
0.6568408701994456 -0.02657950037092689
0.6684449266961098 -0.024787482612583792
0.6799475182674938 -0.022929500452533447
0.691341716182545 -0.021017904860719482
0.7026206570024947 -0.019066644674368395
0.713777546715141 -0.017090924192018936
0.7248056648273034 -0.015106814763001694
0.7356983684129987 -0.013130839608753515
0.746449096114892 -0.011179551704728691
0.7570513720966108 -0.009269123969470319
0.7674988099435485 -0.0074149693394717315
0.7777851165098009 -0.00563140571043406
0.7879040957089227 -0.003931377406610362
0.7978496522462164 -0.0023262410463952103
0.8076157952903136 -0.0008256196691054789
0.8171966420818224 0.0005626749603179701
0.8265864214768883 0.0018326555988705054
0.8357794774235092 0.002980115189054898
0.8447702723685334 0.0040025342575099624
0.8535533905932737 0.004898951035654778
0.8621235414757333 0.005669806120979291
0.8704755626774794 0.006316773504187028
0.8786044232532422 0.006842589035560012
0.8865052266813687 0.007250886007625201
0.894173213813303 0.007546045640470654
0.9016037657403225 0.007733068043798373
0.9087924065757916 0.00781746687777711
0.9157348061512727 0.007805188619817761
0.9224267826248536 0.007702555225939322
0.928864305000136 0.007516227185048981
0.9350434955543556 0.007253182598529173
0.9409606321741775 0.00692070703270465
0.9466121505977576 0.00652638850420185
0.9519946465617215 0.006078112045787949
0.9571048778517655 0.005584048807684134
0.9619397662556433 0.005052635495405989
0.9664963994173694 0.004492541031599756
0.9707720325915102 0.003912618550123696
0.9747640902965183 0.00332184208127258
0.9784701678661044 0.002729228472852449
0.98188803289772 0.00214374613450234
0.985015626597272 0.0015742130350509104
0.9878510650192642 0.001029186991018676
0.9903926402016152 0.0005168516483238731
0.9926388211944706 4.490168983858683e-05
0.9945882549823906 -0.00037956927285952595
0.9962397672993549 -0.0007501749036161338
0.9975923633360985 -0.0010613335770762926
0.9986452283393451 -0.0013083546049229807
0.9993977281025862 -0.0014875112625398678
0.9998494093481021 -0.0015960990668539843
1.0 -0.0016324781657044234
