1.0 0.0017400494044555557
0.9998494093481021 0.00178698578554753
0.9993977281025862 0.0019277500742136916
0.9986452283393451 0.002162189018375325
0.9975923633360985 0.002489986896650653
0.9962397672993549 0.002910581859701318
0.9945882549823906 0.003423061755203418
0.9926388211944706 0.0040260509481939545
0.9903926402016152 0.004717601027578294
0.9878510650192642 0.005495098468996333
0.985015626597272 0.006355201271574747
0.98188803289772 0.0072938143773125744
0.9784701678661044 0.008306110495558247
0.9747640902965183 0.00938659905799707
0.9707720325915102 0.010529241754522304
0.9664963994173694 0.011727608818155513
0.9619397662556433 0.012975066315364714
0.9571048778517655 0.014264981508715609
0.9519946465617215 0.015590931187890691
0.9466121505977576 0.01694689692689344
0.9409606321741775 0.018327431632650958
0.9350434955543556 0.01972778350378192
0.928864305000136 0.021143966504486533
0.9224267826248536 0.022572770457432955
0.9157348061512727 0.024011708561687058
0.9087924065757916 0.02545890517250804
0.9016037657403225 0.02691293162957238
0.894173213813303 0.02837260237772335
0.8865052266813687 0.02983674721100291
0.8786044232532422 0.031303977872155525
0.8704755626774794 0.0327724682328278
0.8621235414757333 0.03423976675218161
0.8535533905932737 0.035702657873291514
0.8447702723685334 0.03715708560021952
0.8357794774235092 0.03859814795071635
0.8265864214768883 0.04002016564236714
0.8171966420818224 0.041416822655132655
0.8076157952903136 0.04278137066890065
0.7978496522462164 0.04410688425017989
0.7879040957089227 0.045386549471556674
0.7777851165098009 0.04661396573608598
0.7674988099435485 0.0477834391938009
0.7570513720966108 0.048890246407717795
0.746449096114892 0.04993084885035371
0.7356983684129987 0.05090304225546716
0.7248056648273034 0.0518060295576877
0.713777546715141 0.05264041176604636
0.7026206570024947 0.05340809720196923
0.691341716182545 0.05411213561267201
0.6799475182674938 0.05475648926827578
0.6684449266961098 0.05534575782147157
0.6568408701994456 0.0558848770791735
0.645142338627231 0.05637881363465958
0.6333563787374491 0.05683227738856204
0.6214900899516319 0.05724947233689767
0.6095506200784349 0.057633902752016596
0.5975451610080642 0.05798824728523211
0.5854809443801506 0.058314307944956435
0.5733652372276805 0.058613034799212566
0.5612053375996082 0.058884621109439636
0.54900857016478 0.059128657922228295
0.5367822817998334 0.0593443323909516
0.5245338371637088 0.059530650661484795
0.512270614261456 0.059686664321577786
0.4999999999999999 0.059811679338986665
0.4877293857385438 0.05990542811305974
0.475466162836291 0.05996818860639183
0.46321771820016633 0.06000083923941427
0.4509914298352198 0.060004843937659647
0.43879466240039156 0.05998216794957237
0.42663476277231926 0.05993513128462003
0.41451905561984914 0.05986621233319958
0.4024548389919357 0.05977781893398289
0.3904493799215649 0.05967204744030942
0.3785099100483679 0.05955045190597242
0.36664362126255073 0.059413845200854604
0.35485766137276875 0.05926215166990739
0.3431591298005543 0.05909432701253511
0.33155507330389 0.058908355677713374
0.320052481732506 0.05870132966234483
0.30865828381745486 0.0584696056787123
0.29737934299750524 0.058209030786749376
0.28622245328485874 0.05791522034159894
0.27519433517269654 0.05758386702162255
0.26430163158700104 0.05721105622925678
0.2535509038851079 0.05679356162871874
0.2429486279033891 0.05632909518232278
0.23250119005645137 0.05581648878495268
0.2222148834901989 0.055255789315257514
0.2120959042910774 0.05464825529987101
0.20215034775378343 0.05399625095922982
0.19238420470968637 0.05330304159838026
0.18280335791817703 0.05257250248663129
0.17341357852311146 0.05180876088324992
0.16422052257649067 0.05101579709508058
0.15522972763146647 0.05019703486312713
0.14644660940672616 0.0493549535643437
0.1378764585242665 0.048490754440666035
0.12952443732252045 0.04760411027375247
0.12139557674675777 0.04669302274912199
0.11349477331863145 0.04575380452322833
0.10582678618669683 0.04478119421408245
0.09839623425967753 0.04376860280540679
0.09120759342420814 0.042708479998439235
0.08426519384872727 0.04159277961166434
0.07757321737514639 0.04041349494272783
0.07113569499986394 0.039163228717337024
0.06495650444564427 0.03783575837808929
0.059039367825822475 0.03642655636332424
0.05338784940224234 0.0349332268444362
0.048005353438278275 0.033355825067401826
0.042895122148234655 0.0316970327048178
0.038060233744356575 0.029962171996120814
0.03350360058263052 0.028159052298750115
0.029227967408489597 0.026297654234659313
0.025235909703481607 0.024389668071861215
0.021529832133895532 0.022447913500772076
0.018111967102280024 0.02048567677631728
0.014984373402728013 0.01851600763818127
0.012148934980735715 0.01655102199505336
0.009607359798384785 0.014601256767193913
0.007361178805529334 0.012675120453094591
0.005411745017609493 0.010778477080984625
0.0037602327006450165 0.008914392607979348
0.0024076366639015356 0.0070830621193425725
0.0013547716606548965 0.005281924094495914
0.0006022718974137975 0.00350595538586107
0.00015059065189787502 0.0017481282857919431
0.0 0.0
0.00015059065189787502 -0.0013242391651328246
0.0006022718974137975 -0.002640458984380895
0.0013547716606548965 -0.003940491565651996
0.0024076366639015356 -0.005216900238104992
0.0037602327006450165 -0.006463296243313515
0.005411745017609493 -0.007674600026290092
0.007361178805529334 -0.008847234216698205
0.009607359798384785 -0.009979239645949977
0.012148934980735715 -0.011070310474849163
0.014984373402728013 -0.012121749381004094
0.018111967102280024 -0.013136348440827417
0.021529832133895532 -0.01411820552087331
0.025235909703481607 -0.01507248939174062
0.029227967408489597 -0.01600516917972688
0.03350360058263052 -0.016922725037615754
0.038060233744356575 -0.017831856992386437
0.042895122148234655 -0.01873920784825355
0.048005353438278275 -0.019651113906560214
0.05338784940224234 -0.020573394302087003
0.059039367825822475 -0.021511186199265855
0.06495650444564427 -0.02246882923116351
0.07113569499986394 -0.02344979870442679
0.07757321737514639 -0.024456683532439016
0.08426519384872727 -0.025491201863941097
0.09120759342420814 -0.026554245161717727
0.09839623425967753 -0.027645940205064615
0.10582678618669683 -0.02876571821228668
0.11349477331863145 -0.029912380994636764
0.12139557674675777 -0.031084155669470318
0.12952443732252045 -0.03227873181400883
0.1378764585242665 -0.03349327780926252
0.14644660940672616 -0.03472443624318127
0.15522972763146647 -0.03596830133076611
0.16422052257649067 -0.03722038408829657
0.17341357852311146 -0.038475573216960546
0.18280335791817703 -0.03972810110271606
0.19238420470968637 -0.04097152488235004
0.20215034775378343 -0.042198732093801476
0.2120959042910774 -0.043401979036276093
0.2222148834901989 -0.04457296770734065
0.23250119005645137 -0.04570296422843322
0.2429486279033891 -0.046782958246299376
0.2535509038851079 -0.04780385917823783
0.26430163158700104 -0.048756721648386465
0.27519433517269654 -0.049632989334481056
0.28622245328485874 -0.05042474397955043
0.29737934299750524 -0.051124944745507585
0.30865828381745486 -0.05172764255665448
0.320052481732506 -0.05222815468486056
0.33155507330389 -0.05262318656399606
0.3431591298005543 -0.05291089060245214
0.35485766137276875 -0.0530908554216562
0.36664362126255073 -0.05316402324816689
0.3785099100483679 -0.053132537836913074
0.3904493799215649 -0.05299952998079325
0.4024548389919357 -0.05276885203546375
0.41451905561984914 -0.05244477664104996
0.42663476277231926 -0.05203167767628406
0.43879466240039156 -0.05153371321555926
0.4509914298352198 -0.05095453073108827
0.46321771820016633 -0.05029701393243594
0.475466162836291 -0.049563088496809356
0.4877293857385438 -0.04875360063759758
0.4999999999999999 -0.04786827818890962
0.512270614261456 -0.04690577892076349
0.5245338371637088 -0.045863825462280995
0.5367822817998334 -0.04473942084451318
0.54900857016478 -0.04352913362884987
0.5612053375996082 -0.042229437188624146
0.5733652372276805 -0.040837084244218905
0.5854809443801506 -0.039349495436755436
0.5975451610080642 -0.037765139706079844
0.6095506200784349 -0.03608388457272297
0.6214900899516319 -0.03430729607902259
0.6333563787374491 -0.03243887100387962
0.645142338627231 -0.030484187834117674
0.6568408701994456 -0.028450967596111224
0.6684449266961098 -0.026349040723182518
0.6799475182674938 -0.02419022133322742
0.691341716182545 -0.021988095292364455
0.7026206570024947 -0.019757732940399585
0.713777546715141 -0.017515341089670518
0.7248056648273034 -0.015277871674781953
0.7356983684129987 -0.013062606090567998
0.746449096114892 -0.010886734749297595
0.7570513720966108 -0.008766950733256784
0.7674988099435485 -0.006719074706677711
0.7777851165098009 -0.004757725637498696
0.7879040957089227 -0.0028960485721715146
0.7978496522462164 -0.0011455069485958006
0.8076157952903136 0.00048425701648996855
0.8171966420818224 0.001985494209561066
0.8265864214768883 0.0033523566870330423
0.8357794774235092 0.0045808488981132975
0.8447702723685334 0.005668731416735356
0.8535533905932737 0.00661538813765397
0.8621235414757333 0.0074216686689901005
0.8704755626774794 0.0080897176190284
0.8786044232532422 0.008622801696366695
0.8865052266813687 0.009025144133153008
0.894173213813303 0.009301774049722104
0.9016037657403225 0.009458396176191812
0.9087924065757916 0.009501284011614099
0.9157348061512727 0.0094371972081202
0.9224267826248536 0.009273321872854548
0.928864305000136 0.00901723071365148
0.9350434955543556 0.0086768586099019
0.9409606321741775 0.008260488323482054
0.9466121505977576 0.007776740691727678
0.9519946465617215 0.007234563743381794
0.9571048778517655 0.0066432156947391855
0.9619397662556433 0.006012237636877476
0.9664963994173694 0.005351412818996213
0.9707720325915102 0.004670710662845162
0.9747640902965183 0.003980214905639461
0.9784701678661044 0.003290036469751506
0.98188803289772 0.002610212718760146
0.985015626597272 0.0019505956235727944
0.9878510650192642 0.0013207319945906853
0.9903926402016152 0.0007297393244965139
0.9926388211944706 0.00018618094038545504
0.9945882549823906 -0.0003020558899409986
0.9962397672993549 -0.0007278754759272405
0.9975923633360985 -0.001085079772031154
0.9986452283393451 -0.0013684623455238816
0.9993977281025862 -0.001573888054329303
0.9998494093481021 -0.0016983567056454668
1.0 -0.0017400494044555557
