1.0 0.0018971456169635495
0.9998494093481021 0.001944012304346453
0.9993977281025862 0.0020845545995246597
0.9986452283393451 0.0023185812921826246
0.9975923633360985 0.0026457159570547712
0.9962397672993549 0.0030653170101413545
0.9945882549823906 0.003576378492367113
0.9926388211944706 0.004177422867559982
0.9903926402016152 0.004866398459506394
0.9878510650192642 0.005640594305844228
0.985015626597272 0.006496584142933242
0.98188803289772 0.007430209031111258
0.9784701678661044 0.008436604960961706
0.9747640902965183 0.009510277912695602
0.9707720325915102 0.010645224602136502
0.9664963994173694 0.011835092905506543
0.9619397662556433 0.013073372085375425
0.9571048778517655 0.014353599790685371
0.9519946465617215 0.015669570668371102
0.9466121505977576 0.01701553051535137
0.9409606321741775 0.01838634032994417
0.9350434955543556 0.019777596392074444
0.928864305000136 0.021185695499928676
0.9224267826248536 0.022607838499294833
0.9157348061512727 0.024041969953990806
0.9087924065757916 0.025486656849816314
0.9016037657403225 0.026940914193466208
0.894173213813303 0.02840398985282738
0.8865052266813687 0.029875124608650872
0.8786044232532422 0.031353305835496774
0.8704755626774794 0.03283703427768834
0.8621235414757333 0.034324122919024994
0.8535533905932737 0.03581154496898561
0.8447702723685334 0.03729534463083724
0.8357794774235092 0.03877061981941825
0.8265864214768883 0.04023158069468929
0.8171966420818224 0.041671682177147944
0.8076157952903136 0.043083822956170165
0.7978496522462164 0.0444605983379
0.7879040957089227 0.04579459001761
0.7777851165098009 0.04707867284770436
0.7674988099435485 0.048306317156517786
0.7570513720966108 0.04947186528819909
0.746449096114892 0.05057076278538268
0.7356983684129987 0.05159972789935844
0.7248056648273034 0.05255684764130163
0.713777546715141 0.05344159403473054
0.7026206570024947 0.05425476017031909
0.691341716182545 0.054998321634167506
0.6799475182674938 0.055675234409364074
0.6684449266961098 0.05628918500066632
0.6568408701994456 0.056844311934058714
0.645142338627231 0.05734491966574943
0.6333563787374491 0.05779520614855158
0.6214900899516319 0.05819902383085308
0.6095506200784349 0.05855969082361535
0.5975451610080642 0.05887986461016246
0.5854809443801506 0.05916148534592785
0.5733652372276805 0.05940578993469093
0.5612053375996082 0.05961339215321475
0.54900857016478 0.05978441861317295
0.5367822817998334 0.0599186857504339
0.5245338371637088 0.06001589969963623
0.512270614261456 0.060075859127089536
0.4999999999999999 0.06009864101221299
0.4877293857385438 0.06008475100231452
0.475466162836291 0.06003522319079334
0.46321771820016633 0.059951658724999614
0.4509914298352198 0.05983619816405452
0.43879466240039156 0.05969142852216607
0.42663476277231926 0.05952023194540054
0.41451905561984914 0.0593255884691262
0.4024548389919357 0.05911034981457972
0.3904493799215649 0.058877004306404135
0.3785099100483679 0.058627454437808105
0.36664362126255073 0.05836282822002704
0.35485766137276875 0.05808334322151573
0.3431591298005543 0.05778823827594927
0.33155507330389 0.0574757825063009
0.320052481732506 0.05714336498702888
0.30865828381745486 0.05678766155085935
0.29737934299750524 0.056404868495775064
0.28622245328485874 0.055990986824361766
0.27519433517269654 0.055542135676638404
0.26430163158700104 0.05505487024288689
0.2535509038851079 0.054526477990135824
0.2429486279033891 0.053955227682755826
0.23250119005645137 0.05334054843699113
0.2222148834901989 0.05268312076436499
0.2120959042910774 0.05198486791187079
0.20215034775378343 0.05124884334040559
0.19238420470968637 0.05047901833342342
0.18280335791817703 0.04967998186754023
0.17341357852311146 0.04885657236198263
0.16422052257649067 0.04801346714470055
0.15522972763146647 0.047154759902752905
0.14644660940672616 0.04628355862217925
0.1378764585242665 0.045401636326816444
0.12952443732252045 0.04450916423748744
0.12139557674675777 0.04360455192456666
0.11349477331863145 0.04268441193482995
0.10582678618669683 0.04174365771888765
0.09839623425967753 0.04077573408057079
0.09120759342420814 0.039772969513532506
0.08426519384872727 0.0387270304176165
0.07757321737514639 0.037629449013103104
0.07113569499986394 0.03647219043537796
0.06495650444564427 0.03524822051240206
0.059039367825822475 0.03395203445379883
0.05338784940224234 0.03258010826996226
0.048005353438278275 0.031131239139102894
0.042895122148234655 0.029606747887071017
0.038060233744356575 0.02801052578353959
0.03350360058263052 0.02634891837097954
0.029227967408489597 0.02463045029343273
0.025235909703481607 0.022865406278255482
0.021529832133895532 0.021065293736316878
0.018111967102280024 0.019242221127477796
0.014984373402728013 0.017408232640188023
0.012148934980735715 0.01557464336601349
0.009607359798384785 0.013751419716507137
0.007361178805529334 0.011946647254656391
0.005411745017609493 0.01016612254632421
0.0037602327006450165 0.008413097446240025
0.0024076366639015356 0.006688193978119045
0.0013547716606548965 0.004989496362118092
0.0006022718974137975 0.003312814599690999
0.00015059065189787502 0.0016521022037794741
0.0 0.0
0.00015059065189787502 -0.0014456778361399939
0.0006022718974137975 -0.002883536608382442
0.0013547716606548965 -0.004305550947211684
0.0024076366639015356 -0.005704406305211729
0.0037602327006450165 -0.007073806594878053
0.005411745017609493 -0.008408727719625681
0.007361178805529334 -0.009705604415178665
0.009607359798384785 -0.010962441992481345
0.012148934980735715 -0.012178849209761292
0.014984373402728013 -0.013355993277676378
0.018111967102280024 -0.014496482588499742
0.021529832133895532 -0.01560418684669493
0.025235909703481607 -0.01668400759308016
0.029227967408489597 -0.017741614447111403
0.03350360058263052 -0.018783163605492384
0.038060233744356575 -0.019815015178254174
0.042895122148234655 -0.02084346485036005
0.048005353438278275 -0.021874503245566872
0.05338784940224234 -0.02291361343054193
0.059039367825822475 -0.023965613479524174
0.06495650444564427 -0.025034547209464044
0.07113569499986394 -0.026123622394431747
0.07757321737514639 -0.02723519227014394
0.08426519384872727 -0.028370773208305052
0.09120759342420814 -0.029531089289252455
0.09839623425967753 -0.03071613327692597
0.10582678618669683 -0.031925233272208045
0.11349477331863145 -0.03315711507732534
0.12139557674675777 -0.034409951953559954
0.12952443732252045 -0.03568139583346851
0.1378764585242665 -0.03696858693545114
0.14644660940672616 -0.03826814186106579
0.15522972763146647 -0.03957612335329856
0.16422052257649067 -0.04088799768019784
0.17341357852311146 -0.04219858783204288
0.18280335791817703 -0.04350203217703569
0.19238420470968637 -0.04479175876876634
0.20215034775378343 -0.04606048507134689
0.2120959042910774 -0.047300251478462466
0.2222148834901989 -0.048502494743876516
0.23250119005645137 -0.04965816447951036
0.2429486279033891 -0.05075788244011262
0.2535509038851079 -0.05179214067102276
0.26430163158700104 -0.05275153104040762
0.27519433517269654 -0.053626995502149985
0.28622245328485874 -0.05441008390971873
0.29737934299750524 -0.055093204549890085
0.30865828381745486 -0.05566985195069249
0.320052481732506 -0.05613479702710995
0.33155507330389 -0.0564842262639183
0.3431591298005543 -0.05671581931541027
0.35485766137276875 -0.056828757964276395
0.36664362126255073 -0.05682366359488286
0.3785099100483679 -0.05670246491492662
0.3904493799215649 -0.05646820228656777
0.4024548389919357 -0.05612477937647187
0.41451905561984914 -0.05567667659055745
0.42663476277231926 -0.055128643647345724
0.43879466240039156 -0.0544853904445862
0.4509914298352198 -0.053751295941672585
0.46321771820016633 -0.052930154054144286
0.475466162836291 -0.05202497356452581
0.4877293857385438 -0.05103784591204179
0.4999999999999999 -0.04996989062857104
0.512270614261456 -0.04882128340238676
0.5245338371637088 -0.047591366585900734
0.5367822817998334 -0.04627883675665745
0.54900857016478 -0.04488199903335535
0.5612053375996082 -0.04339907356160346
0.5733652372276805 -0.04182853619611254
0.5854809443801506 -0.0401694731346516
0.5975451610080642 -0.03842192824647154
0.6095506200784349 -0.03658722214161347
0.6214900899516319 -0.034668223617744055
0.6333563787374491 -0.03266955688368086
0.645142338627231 -0.030597731703997415
0.6568408701994456 -0.02846118808605527
0.6684449266961098 -0.026270252045181738
0.6799475182674938 -0.024037004018532794
0.691341716182545 -0.021775066335661487
0.7026206570024947 -0.01949932049673963
0.713777546715141 -0.01722556860058685
0.7248056648273034 -0.014970155903238016
0.7356983684129987 -0.012749573040921829
0.746449096114892 -0.010580056861220122
0.7570513720966108 -0.008477208091356454
0.7674988099435485 -0.006455642324065071
0.7777851165098009 -0.004528688174019352
0.7879040957089227 -0.002708143156821789
0.7978496522462164 -0.0010040941083540491
0.8076157952903136 0.00057519494783849
0.8171966420818224 0.002023328407381934
0.8265864214768883 0.0033357626006097736
0.8357794774235092 0.004509734642156598
0.8447702723685334 0.005544146352020799
0.8535533905932737 0.006439414515724154
0.8621235414757333 0.007197299455239617
0.8704755626774794 0.007820723774223009
0.8786044232532422 0.008313592288736217
0.8865052266813687 0.008680622671969888
0.894173213813303 0.008927194377379728
0.9016037657403225 0.009059221130324233
0.9087924065757916 0.009083049873555182
0.9157348061512727 0.009005386691838682
0.9224267826248536 0.008833248083705945
0.928864305000136 0.008573934124934103
0.9350434955543556 0.008235018675452236
0.9409606321741775 0.007824350876802458
0.9466121505977576 0.007350061789064956
0.9519946465617215 0.006820570104481196
0.9571048778517655 0.006244581397052713
0.9619397662556433 0.005631076244232737
0.9664963994173694 0.004989283691842351
0.9707720325915102 0.004328637821281811
0.9747640902965183 0.0036587165140148778
0.9784701678661044 0.002989162795640571
0.98188803289772 0.002329590299095648
0.985015626597272 0.0016894753518782773
0.9878510650192642 0.0010780389261539943
0.9903926402016152 0.0005041221763746825
0.9926388211944706 -2.3940469260723234e-05
0.9945882549823906 -0.0004984466778500032
0.9962397672993549 -0.0009124462241056233
0.9975923633360985 -0.001259852142674499
0.9986452283393451 -0.0015355399322728993
0.9993977281025862 -0.0017354321980546047
0.9998494093481021 -0.0018565666179055458
1.0 -0.0018971456169635495
