1.0 0.0016119213928980306
0.9998494093481021 0.0016573856157685563
0.9993977281025862 0.0017937153007557384
0.9986452283393451 0.0020207039356786847
0.9975923633360985 0.002337950771229619
0.9962397672993549 0.002744782708133558
0.9945882549823906 0.003240157757393563
0.9926388211944706 0.0038225614483089173
0.9903926402016152 0.004489908888523605
0.9878510650192642 0.005239465304904167
0.985015626597272 0.006067796782204734
0.98188803289772 0.006970760646356058
0.9784701678661044 0.007943541692478281
0.9747640902965183 0.008980736504924699
0.9707720325915102 0.01007648379482819
0.9664963994173694 0.011224634364989244
0.9619397662556433 0.012418950384233624
0.9571048778517655 0.01365332046915264
0.9519946465617215 0.014921974929140706
0.9466121505977576 0.016219684646409414
0.9409606321741775 0.01754192754905184
0.9350434955543556 0.018885008491191693
0.928864305000136 0.02024612146311601
0.9224267826248536 0.021623347191595393
0.9157348061512727 0.023015584041133425
0.9087924065757916 0.024422415309412103
0.9016037657403225 0.025843921108011057
0.894173213813303 0.027280447614310758
0.8865052266813687 0.028732350186983314
0.8786044232532422 0.03019972933541226
0.8704755626774794 0.031682179594917904
0.8621235414757333 0.033178570869449746
0.8535533905932737 0.03468687976959023
0.8447702723685334 0.03620408502917585
0.8357794774235092 0.037726136477089334
0.8265864214768883 0.039248001617447896
0.8171966420818224 0.04076378804757385
0.8076157952903136 0.042266934172591294
0.7978496522462164 0.04375045541365615
0.7879040957089227 0.04520722877404172
0.7777851165098009 0.046630295574655194
0.7674988099435485 0.04801316065084921
0.7570513720966108 0.04935006644888348
0.746449096114892 0.050636222274828384
0.7356983684129987 0.05186797230002971
0.7248056648273034 0.05304289056085085
0.713777546715141 0.0541597967475318
0.7026206570024947 0.05521869262269966
0.691341716182545 0.0562206249675391
0.6799475182674938 0.05716748654225622
0.6684449266961098 0.05806177122143851
0.6568408701994456 0.05890630284940432
0.645142338627231 0.059703959182515164
0.6333563787374491 0.06045741239603663
0.6214900899516319 0.06116890602114001
0.6095506200784349 0.06184008497091757
0.5975451610080642 0.06247189077053514
0.5854809443801506 0.06306452859340715
0.5733652372276805 0.06361750667087955
0.5612053375996082 0.06412974258060715
0.54900857016478 0.06459972532699779
0.5367822817998334 0.0650257174686704
0.5245338371637088 0.06540597821220356
0.512270614261456 0.06573898666188605
0.4999999999999999 0.06602364444492835
0.4877293857385438 0.0662594387299075
0.475466162836291 0.06644655008620506
0.46321771820016633 0.06658589442046661
0.4509914298352198 0.0666790939837239
0.43879466240039156 0.06672837869581434
0.42663476277231926 0.06673642526105442
0.41451905561984914 0.06670614722479978
0.4024548389919357 0.06664045375682207
0.3904493799215649 0.06654199813550109
0.3785099100483679 0.06641293835146711
0.36664362126255073 0.0662547317950173
0.35485766137276875 0.06606798363761403
0.3431591298005543 0.0658523644207566
0.33155507330389 0.06560660682967433
0.320052481732506 0.06532858508407342
0.30865828381745486 0.06501547334568716
0.29737934299750524 0.06466397259660954
0.28622245328485874 0.06427058916356285
0.27519433517269654 0.06383194299083311
0.26430163158700104 0.06334508035274616
0.2535509038851079 0.06280776427549692
0.2429486279033891 0.06221871668486691
0.23250119005645137 0.061577789216902254
0.2222148834901989 0.06088604455369452
0.2120959042910774 0.060145736740910165
0.20215034775378343 0.05936018672960847
0.19238420470968637 0.058533557775870215
0.18280335791817703 0.057670543677183564
0.17341357852311146 0.05677599045933724
0.16422052257649067 0.05585447842433724
0.15522972763146647 0.054909895888954764
0.14644660940672616 0.05394503807744969
0.1378764585242665 0.05296126424030228
0.12952443732252045 0.051958243102572764
0.12139557674675777 0.05093381134788349
0.11349477331863145 0.049883962355185794
0.10582678618669683 0.0488029733330365
0.09839623425967753 0.047683668981887514
0.09120759342420814 0.04651780958874151
0.08426519384872727 0.04529658178461334
0.07757321737514639 0.044011161814626755
0.07113569499986394 0.042653314744625255
0.06495650444564427 0.04121598908695196
0.059039367825822475 0.039693865227821055
0.05338784940224234 0.03808381793188082
0.048005353438278275 0.03638525801953527
0.042895122148234655 0.03460032577477311
0.038060233744356575 0.032733918260565494
0.03350360058263052 0.030793543842492638
0.029227967408489597 0.028789009074240052
0.025235909703481607 0.026731954839485213
0.021529832133895532 0.024635269426502394
0.018111967102280024 0.022512415244368245
0.014984373402728013 0.02037671249834412
0.012148934980735715 0.01824062681865584
0.009607359798384785 0.016115108278821226
0.007361178805529334 0.01400902637401604
0.005411745017609493 0.011928739521251475
0.0037602327006450165 0.00987782888342263
0.0024076366639015356 0.00785701540161383
0.0013547716606548965 0.005864266596813104
0.0006022718974137975 0.0038950868317282417
0.00015059065189787502 0.0019429722084212749
0.0 0.0
0.00015059065189787502 -0.0012732417394379807
0.0006022718974137975 -0.0025387407602090856
0.0013547716606548965 -0.0037886446081978335
0.0024076366639015356 -0.005015832232995222
0.0037602327006450165 -0.006214230188044965
0.005411745017609493 -0.007379072800650282
0.007361178805529334 -0.008507093278896179
0.009607359798384785 -0.00959663704359601
0.012148934980735715 -0.010647693374399664
0.014984373402728013 -0.011661846406665542
0.018111967102280024 -0.012642151269389728
0.021529832133895532 -0.013592945392429546
0.025235909703481607 -0.01451960845311371
0.029227967408489597 -0.015428286859579973
0.03350360058263052 -0.01632559993948785
0.038060233744356575 -0.017218345063503837
0.042895122148234655 -0.018113217818135286
0.048005353438278275 -0.019016561172850832
0.05338784940224234 -0.019934154558182107
0.059039367825822475 -0.020871050140422787
0.06495650444564427 -0.021831459639662033
0.07113569499986394 -0.022818691102439507
0.07757321737514639 -0.02383513141161432
0.08426519384872727 -0.02488226726626764
0.09120759342420814 -0.025960735113981195
0.09839623425967753 -0.02707038921877583
0.10582678618669683 -0.028210376773220937
0.11349477331863145 -0.029379209701576415
0.12139557674675777 -0.030574824458957157
0.12952443732252045 -0.03179462354211503
0.1378764585242665 -0.033035495363285865
0.14644660940672616 -0.03429381233111426
0.15522972763146647 -0.03556541014394912
0.16422052257649067 -0.036845554146627366
0.17341357852311146 -0.03812890087484903
0.18280335791817703 -0.039409464401612665
0.19238420470968637 -0.040680597662831
0.20215034775378343 -0.041934998505744656
0.2120959042910774 -0.043164748788295924
0.2222148834901989 -0.04436139255652612
0.23250119005645137 -0.045516056311738856
0.2429486279033891 -0.04661961088326935
0.2535509038851079 -0.047662870724151186
0.26430163158700104 -0.04863682284658142
0.27519433517269654 -0.04953287441209208
0.28622245328485874 -0.05034310546383943
0.29737934299750524 -0.05106051166548852
0.30865828381745486 -0.05167922135823296
0.320052481732506 -0.052194671851568196
0.33155507330389 -0.05260373162515628
0.3431591298005543 -0.05290475795126386
0.35485766137276875 -0.05309758317986778
0.36664362126255073 -0.053183427320356955
0.3785099100483679 -0.053164739309094336
0.3904493799215649 -0.05304497414180183
0.4024548389919357 -0.052828317534943714
0.41451905561984914 -0.05251937363702639
0.42663476277231926 -0.052122834253575084
0.43879466240039156 -0.05164314985263317
0.4509914298352198 -0.051084223131444347
0.46321771820016633 -0.05044914508774109
0.475466162836291 -0.049739991381755264
0.4877293857385438 -0.04895769341990958
0.4999999999999999 -0.04810199424346039
0.512270614261456 -0.04717149423960567
0.5245338371637088 -0.046163786233411275
0.5367822817998334 -0.04507567401883715
0.54900857016478 -0.04390346320217537
0.5612053375996082 -0.04264330869647171
0.5733652372276805 -0.04129159961240435
0.5854809443801506 -0.03984535986777286
0.5975451610080642 -0.0383026417340405
0.6095506200784349 -0.03666288981639815
0.6214900899516319 -0.03492725459480815
0.6333563787374491 -0.033098837520846566
0.645142338627231 -0.031182853573672845
0.6568408701994456 -0.029186701868646744
0.6684449266961098 -0.027119940078863276
0.6799475182674938 -0.024994163743775687
0.691341716182545 -0.02282279666897748
0.7026206570024947 -0.020620803256407094
0.713777546715141 -0.018404337474646204
0.7248056648273034 -0.01619034607204175
0.7356983684129987 -0.01399614540843977
0.746449096114892 -0.011838991868936615
0.7570513720966108 -0.009735665238607175
0.7674988099435485 -0.007702082749117911
0.7777851165098009 -0.005752958911099625
0.7879040957089227 -0.0039015229278274643
0.7978496522462164 -0.0021593016906023745
0.8076157952903136 -0.000535972347303739
0.8171966420818224 0.0009607155241490083
0.8265864214768883 0.0023249517712544037
0.8357794774235092 0.003552818345256081
0.8447702723685334 0.004642192086109307
0.8535533905932737 0.005592608607559481
0.8621235414757333 0.006405099155079671
0.8704755626774794 0.007082012367262925
0.8786044232532422 0.0076268321716995765
0.8865052266813687 0.008044001700328261
0.894173213813303 0.008338761263619618
0.9016037657403225 0.008517006247655329
0.9087924065757916 0.008585168472360797
0.9157348061512727 0.008550122247669007
0.9224267826248536 0.008419114245391372
0.928864305000136 0.008199714499300655
0.9350434955543556 0.007899784451242712
0.9409606321741775 0.0075274570351197435
0.9466121505977576 0.0070911233517000245
0.9519946465617215 0.006599420516135059
0.9571048778517655 0.006061215704770364
0.9619397662556433 0.005485582210588949
0.9664963994173694 0.004881764342514157
0.9707720325915102 0.004259129169901591
0.9747640902965183 0.0036271043179295593
0.9784701678661044 0.002995102169425552
0.98188803289772 0.002372431846758478
0.985015626597272 0.0017682011768799428
0.9878510650192642 0.0011912114491245734
0.9903926402016152 0.0006498481474549111
0.9926388211944706 0.00015197098570407627
0.9945882549823906 -0.0002951934776455863
0.9962397672993549 -0.0006851535810442939
0.9975923633360985 -0.001012245921575827
0.9986452283393451 -0.0012717179979317463
0.9993977281025862 -0.0014597982210897908
0.9998494093481021 -0.0015737517989199614
1.0 -0.0016119213928980306
