1.0 0.0020870301949439014
0.9998494093481021 0.0021348741657034693
0.9993977281025862 0.0022783363445509374
0.9986452283393451 0.0025171892747217414
0.9975923633360985 0.002850995011955077
0.9962397672993549 0.003279023684801199
0.9945882549823906 0.0038001525035951033
0.9926388211944706 0.004412756794508008
0.9903926402016152 0.005114606015408698
0.9878510650192642 0.005902777879898799
0.985015626597272 0.006773602641771296
0.98188803289772 0.007722647350552073
0.9784701678661044 0.008744746659505413
0.9747640902965183 0.00983408281926939
0.9707720325915102 0.01098431315855148
0.9664963994173694 0.012188739012075716
0.9619397662556433 0.013440506086244324
0.9571048778517655 0.014732823010297167
0.9519946465617215 0.016059182604593044
0.9466121505977576 0.017413569425156213
0.9409606321741775 0.018790637530198537
0.9350434955543556 0.02018584416223483
0.928864305000136 0.02159552803611114
0.9224267826248536 0.023016924949023635
0.9157348061512727 0.024448118173330854
0.9087924065757916 0.025887926180671955
0.9016037657403225 0.027335735265021123
0.894173213813303 0.028791289169258175
0.8865052266813687 0.030254451493224952
0.8786044232532422 0.03172495915383231
0.8704755626774794 0.03320218625351659
0.8621235414757333 0.03468493727728906
0.8535533905932737 0.03617128658789942
0.8447702723685334 0.03765847785364946
0.8357794774235092 0.03914289256880334
0.8265864214768883 0.040620091552925376
0.8171966420818224 0.04208492765285505
0.8076157952903136 0.043531722266482324
0.7978496522462164 0.044954493209332216
0.7879040957089227 0.04634721726647367
0.7777851165098009 0.04770410785779772
0.7674988099435485 0.04901988684104917
0.7570513720966108 0.050290029712402366
0.746449096114892 0.05151096533683372
0.7356983684129987 0.052680214716679254
0.7248056648273034 0.05379645793114814
0.713777546715141 0.054859523894184914
0.7026206570024947 0.05587030355018003
0.691341716182545 0.056830593083349985
0.6799475182674938 0.057742879181161166
0.6684449266961098 0.058610082924639824
0.6568408701994456 0.059435282110030616
0.645142338627231 0.06022143347021955
0.6333563787374491 0.06097111621822551
0.6214900899516319 0.06168631657348006
0.6095506200784349 0.06236826958777384
0.5975451610080642 0.06301736992389731
0.5854809443801506 0.06363315762729134
0.5733652372276805 0.06421437882034962
0.5612053375996082 0.06475911513514829
0.54900857016478 0.0652649700821554
0.5367822817998334 0.06572929589226416
0.5245338371637088 0.06614944105526097
0.512270614261456 0.06652299709076452
0.4999999999999999 0.06684802317821076
0.4877293857385438 0.06712322914665686
0.475466162836291 0.06734810084265126
0.46321771820016633 0.06752295677813529
0.4509914298352198 0.06764893081770769
0.43879466240039156 0.0677278820180747
0.42663476277231926 0.06776223905769686
0.41451905561984914 0.06775479246245093
0.4024548389919357 0.06770845255304486
0.3904493799215649 0.06762599430071216
0.3785099100483679 0.06750981178221484
0.36664362126255073 0.06736170451639728
0.35485766137276875 0.06718271564073201
0.3431591298005543 0.06697303780376936
0.33155507330389 0.06673199711247742
0.320052481732506 0.06645811891236379
0.30865828381745486 0.06614927211648912
0.29737934299750524 0.06580288181298713
0.28622245328485874 0.06541619355228256
0.27519433517269654 0.06498656758738945
0.26430163158700104 0.06451177787110356
0.2535509038851079 0.06399028913657442
0.2429486279033891 0.06342148608350581
0.23250119005645137 0.06280583157089682
0.2222148834901989 0.0621449356129904
0.2120959042910774 0.06144152355576985
0.20215034775378343 0.06069929960105785
0.19238420470968637 0.05992271025891566
0.18280335791817703 0.059116620695997046
0.17341357852311146 0.05828592464149402
0.16422052257649067 0.05743511488334323
0.15522972763146647 0.056567845891947084
0.14644660940672616 0.05568652233427878
0.1378764585242665 0.05479194694134904
0.12952443732252045 0.053883058309014006
0.12139557674675777 0.05295678388598191
0.11349477331863145 0.05200802596478825
0.10582678618669683 0.05102978944252123
0.09839623425967753 0.05001345009442974
0.09120759342420814 0.048949151830922084
0.08426519384872727 0.047826311648645495
0.07757321737514639 0.046634202480107405
0.07113569499986394 0.045362577557041414
0.06495650444564427 0.0440022957649089
0.059039367825822475 0.04254590614256381
0.05338784940224234 0.04098815133346907
0.048005353438278275 0.039326354366949576
0.042895122148234655 0.03756066036715509
0.038060233744356575 0.03569411418124603
0.03350360058263052 0.03373256584665111
0.029227967408489597 0.0316844075172141
0.025235909703481607 0.02956015710883222
0.021529832133895532 0.027371914668462165
0.018111967102280024 0.025132726531977
0.014984373402728013 0.022855899044635482
0.012148934980735715 0.020554307464245372
0.009607359798384785 0.018239746344841143
0.007361178805529334 0.015922365127556265
0.005411745017609493 0.013610226999267139
0.0037602327006450165 0.011309020697197024
0.0024076366639015356 0.009021944416501532
0.0013547716606548965 0.006749769053371504
0.0006022718974137975 0.004491075529209744
0.00015059065189787502 0.0022426487774882577
0.0 0.0
0.00015059065189787502 -0.001488215626860863
0.0006022718974137975 -0.0029663488392085045
0.0013547716606548965 -0.004424100916973738
0.0024076366639015356 -0.0058519768283780355
0.0037602327006450165 -0.0072416355226492994
0.005411745017609493 -0.008586181764304044
0.007361178805529334 -0.009880385801236584
0.009607359798384785 -0.011120821587664255
0.012148934980735715 -0.012305919209563384
0.014984373402728013 -0.01343593224559319
0.018111967102280024 -0.014512825694477207
0.021529832133895532 -0.015540094482242623
0.025235909703481607 -0.01652252614315813
0.029227967408489597 -0.017465923822392877
0.03350360058263052 -0.018376807129885382
0.038060233744356575 -0.01926210852479392
0.042895122148234655 -0.0201288818600039
0.048005353438278275 -0.020984037585285466
0.05338784940224234 -0.02183411609138575
0.059039367825822475 -0.02268510703206011
0.06495650444564427 -0.023542318483808146
0.07113569499986394 -0.024410295808282592
0.07757321737514639 -0.02529278637749528
0.08426519384872727 -0.0261927431842133
0.09120759342420814 -0.027112358015215495
0.09839623425967753 -0.028053113471261198
0.10582678618669683 -0.029015842753271005
0.11349477331863145 -0.0300007867935038
0.12139557674675777 -0.031007639904744887
0.12952443732252045 -0.0320355774861331
0.1378764585242665 -0.03308326223662022
0.14644660940672616 -0.034148828518952554
0.15522972763146647 -0.035229847700435704
0.16422052257649067 -0.03632328018598679
0.17341357852311146 -0.03742542219396171
0.18280335791817703 -0.03853185689227625
0.19238420470968637 -0.03963742016144671
0.20215034775378343 -0.04073619090835185
0.2120959042910774 -0.04182151452800316
0.2222148834901989 -0.04288606589070526
0.23250119005645137 -0.04392195528438922
0.2429486279033891 -0.044920877295149264
0.2535509038851079 -0.045874298936857134
0.26430163158700104 -0.0467736797409723
0.27519433517269654 -0.0476107132889093
0.28622245328485874 -0.048377577087517436
0.29737934299750524 -0.049067175984817975
0.30865828381745486 -0.04967336366642037
0.320052481732506 -0.050191127254235156
0.33155507330389 -0.05061672165420188
0.3431591298005543 -0.05094774298778191
0.35485766137276875 -0.051183134029774695
0.36664362126255073 -0.05132311882836873
0.3785099100483679 -0.051369068313369605
0.3904493799215649 -0.05132330338246235
0.4024548389919357 -0.051188846359804675
0.41451905561984914 -0.0509691355265855
0.42663476277231926 -0.05066772034698063
0.43879466240039156 -0.05028795683080941
0.4509914298352198 -0.04983272303650595
0.46321771820016633 -0.049304173961273914
0.475466162836291 -0.048703553017269995
0.4877293857385438 -0.048031074071037475
0.4999999999999999 -0.04728588382787447
0.512270614261456 -0.04646610944137862
0.5245338371637088 -0.04556899093878497
0.5367822817998334 -0.04459109272029476
0.54900857016478 -0.04352858336447728
0.5612053375996082 -0.04237756858071552
0.5733652372276805 -0.04113445867934326
0.5854809443801506 -0.03979634960409857
0.5975451610080642 -0.03836139553621537
0.6095506200784349 -0.036829151394904676
0.6214900899516319 -0.035200865195612205
0.6333563787374491 -0.033479703069264524
0.645142338627231 -0.03167089359932804
0.6568408701994456 -0.029781782742368913
0.6684449266961098 -0.02782179566065286
0.6799475182674938 -0.025802306987323057
0.691341716182545 -0.023736426039755905
0.7026206570024947 -0.021638707989417753
0.713777546715141 -0.019524805722190387
0.7248056648273034 -0.017411079874287916
0.7356983684129987 -0.015314186167685772
0.746449096114892 -0.013250659634256862
0.7570513720966108 -0.011236514626579467
0.7674988099435485 -0.00928687775704323
0.7777851165098009 -0.007415668242250048
0.7879040957089227 -0.0056353367659100935
0.7978496522462164 -0.003956670155637074
0.8076157952903136 -0.0023886651603056866
0.8171966420818224 -0.0009384706772652951
0.8265864214768883 0.00038860584354897696
0.8357794774235092 0.0015890351891706034
0.8447702723685334 0.0026609561476785793
0.8535533905932737 0.0036040296434000194
0.8621235414757333 0.004419269413627631
0.8704755626774794 0.005108861341229358
0.8786044232532422 0.005675982739088142
0.8865052266813687 0.0061246314158801
0.894173213813303 0.006459472388739965
0.9016037657403225 0.006685707820369851
0.9087924065757916 0.006808973328776081
0.9157348061512727 0.00683526142522973
0.9224267826248536 0.00677087064145584
0.928864305000136 0.006622377044407996
0.9350434955543556 0.006396623405338781
0.9409606321741775 0.006100720348990885
0.9466121505977576 0.005742053377919026
0.9519946465617215 0.00532828972711159
0.9571048778517655 0.004867379502524973
0.9619397662556433 0.004367546414630519
0.9664963994173694 0.0038372645373262355
0.9707720325915102 0.0032852187974877203
0.9747640902965183 0.0027202482251851784
0.9784701678661044 0.0021512722718432377
0.98188803289772 0.0015872016512436344
0.985015626597272 0.0010368361141795423
0.9878510650192642 0.0005087522922701412
0.9903926402016152 1.1185223411883972e-05
0.9926388211944706 -0.00044809259473026263
0.9945882549823906 -0.000861890763461782
0.9962397672993549 -0.0012237154661235144
0.9975923633360985 -0.0015278755015433725
0.9986452283393451 -0.0017695769049720436
0.9993977281025862 -0.0019450036596620974
0.9998494093481021 -0.0020513824883545595
1.0 -0.0020870301949439014
