1.0 0.0021253294480225314
0.9998494093481021 0.002173414182767333
0.9993977281025862 0.0023176142844904828
0.9986452283393451 0.0025577490912646337
0.9975923633360985 0.002893458315353592
0.9962397672993549 0.0033241200721052756
0.9945882549823906 0.003848749088537858
0.9926388211944706 0.004465886615777357
0.9903926402016152 0.005173494940660216
0.9878510650192642 0.005968869556308878
0.985015626597272 0.006848580976836566
0.98188803289772 0.007808455944200914
0.9784701678661044 0.008843604555570551
0.9747640902965183 0.009948495906101605
0.9707720325915102 0.011117080529872465
0.9664963994173694 0.01234295360438339
0.9619397662556433 0.013619548941739435
0.9571048778517655 0.014940350576947623
0.9519946465617215 0.01629910657895439
0.9466121505977576 0.017690028768934024
0.9409606321741775 0.01910796244681626
0.9350434955543556 0.020548512001879245
0.928864305000136 0.022008111302371465
0.9224267826248536 0.02348403180138382
0.9157348061512727 0.024974326050196855
0.9087924065757916 0.026477709399035647
0.9016037657403225 0.027993387676236645
0.894173213813303 0.029520843156287953
0.8865052266813687 0.031059594773661204
0.8786044232532422 0.032608950996026474
0.8704755626774794 0.03416777481217382
0.8621235414757333 0.03573427980319299
0.8535533905932737 0.03730587425909252
0.8447702723685334 0.038879066909630694
0.8357794774235092 0.040449443304783304
0.8265864214768883 0.042011716550198794
0.8171966420818224 0.043559850388915224
0.8076157952903136 0.04508724697225875
0.7978496522462164 0.0465869865309787
0.7879040957089227 0.048052101957672885
0.7777851165098009 0.04947586838942946
0.7674988099435485 0.050852086483196494
0.7570513720966108 0.052175338334325076
0.746449096114892 0.05344119689863612
0.7356983684129987 0.054646373205709184
0.7248056648273034 0.05578879033854769
0.713777546715141 0.056867578741702667
0.7026206570024947 0.05788299347032844
0.691341716182545 0.05883626002948121
0.6799475182674938 0.05972936099618977
0.6684449266961098 0.060564780221895015
0.6568408701994456 0.06134522470686783
0.645142338627231 0.06207334595050457
0.6333563787374491 0.06275148256624215
0.6214900899516319 0.06338144419920136
0.6095506200784349 0.06396435343006168
0.5975451610080642 0.06450055765165012
0.5854809443801506 0.06498961723688189
0.5733652372276805 0.06543037013052526
0.5612053375996082 0.06582106679029082
0.54900857016478 0.06615956367760456
0.5367822817998334 0.06644355872220786
0.5245338371637088 0.0666708487508282
0.512270614261456 0.06683958706567952
0.4999999999999999 0.0669485193400399
0.4877293857385438 0.06699717777766016
0.475466162836291 0.06698601692548803
0.46321771820016633 0.06691647936298296
0.4509914298352198 0.06679098532744694
0.43879466240039156 0.06661284669845313
0.42663476277231926 0.06638611213247035
0.41451905561984914 0.06611535598185342
0.4024548389919357 0.06580542845822239
0.3904493799215649 0.06546118789437005
0.3785099100483679 0.06508723761940033
0.36664362126255073 0.06468768972593998
0.35485766137276875 0.06426597586744931
0.3431591298005543 0.0638247213267089
0.33155507330389 0.06336569324005806
0.320052481732506 0.06288982746843175
0.30865828381745486 0.062397331691899614
0.29737934299750524 0.061887855438717464
0.28622245328485874 0.06136071152022648
0.27519433517269654 0.06081512826773009
0.26430163158700104 0.06025050851182235
0.2535509038851079 0.05966666974162723
0.2429486279033891 0.05906404051267728
0.23250119005645137 0.05844379094994243
0.2222148834901989 0.057807879954949515
0.2120959042910774 0.05715900814609521
0.20215034775378343 0.05650047316958437
0.19238420470968637 0.055835932236871305
0.18280335791817703 0.05516908492990584
0.17341357852311146 0.0545032968091342
0.16422052257649067 0.05384119053835521
0.15522972763146647 0.053184235568345097
0.14644660940672616 0.0525323694908865
0.1378764585242665 0.051883683744603504
0.12952443732252045 0.05123420336961096
0.12139557674675777 0.050577785111458586
0.11349477331863145 0.04990615069800371
0.10582678618669683 0.04920906305607333
0.09839623425967753 0.04847464323242831
0.09120759342420814 0.04768981555836626
0.08426519384872727 0.0468408589073009
0.07757321737514639 0.04591403347624651
0.07113569499986394 0.04489624603397981
0.06495650444564427 0.043775712550423077
0.059039367825822475 0.04254257591183468
0.05338784940224234 0.041189438191684496
0.048005353438278275 0.039711771627881844
0.042895122148234655 0.03810817977755542
0.038060233744356575 0.03638048980605775
0.03350360058263052 0.03453366787552012
0.029227967408489597 0.0325755613664117
0.025235909703481607 0.0305164833621854
0.021529832133895532 0.028368665614344417
0.018111967102280024 0.026145615299913737
0.014984373402728013 0.023861417614972864
0.012148934980735715 0.021530030109479296
0.009607359798384785 0.019164615355053677
0.007361178805529334 0.016776955969985966
0.005411745017609493 0.014376990359819751
0.0037602327006450165 0.011972499147421552
0.0024076366639015356 0.009568961741983382
0.0013547716606548965 0.007169590568183536
0.0006022718974137975 0.004775537986118607
0.00015059065189787502 0.0023862587654818767
0.0 0.0
0.00015059065189787502 -0.0014063115771976392
0.0006022718974137975 -0.0028039698383688304
0.0013547716606548965 -0.004184054053284198
0.0024076366639015356 -0.00553836909149678
0.0037602327006450165 -0.006859759266503766
0.005411745017609493 -0.008142366729642626
0.007361178805529334 -0.009381821543293112
0.009607359798384785 -0.010575354860538198
0.012148934980735715 -0.011721831413397311
0.014984373402728013 -0.012821702432228747
0.018111967102280024 -0.013876884846285102
0.021529832133895532 -0.014890576829050569
0.025235909703481607 -0.015867023172480257
0.029227967408489597 -0.01681124638351231
0.03350360058263052 -0.017728760652775274
0.038060233744356575 -0.01862528589398285
0.042895122148234655 -0.019506477926930433
0.048005353438278275 -0.020377688696518872
0.05338784940224234 -0.021243767379326508
0.059039367825822475 -0.022108909581978226
0.06495650444564427 -0.02297655787544384
0.07113569499986394 -0.023849352946574656
0.07757321737514639 -0.02472913098549849
0.08426519384872727 -0.025616959837373828
0.09120759342420814 -0.026513204150936328
0.09839623425967753 -0.027417608408350017
0.10582678618669683 -0.02832938639674039
0.11349477331863145 -0.029247306373722172
0.12139557674675777 -0.030169762797804818
0.12952443732252045 -0.031094827876580362
0.1378764585242665 -0.03202027910785542
0.14644660940672616 -0.03294360218644164
0.15522972763146647 -0.033861971837012915
0.16422052257649067 -0.03477221602892049
0.17341357852311146 -0.03567077137528361
0.18280335791817703 -0.03655363910537653
0.19238420470968637 -0.03741635167882094
0.20215034775378343 -0.03825395981006172
0.2120959042910774 -0.039061048401049535
0.2222148834901989 -0.039831787728977185
0.23250119005645137 -0.040560023368657314
0.2429486279033891 -0.04123940497185733
0.2535509038851079 -0.04186355044914493
0.26430163158700104 -0.042426238597453196
0.27519433517269654 -0.0429216200829357
0.28622245328485874 -0.04334443419526443
0.29737934299750524 -0.043690217163480385
0.30865828381745486 -0.043955487229279014
0.320052481732506 -0.04413789219925191
0.33155507330389 -0.04423630684679852
0.3431591298005543 -0.04425087022489296
0.35485766137276875 -0.04418295651927262
0.36664362126255073 -0.04403507728452067
0.3785099100483679 -0.04381071747591862
0.3904493799215649 -0.04351411229775249
0.4024548389919357 -0.04314997620396735
0.41451905561984914 -0.04272319909386224
0.42663476277231926 -0.04223852756546951
0.43879466240039156 -0.041700250801954344
0.4509914298352198 -0.04111191112587098
0.46321771820016633 -0.040476058402184364
0.475466162836291 -0.0397940653340358
0.4877293857385438 -0.039066017394938174
0.4999999999999999 -0.03829068687834284
0.512270614261456 -0.03746559558885312
0.5245338371637088 -0.03658716536636275
0.5367822817998334 -0.03565095026981016
0.54900857016478 -0.03465193919911465
0.5612053375996082 -0.03358491332963476
0.5733652372276805 -0.032444839257609936
0.5854809443801506 -0.031227276429777184
0.5975451610080642 -0.029928776401067482
0.6095506200784349 -0.028547251790248435
0.6214900899516319 -0.0270822944546566
0.6333563787374491 -0.025535425265683365
0.645142338627231 -0.023910261743291635
0.6568408701994456 -0.0222125944444942
0.6684449266961098 -0.02045036809676361
0.6799475182674938 -0.018633568698534515
0.691341716182545 -0.016774022849687723
0.7026206570024947 -0.01488512011997797
0.713777546715141 -0.012981473047880044
0.7248056648273034 -0.011078532178251232
0.7356983684129987 -0.009192175255564771
0.746449096114892 -0.007338290227481337
0.7570513720966108 -0.005532371096155768
0.7674988099435485 -0.003789143970894932
0.7777851165098009 -0.0021222380797409116
0.7879040957089227 -0.0005439131956180361
0.7978496522462164 0.0009351488326578056
0.8076157952903136 0.002305984722327412
0.8171966420818224 0.0035614227600044646
0.8265864214768883 0.004696091965538372
0.8357794774235092 0.005706374317796137
0.8447702723685334 0.00659030937472318
0.8535533905932737 0.007347462271851981
0.8621235414757333 0.007978766907158843
0.8704755626774794 0.008486356125824735
0.8786044232532422 0.008873389970681515
0.8865052266813687 0.009143891674216599
0.894173213813303 0.009302599183046878
0.9016037657403225 0.009354837795815476
0.9087924065757916 0.009306417139864366
0.9157348061512727 0.009163553385954672
0.9224267826248536 0.00893281546242845
0.928864305000136 0.008621092212518054
0.9350434955543556 0.0082355760387854
0.9409606321741775 0.007783757656081812
0.9466121505977576 0.0072734261483831265
0.9519946465617215 0.006712668577039506
0.9571048778517655 0.006109863867030069
0.9619397662556433 0.005473666526281245
0.9664963994173694 0.004812976835839191
0.9707720325915102 0.004136895381900076
0.9747640902965183 0.003454661080918123
0.9784701678661044 0.0027755730811823633
0.98188803289772 0.0021088980283408736
0.985015626597272 0.0014637650980756953
0.9878510650192642 0.0008490518884556367
0.9903926402016152 0.0002732647119757141
0.9926388211944706 -0.00025558296168605725
0.9945882549823906 -0.0007300901638365217
0.9962397672993549 -0.0011435826184280086
0.9975923633360985 -0.001490218216234998
0.9986452283393451 -0.0017650809279933283
0.9993977281025862 -0.0019642607699657515
0.9998494093481021 -0.0020849179077994033
1.0 -0.0021253294480225314
