1.0 0.001983543006526654
0.9998494093481021 0.0020305776122402
0.9993977281025862 0.002171643147491222
0.9986452283393451 0.002406606052983122
0.9975923633360985 0.0027351833850018494
0.9962397672993549 0.003156859229936548
0.9945882549823906 0.00367078089235722
0.9926388211944706 0.004275646591868385
0.9903926402016152 0.004969597797488758
0.9878510650192642 0.005750129491473692
0.985015626597272 0.006614030554310134
0.98188803289772 0.00755736417742952
0.9784701678661044 0.00857549492374108
0.9747640902965183 0.009663165042643435
0.9707720325915102 0.010814618247726827
0.9664963994173694 0.01202376476303978
0.9619397662556433 0.013284377425536127
0.9571048778517655 0.014590305358864863
0.9519946465617215 0.015935689511307458
0.9466121505977576 0.017315163398527993
0.9409606321741775 0.018724022826014368
0.9350434955543556 0.02015835018734793
0.928864305000136 0.021615082026269147
0.9224267826248536 0.02309201268713642
0.9157348061512727 0.024587731741994964
0.9087924065757916 0.026101498088254033
0.9016037657403225 0.027633058738039118
0.894173213813303 0.02918242494604467
0.8865052266813687 0.030749622057746936
0.8786044232532422 0.03233443198055219
0.8704755626774794 0.03393614825662832
0.8621235414757333 0.03555336323130001
0.8535533905932737 0.037183804773299745
0.8447702723685334 0.03882423654720477
0.8357794774235092 0.040470431215152716
0.8265864214768883 0.04211722050349786
0.8171966420818224 0.043758620230435565
0.8076157952903136 0.045388022610575125
0.7978496522462164 0.046998442890989194
0.7879040957089227 0.04858280305355872
0.7777851165098009 0.05013423229320316
0.7674988099435485 0.05164636250388412
0.7570513720966108 0.05311359720609134
0.746449096114892 0.05453133422982567
0.7356983684129987 0.05589612589071204
0.7248056648273034 0.05720576510402385
0.713777546715141 0.05845929150755238
0.7026206570024947 0.059656917768538625
0.691341716182545 0.06079988234999375
0.6799475182674938 0.06189024062244954
0.6684449266961098 0.06293061087950266
0.6568408701994456 0.06392389517318954
0.645142338627231 0.06487299665568383
0.6333563787374491 0.06578055515101246
0.6214900899516319 0.06664872097767659
0.6095506200784349 0.06747898373436285
0.5975451610080642 0.0682720681114965
0.5854809443801506 0.06902790317687711
0.5733652372276805 0.06974566546048247
0.5612053375996082 0.07042389003240007
0.54900857016478 0.07106063813318582
0.5367822817998334 0.0716537052447662
0.5245338371637088 0.07220085017339321
0.512270614261456 0.07270002403654294
0.4999999999999999 0.07314957815259987
0.4877293857385438 0.07354843172875777
0.475466162836291 0.073896183783576
0.46321771820016633 0.07419315864276839
0.4509914298352198 0.07444038021042197
0.43879466240039156 0.07463947655831153
0.42663476277231926 0.07479252266250366
0.41451905561984914 0.07490183481512687
0.4024548389919357 0.07496973485693312
0.3904493799215649 0.0749983055020509
0.3785099100483679 0.07498915936630736
0.36664362126255073 0.07494324371418944
0.35485766137276875 0.07486070041470842
0.3431591298005543 0.07474079631141811
0.33155507330389 0.07458193348469572
0.320052481732506 0.07438174215989621
0.30865828381745486 0.07413725183084456
0.29737934299750524 0.07384512911305398
0.28622245328485874 0.07350196450797858
0.27519433517269654 0.07310458519757689
0.26430163158700104 0.07265036765719944
0.2535509038851079 0.07213752260547977
0.2429486279033891 0.07156532577542647
0.23250119005645137 0.07093427118828027
0.2222148834901989 0.07024612885800567
0.2120959042910774 0.06950389579693292
0.20215034775378343 0.06871163733365768
0.19238420470968637 0.0678742244846127
0.18280335791817703 0.06699698176801663
0.17341357852311146 0.0660852677273624
0.16422052257649067 0.0651440168958444
0.15522972763146647 0.06417727642960158
0.14644660940672616 0.06318777275012662
0.1378764585242665 0.06217654302127317
0.12952443732252045 0.06114266309645264
0.12139557674675777 0.0600830978634257
0.11349477331863145 0.05899269204093857
0.10582678618669683 0.0578643099709142
0.09839623425967753 0.05668912246739497
0.09120759342420814 0.055457028084525226
0.08426519384872727 0.054157186040963076
0.07757321737514639 0.052778629253352534
0.07113569499986394 0.05131091917051035
0.06495650444564427 0.04974479991092816
0.059039367825822475 0.04807280795802466
0.05338784940224234 0.046289795519260137
0.048005353438278275 0.044393330540121956
0.042895122148234655 0.04238394399104344
0.038060233744356575 0.0402652049169906
0.03350360058263052 0.038043615185368994
0.029227967408489597 0.035728328091819486
0.025235909703481607 0.033330707120232825
0.021529832133895532 0.03086375233159591
0.018111967102280024 0.028341431262533218
0.014984373402728013 0.02577795815320085
0.012148934980735715 0.023187069270446378
0.009607359798384785 0.020581342731296647
0.007361178805529334 0.01797160848478334
0.005411745017609493 0.015366488141128485
0.0037602327006450165 0.012772095543961243
0.0024076366639015356 0.010191917967266107
0.0013547716606548965 0.007626885351491307
0.0006022718974137975 0.005075621948883092
0.00015059065189787502 0.002534862048722642
0.0 0.0
0.00015059065189787502 -0.0013077000163865616
0.0006022718974137975 -0.0026073526703992217
0.0013547716606548965 -0.0038906847247502543
0.0024076366639015356 -0.005150146396150101
0.0037602327006450165 -0.006379224615543096
0.005411745017609493 -0.007572701389056683
0.007361178805529334 -0.008726844490988756
0.009607359798384785 -0.009839521954251659
0.012148934980735715 -0.010910236527234395
0.014984373402728013 -0.011940081111792405
0.018111967102280024 -0.012931620851302837
0.021529832133895532 -0.013888711684686509
0.025235909703481607 -0.014816268547198284
0.029227967408489597 -0.015719998767593578
0.03350360058263052 -0.01660611744579225
0.038060233744356575 -0.01748106164235833
0.042895122148234655 -0.018351219105953366
0.048005353438278275 -0.019222685126544736
0.05338784940224234 -0.020101058123731082
0.059039367825822475 -0.020991281012646627
0.06495650444564427 -0.02189753152451669
0.07113569499986394 -0.02282316080081291
0.07757321737514639 -0.023770676026932856
0.08426519384872727 -0.02474175989048551
0.09120759342420814 -0.02573731745666697
0.09839623425967753 -0.02675753979777788
0.10582678618669683 -0.02780197346664133
0.11349477331863145 -0.028869585652923285
0.12139557674675777 -0.029958816514789693
0.12952443732252045 -0.031067612570996026
0.1378764585242665 -0.032193437946625394
0.14644660940672616 -0.03333326342501574
0.15522972763146647 -0.03448353638567038
0.16422052257649067 -0.03564013752371942
0.17341357852311146 -0.036798332497791554
0.18280335791817703 -0.03795272813379822
0.19238420470968637 -0.039097243379540486
0.20215034775378343 -0.04022510479194103
0.2120959042910774 -0.04132887495893237
0.2222148834901989 -0.042400520006022
0.23250119005645137 -0.043431519381395486
0.2429486279033891 -0.044413017682168855
0.2535509038851079 -0.045336014650473315
0.26430163158700104 -0.04619158592618533
0.27519433517269654 -0.04697112398735151
0.28622245328485874 -0.04766658620998477
0.29737934299750524 -0.04827073536097934
0.30865828381745486 -0.04877735726307734
0.320052481732506 -0.04918144092394195
0.33155507330389 -0.04947930810271447
0.3431591298005543 -0.04966868201132065
0.35485766137276875 -0.049748688447824436
0.36664362126255073 -0.04971978689941345
0.3785099100483679 -0.0495836337443235
0.3904493799215649 -0.04934288430413717
0.4024548389919357 -0.04900094482040346
0.41451905561984914 -0.04856168913748846
0.42663476277231926 -0.048029157690280926
0.43879466240039156 -0.04740725810285288
0.4509914298352198 -0.04669948715942501
0.46321771820016633 -0.04590869305499002
0.475466162836291 -0.04503689470336399
0.4877293857385438 -0.04408517159789005
0.4999999999999999 -0.043053633487897196
0.512270614261456 -0.041941474222580835
0.5245338371637088 -0.04074710884162696
0.5367822817998334 -0.039468387703153134
0.54900857016478 -0.038102876481095005
0.5612053375996082 -0.03664818656103992
0.5733652372276805 -0.03510233699672128
0.5854809443801506 -0.033464126976952
0.5975451610080642 -0.03173349683520756
0.6095506200784349 -0.029911856065438763
0.6214900899516319 -0.02800235855284852
0.6333563787374491 -0.026010108166286044
0.645142338627231 -0.02394228179208972
0.6568408701994456 -0.0218081615580985
0.6684449266961098 -0.019619073098089742
0.6799475182674938 -0.017388231915707847
0.691341716182545 -0.015130504897610078
0.7026206570024947 -0.012862098494444505
0.713777546715141 -0.010600188773342095
0.7248056648273034 -0.008362511242828503
0.7356983684129987 -0.006166929926393595
0.746449096114892 -0.004031005557220509
0.7570513720966108 -0.001971582004673785
0.7674988099435485 -4.408218016877354e-06
0.7777851165098009 0.0018561897557131876
0.7879040957089227 0.0035975755432824047
0.7978496522462164 0.005209000735753031
0.8076157952903136 0.006681731474803556
0.8171966420818224 0.008009104078616963
0.8265864214768883 0.009186514094379358
0.8357794774235092 0.01021134627607227
0.8447702723685334 0.011082855405373277
0.8535533905932737 0.011802009494892974
0.8621235414757333 0.012371307691307221
0.8704755626774794 0.012794585145230339
0.8786044232532422 0.013076816303824082
0.8865052266813687 0.013223926626643161
0.894173213813303 0.013242620776028358
0.9016037657403225 0.01314023306383815
0.9087924065757916 0.0129246035283723
0.9157348061512727 0.012603980645842602
0.9224267826248536 0.012186949509147182
0.928864305000136 0.011682382464860454
0.9350434955543556 0.011099407784083602
0.9409606321741775 0.010447391011639539
0.9466121505977576 0.009735923208332109
0.9519946465617215 0.008974810351870019
0.9571048778517655 0.008174058639761192
0.9619397662556433 0.007343851262275496
0.9664963994173694 0.006494513288390615
0.9707720325915102 0.005636462527343862
0.9747640902965183 0.0047801454888496435
0.9784701678661044 0.003935958771220298
0.98188803289772 0.0031141572793027955
0.985015626597272 0.0023247515545152544
0.9878510650192642 0.0015773971513411101
0.9903926402016152 0.0008812794054248786
0.9926388211944706 0.00024499711595524264
0.9945882549823906 -0.0003235513652567821
0.9962397672993549 -0.0008172763458110636
0.9975923633360985 -0.0012299963390729942
0.9986452283393451 -0.0015565263826554869
0.9993977281025862 -0.001792753008532818
0.9998494093481021 -0.0019356941889536554
1.0 -0.001983543006526654
