1.0 0.0016030353209168307
0.9998494093481021 0.001651881222357243
0.9993977281025862 0.0017983397557958705
0.9986452283393451 0.002042155753258903
0.9975923633360985 0.0023828470543419827
0.9962397672993549 0.0028196259012515656
0.9945882549823906 0.0033513016855391603
0.9926388211944706 0.003976176408511479
0.9903926402016152 0.004691945558475728
0.9878510650192642 0.005495617252799808
0.985015626597272 0.006383461409092555
0.98188803289772 0.00735099847378541
0.9784701678661044 0.008393034026692444
0.9747640902965183 0.00950374166352468
0.9707720325915102 0.010676792267635023
0.9664963994173694 0.011905523488475575
0.9619397662556433 0.013183139325240848
0.9571048778517655 0.014502926522508135
0.9519946465617215 0.01585847231726285
0.9466121505977576 0.017243867148687045
0.9409606321741775 0.01865387636759859
0.9350434955543556 0.020084066763250544
0.928864305000136 0.02153087674901635
0.9224267826248536 0.022991623096390496
0.9157348061512727 0.024464441869890628
0.9087924065757916 0.025948166319314667
0.9016037657403225 0.02744214952017913
0.894173213813303 0.028946044105519382
0.8865052266813687 0.030459555121687066
0.8786044232532422 0.03198218454991301
0.8704755626774794 0.033512987137174224
0.8621235414757333 0.0350503567576377
0.8535533905932737 0.0365918605843561
0.8447702723685334 0.03813413501747931
0.8357794774235092 0.03967285283159903
0.8265864214768883 0.04120276570859382
0.8171966420818224 0.04271782062107006
0.8076157952903136 0.04421134287068169
0.7978496522462164 0.045676273413150746
0.7879040957089227 0.04710544383193376
0.7777851165098009 0.04849186930205101
0.7674988099435485 0.04982903836543611
0.7570513720966108 0.05111117845297329
0.746449096114892 0.05233347784073796
0.7356983684129987 0.05349224799279006
0.7248056648273034 0.054585014772343794
0.713777546715141 0.055610532446523094
0.7026206570024947 0.05656872034083768
0.691341716182545 0.05746052794965148
0.6799475182674938 0.05828773980525959
0.6684449266961098 0.059052736011099095
0.6568408701994456 0.05975822768344346
0.645142338627231 0.06040698834937599
0.6333563787374491 0.061001602467596054
0.6214900899516319 0.06154425065826453
0.6095506200784349 0.062036548071292434
0.5975451610080642 0.06247944784000981
0.5854809443801506 0.0628732161186065
0.5733652372276805 0.06321747922718625
0.5612053375996082 0.06351133741320034
0.54900857016478 0.06375353417427602
0.5367822817998334 0.06394266543331409
0.5245338371637088 0.06407740949939246
0.512270614261456 0.06415675697141912
0.4999999999999999 0.06418021970228048
0.4877293857385438 0.06414799965481052
0.475466162836291 0.06406110181876319
0.46321771820016633 0.06392138005672625
0.4509914298352198 0.06373151042844925
0.43879466240039156 0.0634948927440859
0.42663476277231926 0.06321548730587934
0.41451905561984914 0.06289759949637216
0.4024548389919357 0.06254562957618573
0.3904493799215649 0.062163808358031716
0.3785099100483679 0.061755941027914596
0.36664362126255073 0.06132518112718706
0.35485766137276875 0.06087385457902297
0.3431591298005543 0.060403349783067585
0.33155507330389 0.05991408450077428
0.320052481732506 0.059405553923573794
0.30865828381745486 0.05887645746154781
0.29737934299750524 0.058324894969915955
0.28622245328485874 0.05774861691148223
0.27519433517269654 0.057145307865332104
0.26430163158700104 0.056512879285007867
0.2535509038851079 0.055849745814023515
0.2429486279033891 0.05515505996612841
0.23250119005645137 0.054428882589892154
0.2222148834901989 0.05367227110921269
0.2120959042910774 0.05288727374861428
0.20215034775378343 0.05207682535979204
0.19238420470968637 0.0512445485017512
0.18280335791817703 0.05039447146420829
0.17341357852311146 0.04953068231917654
0.16422052257649067 0.04865694422921856
0.15522972763146647 0.04777630160568935
0.14644660940672616 0.04689070889532384
0.1378764585242665 0.04600071353776281
0.12952443732252045 0.045105221921656856
0.12139557674675777 0.04420137210563676
0.11349477331863145 0.0432845299806385
0.10582678618669683 0.04234841691446395
0.09839623425967753 0.04138536735177144
0.09120759342420814 0.040386705043444444
0.08426519384872727 0.0393432172840317
0.07757321737514639 0.03824569845986637
0.07113569499986394 0.03708552799357405
0.06495650444564427 0.03585524392781082
0.059039367825822475 0.03454907227054592
0.05338784940224234 0.033163373978424865
0.048005353438278275 0.03169697602516463
0.042895122148234655 0.030151360119674092
0.038060233744356575 0.02853069184096734
0.03350360058263052 0.026841683618703063
0.029227967408489597 0.02509329636544905
0.025235909703481607 0.023296295850351208
0.021529832133895532 0.02146269027820917
0.018111967102280024 0.01960508424115568
0.014984373402728013 0.017735990590845907
0.012148934980735715 0.01586714534563259
0.009607359798384785 0.01400887120559061
0.007361178805529334 0.012169532525638176
0.005411745017609493 0.010355118849319951
0.0037602327006450165 0.008568985708431183
0.0024076366639015356 0.006811770915887055
0.0013547716606548965 0.005081492744333874
0.0006022718974137975 0.0033738240166943504
0.00015059065189787502 0.001682524106023261
0.0 0.0
0.00015059065189787502 -0.0012698912748885767
0.0006022718974137975 -0.0025337308054653195
0.0013547716606548965 -0.0037852935182454747
0.0024076366639015356 -0.005018955900361518
0.0037602327006450165 -0.0062299538906290955
0.005411745017609493 -0.0074145923111020775
0.007361178805529334 -0.008570394743810371
0.009607359798384785 -0.009696186620495699
0.012148934980735715 -0.010792108573684882
0.014984373402728013 -0.011859561491370877
0.018111967102280024 -0.012901088915551034
0.021529832133895532 -0.013920206135126578
0.025235909703481607 -0.014921188293520026
0.029227967408489597 -0.0159088318657461
0.03350360058263052 -0.01688820483509629
0.038060233744356575 -0.017864400772752437
0.042895122148234655 -0.018842310833759174
0.048005353438278275 -0.01982642554777919
0.05338784940224234 -0.020820675389703606
0.059039367825822475 -0.021828315704114018
0.06495650444564427 -0.022851857904241383
0.07113569499986394 -0.023893045259169878
0.07757321737514639 -0.024952868302183656
0.08426519384872727 -0.026031612187258305
0.09120759342420814 -0.027128926388941967
0.09839623425967753 -0.028243906117667868
0.10582678618669683 -0.029375174767595782
0.11349477331863145 -0.030520957608344217
0.12139557674675777 -0.03167913867975888
0.12952443732252045 -0.032847295285932214
0.1378764585242665 -0.03402270739173534
0.14644660940672616 -0.03520234234548639
0.15522972763146647 -0.03638281841169902
0.16422052257649067 -0.03756035333001205
0.17341357852311146 -0.03873070627903987
0.18280335791817703 -0.03988912302184744
0.19238420470968637 -0.04103029450993375
0.20215034775378343 -0.04214833876492665
0.2120959042910774 -0.04323681445991473
0.2222148834901989 -0.044288772381247725
0.23250119005645137 -0.04529684803310313
0.2429486279033891 -0.046253395275681265
0.2535509038851079 -0.047150657329123165
0.26430163158700104 -0.047980968015379946
0.27519433517269654 -0.048736973034002415
0.28622245328485874 -0.04941185863609686
0.29737934299750524 -0.04999957349007507
0.30865828381745486 -0.05049502897810233
0.320052481732506 -0.05089426370351063
0.33155507330389 -0.05119455962519814
0.3431591298005543 -0.05139449988046657
0.35485766137276875 -0.05149396185020574
0.36664362126255073 -0.05149404313027359
0.3785099100483679 -0.051396922519974984
0.3904493799215649 -0.051205662611573464
0.4024548389919357 -0.050923964744325326
0.41451905561984914 -0.050555890668091866
0.42663476277231926 -0.0501055679779014
0.43879466240039156 -0.04957689802164103
0.4509914298352198 -0.04897328541076227
0.46321771820016633 -0.04829740742409906
0.475466162836291 -0.04755103952092743
0.4877293857385438 -0.046734949990540994
0.4999999999999999 -0.0458488726591887
0.512270614261456 -0.04489156181311292
0.5245338371637088 -0.04386092838698707
0.5367822817998334 -0.04275425134377174
0.54900857016478 -0.04156845337044098
0.5612053375996082 -0.04030042584867875
0.5733652372276805 -0.03894738480243166
0.5854809443801506 -0.037507237386072374
0.5975451610080642 -0.03597893759383766
0.6095506200784349 -0.03436281029545949
0.6214900899516319 -0.03266082440044844
0.6333563787374491 -0.03087679880710542
0.645142338627231 -0.029016528610711603
0.6568408701994456 -0.027087823576983045
0.6684449266961098 -0.025100455838001454
0.6799475182674938 -0.023066018822884938
0.691341716182545 -0.020997704278648728
0.7026206570024947 -0.018910008573140784
0.713777546715141 -0.016818383046840725
0.7248056648273034 -0.014738845794990884
0.7356983684129987 -0.012687573785044618
0.746449096114892 -0.01068049459034838
0.7570513720966108 -0.008732896268721485
0.7674988099435485 -0.006859072125578597
0.7777851165098009 -0.005072014430126854
0.7879040957089227 -0.0033831678051370537
0.7978496522462164 -0.001802249225726218
0.8076157952903136 -0.00033713759751042573
0.8171966420818224 0.0010061680045089364
0.8265864214768883 0.002223525929959223
0.8357794774235092 0.0033125729300511287
0.8447702723685334 0.004272598446331636
0.8535533905932737 0.005104383736218817
0.8621235414757333 0.005810018126827841
0.8704755626774794 0.006392704636614617
0.8786044232532422 0.006856566398793227
0.8865052266813687 0.007206463872252342
0.894173213813303 0.007447830881098886
0.9016037657403225 0.007586535252121015
0.9087924065757916 0.007628767398927993
0.9157348061512727 0.007580957807014211
0.9224267826248536 0.007449722164315667
0.928864305000136 0.007241830989782528
0.9350434955543556 0.006964199137399014
0.9409606321741775 0.006623889556338871
0.9466121505977576 0.006228125191751871
0.9519946465617215 0.005784302899818542
0.9571048778517655 0.005300003677035479
0.9619397662556433 0.004782994292749331
0.9664963994173694 0.004241216473089282
0.9707720325915102 0.0036827610116118258
0.9747640902965183 0.0031158254744580094
0.9784701678661044 0.002548655430240134
0.98188803289772 0.0019894702856888997
0.985015626597272 0.0014463757844157424
0.9878510650192642 0.0009272659863758764
0.9903926402016152 0.00043971807001226353
0.9926388211944706 -9.116411730871604e-06
0.9945882549823906 -0.00041262011837293845
0.9962397672993549 -0.0007648147630827885
0.9975923633360985 -0.001060458881291167
0.9986452283393451 -0.0012951355679207488
0.9993977281025862 -0.001465327658908455
0.9998494093481021 -0.0015684783000114836
1.0 -0.0016030353209168307
