1.0 0.0018876818299432795
0.9998494093481021 0.0019382005159130293
0.9993977281025862 0.002089708489204253
0.9986452283393451 0.0023420428965200317
0.9975923633360985 0.0026948723084720305
0.9962397672993549 0.003147613495283524
0.9945882549823906 0.003699327847588635
0.9926388211944706 0.004348608944187612
0.9903926402016152 0.005093474147837958
0.9878510650192642 0.005931273291381449
0.985015626597272 0.00685862646700285
0.98188803289772 0.007871400726629636
0.9784701678661044 0.008964732319249439
0.9747640902965183 0.010133097197070158
0.9707720325915102 0.011370428248704755
0.9664963994173694 0.012670273433780087
0.9619397662556433 0.01402598507623638
0.9571048778517655 0.015430927374492337
0.9519946465617215 0.016878687001425172
0.9466121505977576 0.018363270710051265
0.9409606321741775 0.019879274245409778
0.9350434955543556 0.02142200859104408
0.928864305000136 0.022987572537620276
0.9224267826248536 0.02457286453357587
0.9157348061512727 0.02617553145592128
0.9087924065757916 0.027793856951044135
0.9016037657403225 0.02942659693320763
0.894173213813303 0.031072774283287807
0.8865052266813687 0.03273144838520473
0.8786044232532422 0.03440147755932378
0.8704755626774794 0.03608129347823214
0.8621235414757333 0.03776870616842755
0.8535533905932737 0.03946075622034131
0.8447702723685334 0.04115362747973819
0.8357794774235092 0.0428426290200852
0.8265864214768883 0.044522249937141295
0.8171966420818224 0.046186284871650336
0.8076157952903136 0.0478280225979941
0.7978496522462164 0.04944048496131503
0.7879040957089227 0.05101669931321101
0.7777851165098009 0.0525499847282308
0.7674988099435485 0.05403423092451966
0.7570513720966108 0.05546414908862579
0.746449096114892 0.05683547571364919
0.7356983684129987 0.058145113967913
0.7248056648273034 0.05939120176309263
0.713777546715141 0.06057310122912165
0.7026206570024947 0.06169131029668464
0.691341716182545 0.06274730306479497
0.6799475182674938 0.06374331111611589
0.6684449266961098 0.0646820624969397
0.6568408701994456 0.0655664983337633
0.645142338627231 0.06639948874715869
0.6333563787374491 0.06718356970283026
0.6214900899516319 0.06792072070236685
0.6095506200784349 0.06861219989326843
0.5975451610080642 0.06925844852899789
0.5854809443801506 0.06985907110344529
0.5733652372276805 0.0704128913685163
0.5612053375996082 0.0709180783110609
0.54900857016478 0.07137233051329883
0.5367822817998334 0.07177310261101956
0.5245338371637088 0.07211785418461734
0.512270614261456 0.07240429965242969
0.4999999999999999 0.07263063773738565
0.4877293857385438 0.07279574085690249
0.475466162836291 0.07289928820710179
0.46321771820016633 0.07294183110455889
0.4509914298352198 0.07292478492548644
0.43879466240039156 0.07285034827192409
0.42663476277231926 0.07272135627808907
0.41451905561984914 0.07254108072275131
0.4024548389919357 0.0723129943476732
0.3904493799215649 0.0720405200876428
0.3785099100483679 0.07172678749642188
0.36664362126255073 0.07137441834514614
0.35485766137276875 0.07098536116884685
0.3431591298005543 0.07056079059260807
0.33155507330389 0.07010108187796128
0.320052481732506 0.06960586471402914
0.30865828381745486 0.06907415335122208
0.29737934299750524 0.06850454330534894
0.28622245328485874 0.06789545862195939
0.27519433517269654 0.06724542862099193
0.26430163158700104 0.06655336959381267
0.2535509038851079 0.06581884543066642
0.2429486279033891 0.06504228179795203
0.23250119005645137 0.06422511127461747
0.2222148834901989 0.06336983163512921
0.2120959042910774 0.062479965908368434
0.20215034775378343 0.06155992048073252
0.19238420470968637 0.06061474577265506
0.18280335791817703 0.05964981226040124
0.17341357852311146 0.05867042218286575
0.16422052257649067 0.057681383544816556
0.15522972763146647 0.05668657746683463
0.14644660940672616 0.05568855212995548
0.1378764585242665 0.054688176274852965
0.12952443732252045 0.05368438238251149
0.12139557674675777 0.05267402442165824
0.11349477331863145 0.05165186772232222
0.10582678618669683 0.050610719617080135
0.09839623425967753 0.0495416996078264
0.09120759342420814 0.048434637680908825
0.08426519384872727 0.0472785797579566
0.07757321737514639 0.04606237086427816
0.07113569499986394 0.04477528007609867
0.06495650444564427 0.043407627200276785
0.059039367825822475 0.04195136980491614
0.05338784940224234 0.04040061081726305
0.048005353438278275 0.03875199138317172
0.042895122148234655 0.03700494077333403
0.038060233744356575 0.03516176436142263
0.03350360058263052 0.03322756145871609
0.029227967408489597 0.031209976317800592
0.025235909703481607 0.029118797096331077
0.021529832133895532 0.026965428174520262
0.018111967102280024 0.024762270173901018
0.014984373402728013 0.02252204866735801
0.012148934980735715 0.020257136399160977
0.009607359798384785 0.017978914545275806
0.007361178805529334 0.015697216057957177
0.005411745017609493 0.013419888604607348
0.0037602327006450165 0.011152506400649622
0.0024076366639015356 0.008898249917210848
0.0013547716606548965 0.006657960739972602
0.0006022718974137975 0.004430366592841007
0.00015059065189787502 0.0022124595905155657
0.0 0.0
0.00015059065189787502 -0.001356331057236731
0.0006022718974137975 -0.0027045795667945574
0.0013547716606548965 -0.004036477336381434
0.0024076366639015356 -0.005344501374796663
0.0037602327006450165 -0.006622195699317538
0.005411745017609493 -0.0078644356391256
0.007361178805529334 -0.009067621279375885
0.009607359798384785 -0.010229791141281454
0.012148934980735715 -0.011350652139205135
0.014984373402728013 -0.012431526952745181
0.018111967102280024 -0.013475224849650884
0.021529832133895532 -0.014485846362136805
0.025235909703481607 -0.015468535765434149
0.029227967408489597 -0.016429197807293582
0.03350360058263052 -0.01737419644398687
0.038060233744356575 -0.01831005339467142
0.042895122148234655 -0.01924316316656745
0.048005353438278275 -0.0201795389514863
0.05338784940224234 -0.0211246006510544
0.059039367825822475 -0.022083012516484497
0.06495650444564427 -0.02305857379293688
0.07113569499986394 -0.024054161659735566
0.07757321737514639 -0.025071721969905602
0.08426519384872727 -0.026112300098293184
0.09120759342420814 -0.02717610183688792
0.09839623425967753 -0.028262572889141028
0.10582678618669683 -0.029370485191066296
0.11349477331863145 -0.03049801901831836
0.12139557674675777 -0.03164283153304785
0.12952443732252045 -0.03280210491326982
0.1378764585242665 -0.033972570259350195
0.14644660940672616 -0.035150506811971016
0.15522972763146647 -0.03633171934712527
0.16422052257649067 -0.037511499642273086
0.17341357852311146 -0.03868458036568201
0.18280335791817703 -0.03984509140752372
0.19238420470968637 -0.04098652939101809
0.20215034775378343 -0.042101750797050405
0.2120959042910774 -0.04318299781275482
0.2222148834901989 -0.04422196376423342
0.23250119005645137 -0.04520990198401615
0.2429486279033891 -0.046137778427950776
0.2535509038851079 -0.046996464573647576
0.26430163158700104 -0.04777696340836056
0.27519433517269654 -0.048470657954775447
0.28622245328485874 -0.04906956907269625
0.29737934299750524 -0.04956660745240197
0.30865828381745486 -0.04995580395689453
0.320052481732506 -0.05023250287255541
0.33155507330389 -0.05039350420127935
0.3431591298005543 -0.05043714379365981
0.35485766137276875 -0.050363303719919615
0.36664362126255073 -0.050173349567738466
0.3785099100483679 -0.049869996052294016
0.3904493799215649 -0.04945710709665689
0.4024548389919357 -0.0489394410513777
0.41451905561984914 -0.04832235564483985
0.42663476277231926 -0.04761149030170306
0.43879466240039156 -0.046812445404615426
0.4509914298352198 -0.045930478748599006
0.46321771820016633 -0.04497023877933745
0.475466162836291 -0.043935552239559875
0.4877293857385438 -0.0428292806865467
0.4999999999999999 -0.04165325618655645
0.512270614261456 -0.040408301606453055
0.5245338371637088 -0.03909433562774478
0.5367822817998334 -0.03771055725114581
0.54900857016478 -0.03625569949273988
0.5612053375996082 -0.0347283375281742
0.5733652372276805 -0.03312723300875548
0.5854809443801506 -0.03145169388033429
0.5975451610080642 -0.029701927932610242
0.6095506200784349 -0.027879368556268727
0.6214900899516319 -0.025986952761325722
0.6333563787374491 -0.024029334298152058
0.645142338627231 -0.022013018530673056
0.6568408701994456 -0.019946410283125972
0.6684449266961098 -0.0178397709160499
0.6799475182674938 -0.01570508605831338
0.691341716182545 -0.01355585040274906
0.7026206570024947 -0.01140678045661809
0.713777546715141 -0.009273469858519304
0.7248056648273034 -0.007172004621749747
0.7356983684129987 -0.005118557301513853
0.746449096114892 -0.0031289795477465374
0.7570513720966108 -0.0012184118131432348
0.7674988099435485 0.0005990727715474353
0.7777851165098009 0.002310776008939885
0.7879040957089227 0.003905622752233849
0.7978496522462164 0.005374342366007678
0.8076157952903136 0.0067095803770900915
0.8171966420818224 0.00790594109817784
0.8265864214768883 0.00895996562650899
0.8357794774235092 0.009870052713516164
0.8447702723685334 0.010636332406560962
0.8535533905932737 0.011260503973839183
0.8621235414757333 0.011745650391602384
0.8704755626774794 0.012096041611916224
0.8786044232532422 0.012316938007451051
0.8865052266813687 0.012414403922439195
0.894173213813303 0.012395139296931685
0.9016037657403225 0.012266335048581973
0.9087924065757916 0.012035555474904175
0.9157348061512727 0.01171064855690981
0.9224267826248536 0.011299682862470007
0.928864305000136 0.010810907897252605
0.9350434955543556 0.010252733330030926
0.9409606321741775 0.009633721585421038
0.9466121505977576 0.008962587868050114
0.9519946465617215 0.008248201736855105
0.9571048778517655 0.007499584832415539
0.9619397662556433 0.006725900193583803
0.9664963994173694 0.005936429684388517
0.9707720325915102 0.0051405372823307635
0.9747640902965183 0.004347617249853668
0.9784701678661044 0.0035670274263088866
0.98188803289772 0.0028080089584463894
0.985015626597272 0.0020795946742463486
0.9878510650192642 0.0013905089617550423
0.9903926402016152 0.0007490624286645348
0.9926388211944706 0.00016304479809495709
0.9945882549823906 -0.00036038053267345416
0.9962397672993549 -0.0008147770424494724
0.9975923633360985 -0.0011945278405990764
0.9986452283393451 -0.0014949181223790748
0.9993977281025862 -0.0017122052587899258
0.9998494093481021 -0.001843674892823694
1.0 -0.0018876818299432795
