1.0 0.0019485547565839057
0.9998494093481021 0.0019969972147968014
0.9993977281025862 0.0021422821737629395
0.9986452283393451 0.002384263906207907
0.9975923633360985 0.0027226399344320996
0.9962397672993549 0.0031568684554830104
0.9945882549823906 0.003686065739518949
0.9926388211944706 0.0043088950587850386
0.9903926402016152 0.005023460082756911
0.9878510650192642 0.005827215844503931
0.985015626597272 0.006716909311207641
0.98188803289772 0.007688559354240275
0.9784701678661044 0.00873748269083336
0.9747640902965183 0.00985836842858216
0.9707720325915102 0.011045399520873269
0.9664963994173694 0.012292415109416165
0.9619397662556433 0.013593103770066416
0.9571048778517655 0.014941214445314661
0.9519946465617215 0.016330769640492935
0.9466121505977576 0.017756264498043274
0.9409606321741775 0.019212835760560605
0.9350434955543556 0.02069638639124159
0.928864305000136 0.02220365462754289
0.9224267826248536 0.023732220280780033
0.9157348061512727 0.025280445851173155
0.9087924065757916 0.02684735512853394
0.9016037657403225 0.028432456981667128
0.894173213813303 0.03003552659067103
0.8865052266813687 0.03165636006362054
0.8786044232532422 0.03329452088445356
0.8704755626774794 0.034949097735035246
0.8621235414757333 0.036618492805087756
0.8535533905932737 0.03830025775464852
0.8447702723685334 0.039990991153969396
0.8357794774235092 0.041686306738707976
0.8265864214768883 0.043380876523509304
0.8171966420818224 0.04506854712410766
0.8076157952903136 0.046742521993942306
0.7978496522462164 0.04839559713487143
0.7879040957089227 0.05002043360735858
0.7777851165098009 0.05160984718970432
0.7674988099435485 0.0531570940677021
0.7570513720966108 0.05465613160665421
0.746449096114892 0.0561018350681744
0.7356983684129987 0.0574901544545655
0.7248056648273034 0.05881820024158508
0.713777546715141 0.06008425224099448
0.7026206570024947 0.06128769178701872
0.691341716182545 0.06242886339407895
0.6799475182674938 0.06350887751161827
0.6684449266961098 0.06452937056493901
0.6568408701994456 0.06549224174863312
0.645142338627231 0.06639938776230556
0.6333563787374491 0.0672524567013085
0.6214900899516319 0.06805264062886625
0.6095506200784349 0.06880052308921493
0.5975451610080642 0.06949599323202674
0.5854809443801506 0.07013823267332364
0.5733652372276805 0.07072577516442984
0.5612053375996082 0.07125663307003725
0.54900857016478 0.07172847906600881
0.5367822817998334 0.07213886681871746
0.5245338371637088 0.07248547108897674
0.512270614261456 0.07276632599794641
0.4999999999999999 0.07298004025323535
0.4877293857385438 0.07312596997079233
0.475466162836291 0.07320433320636288
0.46321771820016633 0.07321625515728658
0.4509914298352198 0.0731637388235771
0.43879466240039156 0.07304956225353747
0.42663476277231926 0.07287710982280032
0.41451905561984914 0.07265015077995202
0.4024548389919357 0.07237258304716451
0.3904493799215649 0.07204816357845424
0.3785099100483679 0.071680248151582
0.36664362126255073 0.07127156314093971
0.35485766137276875 0.07082402958057625
0.3431591298005543 0.07033865582818434
0.33155507330389 0.06981550967912589
0.320052481732506 0.0692537742768115
0.30865828381745486 0.068651885137995
0.29737934299750524 0.06800773862821774
0.28622245328485874 0.06731895586145983
0.27519433517269654 0.06658318079843048
0.26430163158700104 0.06579838773665253
0.2535509038851079 0.06496317175827515
0.2429486279033891 0.0640769962135383
0.23250119005645137 0.06314037398563771
0.2222148834901989 0.06215496394963654
0.2120959042910774 0.061123570382719004
0.20215034775378343 0.06005004064170186
0.19238420470968637 0.05893906462385443
0.18280335791817703 0.05779588773062165
0.17341357852311146 0.05662595660608649
0.16422052257649067 0.05543452320292882
0.15522972763146647 0.05422623720240754
0.14644660940672616 0.05300475907386256
0.1378764585242665 0.051772425858561774
0.12952443732252045 0.05052999904315405
0.12139557674675777 0.04927651878451527
0.11349477331863145 0.048009281583419695
0.10582678618669683 0.04672394976942978
0.09839623425967753 0.04541479147687417
0.09120759342420814 0.04407503987293524
0.08426519384872727 0.04269735099023856
0.07757321737514639 0.04127433134359227
0.07113569499986394 0.039799100222821106
0.06495650444564427 0.03826584767289867
0.059039367825822475 0.036670348051520286
0.05338784940224234 0.03501039084664935
0.048005353438278275 0.0332860950820035
0.042895122148234655 0.03150008086307466
0.038060233744356575 0.029657480949601252
0.03350360058263052 0.027765786047116478
0.029227967408489597 0.02583452903475513
0.025235909703481607 0.02387482476737905
0.021529832133895532 0.0218987925795692
0.018111967102280024 0.019918897404242627
0.014984373402728013 0.01794725183919238
0.012148934980735715 0.01599492505272758
0.009607359798384785 0.01407130481766795
0.007361178805529334 0.01218355612884981
0.005411745017609493 0.010336213953026219
0.0037602327006450165 0.008530939064419986
0.0024076366639015356 0.006766455213956839
0.0013547716606548965 0.005038673801348409
0.0006022718974137975 0.0033409996066296817
0.00015059065189787502 0.0016647988750640402
0.0 0.0
0.00015059065189787502 -0.0012162709358621109
0.0006022718974137975 -0.002423711444507475
0.0013547716606548965 -0.0036132825007723084
0.0024076366639015356 -0.004776681665330382
0.0037602327006450165 -0.005906662090891598
0.005411745017609493 -0.006997295740057243
0.007361178805529334 -0.008044167893283279
0.009607359798384785 -0.009044494366521032
0.012148934980735715 -0.009997157676971295
0.014984373402728013 -0.010902663354645601
0.018111967102280024 -0.01176302235318738
0.021529832133895532 -0.01258156974051428
0.025235909703481607 -0.01336273326562708
0.029227967408489597 -0.0141117677826549
0.03350360058263052 -0.014834472725639102
0.038060233744356575 -0.015536909814599853
0.042895122148234655 -0.016225136972984448
0.048005353438278275 -0.016904972173617708
0.05338784940224234 -0.017581797806219258
0.059039367825822475 -0.01826041243616601
0.06495650444564427 -0.01894493280280852
0.07113569499986394 -0.019638744903748583
0.07757321737514639 -0.020344499338063475
0.08426519384872727 -0.021064143013415304
0.09120759342420814 -0.02179897708308393
0.09839623425967753 -0.02254972972311552
0.10582678618669683 -0.023316632159822707
0.11349477331863145 -0.024099487200738002
0.12139557674675777 -0.024897721310723896
0.12952443732252045 -0.025710413836583353
0.1378764585242665 -0.026536300084195184
0.14644660940672616 -0.02737374831561997
0.15522972763146647 -0.028220714063471663
0.16422052257649067 -0.02907467816358184
0.17341357852311146 -0.029932577319263895
0.18280335791817703 -0.030790737614482238
0.19238420470968637 -0.031644822038104786
0.20215034775378343 -0.032489802694615516
0.2120959042910774 -0.03331996697013619
0.2222148834901989 -0.034128964592373905
0.23250119005645137 -0.03490989944226446
0.2429486279033891 -0.035655466380746584
0.2535509038851079 -0.0363581295292792
0.26430163158700104 -0.037010334694533124
0.27519433517269654 -0.037604745263556574
0.28622245328485874 -0.03813448819934215
0.29737934299750524 -0.03859339497576156
0.30865828381745486 -0.038976221577881776
0.320052481732506 -0.03927883215210806
0.33155507330389 -0.03949833252630213
0.3431591298005543 -0.03963314254972183
0.35485766137276875 -0.039682999858877646
0.36664362126255073 -0.039648892018015094
0.3785099100483679 -0.03953291871586806
0.3904493799215649 -0.03933809049291462
0.4024548389919357 -0.03906807498421326
0.41451905561984914 -0.038726905564753514
0.42663476277231926 -0.038318670287980416
0.43879466240039156 -0.03784720088401943
0.4509914298352198 -0.03731578217886552
0.46321771820016633 -0.036726901544188666
0.475466162836291 -0.03608205591748363
0.4877293857385438 -0.03538163066391391
0.4999999999999999 -0.03462486028794087
0.512270614261456 -0.03380987601798643
0.5245338371637088 -0.03293383990492878
0.5367822817998334 -0.03199315964734108
0.54900857016478 -0.030983773238918287
0.5612053375996082 -0.02990148806150018
0.5733652372276805 -0.028742355511643537
0.5854809443801506 -0.027503059877428328
0.5975451610080642 -0.026181299124062953
0.6095506200784349 -0.024776135562752634
0.6214900899516319 -0.023288296036835743
0.6333563787374491 -0.021720404143919868
0.645142338627231 -0.020077130925446916
0.6568408701994456 -0.01836525513438833
0.6684449266961098 -0.0165936293308301
0.6799475182674938 -0.014773053323457984
0.691341716182545 -0.012916061540752335
0.7026206570024947 -0.01103663546870211
0.713777546715141 -0.00914985606331873
0.7248056648273034 -0.007271513826003204
0.7356983684129987 -0.005417695878674438
0.746449096114892 -0.003604369832440537
0.7570513720966108 -0.0018469835270348803
0.7674988099435485 -0.00016009792242109534
0.7777851165098009 0.0014429322904900978
0.7879040957089227 0.002950219212557962
0.7978496522462164 0.004351536119628481
0.8076157952903136 0.005638442495025821
0.8171966420818224 0.006804340482295188
0.8265864214768883 0.007844467184470065
0.8357794774235092 0.00875583035234018
0.8447702723685334 0.009537097417152413
0.8535533905932737 0.010188449425420723
0.8621235414757333 0.010711412178653587
0.8704755626774794 0.01110867678314983
0.8786044232532422 0.011383920945049867
0.8865052266813687 0.011541640821809744
0.894173213813303 0.01158700121786702
0.9016037657403225 0.011525709567283922
0.9087924065757916 0.011363916666302
0.9157348061512727 0.011108144685719867
0.9224267826248536 0.010765240770804046
0.928864305000136 0.010342352660833987
0.9350434955543556 0.009846921331223557
0.9409606321741775 0.009286684737941933
0.9466121505977576 0.008669686344728183
0.9519946465617215 0.008004282217129061
0.9571048778517655 0.007299141018197279
0.9619397662556433 0.006563232156274944
0.9664963994173694 0.005805798514930988
0.9707720325915102 0.005036311529338854
0.9747640902965183 0.004264407753226267
0.9784701678661044 0.0034998073860539845
0.98188803289772 0.0027522164171630585
0.985015626597272 0.002031215028904401
0.9878510650192642 0.0013461356441864284
0.9903926402016152 0.0007059344890768375
0.9926388211944706 0.00011906077352124124
0.9945882549823906 -0.00040667240343088685
0.9962397672993549 -0.0008642115062766898
0.9975923633360985 -0.0012473767921433337
0.9986452283393451 -0.001550964171692182
0.9993977281025862 -0.0017708320511769585
0.9998494093481021 -0.0019039710198405421
1.0 -0.0019485547565839057
