1.0 0.00203388257694608
0.9998494093481021 0.0020858531709703498
0.9993977281025862 0.002241707452359688
0.9986452283393451 0.0025012543152555726
0.9975923633360985 0.0028641152508242767
0.9962397672993549 0.0033296412120034534
0.9945882549823906 0.0038968093032021754
0.9926388211944706 0.004564110920038306
0.9903926402016152 0.005329444350741602
0.9878510650192642 0.0061900250220379245
0.985015626597272 0.0071423254951577695
0.98188803289772 0.008182055068916458
0.9784701678661044 0.009304185607410986
0.9747640902965183 0.010503026249954682
0.9707720325915102 0.011772345317553888
0.9664963994173694 0.013105533379391928
0.9619397662556433 0.014495797467269108
0.9571048778517655 0.015936373182927885
0.9519946465617215 0.017420739233423847
0.9466121505977576 0.018942817971124525
0.9409606321741775 0.020497145923073647
0.9350434955543556 0.02207900007113267
0.928864305000136 0.023684468675759525
0.9224267826248536 0.025310459500899492
0.9157348061512727 0.026954643082714936
0.9087924065757916 0.028615333811903024
0.9016037657403225 0.03029131665341728
0.894173213813303 0.03198163189173766
0.8865052266813687 0.03368533397998753
0.8786044232532422 0.03540124306728818
0.8704755626774794 0.037127708852646435
0.8621235414757333 0.038862405949189834
0.8535533905932737 0.040602177946459594
0.8447702723685334 0.04234294396180218
0.8357794774235092 0.044079676921002627
0.8265864214768883 0.045806457446425086
0.8171966420818224 0.04751660147164596
0.8076157952903136 0.049202853996238555
0.7978496522462164 0.0508576361960997
0.7879040957089227 0.052473328831800156
0.7777851165098009 0.05404257189927312
0.7674988099435485 0.055558558995211456
0.7570513720966108 0.05701530505620311
0.746449096114892 0.05840786797716179
0.7356983684129987 0.05973250798986281
0.7248056648273034 0.06098677333198521
0.713777546715141 0.06216950630273702
0.7026206570024947 0.06328076984859446
0.691341716182545 0.06432170087584937
0.6799475182674938 0.06529430206561047
0.6684449266961098 0.06620118862645595
0.6568408701994456 0.06704530978573842
0.645142338627231 0.06782966661976525
0.6333563787374491 0.06855704790718005
0.6214900899516319 0.06922980404747976
0.6095506200784349 0.06984967584544963
0.5975451610080642 0.07041769037989998
0.5854809443801506 0.07093413061884087
0.5733652372276805 0.07139857936146107
0.5612053375996082 0.07181003197346354
0.54900857016478 0.07216706673534987
0.5367822817998334 0.07246805690691485
0.5245338371637088 0.07271140521612729
0.512270614261456 0.07289577969171271
0.4999999999999999 0.07302032973129544
0.4877293857385438 0.07308486304239219
0.475466162836291 0.07308996747737724
0.46321771820016633 0.07303706653480392
0.4509914298352198 0.07292840303153897
0.43879466240039156 0.07276695169113101
0.42663476277231926 0.0725562676242662
0.41451905561984914 0.07230028337216567
0.4024548389919357 0.07200307185604457
0.3904493799215649 0.07166859581612178
0.3785099100483679 0.07130046583590086
0.36664362126255073 0.07090172867423199
0.35485766137276875 0.07047470536582429
0.3431591298005543 0.07002089455412988
0.33155507330389 0.0695409510896623
0.320052481732506 0.06903474348770793
0.30865828381745486 0.06850148691053644
0.29737934299750524 0.06793994149115744
0.28622245328485874 0.06734865962556329
0.27519433517269654 0.06672626086515736
0.26430163158700104 0.0660717096929222
0.2535509038851079 0.06538457009487728
0.2429486279033891 0.06466521161902594
0.23250119005645137 0.06391494455355883
0.2222148834901989 0.06313606678613536
0.2120959042910774 0.062331811492832616
0.20215034775378343 0.06150619257243642
0.19238420470968637 0.060663753104627294
0.18280335791817703 0.05980923042034222
0.17341357852311146 0.05894715896557852
0.16422052257649067 0.05808143838978976
0.15522972763146647 0.05721489865771688
0.14644660940672616 0.05634889606149843
0.1378764585242665 0.05548297355712322
0.12952443732252045 0.05461461581377933
0.12139557674675777 0.05373912389203956
0.11349477331863145 0.05284962689365239
0.10582678618669683 0.05193723875797575
0.09839623425967753 0.050991358258292596
0.09120759342420814 0.05000009990447981
0.08426519384872727 0.04895083365095936
0.07757321737514639 0.047830802782653746
0.07113569499986394 0.04662778277034415
0.06495650444564427 0.04533073978389208
0.059039367825822475 0.043930446288150155
0.05338784940224234 0.04242001288025064
0.048005353438278275 0.040795300198396
0.042895122148234655 0.03905518206404337
0.038060233744356575 0.03720164053399677
0.03350360058263052 0.03523968459100891
0.029227967408489597 0.03317709602301069
0.025235909703481607 0.031024017796350088
0.021529832133895532 0.028792411074783808
0.018111967102280024 0.026495416185694388
0.014984373402728013 0.02414665961377977
0.012148934980735715 0.021759553000018136
0.009607359798384785 0.01934663083287522
0.007361178805529334 0.016918970959737465
0.005411745017609493 0.014485736374897617
0.0037602327006450165 0.012053868337239142
0.0024076366639015356 0.009627950316780034
0.0013547716606548965 0.007210250303647103
0.0006022718974137975 0.004800936480723736
0.00015059065189787502 0.002398449051754448
0.0 0.0
0.00015059065189787502 -0.0014284067384713335
0.0006022718974137975 -0.002846070673045878
0.0013547716606548965 -0.004242061937247349
0.0024076366639015356 -0.005606280242921305
0.0037602327006450165 -0.006929816719015937
0.005411745017609493 -0.00820525571786751
0.007361178805529334 -0.009426902513967921
0.009607359798384785 -0.010590927369712054
0.012148934980735715 -0.011695421503544842
0.014984373402728013 -0.012740365720018484
0.018111967102280024 -0.013727517492908552
0.021529832133895532 -0.014660226794573766
0.025235909703481607 -0.015543194642831383
0.029227967408489597 -0.016382190960245235
0.03350360058263052 -0.017183749759269635
0.038060233744356575 -0.01795485981949263
0.042895122148234655 -0.018702667942738307
0.048005353438278275 -0.019434209679847526
0.05338784940224234 -0.02015617932026939
0.059039367825822475 -0.02087474718547793
0.06495650444564427 -0.021595428174724405
0.07113569499986394 -0.02232300139974276
0.07757321737514639 -0.023061476929767476
0.08426519384872727 -0.023814102434554164
0.09120759342420814 -0.024583400093419954
0.09839623425967753 -0.025371222695299688
0.10582678618669683 -0.02617881746969447
0.11349477331863145 -0.027006886855791105
0.12139557674675777 -0.02785563704648692
0.12952443732252045 -0.028724807568181188
0.1378764585242665 -0.029613678145829686
0.14644660940672616 -0.030521052381911044
0.15522972763146647 -0.031445221052103144
0.16422052257649067 -0.03238391079646907
0.17341357852311146 -0.03333422639564623
0.18280335791817703 -0.03429259644728161
0.19238420470968637 -0.03525473294438433
0.20215034775378343 -0.036215614927855806
0.2120959042910774 -0.03716950504801514
0.2222148834901989 -0.03811000561643471
0.23250119005645137 -0.03903015772917506
0.2429486279033891 -0.039922583529398786
0.2535509038851079 -0.04077966793163911
0.26430163158700104 -0.041593772456744234
0.27519433517269654 -0.04235747053166575
0.28622245328485874 -0.04306379097462915
0.29737934299750524 -0.04370645465107178
0.30865828381745486 -0.04428008862161089
0.320052481732506 -0.044780402603790626
0.33155507330389 -0.04520431424062127
0.3431591298005543 -0.045550012427967454
0.35485766137276875 -0.04581695163236378
0.36664362126255073 -0.046005774490610586
0.3785099100483679 -0.04611816472622555
0.3904493799215649 -0.046156637214358046
0.4024548389919357 -0.04612427653407982
0.41451905561984914 -0.04602443923707311
0.42663476277231926 -0.04586043804478225
0.43879466240039156 -0.045635228031762606
0.4509914298352198 -0.04535111540762476
0.46321771820016633 -0.045009508708425815
0.475466162836291 -0.04461073007909254
0.4877293857385438 -0.04415390099229949
0.4999999999999999 -0.04363691241125753
0.512270614261456 -0.043056484339431086
0.5245338371637088 -0.04240831423580575
0.5367822817998334 -0.04168730826505065
0.54900857016478 -0.040887884156814595
0.5612053375996082 -0.04000432990575753
0.5733652372276805 -0.03903119894813807
0.5854809443801506 -0.03796372003245188
0.5975451610080642 -0.03679819891228418
0.6095506200784349 -0.03553238929207073
0.6214900899516319 -0.03416581212177055
0.6333563787374491 -0.03270000524656319
0.645142338627231 -0.031138689374992132
0.6568408701994456 -0.02948784107082648
0.6684449266961098 -0.02775566869141396
0.6799475182674938 -0.025952492554998506
0.691341716182545 -0.024090535786239438
0.7026206570024947 -0.0221836369486862
0.713777546715141 -0.020246899452249893
0.7248056648273034 -0.018296295608258434
0.7356983684129987 -0.016348244951038614
0.746449096114892 -0.014419186988156914
0.7570513720966108 -0.012525167896591773
0.7674988099435485 -0.010681458940598527
0.7777851165098009 -0.008902221707458665
0.7879040957089227 -0.0072002318521186045
0.7978496522462164 -0.0055866691606209044
0.8076157952903136 -0.004070977653635864
0.8171966420818224 -0.0026607954234238377
0.8265864214768883 -0.0013619501797527364
0.8357794774235092 -0.00017851328764564227
0.8447702723685334 0.0008870974202217254
0.8535533905932737 0.0018339774700173728
0.8621235414757333 0.002662570468156524
0.8704755626774794 0.003374489972701823
0.8786044232532422 0.003972339992338254
0.8865052266813687 0.0044595441512580635
0.894173213813303 0.004840191609004162
0.9016037657403225 0.005118905540298332
0.9087924065757916 0.0053007375459307535
0.9157348061512727 0.0053910889623209925
0.9224267826248536 0.005395657827718094
0.928864305000136 0.00532040838294994
0.9350434955543556 0.005171558534597706
0.9409606321741775 0.004955579749091367
0.9466121505977576 0.004679203397167752
0.9519946465617215 0.004349427610206914
0.9571048778517655 0.003973519190021881
0.9619397662556433 0.003559005951804392
0.9664963994173694 0.00311365597811343
0.9707720325915102 0.00264544151330338
0.9747640902965183 0.002162486526396578
0.9784701678661044 0.001672998218746741
0.98188803289772 0.001185183869195752
0.985015626597272 0.0007071553325650203
0.9878510650192642 0.0002468241990348447
0.9903926402016152 -0.00018820893264263438
0.9926388211944706 -0.0005907674095328357
0.9945882549823906 -0.0009542100577340322
0.9962397672993549 -0.0012725378335586312
0.9975923633360985 -0.001540492453291718
0.9986452283393451 -0.0017536442709581734
0.9993977281025862 -0.0019084671270612331
0.9998494093481021 -0.0020023983545555306
1.0 -0.00203388257694608
