1.0 0.001721081246678619
0.9998494093481021 0.0017740040446562546
0.9993977281025862 0.0019327256828989953
0.9986452283393451 0.0021970867345884023
0.9975923633360985 0.0025667596506596534
0.9962397672993549 0.00304116291733614
0.9945882549823906 0.0036193540570803795
0.9926388211944706 0.0042999131989394776
0.9903926402016152 0.005080830358575846
0.9878510650192642 0.005959409765775028
0.985015626597272 0.0069322035239674975
0.98188803289772 0.007994984657956289
0.9784701678661044 0.00914276638209813
0.9747640902965183 0.010369870470448477
0.9707720325915102 0.011670043268676739
0.9664963994173694 0.013036613529676057
0.9619397662556433 0.014462682262858392
0.9571048778517655 0.015941331518089734
0.9519946465617215 0.017465836780204268
0.9466121505977576 0.019029866648000725
0.9409606321741775 0.020627653829796828
0.9350434955543556 0.022254123210080898
0.928864305000136 0.023904965717618652
0.9224267826248536 0.025576650736102154
0.9157348061512727 0.027266374534853678
0.9087924065757916 0.028971947283590028
0.9016037657403225 0.030691626240000984
0.894173213813303 0.03242390724746879
0.8865052266813687 0.03416729036979171
0.8786044232532422 0.035920038001015835
0.8704755626774794 0.037679944892869674
0.8621235414757333 0.03944413912211159
0.8535533905932737 0.041208931079524704
0.8447702723685334 0.0429697242288735
0.8357794774235092 0.044720996899964
0.8265864214768883 0.04645635908355899
0.8171966420818224 0.04816868249599803
0.8076157952903136 0.04985029652462469
0.7978496522462164 0.051493237500470815
0.7879040957089227 0.053089534487076595
0.7777851165098009 0.054631511771019235
0.7674988099435485 0.05611208674130492
0.7570513720966108 0.057525041984214216
0.746449096114892 0.05886525220081396
0.7356983684129987 0.060128849848479306
0.7248056648273034 0.061313317965707805
0.713777546715141 0.06241750410863194
0.7026206570024947 0.0634415552798819
0.691341716182545 0.06438677969619347
0.6799475182674938 0.06525544674670797
0.6684449266961098 0.06605054109967905
0.6568408701994456 0.06677549025150964
0.645142338627231 0.06743388660908052
0.6333563787374491 0.06802922530728879
0.6214900899516319 0.06856467737710689
0.6095506200784349 0.06904291472115988
0.5975451610080642 0.06946599887776331
0.5854809443801506 0.0698353401229357
0.5733652372276805 0.07015172751521578
0.5612053375996082 0.07041542451664488
0.54900857016478 0.0706263193165364
0.5367822817998334 0.07078411439912888
0.5245338371637088 0.07088853661575979
0.512270614261456 0.07093954732597157
0.4999999999999999 0.07093753221061967
0.4877293857385438 0.07088345214210907
0.475466162836291 0.07077893988657258
0.46321771820016633 0.07062633213961952
0.4509914298352198 0.07042863207672695
0.43879466240039156 0.07018940376309904
0.42663476277231926 0.06991260590123925
0.41451905561984914 0.06960237797830149
0.4024548389919357 0.06926279642826662
0.3904493799215649 0.06889762154306336
0.3785099100483679 0.06851005726139453
0.36664362126255073 0.0681025454819135
0.35485766137276875 0.06767661418929301
0.3431591298005543 0.06723279460408181
0.33155507330389 0.06677061707223765
0.320052481732506 0.06628868892377912
0.30865828381745486 0.06578485056942815
0.29737934299750524 0.06525639923774733
0.28622245328485874 0.06470036355729124
0.27519433517269654 0.06411380719217098
0.26430163158700104 0.06349413639389274
0.2535509038851079 0.06283938496313567
0.2429486279033891 0.062148450896092486
0.23250119005645137 0.06142126192548442
0.2222148834901989 0.06065885208707123
0.2120959042910774 0.05986333801486782
0.20215034775378343 0.05903779141728956
0.19238420470968637 0.0581860125298966
0.18280335791817703 0.057312217632521055
0.17341357852311146 0.056420661299476545
0.16422052257649067 0.05551522029888733
0.15522972763146647 0.05459897043573923
0.14644660940672616 0.053673789738991125
0.1378764585242665 0.0527400209875991
0.12952443732252045 0.05179622360330677
0.12139557674675777 0.05083903955558725
0.11349477331863145 0.04986319046180078
0.10582678618669683 0.04886161402713519
0.09839623425967753 0.04782573799109937
0.09120759342420814 0.046745879554571095
0.08426519384872727 0.045611748612196266
0.07757321737514639 0.04441302474515117
0.07113569499986394 0.04313997149597207
0.06495650444564427 0.0417840474774643
0.059039367825822475 0.04033847271666447
0.05338784940224234 0.03879871045557023
0.048005353438278275 0.03716282935896892
0.042895122148234655 0.03543171843624598
0.038060233744356575 0.03360913648977235
0.03350360058263052 0.0317015889121151
0.029227967408489597 0.029718036401384252
0.025235909703481607 0.027669451815627247
0.021529832133895532 0.025568252104507503
0.018111967102280024 0.023427641256474237
0.014984373402728013 0.02126090681311573
0.012148934980735715 0.019080716224558026
0.009607359798384785 0.016898459848866662
0.007361178805529334 0.014723684659824082
0.005411745017609493 0.012563656881350374
0.0037602327006450165 0.010423083198443825
0.0024076366639015356 0.008304009487951364
0.0013547716606548965 0.006205903909626052
0.0006022718974137975 0.004125918545658403
0.00015059065189787502 0.002059311466186519
0.0 0.0
0.00015059065189787502 -0.001279755174902578
0.0006022718974137975 -0.002553181302997619
0.0013547716606548965 -0.0038137650228621976
0.0024076366639015356 -0.005055642581101227
0.0037602327006450165 -0.006273879045798086
0.005411745017609493 -0.007464695975405487
0.007361178805529334 -0.008625635690119239
0.009607359798384785 -0.009755654365513074
0.012148934980735715 -0.010855140684540222
0.014984373402728013 -0.01192586142512168
0.018111967102280024 -0.012970839801736378
0.021529832133895532 -0.01399417631407064
0.025235909703481607 -0.015000825017815854
0.029227967408489597 -0.015996340316022872
0.03350360058263052 -0.016986610442587254
0.038060233744356575 -0.017977593724727327
0.042895122148234655 -0.01897507250734106
0.048005353438278275 -0.019984437419968422
0.05338784940224234 -0.021010511660158236
0.059039367825822475 -0.02205742140557455
0.06495650444564427 -0.023128514638473138
0.07113569499986394 -0.024226326872188765
0.07757321737514639 -0.025352588803241934
0.08426519384872727 -0.026508268036613554
0.09120759342420814 -0.027693634956492106
0.09839623425967753 -0.028908341684190608
0.10582678618669683 -0.030151502945205293
0.11349477331863145 -0.03142176854274854
0.12139557674675777 -0.03271737890965517
0.12952443732252045 -0.03403619771653478
0.1378764585242665 -0.035375718525501774
0.14644660940672616 -0.03673304572996708
0.15522972763146647 -0.038104853227519934
0.16422052257649067 -0.03948732715482256
0.17341357852311146 -0.040876101317305506
0.18280335791817703 -0.04226619546589743
0.19238420470968637 -0.043651967165302695
0.20215034775378343 -0.0450270875960264
0.2120959042910774 -0.04638455024916062
0.2222148834901989 -0.04771671920323103
0.23250119005645137 -0.049015420684291794
0.2429486279033891 -0.0502720781332923
0.2535509038851079 -0.05147788731155658
0.26430163158700104 -0.0526240243618526
0.27519433517269654 -0.053701876504697314
0.28622245328485874 -0.054703282459815816
0.29737934299750524 -0.055620767969044985
0.30865828381745486 -0.05644776112463593
0.320052481732506 -0.057178772664718235
0.33155507330389 -0.057809527990226935
0.3431591298005543 -0.05833704030366395
0.35485766137276875 -0.05875961780747912
0.36664362126255073 -0.05907680209650065
0.3785099100483679 -0.05928923944890346
0.3904493799215649 -0.059398491344610976
0.4024548389919357 -0.059406794889458936
0.41451905561984914 -0.05931678758225015
0.42663476277231926 -0.05913121375107834
0.43879466240039156 -0.058852631783317226
0.4509914298352198 -0.05848314183245069
0.46321771820016633 -0.05802415294131257
0.475466162836291 -0.057476206502081864
0.4877293857385438 -0.05683886979389509
0.4999999999999999 -0.056110709195403806
0.512270614261456 -0.05528934782566057
0.5245338371637088 -0.054371607135171994
0.5367822817998334 -0.05335372669015801
0.54900857016478 -0.052231651411342395
0.5612053375996082 -0.05100137116863113
0.5733652372276805 -0.049659294177626025
0.5854809443801506 -0.04820263331498594
0.5975451610080642 -0.046629783413555795
0.6095506200784349 -0.044940667876511436
0.6214900899516319 -0.04313703453609548
0.6333563787374491 -0.041222683465285855
0.645142338627231 -0.039203613242033857
0.6568408701994456 -0.03708807671512124
0.6684449266961098 -0.03488654233324739
0.6799475182674938 -0.03261156225579327
0.691341716182545 -0.03027755344388805
0.7026206570024947 -0.02790050243243309
0.713777546715141 -0.025497608245176537
0.7248056648273034 -0.02308688072881918
0.7356983684129987 -0.020686713309085208
0.746449096114892 -0.01831544974708577
0.7570513720966108 -0.015990963909923262
0.7674988099435485 -0.013730269950019889
0.7777851165098009 -0.011549177762144222
0.7879040957089227 -0.009462005356330544
0.7978496522462164 -0.007481356085625629
0.8076157952903136 -0.005617964755055423
0.8171966420818224 -0.003880612767893675
0.8265864214768883 -0.002276108875686771
0.8357794774235092 -0.0008093289956703314
0.8447702723685334 0.0005166938954247124
0.8535533905932737 0.0017006404804418417
0.8621235414757333 0.002742748014342821
0.8704755626774794 0.00364463710221701
0.8786044232532422 0.004409133366685822
0.8865052266813687 0.005040093747359907
0.894173213813303 0.005542245401970836
0.9016037657403225 0.005921043078193293
0.9087924065757916 0.006182548570597945
0.9157348061512727 0.006333333638497353
0.9224267826248536 0.006380405691799967
0.928864305000136 0.0063311537818139755
0.9350434955543556 0.006193311057635476
0.9409606321741775 0.005974928924386712
0.9466121505977576 0.005684357686758276
0.9519946465617215 0.005330228463161019
0.9571048778517655 0.004921431563515742
0.9619397662556433 0.004467087263353771
0.9664963994173694 0.003976505887531588
0.9707720325915102 0.003459135239378314
0.9747640902965183 0.0029244945769102883
0.9784701678661044 0.0023820954566582757
0.98188803289772 0.0018413507621999694
0.985015626597272 0.0013114740524973207
0.9878510650192642 0.0008013719700563898
0.9903926402016152 0.00031953282807296174
0.9926388211944706 -0.00012608534354218706
0.9945882549823906 -0.0005281640471086399
0.9962397672993549 -0.0008801278073193462
0.9975923633360985 -0.00117623915740737
0.9986452283393451 -0.0014116827573764294
0.9993977281025862 -0.0015826366942849712
0.9998494093481021 -0.001686329428994884
1.0 -0.001721081246678619
