1.0 0.001927702248086496
0.9998494093481021 0.001982465442077713
0.9993977281025862 0.002146702453468785
0.9986452283393451 0.0024202366764134744
0.9975923633360985 0.002802712822079015
0.9962397672993549 0.0032935124343861015
0.9945882549823906 0.0038916488251205666
0.9926388211944706 0.004595653169673527
0.9903926402016152 0.0054034649010696375
0.9878510650192642 0.006312339707042347
0.985015626597272 0.007318787340115613
0.98188803289772 0.008418549172731233
0.9784701678661044 0.009606622152545872
0.9747640902965183 0.010877331811667534
0.9707720325915102 0.012224452599939612
0.9664963994173694 0.013641369427418238
0.9619397662556433 0.015121270302502212
0.9571048778517655 0.016657356700753724
0.9519946465617215 0.018243056098500764
0.9466121505977576 0.019872220173540258
0.9409606321741775 0.021539292627104373
0.9350434955543556 0.023239432415513597
0.928864305000136 0.02496858127819511
0.9224267826248536 0.026723468583347912
0.9157348061512727 0.028501551364056882
0.9087924065757916 0.030300892600059498
0.9016037657403225 0.0321199858921428
0.894173213813303 0.03395753925476741
0.8865052266813687 0.03581223442943198
0.8786044232532422 0.037682480574620474
0.8704755626774794 0.03956618219021729
0.8621235414757333 0.04146054057180893
0.8535533905932737 0.04336190597549856
0.8447702723685334 0.04526569414535781
0.8357794774235092 0.0471663761689362
0.8265864214768883 0.049057545134711236
0.8171966420818224 0.050932057192837006
0.8076157952903136 0.05278223882797995
0.7978496522462164 0.05460014690160686
0.7879040957089227 0.056377863734969405
0.7777851165098009 0.05810780653564541
0.7674988099435485 0.05978302907121334
0.7570513720966108 0.061397493792425845
0.746449096114892 0.06294629459981993
0.7356983684129987 0.06442581399162009
0.7248056648273034 0.06583380316127707
0.713777546715141 0.06716937935913396
0.7026206570024947 0.06843294104726823
0.691341716182545 0.069626007571235
0.6799475182674938 0.07075099575680321
0.6684449266961098 0.07181095056074713
0.6568408701994456 0.07280925028338238
0.645142338627231 0.07374930861313538
0.6333563787374491 0.07463429577454303
0.6214900899516319 0.07546689928614408
0.6095506200784349 0.07624914144160648
0.5975451610080642 0.07698226587632008
0.5854809443801506 0.07766669985422683
0.5733652372276805 0.07830209266887928
0.5612053375996082 0.07888742430603556
0.54900857016478 0.07942117277343021
0.5367822817998334 0.07990152373951342
0.5245338371637088 0.08032660273276872
0.512270614261456 0.08069470842252915
0.4999999999999999 0.08100452558246622
0.4877293857385438 0.08125529823245957
0.475466162836291 0.0814469470168151
0.46321771820016633 0.08158011982071953
0.4509914298352198 0.08165617054875524
0.43879466240039156 0.08167706739973533
0.42663476277231926 0.08164523833485804
0.41451905561984914 0.08156336721180564
0.4024548389919357 0.08143415874760934
0.3904493799215649 0.08126009366225931
0.3785099100483679 0.08104319674573184
0.36664362126255073 0.08078484003043919
0.35485766137276875 0.08048560074577162
0.3431591298005543 0.08014518944993551
0.33155507330389 0.0797624579962702
0.320052481732506 0.07933549024397335
0.30865828381745486 0.07886177120774601
0.29737934299750524 0.07833842324981034
0.28622245328485874 0.07776249154791279
0.27519433517269654 0.0771312559770191
0.26430163158700104 0.07644254318324542
0.2535509038851079 0.07569501133954223
0.2429486279033891 0.07488838102785868
0.23250119005645137 0.07402358888898963
0.2222148834901989 0.07310284593504601
0.2120959042910774 0.07212958937576196
0.20215034775378343 0.07110832496734676
0.19238420470968637 0.07004436563963448
0.18280335791817703 0.0689434808175441
0.17341357852311146 0.06781147873713332
0.16422052257649067 0.06665375051660838
0.15522972763146647 0.06547480922309896
0.14644660940672616 0.06427785925985487
0.1378764585242665 0.06306443084298435
0.12952443732252045 0.061834111096419404
0.12139557674675777 0.0605843975283723
0.11349477331863145 0.059310691720002744
0.10582678618669683 0.05800644149026209
0.09839623425967753 0.05666342927111166
0.09120759342420814 0.05527219369589758
0.08426519384872727 0.053822561266300036
0.07757321737514639 0.05230425619043324
0.07113569499986394 0.05070754976292131
0.06495650444564427 0.04902390653644204
0.059039367825822475 0.04724658338146193
0.05338784940224234 0.045371139502727156
0.048005353438278275 0.04339582050593679
0.042895122148234655 0.041321787388031106
0.038060233744356575 0.03915317135382586
0.03350360058263052 0.036896946960594215
0.029227967408489597 0.034562628454611416
0.025235909703481607 0.03216180641485886
0.021529832133895532 0.029707553078957998
0.018111967102280024 0.027213734174100838
0.014984373402728013 0.02469427201057092
0.012148934980735715 0.022162408489498315
0.009607359798384785 0.019630017215142567
0.007361178805529334 0.017107011008968206
0.005411745017609493 0.014600884967970521
0.0037602327006450165 0.012116426198892924
0.0024076366639015356 0.009655610107236999
0.0013547716606548965 0.007217690404529738
0.0006022718974137975 0.004799476708184473
0.00015059065189787502 0.002395780680456797
0.0 0.0
0.00015059065189787502 -0.0014365619523469386
0.0006022718974137975 -0.0028625218930774564
0.0013547716606548965 -0.004267124043259059
0.0024076366639015356 -0.005640444465695842
0.0037602327006450165 -0.0069737531757310825
0.005411745017609493 -0.008259815259623875
0.007361178805529334 -0.009493116702135129
0.009607359798384785 -0.010670005250356942
0.012148934980735715 -0.011788741788359107
0.014984373402728013 -0.012849463013864469
0.018111967102280024 -0.013854061333136242
0.021529832133895532 -0.014805992481222064
0.025235909703481607 -0.015710025132342795
0.029227967408489597 -0.016571949454570706
0.03350360058263052 -0.01739826302968568
0.038060233744356575 -0.01819585273980101
0.042895122148234655 -0.018971690147808105
0.048005353438278275 -0.019732555690242175
0.05338784940224234 -0.020484803860245152
0.059039367825822475 -0.021234177750079825
0.06495650444564427 -0.0219856771550939
0.07113569499986394 -0.022743480240929908
0.07757321737514639 -0.02351091486361162
0.08426519384872727 -0.02429047229773559
0.09120759342420814 -0.02508385360878535
0.09839623425967753 -0.025892037369113864
0.10582678618669683 -0.02671535694915801
0.11349477331863145 -0.02755357621444452
0.12139557674675777 -0.028405954037493675
0.12952443732252045 -0.029271290426495247
0.1378764585242665 -0.030147950050443087
0.14644660940672616 -0.031033862229151853
0.15522972763146647 -0.03192649975952579
0.16422052257649067 -0.03282284197128145
0.17341357852311146 -0.03371932987587425
0.18280335791817703 -0.03461182296835185
0.19238420470968637 -0.03549556800481617
0.20215034775378343 -0.036365189827360624
0.2120959042910774 -0.037214713047411065
0.2222148834901989 -0.03803762121546708
0.23250119005645137 -0.038826957166338154
0.2429486279033891 -0.039575464765336105
0.2535509038851079 -0.04027576857104288
0.26430163158700104 -0.04092058427841431
0.27519433517269654 -0.04150294951813831
0.28622245328485874 -0.04201646194813424
0.29737934299750524 -0.04245550981987907
0.30865828381745486 -0.04281547951085722
0.320052481732506 -0.043092924981323937
0.33155507330389 -0.043285685748089046
0.3431591298005543 -0.04339294269037749
0.35485766137276875 -0.04341520464875515
0.36664362126255073 -0.043354223110069694
0.3785099100483679 -0.0432128369951771
0.3904493799215649 -0.04299475435221401
0.4024548389919357 -0.04270428226499371
0.41451905561984914 -0.04234602018565778
0.42663476277231926 -0.04192453490225411
0.43879466240039156 -0.041444037223515744
0.4509914298352198 -0.0409080810489703
0.46321771820016633 -0.04031930472478804
0.475466162836291 -0.03967923249010094
0.4877293857385438 -0.03898815051281983
0.4999999999999999 -0.03824506770058205
0.512270614261456 -0.037447766424333125
0.5245338371637088 -0.036592942833830966
0.5367822817998334 -0.03567643092994221
0.54900857016478 -0.034693499346583355
0.5612053375996082 -0.0336392052241883
0.5733652372276805 -0.03250878592217571
0.5854809443801506 -0.03129806685248962
0.5975451610080642 -0.030003862573887555
0.6095506200784349 -0.02862434853303361
0.6214900899516319 -0.027159382447717175
0.6333563787374491 -0.025610757184946157
0.645142338627231 -0.023982370897784447
0.6568408701994456 -0.02228030488975671
0.6684449266961098 -0.020512804867832232
0.6799475182674938 -0.01869016659260606
0.691341716182545 -0.016824532103063883
0.7026206570024947 -0.014929607368992947
0.713777546715141 -0.013020316132935857
0.7248056648273034 -0.01111240762951643
0.7356983684129987 -0.009222037667310768
0.746449096114892 -0.007365343159420373
0.7570513720966108 -0.005558029605465217
0.7674988099435485 -0.0038149893478685143
0.7777851165098009 -0.0021499658042662857
0.7879040957089227 -0.0005752755249068917
0.7978496522462164 0.0008984039140880644
0.8076157952903136 0.0022621762275796342
0.8171966420818224 0.003508999003550478
0.8265864214768883 0.004633690318508906
0.8357794774235092 0.005632876355667191
0.8447702723685334 0.0065048895174988075
0.8535533905932737 0.007249628254436276
0.8621235414757333 0.007868390717462079
0.8704755626774794 0.008363694392167716
0.8786044232532422 0.008739093149489665
0.8865052266813687 0.008999001765652798
0.894173213813303 0.009148536069591982
0.9016037657403225 0.009193374642818324
0.9087924065757916 0.009139645606721687
0.9157348061512727 0.008993839664087245
0.9224267826248536 0.008762748377064637
0.928864305000136 0.008453424797891046
0.9350434955543556 0.00807316212156225
0.9409606321741775 0.007629485062374156
0.9466121505977576 0.007130148189409809
0.9519946465617215 0.0065831354717925
0.9571048778517655 0.005996655731433595
0.9619397662556433 0.005379129501098074
0.9664963994173694 0.004739163842921968
0.9707720325915102 0.0040855128923418796
0.9747640902965183 0.0034270231504069785
0.9784701678661044 0.0027725637579612146
0.98188803289772 0.002130943067881333
0.985015626597272 0.001510813726271316
0.9878510650192642 0.0009205691427493082
0.9903926402016152 0.0003682346591973309
0.9926388211944706 -0.00013864307782515705
0.9945882549823906 -0.0005931050492290959
0.9962397672993549 -0.0009888837941753944
0.9975923633360985 -0.0013204993478426925
0.9986452283393451 -0.001583344591749263
0.9993977281025862 -0.0017737578604201576
0.9998494093481021 -0.0018890810932044478
1.0 -0.001927702248086496
