1.0 0.0019917162663464316
0.9998494093481021 0.0020327498156945
0.9993977281025862 0.0021557988301290545
0.9986452283393451 0.0023606901875313276
0.9975923633360985 0.0026470766205379578
0.9962397672993549 0.00301435546171516
0.9945882549823906 0.003461567922003594
0.9926388211944706 0.003987290485886204
0.9903926402016152 0.004589531384265109
0.9878510650192642 0.005265645269891517
0.985015626597272 0.006012278137278544
0.98188803289772 0.006825352275869088
0.9784701678661044 0.007700097802167073
0.9747640902965183 0.008631133353135274
0.9707720325915102 0.009612594175859553
0.9664963994173694 0.01063830149246778
0.9619397662556433 0.011701963036827589
0.9571048778517655 0.012797391407394448
0.9519946465617215 0.013918724659330368
0.9466121505977576 0.015060632586760691
0.9409606321741775 0.016218492538826047
0.9350434955543556 0.017388520373681535
0.928864305000136 0.018567845170262904
0.9224267826248536 0.019754520368395232
0.9157348061512727 0.020947468782864166
0.9087924065757916 0.02214636405938187
0.9016037657403225 0.02335145619705618
0.894173213813303 0.024563353337890243
0.8865052266813687 0.025782775735915368
0.8786044232532422 0.027010300347799
0.8704755626774794 0.028246115605373136
0.8621235414757333 0.029489805521932862
0.8535533905932737 0.03074018035403638
0.8447702723685334 0.03199516771809283
0.8357794774235092 0.033251773590010074
0.8265864214768883 0.034506117336597496
0.8171966420818224 0.03575353924909391
0.8076157952903136 0.03698877341934882
0.7978496522462164 0.03820617366665978
0.7879040957089227 0.039399976002172446
0.7777851165098009 0.04056457815359784
0.7674988099435485 0.04169481521399699
0.7570513720966108 0.04278621065441263
0.746449096114892 0.04383518375098739
0.7356983684129987 0.04483919779142638
0.7248056648273034 0.04579683798979681
0.713777546715141 0.04670781349668354
0.7026206570024947 0.04757288381282569
0.691341716182545 0.048393715827116685
0.6799475182674938 0.04917268312996133
0.6684449266961098 0.04991262376161446
0.6568408701994456 0.05061657577473791
0.645142338627231 0.05128751165509668
0.6333563787374491 0.05192809261223561
0.6214900899516319 0.05254046201788027
0.6095506200784349 0.05312609396663488
0.5975451610080642 0.05368570832282036
0.5854809443801506 0.05421925806895231
0.5733652372276805 0.05472598873464517
0.5612053375996082 0.055204563652310135
0.54900857016478 0.055653243254242375
0.5367822817998334 0.05607010205413068
0.5245338371637088 0.05645326372958861
0.512270614261456 0.05680113311902806
0.4999999999999999 0.05711260411337189
0.4877293857385438 0.05738722436377109
0.475466162836291 0.057625301297543285
0.46321771820016633 0.05782793885665332
0.4509914298352198 0.05799700025186883
0.43879466240039156 0.05813499838263772
0.42663476277231926 0.05824492188298023
0.41451905561984914 0.058330010488634766
0.4024548389919357 0.05839349809108651
0.3904493799215649 0.05843834504070595
0.3785099100483679 0.05846698268957273
0.36664362126255073 0.05848109267091409
0.35485766137276875 0.058481440998394495
0.3431591298005543 0.05846778289493511
0.33155507330389 0.05843884863556698
0.320052481732506 0.05839241404599109
0.30865828381745486 0.05832545216484523
0.29737934299750524 0.05823435553189282
0.28622245328485874 0.05811521219125961
0.27519433517269654 0.05796411334215581
0.26430163158700104 0.057777467087123606
0.2535509038851079 0.05755229125306536
0.2429486279033891 0.05728645897245973
0.23250119005645137 0.05697887361875546
0.2222148834901989 0.05662955462222983
0.2120959042910774 0.056239622315110815
0.20215034775378343 0.05581117778810735
0.19238420470968637 0.05534708219610505
0.18280335791817703 0.054850648374911194
0.17341357852311146 0.054325265354651264
0.16422052257649067 0.05377398274684169
0.15522972763146647 0.05319908649673541
0.14644660940672616 0.05260169971760147
0.1378764585242665 0.05198144201345409
0.12952443732252045 0.051336177795514325
0.12139557674675777 0.050661878747865874
0.11349477331863145 0.049952618133633823
0.10582678618669683 0.04920070555913497
0.09839623425967753 0.04839696076968085
0.09120759342420814 0.04753111476620489
0.08426519384872727 0.046592316771440594
0.07757321737514639 0.04556971708111865
0.07113569499986394 0.04445308927439246
0.06495650444564427 0.04323345116329126
0.059039367825822475 0.041903642595668165
0.05338784940224234 0.040458819949191115
0.048005353438278275 0.03889683180640912
0.042895122148234655 0.03721844760619722
0.038060233744356575 0.035427420547815364
0.03350360058263052 0.03353037703511473
0.029227967408489597 0.03153653672196817
0.025235909703481607 0.029457278919921802
0.021529832133895532 0.02730558191254493
0.018111967102280024 0.025095370800202677
0.014984373402728013 0.022840816199842722
0.012148934980735715 0.02055562993708952
0.009607359798384785 0.018252404486168675
0.007361178805529334 0.015942040258466687
0.005411745017609493 0.013633299070047152
0.0037602327006450165 0.011332513615437845
0.0024076366639015356 0.009043472122610051
0.0013547716606548965 0.006767485304139928
0.0006022718974137975 0.004503630099689448
0.00015059065189787502 0.002249152417499033
0.0 0.0
0.00015059065189787502 -0.0012420142345689685
0.0006022718974137975 -0.002477341196858935
0.0013547716606548965 -0.003699025265353172
0.0024076366639015356 -0.004900755765948891
0.0037602327006450165 -0.006077144709259291
0.005411745017609493 -0.007223953928980001
0.007361178805529334 -0.008338260003189763
0.009607359798384785 -0.009418549349671682
0.012148934980735715 -0.010464740329622014
0.014984373402728013 -0.011478133756354177
0.018111967102280024 -0.012461297566048697
0.021529832133895532 -0.0134178952635965
0.025235909703481607 -0.014352470845879066
0.029227967408489597 -0.015270205024754888
0.03350360058263052 -0.0161766585940197
0.038060233744356575 -0.01707751866315986
0.042895122148234655 -0.017978362255877633
0.048005353438278275 -0.018884449564838212
0.05338784940224234 -0.01980055615911022
0.059039367825822475 -0.020730849906639853
0.06495650444564427 -0.021678814586517728
0.07113569499986394 -0.022647218424586016
0.07757321737514639 -0.023638122381813814
0.08426519384872727 -0.024652920217100048
0.09120759342420814 -0.025692400342766267
0.09839623425967753 -0.026756818433052172
0.10582678618669683 -0.027845969697136402
0.11349477331863145 -0.0289592506705619
0.12139557674675777 -0.03009570221473386
0.12952443732252045 -0.03125402797417548
0.1378764585242665 -0.03243258559856471
0.14644660940672616 -0.03362935132485676
0.15522972763146647 -0.03484186174947179
0.16422052257649067 -0.036067139521571506
0.17341357852311146 -0.03730161200267994
0.18280335791817703 -0.038541033459221226
0.19238420470968637 -0.03978042194051118
0.20215034775378343 -0.04101402157817705
0.2120959042910774 -0.042235299637782255
0.2222148834901989 -0.043436985354005975
0.23250119005645137 -0.044611154555187445
0.2429486279033891 -0.045749360560659466
0.2535509038851079 -0.046842808088061565
0.26430163158700104 -0.0478825632336306
0.27519433517269654 -0.04885978928228989
0.28622245328485874 -0.04976599543932108
0.29737934299750524 -0.05059328378043457
0.30865828381745486 -0.05133457895873067
0.320052481732506 -0.051983825576080854
0.33155507330389 -0.05253613962980688
0.3431591298005543 -0.05298790300480531
0.35485766137276875 -0.05333679343746206
0.36664362126255073 -0.05358174650216317
0.3785099100483679 -0.05372285068167102
0.3904493799215649 -0.053761181163512785
0.4024548389919357 -0.053698582329691436
0.41451905561984914 -0.0535374126635309
0.42663476277231926 -0.05328026870840167
0.43879466240039156 -0.05292970655791129
0.4509914298352198 -0.05248797998800501
0.46321771820016633 -0.05195681369416996
0.475466162836291 -0.05133722819619062
0.4877293857385438 -0.0506294299307235
0.4999999999999999 -0.04983277606019522
0.512270614261456 -0.04894581884354529
0.5245338371637088 -0.047966429346957454
0.5367822817998334 -0.0468919951548542
0.54900857016478 -0.045719681910805304
0.5612053375996082 -0.04444674429283291
0.5733652372276805 -0.043070868684721056
0.5854809443801506 -0.04159052756108089
0.5975451610080642 -0.04000532460132488
0.6095506200784349 -0.03831630984510721
0.6214900899516319 -0.036526245771409734
0.6333563787374491 -0.0346398079139317
0.645142338627231 -0.0326637073306579
0.6568408701994456 -0.030606726678338705
0.6684449266961098 -0.028479666512852466
0.6799475182674938 -0.02629520343103789
0.691341716182545 -0.024067666474428304
0.7026206570024947 -0.021812742536243348
0.713777546715141 -0.019547125095125913
0.7248056648273034 -0.017288123242910097
0.7356983684129987 -0.01505324954669681
0.746449096114892 -0.012859805729144514
0.7570513720966108 -0.010724484481883262
0.7674988099435485 -0.00866300403361302
0.7777851165098009 -0.006689789527879433
0.7879040957089227 -0.004817712027015742
0.7978496522462164 -0.0030578922840268138
0.8076157952903136 -0.001419572565931689
0.8171966420818224 8.994397805837506e-05
0.8265864214768883 0.0014652903986387448
0.8357794774235092 0.002702976460329433
0.8447702723685334 0.003801281897934842
0.8535533905932737 0.004760113296329837
0.8621235414757333 0.0055808362408651955
0.8704755626774794 0.006266094361243997
0.8786044232532422 0.0068196261416400734
0.8865052266813687 0.007246089004171945
0.894173213813303 0.007550898335708603
0.9016037657403225 0.007740086984956618
0.9087924065757916 0.007820188481589139
0.9157348061512727 0.007798144990610599
0.9224267826248536 0.007681238965174485
0.928864305000136 0.0074770457250580725
0.9350434955543556 0.0071934028576024125
0.9409606321741775 0.0068383914670640256
0.9466121505977576 0.006420323902320656
0.9519946465617215 0.005947732650665445
0.9571048778517655 0.005429355544429737
0.9619397662556433 0.004874113210251996
0.9664963994173694 0.004291075704593813
0.9707720325915102 0.0036894164229489684
0.9747640902965183 0.003078352544903685
0.9784701678661044 0.002467072392907669
0.98188803289772 0.0018646510650344836
0.985015626597272 0.0012799564969073053
0.9878510650192642 0.0007215486833093022
0.9903926402016152 0.0001975751360032722
0.9926388211944706 -0.000284334218623606
0.9945882549823906 -0.0007171695633466017
0.9962397672993549 -0.0010946382148295107
0.9975923633360985 -0.001411253555730678
0.9986452283393451 -0.0016624136709591675
0.9993977281025862 -0.0018444678977386955
0.9998494093481021 -0.0019547699021305867
1.0 -0.0019917162663464316
