1.0 0.0024228239519965846
0.9998494093481021 0.0024631032423466
0.9993977281025862 0.0025839121635156054
0.9986452283393451 0.002785144908143636
0.9975923633360985 0.003066563976665687
0.9962397672993549 0.0034277153951011545
0.9945882549823906 0.0038678232647801295
0.9926388211944706 0.004385675423477424
0.9903926402016152 0.00497951341258202
0.9878510650192642 0.005646940134370559
0.985015626597272 0.006384857513179308
0.98188803289772 0.0071894442207484244
0.9784701678661044 0.008056180270344045
0.9747640902965183 0.008979921297510933
0.9707720325915102 0.00995502096600978
0.9664963994173694 0.010975495543350925
0.9619397662556433 0.012035220666322618
0.9571048778517655 0.013128147022493424
0.9519946465617215 0.014248519411907492
0.9466121505977576 0.015391082644240234
0.9409606321741775 0.016551258088073055
0.9350434955543556 0.017725276424168133
0.928864305000136 0.018910255151272842
0.9224267826248536 0.020104213430430756
0.9157348061512727 0.02130602162009774
0.9087924065757916 0.022515287970972072
0.9016037657403225 0.023732190001622654
0.894173213813303 0.02495726264675212
0.8865052266813687 0.02619115897448334
0.8786044232532422 0.0274344017871034
0.8704755626774794 0.028687145522685684
0.8621235414757333 0.029948967446312705
0.8535533905932737 0.03121870516561867
0.8447702723685334 0.032494354156730555
0.8357794774235092 0.033773034489346355
0.8265864214768883 0.03505103063640652
0.8171966420818224 0.036323902557533046
0.8076157952903136 0.037586660606627256
0.7978496522462164 0.038833991684691455
0.7879040957089227 0.04006051985589386
0.7777851165098009 0.041261081715660716
0.7674988099435485 0.04243099539344318
0.7570513720966108 0.04356630231962735
0.746449096114892 0.04466396278436439
0.7356983684129987 0.045721989731895944
0.7248056648273034 0.04673950991005207
0.713777546715141 0.04771674707016784
0.7026206570024947 0.04865492795123215
0.691341716182545 0.04955611780601423
0.6799475182674938 0.050422997755505995
0.6684449266961098 0.05125860084621833
0.6568408701994456 0.052066026959486006
0.645142338627231 0.05284815841235396
0.6333563787374491 0.05360739805057119
0.6214900899516319 0.0543454498585562
0.6095506200784349 0.05506315873169434
0.5975451610080642 0.05576042133612535
0.5854809443801506 0.056436174293646967
0.5733652372276805 0.05708845972881544
0.5612053375996082 0.057714562000958224
0.54900857016478 0.05831120371962559
0.5367822817998334 0.05887478437596278
0.5245338371637088 0.05940164150822899
0.512270614261456 0.059888312543851754
0.4999999999999999 0.060331775478319714
0.4877293857385438 0.06072964837296606
0.475466162836291 0.06108033114186893
0.46321771820016633 0.06138307797741546
0.4509914298352198 0.06163799464241041
0.43879466240039156 0.06184596125560747
0.42663476277231926 0.062008487590734386
0.41451905561984914 0.062127513764284076
0.4024548389919357 0.06220517401006463
0.3904493799215649 0.062243544612876706
0.3785099100483679 0.06224439869755042
0.36664362126255073 0.062208990280778184
0.35485766137276875 0.06213788778496318
0.3431591298005543 0.06203087323723238
0.33155507330389 0.061886917932951535
0.320052481732506 0.06170423885815644
0.30865828381745486 0.0614804331598897
0.29737934299750524 0.0612126810013518
0.28622245328485874 0.06089800082147709
0.27519433517269654 0.06053353587795133
0.26430163158700104 0.06011684744651651
0.2535509038851079 0.05964618851238635
0.2429486279033891 0.059120732403909595
0.23250119005645137 0.05854073359594684
0.2222148834901989 0.057907602687365625
0.2120959042910774 0.05722388400432086
0.20215034775378343 0.05649313192608617
0.19238420470968637 0.0557196902918819
0.18280335791817703 0.05490838747914669
0.17341357852311146 0.054064167284527016
0.16422052257649067 0.05319168196375957
0.15522972763146647 0.05229487815764436
0.14644660940672616 0.0513766085416999
0.1378764585242665 0.0504383016461297
0.12952443732252045 0.049479719348458455
0.12139557674675777 0.048498826188819885
0.11349477331863145 0.04749178723305285
0.10582678618669683 0.04645310221601891
0.09839623425967753 0.04537587377525628
0.09120759342420814 0.04425219745939898
0.08426519384872727 0.04307365162709619
0.07757321737514639 0.041831857077788824
0.07113569499986394 0.040519069933405386
0.06495650444564427 0.0391287674465745
0.059039367825822475 0.037656185399601284
0.05338784940224234 0.03609876772907974
0.048005353438278275 0.03445649389489237
0.042895122148234655 0.0327320570233052
0.038060233744356575 0.030930875505730666
0.03350360058263052 0.029060931874076372
0.029227967408489597 0.02713244462545463
0.025235909703481607 0.02515739039231977
0.021529832133895532 0.023148904602722988
0.018111967102280024 0.021120597760424888
0.014984373402728013 0.01908583102312551
0.012148934980735715 0.01705699836284021
0.009607359798384785 0.01504486295503116
0.007361178805529334 0.013057992492058376
0.005411745017609493 0.011102332018940909
0.0037602327006450165 0.00918094404002127
0.0024076366639015356 0.007293934639580986
0.0013547716606548965 0.005438571952733411
0.0006022718974137975 0.003609590375789047
0.00015059065189787502 0.0017996613226879982
0.0 0.0
0.00015059065189787502 -0.0012366219129221244
0.0006022718974137975 -0.0024656644237201833
0.0013547716606548965 -0.0036791848741085744
0.0024076366639015356 -0.004869953939980629
0.0037602327006450165 -0.006031763779133203
0.005411745017609493 -0.0071596812124296964
0.007361178805529334 -0.008250233215410775
0.009607359798384785 -0.009301516280832353
0.012148934980735715 -0.010313225967480107
0.014984373402728013 -0.011286607843996776
0.018111967102280024 -0.012224335729033229
0.021529832133895532 -0.01313032729995801
0.025235909703481607 -0.014009510512705933
0.029227967408489597 -0.014867556628295111
0.03350360058263052 -0.015710596837739305
0.038060233744356575 -0.016544939464143305
0.042895122148234655 -0.017376803536114555
0.048005353438278275 -0.018212082293576487
0.05338784940224234 -0.019056147104451658
0.059039367825822475 -0.019913698596817023
0.06495650444564427 -0.02078866784342301
0.07113569499986394 -0.021684166487207744
0.07757321737514639 -0.022602481072588634
0.08426519384872727 -0.023545103821129208
0.09120759342420814 -0.024512789882471735
0.09839623425967753 -0.025505629854026733
0.10582678618669683 -0.026523126167609115
0.11349477331863145 -0.027564262774973147
0.12139557674675777 -0.02862755933101656
0.12952443732252045 -0.02971110360261993
0.1378764585242665 -0.03081255889141898
0.14644660940672616 -0.031929146577241115
0.15522972763146647 -0.03305760717264448
0.16422052257649067 -0.03419414623884622
0.17341357852311146 -0.03533437388704194
0.18280335791817703 -0.03647324816232325
0.19238420470968637 -0.037605033230914665
0.20215034775378343 -0.038723282893455384
0.2120959042910774 -0.03982085853926774
0.2222148834901989 -0.04088998833383986
0.23250119005645137 -0.04192237136523365
0.2429486279033891 -0.04290932689934678
0.2535509038851079 -0.043841985088957855
0.26430163158700104 -0.04471151175133993
0.27519433517269654 -0.04550935647850435
0.28622245328485874 -0.046227510654160434
0.29737934299750524 -0.04685876015825242
0.30865828381745486 -0.04739691681529895
0.320052481732506 -0.047837013080356074
0.33155507330389 -0.048175446063431125
0.3431591298005543 -0.048410059688596276
0.35485766137276875 -0.04854015740353883
0.36664362126255073 -0.048566442162362444
0.3785099100483679 -0.0484908851070946
0.3904493799215649 -0.04831652914490964
0.4024548389919357 -0.04804723812082813
0.41451905561984914 -0.0476874061953654
0.42663476277231926 -0.04724164506619628
0.43879466240039156 -0.04671446859354223
0.4509914298352198 -0.046109995046968
0.46321771820016633 -0.045431686519584465
0.475466162836291 -0.044682143079215135
0.4877293857385438 -0.0438629660604727
0.4999999999999999 -0.042974700745278996
0.512270614261456 -0.04201686379962073
0.5245338371637088 -0.04098805554918923
0.5367822817998334 -0.03988615183226483
0.54900857016478 -0.038708565115300554
0.5612053375996082 -0.03745256012572027
0.5733652372276805 -0.036115605735458856
0.5854809443801506 -0.034695742443651735
0.5975451610080642 -0.033191943706534756
0.6095506200784349 -0.03160444960951366
0.6214900899516319 -0.02993505294332844
0.6333563787374491 -0.028187320519422944
0.645142338627231 -0.02636673634756188
0.6568408701994456 -0.024480757846554162
0.6684449266961098 -0.02253878126676979
0.6799475182674938 -0.020552017647251702
0.691341716182545 -0.01853328558538312
0.7026206570024947 -0.016496731558461118
0.713777546715141 -0.014457492239759645
0.7248056648273034 -0.0124313159894558
0.7356983684129987 -0.010434162335199044
0.746449096114892 -0.0084817987266785
0.7570513720966108 -0.006589413169845588
0.7674988099435485 -0.004771259610221633
0.7777851165098009 -0.003040350296948436
0.7879040957089227 -0.0014082060280394353
0.7978496522462164 0.000115328603346405
0.8076157952903136 0.001522201810123565
0.8171966420818224 0.002806203803674829
0.8265864214768883 0.003962952900885472
0.8357794774235092 0.004989825925708258
0.8447702723685334 0.0058858426571079155
0.8535533905932737 0.0066515156569430635
0.8621235414757333 0.007288677556695908
0.8704755626774794 0.007800297804197038
0.8786044232532422 0.008190300038774771
0.8865052266813687 0.008463389790466982
0.894173213813303 0.008624900236588675
0.9016037657403225 0.008680661470199198
0.9087924065757916 0.00863689632176133
0.9157348061512727 0.008500143404555146
0.9224267826248536 0.008277205885955617
0.928864305000136 0.007975122652719688
0.9350434955543556 0.007601157136127927
0.9409606321741775 0.007162798149990358
0.9466121505977576 0.006667766688573247
0.9519946465617215 0.00612402271161039
0.9571048778517655 0.005539766455601643
0.9619397662556433 0.004923429674270528
0.9664963994173694 0.004283653328470639
0.9707720325915102 0.0036292495108047633
0.9747640902965183 0.002969146697335438
0.9784701678661044 0.0023123186716251004
0.98188803289772 0.001667698584217297
0.985015626597272 0.0010440805332480561
0.9878510650192642 0.00045001174171561574
0.9903926402016152 -0.00010632115028216295
0.9926388211944706 -0.0006172079574051712
0.9945882549823906 -0.0010755292770844276
0.9962397672993549 -0.0014748657571098166
0.9975923633360985 -0.0018095991114795511
0.9986452283393451 -0.0020750021063582398
0.9993977281025862 -0.0022673151965938816
0.9998494093481021 -0.002383807962486199
1.0 -0.0024228239519965846
