1.0 0.001879315637747614
0.9998494093481021 0.0019302263345072367
0.9993977281025862 0.0020828918201465166
0.9986452283393451 0.0023370930776249596
0.9975923633360985 0.0026924031217331057
0.9962397672993549 0.003148101065476784
0.9945882549823906 0.0037030651626269143
0.9926388211944706 0.004355656708362878
0.9903926402016152 0.0051036081206369205
0.9878510650192642 0.005943928736459273
0.985015626597272 0.006872840804450259
0.98188803289772 0.007885755912764792
0.9784701678661044 0.008977298839502218
0.9747640902965183 0.010141381820699593
0.9707720325915102 0.011371327836466423
0.9664963994173694 0.012660037095890924
0.9619397662556433 0.01400018684107912
0.9571048778517655 0.015384451250384476
0.9519946465617215 0.016805725905299433
0.9466121505977576 0.01825734021729509
0.9409606321741775 0.019733241510963975
0.9350434955543556 0.02122813613556674
0.928864305000136 0.022737575920441035
0.9224267826248536 0.024257982284500833
0.9157348061512727 0.02578660504850572
0.9087924065757916 0.027321418105913032
0.9016037657403225 0.028860959171849925
0.894173213813303 0.03040412543443506
0.8865052266813687 0.03194994069341653
0.8786044232532422 0.03349731216577074
0.8704755626774794 0.03504479633448305
0.8621235414757333 0.03659039289351243
0.8535533905932737 0.03813138399887331
0.8447702723685334 0.03966423279609006
0.8357794774235092 0.04118455079594798
0.8265864214768883 0.04268713844825022
0.8171966420818224 0.04416609762271196
0.8076157952903136 0.045615009091394716
0.7978496522462164 0.04702716296555605
0.7879040957089227 0.04839582578579478
0.7777851165098009 0.04971452494539292
0.7674988099435485 0.050977329594645314
0.7570513720966108 0.05217910726374995
0.746449096114892 0.0533157371596157
0.7356983684129987 0.05438426431334949
0.7248056648273034 0.05538298323415347
0.713777546715141 0.056311445113036665
0.7026206570024947 0.05717038849172772
0.691341716182545 0.05796159920222181
0.6799475182674938 0.058687710819720275
0.6684449266961098 0.059351961419032415
0.6568408701994456 0.059957925713617015
0.645142338627231 0.06050924341857915
0.6333563787374491 0.06100936476728946
0.6214900899516319 0.061461332513786
0.6095506200784349 0.061867616594435244
0.5975451610080642 0.06223001315480428
0.5854809443801506 0.06254961423178036
0.5733652372276805 0.06282684845674803
0.5612053375996082 0.06306158719757488
0.54900857016478 0.06325330507499746
0.5367822817998334 0.06340127922775722
0.5245338371637088 0.0635048084433247
0.512270614261456 0.06356343159585484
0.4999999999999999 0.06357712489066818
0.4877293857385438 0.06354645921386635
0.475466162836291 0.06347270229152761
0.46321771820016633 0.06335785510563226
0.4509914298352198 0.06320461770986223
0.43879466240039156 0.06301628577023272
0.42663476277231926 0.0627965853091512
0.41451905561984914 0.06254945873800287
0.4024548389919357 0.06227881984138294
0.3904493799215649 0.061988298521995354
0.3785099100483679 0.06168099753744663
0.36664362126255073 0.06135928300490201
0.35485766137276875 0.06102462811583132
0.3431591298005543 0.06067752544534577
0.33155507330389 0.060317477759138344
0.320052481732506 0.05994307073993832
0.30865828381745486 0.059552124090585364
0.29737934299750524 0.059141910589813
0.28622245328485874 0.05870942645362758
0.27519433517269654 0.058251691323923556
0.26430163158700104 0.05776605281688971
0.2535509038851079 0.05725046914490787
0.2429486279033891 0.056703744053859834
0.23250119005645137 0.05612569120099638
0.2222148834901989 0.05551720997139741
0.2120959042910774 0.054880261264000293
0.20215034775378343 0.054217739499892594
0.19238420470968637 0.05353324543708295
0.18280335791817703 0.052830772673905194
0.17341357852311146 0.05211432832901699
0.16422052257649067 0.05138751467729713
0.15522972763146647 0.050653102961276855
0.14644660940672616 0.049912632780260736
0.1378764585242665 0.049166070141517866
0.12952443732252045 0.04841155438433111
0.12139557674675777 0.047645258898200184
0.11349477331863145 0.046861383180072866
0.10582678618669683 0.04605228480903595
0.09839623425967753 0.04520874999088149
0.09120759342420814 0.04432039115806158
0.08426519384872727 0.04337615045688169
0.07757321737514639 0.04236487954639737
0.07113569499986394 0.04127595962852648
0.06495650444564427 0.040099921554670716
0.059039367825822475 0.03882902456902091
0.05338784940224234 0.037457753911215134
0.048005353438278275 0.03598320205447599
0.042895122148234655 0.03440530552860528
0.038060233744356575 0.03272691860133124
0.03350360058263052 0.030953715931601507
0.029227967408489597 0.029093927908271915
0.025235909703481607 0.027157923923938596
0.021529832133895532 0.02515766947586927
0.018111967102280024 0.023106091957448702
0.014984373402728013 0.021016396639242253
0.012148934980735715 0.01890137813534579
0.009607359798384785 0.016772773305023275
0.007361178805529334 0.014640698972940748
0.005411745017609493 0.012513212216871974
0.0037602327006450165 0.010396022645556478
0.0024076366639015356 0.008292375644380987
0.0013547716606548965 0.0062031137321227
0.0006022718974137975 0.004126910781856672
0.00015059065189787502 0.0020606617912136476
0.0 0.0
0.00015059065189787502 -0.0011915252956486934
0.0006022718974137975 -0.002376045289207265
0.0013547716606548965 -0.0035463634362030098
0.0024076366639015356 -0.004696012178566903
0.0037602327006450165 -0.0058195667066180635
0.005411745017609493 -0.006912901314153761
0.007361178805529334 -0.007973375057693487
0.009607359798384785 -0.008999937906524771
0.012148934980735715 -0.009993153541760376
0.014984373402728013 -0.010955140083847544
0.018111967102280024 -0.01188943494549231
0.021529832133895532 -0.01280079438613139
0.025235909703481607 -0.01369494189327926
0.029227967408489597 -0.014578282007679612
0.03350360058263052 -0.01545759749559937
0.038060233744356575 -0.016339747795234335
0.042895122148234655 -0.01723138546060946
0.048005353438278275 -0.01813870502042848
0.05338784940224234 -0.019067235464710335
0.059039367825822475 -0.02002168373482128
0.06495650444564427 -0.02100583243023648
0.07113569499986394 -0.0220224907832312
0.07757321737514639 -0.02307349410852712
0.08426519384872727 -0.024159743694969937
0.09120759342420814 -0.025281276703748714
0.09839623425967753 -0.026437354235266088
0.10582678618669683 -0.027626555405214512
0.11349477331863145 -0.02884686602301865
0.12139557674675777 -0.03009575220003561
0.12952443732252045 -0.03137021176054649
0.1378764585242665 -0.0326667994519014
0.14644660940672616 -0.033981625372972155
0.15522972763146647 -0.03531032946200894
0.16422052257649067 -0.036648038007715183
0.17341357852311146 -0.03798931069820929
0.18280335791817703 -0.039328088476350304
0.19238420470968637 -0.040657653266923166
0.20215034775378343 -0.04197061039991553
0.2120959042910774 -0.04325890327806368
0.2222148834901989 -0.044513867614527323
0.23250119005645137 -0.04572632956495376
0.2429486279033891 -0.04688674853006095
0.2535509038851079 -0.04798540159079345
0.26430163158700104 -0.04901260276487891
0.27519433517269654 -0.04995894685040577
0.28622245328485874 -0.05081556483627181
0.29737934299750524 -0.051574375954119074
0.30865828381745486 -0.0522283206011073
0.320052481732506 -0.05277155867879356
0.33155507330389 -0.05319961938472449
0.3431591298005543 -0.05350949108523644
0.35485766137276875 -0.05369964343092132
0.36664362126255073 -0.05376997811714131
0.3785099100483679 -0.05372170935062237
0.3904493799215649 -0.05355717983305441
0.4024548389919357 -0.05327962257477828
0.41451905561984914 -0.05289288277926638
0.42663476277231926 -0.052401117101611674
0.43879466240039156 -0.05180848954864965
0.4509914298352198 -0.051118883996520904
0.46321771820016633 -0.05033565268207875
0.475466162836291 -0.049461418098529705
0.4877293857385438 -0.04849794260535093
0.4999999999999999 -0.04744607594379656
0.512270614261456 -0.04630578599820634
0.5245338371637088 -0.04507627287733885
0.5367822817998334 -0.04375616105584136
0.54900857016478 -0.042343759265610036
0.5612053375996082 -0.04083737339277832
0.5733652372276805 -0.03923565410881669
0.5854809443801506 -0.03753795857227999
0.5975451610080642 -0.035744704432574
0.6095506200784349 -0.03385769461348951
0.6214900899516319 -0.031880392926810074
0.6333563787374491 -0.029818133352376784
0.645142338627231 -0.027678249629610786
0.6568408701994456 -0.025470116381538104
0.6684449266961098 -0.023205098035010623
0.6799475182674938 -0.02089640698478558
0.691341716182545 -0.018558877447125744
0.7026206570024947 -0.016208665953436212
0.713777546715141 -0.01386289317926895
0.7248056648273034 -0.011539244579060567
0.7356983684129987 -0.009255548962033578
0.746449096114892 -0.007029354636464303
0.7570513720966108 -0.004877522083151769
0.7674988099435485 -0.002815850384303045
0.7777851165098009 -0.0008587519868921959
0.7879040957089227 0.000981012971740809
0.7978496522462164 0.002692535358906128
0.8076157952903136 0.004266885352029582
0.8171966420818224 0.00569717088529746
0.8265864214768883 0.006978530399027341
0.8357794774235092 0.008108067164210947
0.8447702723685334 0.009084734882689335
0.8535533905932737 0.009909185901032791
0.8621235414757333 0.010583594175750964
0.8704755626774794 0.011111465100879512
0.8786044232532422 0.011497443523380587
0.8865052266813687 0.011747129841232924
0.894173213813303 0.01186691215351769
0.9016037657403225 0.011863820183991614
0.9087924065757916 0.011745404311239143
0.9157348061512727 0.011519640686386882
0.9224267826248536 0.011194861263204571
0.928864305000136 0.01077970573734879
0.9350434955543556 0.010283090988632846
0.9409606321741775 0.009714192700272696
0.9466121505977576 0.009082433409449081
0.9519946465617215 0.008397471303447238
0.9571048778517655 0.007669184561094553
0.9619397662556433 0.006907646870201012
0.9664963994173694 0.006123090830827068
0.9707720325915102 0.005325857176000934
0.9747640902965183 0.004526329001562349
0.9784701678661044 0.003734851399997257
0.98188803289772 0.0029616379602318372
0.985015626597272 0.002216666467791911
0.9878510650192642 0.0015095667819225958
0.9903926402016152 0.0008495042657986507
0.9926388211944706 0.0002450623116030336
0.9945882549823906 -0.00029587253976639583
0.9962397672993549 -0.0007662195955918723
0.9975923633360985 -0.0011598041705304417
0.9986452283393451 -0.0014714463651420596
0.9993977281025862 -0.0016970363664744572
0.9998494093481021 -0.001833594619144969
1.0 -0.001879315637747614
