1.0 0.0020041777555091797
0.9998494093481021 0.0020546562111798047
0.9993977281025862 0.002206038055940136
0.9986452283393451 0.0024581443492125584
0.9975923633360985 0.0028106176073334674
0.9962397672993549 0.0032628397346684563
0.9945882549823906 0.0038138300934628744
0.9926388211944706 0.004462135232923383
0.9903926402016152 0.005205723165793273
0.9878510650192642 0.006041895240452658
0.985015626597272 0.00696722757597776
0.98188803289772 0.007977551783602788
0.9784701678661044 0.009067981471093058
0.9747640902965183 0.01023298708599715
0.9707720325915102 0.011466517335460327
0.9664963994173694 0.012762161098518531
0.9619397662556433 0.014113339802563955
0.9571048778517655 0.015513517024216555
0.9519946465617215 0.016956409894990507
0.9466121505977576 0.018436185960091424
0.9409606321741775 0.019947629568477097
0.9350434955543556 0.021486263664638315
0.928864305000136 0.023048415893005856
0.9224267826248536 0.024631221992701773
0.9157348061512727 0.026232564241351137
0.9087924065757916 0.027850947823827587
0.9016037657403225 0.029485323041658143
0.894173213813303 0.03113486582617193
0.8865052266813687 0.03279873269071029
0.8786044232532422 0.03447580873630923
0.8704755626774794 0.03616446838488989
0.8621235414757333 0.03786236803951357
0.8535533905932737 0.039566287870636346
0.8447702723685334 0.041272036532301506
0.8357794774235092 0.042974428069312856
0.8265864214768883 0.044667334928398965
0.8171966420818224 0.04634381524567911
0.8076157952903136 0.04799630689903374
0.7978496522462164 0.049616875638182616
0.7879040957089227 0.05119750035313099
0.7777851165098009 0.052730375559788115
0.7674988099435485 0.05420820971872586
0.7570513720966108 0.055624498189062226
0.746449096114892 0.05697375145346419
0.7356983684129987 0.05825166259960925
0.7248056648273034 0.05945520265301039
0.713777546715141 0.060582637867822364
0.7026206570024947 0.061633469062973796
0.691341716182545 0.06260829906681677
0.6799475182674938 0.06350863982766508
0.6684449266961098 0.06433667531888865
0.6568408701994456 0.06509499964593518
0.645142338627231 0.06578635148099436
0.6333563787374491 0.06641336596569457
0.6214900899516319 0.06697836352692887
0.6095506200784349 0.06748319177799918
0.5975451610080642 0.06792913208811123
0.5854809443801506 0.06831687686806001
0.5733652372276805 0.06864657758858186
0.5612053375996082 0.06891795751389636
0.54900857016478 0.06913047759389312
0.5367822817998334 0.06928353937504447
0.5245338371637088 0.06937670554865055
0.512270614261456 0.06940991713472439
0.4999999999999999 0.06938368644914254
0.4877293857385438 0.06929924692465338
0.475466162836291 0.06915864441064103
0.46321771820016633 0.06896475948345676
0.4509914298352198 0.06872125616470148
0.43879466240039156 0.06843245879066841
0.42663476277231926 0.06810316507750061
0.41451905561984914 0.06773840915475748
0.4024548389919357 0.06734319300555823
0.3904493799215649 0.066922207944775
0.3785099100483679 0.0664795691931196
0.36664362126255073 0.06601858611032174
0.35485766137276875 0.0655415882365417
0.3431591298005543 0.0650498231175146
0.33155507330389 0.06454343626357131
0.320052481732506 0.06402153694917113
0.30865828381745486 0.0634823464242925
0.29737934299750524 0.06292341806018908
0.28622245328485874 0.06234191257388187
0.27519433517269654 0.061734906311424885
0.26430163158700104 0.06109970707668445
0.2535509038851079 0.06043415050279669
0.2429486279033891 0.05973685065631351
0.23250119005645137 0.05900738144631124
0.2222148834901989 0.05824637031335707
0.2120959042910774 0.05745549226061921
0.20215034775378343 0.05663736008241237
0.19238420470968637 0.05579531505614112
0.18280335791817703 0.054933130739232325
0.17341357852311146 0.0540546501858311
0.16422052257649067 0.053163383238855534
0.15522972763146647 0.05226209501930959
0.14644660940672616 0.05135241891663877
0.1378764585242665 0.050434527038668006
0.12952443732252045 0.049506888154503534
0.12139557674675777 0.04856613780422762
0.11349477331863145 0.04760707779229485
0.10582678618669683 0.04662281323410045
0.09839623425967753 0.045605025328706625
0.09120759342420814 0.04454436781509721
0.08426519384872727 0.04343096539914805
0.07757321737514639 0.042254984055531165
0.07113569499986394 0.041007236675314994
0.06495650444564427 0.0396797835772734
0.059039367825822475 0.03826648628636043
0.05338784940224234 0.036763474860128174
0.048005353438278275 0.0351694938476746
0.042895122148234655 0.03348609941258268
0.038060233744356575 0.03171768975719522
0.03350360058263052 0.02987136209846209
0.029227967408489597 0.027956601291269628
0.025235909703481607 0.02598481693257366
0.021529832133895532 0.02396875656208893
0.018111967102280024 0.021921831612584715
0.014984373402728013 0.01985739938022949
0.012148934980735715 0.01778804797438863
0.009607359798384785 0.015724931663650858
0.007361178805529334 0.013677201187151064
0.005411745017609493 0.011651567611295323
0.0037602327006450165 0.00965202957307213
0.0024076366639015356 0.007679782854494047
0.0013547716606548965 0.005733318929964521
0.0006022718974137975 0.00380870627707797
0.00015059065189787502 0.001900035743547093
0.0 0.0
0.00015059065189787502 -0.0015050972952555832
0.0006022718974137975 -0.003002932832624187
0.0013547716606548965 -0.004485969278298953
0.0024076366639015356 -0.005947308184736785
0.0037602327006450165 -0.007380966825990489
0.005411745017609493 -0.008782106764896143
0.007361178805529334 -0.010147202958820486
0.009607359798384785 -0.011474145953123766
0.012148934980735715 -0.012762273862121901
0.014984373402728013 -0.014012335103829005
0.018111967102280024 -0.015226386939735437
0.021529832133895532 -0.016407638493917028
0.025235909703481607 -0.01756024984412101
0.029227967408489597 -0.018689100803789337
0.03350360058263052 -0.019799544029716905
0.038060233744356575 -0.020897157053612732
0.042895122148234655 -0.021987506784788776
0.048005353438278275 -0.023075938078418897
0.05338784940224234 -0.024167395287903487
0.059039367825822475 -0.025266282550676377
0.06495650444564427 -0.026376365156967414
0.07113569499986394 -0.027500710995342827
0.07757321737514639 -0.028641668022575853
0.08426519384872727 -0.02980087120372098
0.09120759342420814 -0.030979270598051518
0.09839623425967753 -0.03217717135206646
0.10582678618669683 -0.03339427635448972
0.11349477331863145 -0.0346297231869971
0.12139557674675777 -0.03588210867211464
0.12952443732252045 -0.03714949661513008
0.1378764585242665 -0.03842940704700856
0.14644660940672616 -0.03971878815286504
0.15522972763146647 -0.04101397485386178
0.16422052257649067 -0.042310640444736765
0.17341357852311146 -0.043603749547459235
0.18280335791817703 -0.04488752174296415
0.19238420470968637 -0.046155415468085624
0.20215034775378343 -0.047400141065820266
0.2120959042910774 -0.048613710282319575
0.2222148834901989 -0.04978752711692299
0.23250119005645137 -0.050912521923243914
0.2429486279033891 -0.0519793272561539
0.2535509038851079 -0.052978490425926554
0.26430163158700104 -0.05390071433923828
0.27519433517269654 -0.05473711525574242
0.28622245328485874 -0.05547948382147798
0.29737934299750524 -0.05612053436370971
0.30865828381745486 -0.05665412709068821
0.320052481732506 -0.05707544860428787
0.33155507330389 -0.05738113799204767
0.3431591298005543 -0.05756934862417242
0.35485766137276875 -0.05763973947019496
0.36664362126255073 -0.05759339403350405
0.3785099100483679 -0.057432669594850855
0.3904493799215649 -0.057160984044194355
0.4024548389919357 -0.056782551843033574
0.41451905561984914 -0.0563020842922608
0.42663476277231926 -0.055724472017572406
0.43879466240039156 -0.05505446921754746
0.4509914298352198 -0.054296399613937577
0.46321771820016633 -0.05345390314841361
0.475466162836291 -0.05252974032176205
0.4877293857385438 -0.05152566779308682
0.4999999999999999 -0.05044239464860185
0.512270614261456 -0.04927962387712973
0.5245338371637088 -0.048036178363719914
0.5367822817998334 -0.046710205470089604
0.54900857016478 -0.045299449349022816
0.5612053375996082 -0.04380157585647897
0.5733652372276805 -0.042214531554435886
0.5854809443801506 -0.04053691605297974
0.5975451610080642 -0.03876834596051692
0.6095506200784349 -0.03690978905128679
0.6214900899516319 -0.034963848888311694
0.6333563787374491 -0.03293498294297702
0.645142338627231 -0.03082964104068116
0.6568408701994456 -0.028656315485912867
0.6684449266961098 -0.026425499187300472
0.6799475182674938 -0.024149553198647308
0.691341716182545 -0.021842489999566332
0.7026206570024947 -0.019519683262753024
0.713777546715141 -0.017197518536889524
0.7248056648273034 -0.014893002012358086
0.7356983684129987 -0.012623346195814428
0.746449096114892 -0.010405551837387103
0.7570513720966108 -0.008256004844209509
0.7674988099435485 -0.006190105261261968
0.7777851165098009 -0.004221942853500383
0.7879040957089227 -0.002364030581259062
0.7978496522462164 -0.0006271035586749186
0.8076157952903136 0.0009800128247076899
0.8171966420818224 0.00245046580262611
0.8265864214768883 0.0037793729156212832
0.8357794774235092 0.0049637613375326005
0.8447702723685334 0.006002458148344275
0.8535533905932737 0.006895942545120045
0.8621235414757333 0.00764617186260466
0.8704755626774794 0.008256393351709253
0.8786044232532422 0.008730952995971613
0.8865052266813687 0.009075111337306546
0.894173213813303 0.009294874472490762
0.9016037657403225 0.009396846233706402
0.9087924065757916 0.009388105253170397
0.9157348061512727 0.00927610830376458
0.9224267826248536 0.009068619160424618
0.928864305000136 0.00877366037206138
0.9350434955543556 0.008399483870189715
0.9409606321741775 0.007954555330932055
0.9466121505977576 0.007447546676415015
0.9519946465617215 0.0068873310381642435
0.9571048778517655 0.006282974865107997
0.9619397662556433 0.005643722572523236
0.9664963994173694 0.004978970107885556
0.9707720325915102 0.004298224957687883
0.9747640902965183 0.003611051337269479
0.9784701678661044 0.002927000501536534
0.98188803289772 0.0022555272091186775
0.985015626597272 0.0016058943046410677
0.9878510650192642 0.0009870681123678804
0.9903926402016152 0.000407607839432513
0.9926388211944706 -0.0001244475322062081
0.9945882549823906 -0.0006016913127505086
0.9962397672993549 -0.0010174566838096314
0.9975923633360985 -0.0013659165910548895
0.9986452283393451 -0.0016421731019637554
0.9993977281025862 -0.0018423337958477833
0.9998494093481021 -0.0019635732016114187
1.0 -0.0020041777555091797
