1.0 0.0018592348746647141
0.9998494093481021 0.001905743273408296
0.9993977281025862 0.0020452112628363984
0.9986452283393451 0.0022774491411004204
0.9975923633360985 0.002602082453325214
0.9962397672993549 0.0030184713335778823
0.9945882549823906 0.0035256104816518983
0.9926388211944706 0.004122021233110873
0.9903926402016152 0.004805648539422041
0.9878510650192642 0.005573775830776412
0.985015626597272 0.0064229696552677434
0.98188803289772 0.007349063751304567
0.9784701678661044 0.008347188995314236
0.9747640902965183 0.009411851742294329
0.9707720325915102 0.01053705877707557
0.9664963994173694 0.011716482791920361
0.9619397662556433 0.012943658380514136
0.9571048778517655 0.01421219534291989
0.9519946465617215 0.015515993927751909
0.9466121505977576 0.016849445711329736
0.9409606321741775 0.01820760424174249
0.9350434955543556 0.019586311358478794
0.928864305000136 0.020982268120865042
0.9224267826248536 0.022393043319497905
0.9157348061512727 0.02381701729279097
0.9087924065757916 0.025253263849003657
0.9016037657403225 0.0267013780910574
0.894173213813303 0.028161262444120472
0.8865052266813687 0.0296328868142602
0.8786044232532422 0.031116041245103566
0.8704755626774794 0.03261010046480517
0.8621235414757333 0.034113819215648634
0.8535533905932737 0.03562517524358587
0.8447702723685334 0.03714127342862178
0.8357794774235092 0.03865832000704085
0.8265864214768883 0.04017167051657567
0.8171966420818224 0.04167594939829113
0.8076157952903136 0.043165233563241444
0.7978496522462164 0.04463328712744186
0.7879040957089227 0.04607383034914766
0.7777851165098009 0.04748082291190492
0.7674988099435485 0.04884874033100628
0.7570513720966108 0.05017282254625856
0.746449096114892 0.05144927569585086
0.7356983684129987 0.052675411508234654
0.7248056648273034 0.05384971344256026
0.713777546715141 0.05497182429190411
0.7026206570024947 0.056042456001134736
0.691341716182545 0.0570632284664055
0.6799475182674938 0.05803644959723525
0.6684449266961098 0.058964853492492114
0.6568408701994456 0.059851316838091154
0.645142338627231 0.06069857530928643
0.6333563787374491 0.0615089617116723
0.6214900899516319 0.06228418581767893
0.6095506200784349 0.06302517248397002
0.5975451610080642 0.06373196993376887
0.5854809443801506 0.06440373443004642
0.5733652372276805 0.06503879140394969
0.5612053375996082 0.06563476693497262
0.54900857016478 0.06618877780626957
0.5367822817998334 0.0666976636445722
0.5245338371637088 0.06715824128901678
0.512270614261456 0.06756755979927687
0.4999999999999999 0.06792313456201939
0.4877293857385438 0.06822314079235799
0.475466162836291 0.06846655021339104
0.46321771820016633 0.06865319955491263
0.4509914298352198 0.06878378534910928
0.43879466240039156 0.06885978583868545
0.42663476277231926 0.06888331712677845
0.41451905561984914 0.06885693645914984
0.4024548389919357 0.06878341024721842
0.3904493799215649 0.06866546770484142
0.3785099100483679 0.0685055624860056
0.36664362126255073 0.06830566431879022
0.35485766137276875 0.06806710033251803
0.3431591298005543 0.0677904617273095
0.33155507330389 0.06747558594354632
0.320052481732506 0.06712161798379446
0.30865828381745486 0.0667271475450274
0.29737934299750524 0.06629041170980193
0.28622245328485874 0.06580954670267909
0.27519433517269654 0.065282867182852
0.26430163158700104 0.06470914817006973
0.2535509038851079 0.06408788331858759
0.2429486279033891 0.06341949403929277
0.23250119005645137 0.0627054669281946
0.2222148834901989 0.061948401919229616
0.2120959042910774 0.06115196020375167
0.20215034775378343 0.06032070876794559
0.19238420470968637 0.05945986680415234
0.18280335791817703 0.05857496759988234
0.17341357852311146 0.057671457132069476
0.16422052257649067 0.056754256864819094
0.15522972763146647 0.055827322625717546
0.14644660940672616 0.05489323351061617
0.1378764585242665 0.053952844299223826
0.12952443732252045 0.05300503180371429
0.12139557674675777 0.05204656006838608
0.11349477331863145 0.051072081730497536
0.10582678618669683 0.05007428365104627
0.09839623425967753 0.049044174774513984
0.09120759342420814 0.047971503811961844
0.08426519384872727 0.04684528453043116
0.07757321737514639 0.045654397918529196
0.07113569499986394 0.04438823394878717
0.06495650444564427 0.04303733160586428
0.059039367825822475 0.0415939746558321
0.05338784940224234 0.04005270245123767
0.048005353438278275 0.038410699835464135
0.042895122148234655 0.03666803764555234
0.038060233744356575 0.03482774493137937
0.03350360058263052 0.03289570515865928
0.029227967408489597 0.03088038056857316
0.025235909703481607 0.028792380685538393
0.021529832133895532 0.02664390184806353
0.018111967102280024 0.024448073793296353
0.014984373402728013 0.02221825607620312
0.012148934980735715 0.019967330937672376
0.009607359798384785 0.017707039845668036
0.007361178805529334 0.015447408242800035
0.005411745017609493 0.013196297202484778
0.0037602327006450165 0.010959112111836101
0.0024076366639015356 0.008738687751184734
0.0013547716606548965 0.006535356975816338
0.0006022718974137975 0.004347197479493764
0.00015059065189787502 0.00217043873068431
0.0 0.0
0.00015059065189787502 -0.0014854051882675166
0.0006022718974137975 -0.002960779575824807
0.0013547716606548965 -0.004415957115775156
0.0024076366639015356 -0.005841599781918599
0.0037602327006450165 -0.007229558705280253
0.005411745017609493 -0.008573175351386075
0.007361178805529334 -0.009867508628733783
0.009607359798384785 -0.011109478325205077
0.012148934980735715 -0.012297920284520316
0.014984373402728013 -0.013433553915662286
0.018111967102280024 -0.014518867623553202
0.021529832133895532 -0.015557932226351243
0.025235909703481607 -0.016556156092844207
0.029227967408489597 -0.0175199983646977
0.03350360058263052 -0.018456658073569547
0.038060233744356575 -0.01937375716170421
0.042895122148234655 -0.020279034397653533
0.048005353438278275 -0.021180065065305877
0.05338784940224234 -0.02208401829119757
0.059039367825822475 -0.022997460220519732
0.06495650444564427 -0.02392620725580335
0.07113569499986394 -0.024875229551130116
0.07757321737514639 -0.025848601219194935
0.08426519384872727 -0.02684949053840331
0.09120759342420814 -0.027880181070519473
0.09839623425967753 -0.028942113175710386
0.10582678618669683 -0.030035935020678823
0.11349477331863145 -0.031161552811357622
0.12139557674675777 -0.03231817155523388
0.12952443732252045 -0.03350432000521815
0.1378764585242665 -0.03471785633101496
0.14644660940672616 -0.03595595423631378
0.15522972763146647 -0.037215072401080844
0.16422052257649067 -0.03849091299073507
0.17341357852311146 -0.039778377276854356
0.18280335791817703 -0.041071527943118816
0.19238420470968637 -0.04236356825570088
0.20215034775378343 -0.0436468478862099
0.2120959042910774 -0.04491290379750794
0.2222148834901989 -0.04615254233084634
0.23250119005645137 -0.047355965635309555
0.2429486279033891 -0.048512942089095894
0.2535509038851079 -0.04961301665354701
0.26430163158700104 -0.05064575347571781
0.27519433517269654 -0.05160099981461785
0.28622245328485874 -0.052469157787651884
0.29737934299750524 -0.05324144874942474
0.30865828381745486 -0.05391015449296559
0.320052481732506 -0.05446881999344791
0.33155507330389 -0.05491240410023955
0.3431591298005543 -0.0552373673403459
0.35485766137276875 -0.05544168965784632
0.36664362126255073 -0.055524815241081535
0.3785099100483679 -0.05548752628864747
0.3904493799215649 -0.055331752309473604
0.4024548389919357 -0.055060326004132056
0.41451905561984914 -0.0546767006113105
0.42663476277231926 -0.05418464654061152
0.43879466240039156 -0.05358794692534563
0.4509914298352198 -0.052890112267687854
0.46321771820016633 -0.05209413355189652
0.475466162836291 -0.05120229110018834
0.4877293857385438 -0.05021603316224537
0.4999999999999999 -0.04913593396791206
0.512270614261456 -0.047961736006923425
0.5245338371637088 -0.04669247595277762
0.5367822817998334 -0.04532668827077831
0.54900857016478 -0.04386267549648092
0.5612053375996082 -0.04229882977251726
0.5733652372276805 -0.0406339867770479
0.5854809443801506 -0.03886779089013251
0.5975451610080642 -0.037001049470666535
0.6095506200784349 -0.03503605451376888
0.6214900899516319 -0.032976851693201775
0.6333563787374491 -0.0308294397444156
0.645142338627231 -0.028601887111700783
0.6568408701994456 -0.026304357504578796
0.6684449266961098 -0.02394904117600663
0.6799475182674938 -0.021549994016965526
0.691341716182545 -0.019122891626777435
0.7026206570024947 -0.016684710056032243
0.713777546715141 -0.014253348661335352
0.7248056648273034 -0.011847213249133145
0.7356983684129987 -0.009484779281801293
0.746449096114892 -0.007184155313535705
0.7570513720966108 -0.004962666036665225
0.7674988099435485 -0.0028364724468500782
0.7777851165098009 -0.0008202438407687924
0.7879040957089227 0.001073107142124207
0.7978496522462164 0.00283261917945625
0.8076157952903136 0.004449403515900643
0.8171966420818224 0.0059166927515818465
0.8265864214768883 0.0072298218450379
0.8357794774235092 0.008386149188796455
0.8447702723685334 0.009384928086131348
0.8535533905932737 0.010227140607912279
0.8621235414757333 0.010915306591190888
0.8704755626774794 0.011453280469786217
0.8786044232532422 0.011846047771585547
0.8865052266813687 0.012099531595574827
0.894173213813303 0.012220417348520644
0.9016037657403225 0.012216001654961976
0.9087924065757916 0.012094068842218877
0.9157348061512727 0.0118627959272781
0.9224267826248536 0.011530684760060667
0.928864305000136 0.011106518045141397
0.9350434955543556 0.010599334473190001
0.9409606321741775 0.010018417205718578
0.9466121505977576 0.009373289492249004
0.9519946465617215 0.008673711238547457
0.9571048778517655 0.007929670834527548
0.9619397662556433 0.007151367410022053
0.9664963994173694 0.00634917981659708
0.9707720325915102 0.005533619925587605
0.9747640902965183 0.004715269178405625
0.9784701678661044 0.0039046986253719693
0.98188803289772 0.0031123738597628055
0.985015626597272 0.002348547230763596
0.9878510650192642 0.0016231404619223473
0.9903926402016152 0.0009456212932539352
0.9926388211944706 0.00032487800977134694
0.9945882549823906 -0.00023090426056153511
0.9962397672993549 -0.0007143617648145654
0.9975923633360985 -0.001119061457705239
0.9986452283393451 -0.0014395984600951905
0.9993977281025862 -0.001671679123687261
0.9998494093481021 -0.001812187672213017
1.0 -0.0018592348746647141
