1.0 0.002116110612350233
0.9998494093481021 0.0021577597271542092
0.9993977281025862 0.0022826374402222143
0.9986452283393451 0.0024905171145979373
0.9975923633360985 0.002780963867673109
0.9962397672993549 0.0031532556176876916
0.9945882549823906 0.003606285463480416
0.9926388211944706 0.0041384568721186225
0.9903926402016152 0.004747584510936585
0.9878510650192642 0.005430813718199545
0.985015626597272 0.006184570526982474
0.98188803289772 0.007004551915493595
0.9784701678661044 0.007885762732529864
0.9747640902965183 0.008822601806124212
0.9707720325915102 0.009808995420274488
0.9664963994173694 0.010838572011072946
0.9619397662556433 0.011904867968947491
0.9571048778517655 0.013001551192409583
0.9519946465617215 0.014122646819547021
0.9466121505977576 0.015262748583786748
0.9409606321741775 0.01641719961643695
0.9350434955543556 0.017582228254108614
0.928864305000136 0.018755027393983277
0.9224267826248536 0.019933769956927527
0.9157348061512727 0.021117557760351135
0.9087924065757916 0.022306306196137465
0.9016037657403225 0.02350057214458609
0.894173213813303 0.024701337121032355
0.8865052266813687 0.025909761366812417
0.8786044232532422 0.027126927142731298
0.8704755626774794 0.028353590633356063
0.8621235414757333 0.02958996150645834
0.8535533905932737 0.03083552729697496
0.8447702723685334 0.03208893652464383
0.8357794774235092 0.03334795004852345
0.8265864214768883 0.03460946494530373
0.8171966420818224 0.03586960957687455
0.8076157952903136 0.03712390292911357
0.7978496522462164 0.038367466203800944
0.7879040957089227 0.039595270440941334
0.7777851165098009 0.0408024009843657
0.7674988099435485 0.041984318128316246
0.7570513720966108 0.04313709342900959
0.746449096114892 0.04425760293641431
0.7356983684129987 0.045343661870954906
0.7248056648273034 0.04639408978953228
0.713777546715141 0.04740870070467186
0.7026206570024947 0.048388218514154285
0.691341716182545 0.04933412399899548
0.6799475182674938 0.050248445083701986
0.6684449266961098 0.05113350658659243
0.6568408701994456 0.05199165895115542
0.645142338627231 0.05282500717293031
0.6333563787374491 0.05363516117331368
0.6214900899516319 0.05442302720992325
0.6095506200784349 0.05518865667752512
0.5975451610080642 0.05593116409678443
0.5854809443801506 0.05664872057144808
0.5733652372276805 0.05733862295932711
0.5612053375996082 0.05799743293493295
0.54900857016478 0.058621174514080575
0.5367822817998334 0.05920557392148081
0.5245338371637088 0.059746322298111845
0.512270614261456 0.06023933994923231
0.4999999999999999 0.06068102078201831
0.4877293857385438 0.06106843728831855
0.475466162836291 0.06139948976337822
0.46321771820016633 0.06167298815125424
0.4509914298352198 0.061888660593150145
0.43879466240039156 0.06204708896227222
0.42663476277231926 0.062149577886412774
0.41451905561984914 0.06219796946904491
0.4024548389919357 0.06219442063873974
0.3904493799215649 0.06214116337835025
0.3785099100483679 0.06204026971283423
0.36664362126255073 0.061893443106867466
0.35485766137276875 0.06170185583066288
0.3431591298005543 0.06146604803899016
0.33155507330389 0.06118589906350535
0.320052481732506 0.06086067515503607
0.30865828381745486 0.06048915113543745
0.29737934299750524 0.060069796685616975
0.28622245328485874 0.0596010118730676
0.27519433517269654 0.05908139153676973
0.26430163158700104 0.058509994746318926
0.2535509038851079 0.05788659406310028
0.2429486279033891 0.05721187993356814
0.23250119005645137 0.056487598251669914
0.2222148834901989 0.05571660378208967
0.2120959042910774 0.054902818419439066
0.20215034775378343 0.05405109071204857
0.19238420470968637 0.05316696113738323
0.18280335791817703 0.05225634565009137
0.17341357852311146 0.05132515738848708
0.16422052257649067 0.050378892511098006
0.15522972763146647 0.049422210415883086
0.14644660940672616 0.048458540672143974
0.1378764585242665 0.04748974863164495
0.12952443732252045 0.04651588882729916
0.12139557674675777 0.0455350700533175
0.11349477331863145 0.04454344877407303
0.10582678618669683 0.043535358719216356
0.09839623425967753 0.042503574809972626
0.09120759342420814 0.04143969963266433
0.08426519384872727 0.040334651271293244
0.07757321737514639 0.03917922315107583
0.07113569499986394 0.03796468027236648
0.06495650444564427 0.03668335234605812
0.059039367825822475 0.035329183225907605
0.05338784940224234 0.0338981978214684
0.048005353438278275 0.032388852306189944
0.042895122148234655 0.030802240635926872
0.038060233744356575 0.029142139695875483
0.03350360058263052 0.027414886167802126
0.029227967408489597 0.025629089704254707
0.025235909703481607 0.02379519839681505
0.021529832133895532 0.021924943009831502
0.018111967102280024 0.020030695252296976
0.014984373402728013 0.01812478182289228
0.012148934980735715 0.016218799591873567
0.009607359798384785 0.014322977782577124
0.007361178805529334 0.012445630311615222
0.005411745017609493 0.010592735697279271
0.0037602327006450165 0.008767673527906437
0.0024076366639015356 0.006971135968723235
0.0013547716606548965 0.005201220904465439
0.0006022718974137975 0.003453700896422193
0.00015059065189787502 0.0017224500503429609
0.0 0.0
0.00015059065189787502 -0.001211679750011071
0.0006022718974137975 -0.002418568430380782
0.0013547716606548965 -0.003615540883696854
0.0024076366639015356 -0.004798061077799438
0.0037602327006450165 -0.0059624336601963
0.005411745017609493 -0.007106006870972519
0.007361178805529334 -0.008227315684747133
0.009607359798384785 -0.009326157935741855
0.012148934980735715 -0.010403600483294868
0.014984373402728013 -0.01146191689265239
0.018111967102280024 -0.012504462326682857
0.021529832133895532 -0.013535495075030693
0.025235909703481607 -0.014559957134192648
0.029227967408489597 -0.01558322829898045
0.03350360058263052 -0.016610869208700314
0.038060233744356575 -0.01764836866656939
0.042895122148234655 -0.01870090935780095
0.048005353438278275 -0.019773163948916154
0.05338784940224234 -0.02086913064587861
0.059039367825822475 -0.02199201386342304
0.06495650444564427 -0.023144151989289447
0.07113569499986394 -0.02432699060515193
0.07757321737514639 -0.02554109623182811
0.08426519384872727 -0.02678620294998177
0.09120759342420814 -0.028061282309096065
0.09839623425967753 -0.02936462591194863
0.10582678618669683 -0.030693930008967307
0.11349477331863145 -0.032046372337255866
0.12139557674675777 -0.033418673196215894
0.12952443732252045 -0.03480713520003799
0.1378764585242665 -0.03620765906595137
0.14644660940672616 -0.03761573592746249
0.15522972763146647 -0.039026419728525094
0.16422052257649067 -0.040434285987585764
0.17341357852311146 -0.04183338537661507
0.18280335791817703 -0.043217201942980094
0.19238420470968637 -0.04457862627729079
0.20215034775378343 -0.045909953437732236
0.2120959042910774 -0.04720291399947643
0.2222148834901989 -0.048448744303381974
0.23250119005645137 -0.04963829899947619
0.2429486279033891 -0.050762205544648754
0.2535509038851079 -0.051811056689129685
0.26430163158700104 -0.05277563346234632
0.27519433517269654 -0.053647148034042504
0.28622245328485874 -0.05441749334577263
0.29737934299750524 -0.05507948480121022
0.30865828381745486 -0.05562707872913275
0.320052481732506 -0.05605555287329
0.33155507330389 -0.05636163581879515
0.3431591298005543 -0.05654357495143206
0.35485766137276875 -0.056601136101620785
0.36664362126255073 -0.05653553221802805
0.3785099100483679 -0.05634928296435309
0.3904493799215649 -0.05604601172227812
0.4024548389919357 -0.055630190790351586
0.41451905561984914 -0.055106849283284416
0.42663476277231926 -0.054481261086135595
0.43879466240039156 -0.053758631987229494
0.4509914298352198 -0.05294380565912525
0.46321771820016633 -0.05204100741878206
0.475466162836291 -0.0510536427046946
0.4877293857385438 -0.04998416407545979
0.4999999999999999 -0.048834016455243774
0.512270614261456 -0.04760366558696661
0.5245338371637088 -0.0462927095114659
0.5367822817998334 -0.04490006770467796
0.54900857016478 -0.04342423761260536
0.5612053375996082 -0.041863604043340184
0.5733652372276805 -0.040216783483027596
0.5854809443801506 -0.038482983114669626
0.5975451610080642 -0.0366623532770652
0.6095506200784349 -0.03475631236469928
0.6214900899516319 -0.03276782471053241
0.6333563787374491 -0.030701614701586524
0.645142338627231 -0.028564304066590707
0.6568408701994456 -0.026364463699471156
0.6684449266961098 -0.024112576252648073
0.6799475182674938 -0.021820910737528145
0.691341716182545 -0.019503315192359184
0.7026206570024947 -0.01717493782542912
0.713777546715141 -0.014851890658900462
0.7248056648273034 -0.01255087238463616
0.7356983684129987 -0.0102887687640276
0.746449096114892 -0.008082249398424671
0.7570513720966108 -0.0059473790796368215
0.7674988099435485 -0.0038992602869065344
0.7777851165098009 -0.001951720876464023
0.7879040957089227 -0.00011705781139731831
0.7978496522462164 0.001594155862830415
0.8076157952903136 0.0031731974267079207
0.8171966420818224 0.004613254684240507
0.8265864214768883 0.005909423838138552
0.8357794774235092 0.007058651919469151
0.8447702723685334 0.008059632985430318
0.8535533905932737 0.008912668879793126
0.8621235414757333 0.009619506128313013
0.8704755626774794 0.01018316052579971
0.8786044232532422 0.010607740225207475
0.8865052266813687 0.010898276769912453
0.894173213813303 0.01106057166085238
0.9016037657403225 0.011101063885356149
0.9087924065757916 0.01102672152837325
0.9157348061512727 0.010844958309623337
0.9224267826248536 0.010563573796327112
0.928864305000136 0.010190714259345562
0.9350434955543556 0.00973484976640867
0.9409606321741775 0.009204762197977083
0.9466121505977576 0.008609538448952438
0.9519946465617215 0.007958563126057633
0.9571048778517655 0.007261505517200877
0.9619397662556433 0.006528296420928521
0.9664963994173694 0.00576909148908928
0.9707720325915102 0.004994218953268321
0.9747640902965183 0.00421411087448142
0.9784701678661044 0.003439218282893723
0.98188803289772 0.002679911680959299
0.985015626597272 0.0019463693092179883
0.9878510650192642 0.0012484562802129772
0.9903926402016152 0.0005955981555648719
0.9926388211944706 -3.3472226989494577e-06
0.9945882549823906 -0.0005402158127797668
0.9962397672993549 -0.001007657689951658
0.9975923633360985 -0.0013992482224734022
0.9986452283393451 -0.0017095871262626757
0.9993977281025862 -0.0019343828732616925
0.9998494093481021 -0.0020705204085997675
1.0 -0.002116110612350233
