1.0 0.002101687174747606
0.9998494093481021 0.0021448225792562456
0.9993977281025862 0.0022741869295737995
0.9986452283393451 0.002489636489699448
0.9975923633360985 0.002790873223732562
0.9962397672993549 0.0031773639381914524
0.9945882549823906 0.003648240140499947
0.9926388211944706 0.004202190206894503
0.9903926402016152 0.00483735681501016
0.9878510650192642 0.00555125273429808
0.985015626597272 0.0063407069490677
0.98188803289772 0.007201850793253799
0.9784701678661044 0.00813015048699913
0.9747640902965183 0.00912048845705984
0.9707720325915102 0.010167291437599264
0.9664963994173694 0.011264698965709946
0.9619397662556433 0.012406761894220075
0.9571048778517655 0.013587657303802507
0.9519946465617215 0.014801904010347682
0.9466121505977576 0.016044561950965413
0.9409606321741775 0.01731139920777691
0.9350434955543556 0.0185990122923251
0.928864305000136 0.01990488844728034
0.9224267826248536 0.021227402899200776
0.9157348061512727 0.022565748897482016
0.9087924065757916 0.023919803614404857
0.9016037657403225 0.02528993813749922
0.894173213813303 0.02667678443479018
0.8865052266813687 0.02808097592566878
0.8786044232532422 0.029502880820868292
0.8704755626774794 0.030942348473574976
0.8621235414757333 0.03239848849320234
0.8535533905932737 0.033869500321973015
0.8447702723685334 0.03535256749659257
0.8357794774235092 0.03684382616438966
0.8265864214768883 0.038338411945015874
0.8171966420818224 0.03983058334602721
0.8076157952903136 0.04131391411238154
0.7978496522462164 0.04278154157654839
0.7879040957089227 0.04422645370239473
0.7777851165098009 0.04564179443692077
0.7674988099435485 0.047021165454351366
0.7570513720966108 0.04835890253110646
0.746449096114892 0.04965030662875965
0.7356983684129987 0.05089181315192932
0.7248056648273034 0.052081087530941324
0.713777546715141 0.05321704089174924
0.7026206570024947 0.054299765677893685
0.691341716182545 0.05533039719915992
0.6799475182674938 0.056310912713516535
0.6684449266961098 0.05724388435299171
0.6568408701994456 0.05813220560267423
0.645142338627231 0.058978812860519286
0.6333563787374491 0.05978642369574952
0.6214900899516319 0.060557311776031
0.6095506200784349 0.061293135179702626
0.5975451610080642 0.06199483021166197
0.5854809443801506 0.06266257727328078
0.5733652372276805 0.06329583925231395
0.5612053375996082 0.06389346679729195
0.54900857016478 0.06445385922584407
0.5367822817998334 0.06497516515454811
0.5245338371637088 0.0654555036207802
0.512270614261456 0.0658931847782002
0.4999999999999999 0.06628690933825382
0.4877293857385438 0.06663592780569039
0.475466162836291 0.06694014407389108
0.46321771820016633 0.06720015282513964
0.4509914298352198 0.06741720602477323
0.43879466240039156 0.06759311012406162
0.42663476277231926 0.06773006186568062
0.41451905561984914 0.06783043628499191
0.4024548389919357 0.06789654512726774
0.3904493799215649 0.0679303870439573
0.3785099100483679 0.06793341229486839
0.36664362126255073 0.0679063241150602
0.35485766137276875 0.06784893641020359
0.3431591298005543 0.06776010318705158
0.33155507330389 0.06763772942087146
0.320052481732506 0.06747886635026819
0.30865828381745486 0.06727988700604041
0.29737934299750524 0.06703673071034366
0.28622245328485874 0.06674519891630998
0.27519433517269654 0.06640127964433079
0.26430163158700104 0.0660014743692608
0.2535509038851079 0.06554309985536665
0.2429486279033891 0.06502453829849167
0.23250119005645137 0.06444541221850518
0.2222148834901989 0.06380666567166546
0.2120959042910774 0.06311054017520433
0.20215034775378343 0.062360441763128265
0.19238420470968637 0.06156070422116035
0.18280335791817703 0.0607162621134673
0.17341357852311146 0.059832255034218074
0.16422052257649067 0.058913590952509774
0.15522972763146647 0.05796450101977682
0.14644660940672616 0.056988120360291925
0.1378764585242665 0.055986128924776814
0.12952443732252045 0.054958483405598085
0.12139557674675777 0.05390326564304629
0.11349477331863145 0.052816665244502785
0.10582678618669683 0.05169310481343411
0.09839623425967753 0.05052550590139263
0.09120759342420814 0.04930568330126439
0.08426519384872727 0.04802484537608934
0.07757321737514639 0.04667416952290822
0.07113569499986394 0.045245415281277096
0.06495650444564427 0.043731533552729636
0.059039367825822475 0.0421272292639665
0.05338784940224234 0.040429436737753524
0.048005353438278275 0.03863767196229405
0.042895122148234655 0.03675423358032004
0.038060233744356575 0.03478423425662036
0.03350360058263052 0.03273545545918733
0.029227967408489597 0.03061803081208374
0.025235909703481607 0.028443975187143297
0.021529832133895532 0.026226587730955323
0.018111967102280024 0.023979766265690854
0.014984373402728013 0.021717277267875475
0.012148934980735715 0.019452029399012378
0.009607359798384785 0.017195399026846084
0.007361178805529334 0.014956653261645844
0.005411745017609493 0.012742509906304086
0.0037602327006450165 0.010556864782798133
0.0024076366639015356 0.00840070575640248
0.0013547716606548965 0.006272220201431841
0.0006022718974137975 0.004167089514856783
0.00015059065189787502 0.002078951508758507
0.0 0.0
0.00015059065189787502 -0.0014779747768995525
0.0006022718974137975 -0.00294487085071011
0.0013547716606548965 -0.004389411376136628
0.0024076366639015356 -0.005801167383776234
0.0037602327006450165 -0.007170927803035919
0.005411745017609493 -0.008491008356634197
0.007361178805529334 -0.00975548499625619
0.009607359798384785 -0.010960342182684362
0.012148934980735715 -0.012103531468297365
0.014984373402728013 -0.013184941160429809
0.018111967102280024 -0.014206282968330599
0.021529832133895532 -0.015170906120691479
0.025235909703481607 -0.016083553184798354
0.029227967408489597 -0.016950074487096834
0.03350360058263052 -0.017777119474512566
0.038060233744356575 -0.018571823504009384
0.042895122148234655 -0.01934150743731291
0.048005353438278275 -0.0200934051723423
0.05338784940224234 -0.020834431067098085
0.059039367825822475 -0.02157099537400427
0.06495650444564427 -0.022308871614278237
0.07113569499986394 -0.023053115612715263
0.07757321737514639 -0.02380803200649698
0.08426519384872727 -0.02457718072911268
0.09120759342420814 -0.025363413490816746
0.09839623425967753 -0.026168928797954887
0.10582678618669683 -0.0269953336598285
0.11349477331863145 -0.027843700820031292
0.12139557674675777 -0.028714612028951557
0.12952443732252045 -0.029608180376154633
0.1378764585242665 -0.030524047791855594
0.14644660940672616 -0.03146135722647299
0.15522972763146647 -0.03241870242433612
0.16422052257649067 -0.03339406132150896
0.17341357852311146 -0.03438472164343719
0.18280335791817703 -0.03538720902829601
0.19238420470968637 -0.0363972287948152
0.20215034775378343 -0.037409632226027695
0.2120959042910774 -0.03841841695544422
0.2222148834901989 -0.039416768807920305
0.23250119005645137 -0.04039714943135569
0.2429486279033891 -0.04135143049108316
0.2535509038851079 -0.04227107136833453
0.26430163158700104 -0.04314733351593168
0.27519433517269654 -0.04397152118913291
0.28622245328485874 -0.044735235476224364
0.29737934299750524 -0.045430626646121186
0.30865828381745486 -0.04605062898885139
0.320052481732506 -0.046589162650374154
0.33155507330389 -0.047041288469092016
0.3431591298005543 -0.04740330443122652
0.35485766137276875 -0.04767277591431214
0.36664362126255073 -0.04784849614674867
0.3785099100483679 -0.04793037798360517
0.3904493799215649 -0.04791928285546117
0.4024548389919357 -0.04781679724653156
0.41451905561984914 -0.04762497097193252
0.42663476277231926 -0.047346034559936544
0.43879466240039156 -0.046982114970204776
0.4509914298352198 -0.046534969535935874
0.46321771820016633 -0.046005757337128014
0.475466162836291 -0.045394865217551934
0.4877293857385438 -0.044701802465601244
0.4999999999999999 -0.04392517398926332
0.512270614261456 -0.043062736898837016
0.5245338371637088 -0.0421115400900378
0.5367822817998334 -0.04106814104611441
0.54900857016478 -0.039928889006381356
0.5612053375996082 -0.03869025921576498
0.5733652372276805 -0.03734921946783756
0.5854809443801506 -0.03590360781139698
0.5975451610080642 -0.03435249925843002
0.6095506200784349 -0.03269653967158658
0.6214900899516319 -0.03093822669290767
0.6333563787374491 -0.029082120484846694
0.645142338627231 -0.027134970992730788
0.6568408701994456 -0.02510575314317614
0.6684449266961098 -0.023005606558172458
0.6799475182674938 -0.020847681657930155
0.691341716182545 -0.01864689911411727
0.7026206570024947 -0.01641963418688048
0.713777546715141 -0.014183341263698853
0.7248056648273034 -0.011956136703975103
0.7356983684129987 -0.009756359739825908
0.746449096114892 -0.007602131628811374
0.7570513720966108 -0.005510932516402296
0.7674988099435485 -0.0034992136390140038
0.7777851165098009 -0.0015820597435600987
0.7879040957089227 0.00022708686869605892
0.7978496522462164 0.0019166331962911904
0.8076157952903136 0.0034769699344194167
0.8171966420818224 0.004900534105294333
0.8265864214768883 0.006181804333144844
0.8357794774235092 0.007317236355322042
0.8447702723685334 0.00830514883530371
0.8535533905932737 0.009145571202494006
0.8621235414757333 0.009840066039828727
0.8704755626774794 0.010391538486554391
0.8786044232532422 0.010804044289901968
0.8865052266813687 0.011082606643571842
0.894173213813303 0.01123304994755784
0.9016037657403225 0.011261856290802525
0.9087924065757916 0.011176047982545116
0.9157348061512727 0.010983097022153292
0.9224267826248536 0.010690860165241303
0.928864305000136 0.010307536352289287
0.9350434955543556 0.00984164181518246
0.9409606321741775 0.00930199722707507
0.9466121505977576 0.00869772083027351
0.9519946465617215 0.008038221544654285
0.9571048778517655 0.007333186570463264
0.9619397662556433 0.0065925588722124786
0.9664963994173694 0.005826501064688794
0.9707720325915102 0.005045343509073884
0.9747640902965183 0.004259515758796056
0.9784701678661044 0.003479461772104177
0.98188803289772 0.002715540448569114
0.985015626597272 0.001977913987764899
0.9878510650192642 0.0012764272716522555
0.9903926402016152 0.0006204819227694524
0.9926388211944706 1.8908895077338842e-05
0.9945882549823906 -0.0005201565618624625
0.9962397672993549 -0.0009893939237523685
0.9975923633360985 -0.001382407092369381
0.9986452283393451 -0.0016938218981490858
0.9993977281025862 -0.0019193690002466967
0.9998494093481021 -0.0020559502649470226
1.0 -0.002101687174747606
