1.0 0.0020537396762968685
0.9998494093481021 0.0021032642888296955
0.9993977281025862 0.002251771969508896
0.9986452283393451 0.0024990457130384443
0.9975923633360985 0.002844664070415435
0.9962397672993549 0.0032879183344471066
0.9945882549823906 0.003827709647290277
0.9926388211944706 0.004462437632491259
0.9903926402016152 0.005189893545270681
0.9878510650192642 0.006007171117196119
0.985015626597272 0.006910607211484567
0.98188803289772 0.00789576217855813
0.9784701678661044 0.00895744658696854
0.9747640902965183 0.010089797070032207
0.9707720325915102 0.011286399707699752
0.9664963994173694 0.012540455029213794
0.9619397662556433 0.013844974755069458
0.9571048778517655 0.015192997151601528
0.9519946465617215 0.016577805647431103
0.9466121505977576 0.017993134375401627
0.9409606321741775 0.019433344672576427
0.9350434955543556 0.02089355829775379
0.928864305000136 0.02236973609967004
0.9224267826248536 0.02385869487149944
0.9157348061512727 0.025358059850011397
0.9087924065757916 0.026866155386375483
0.9016037657403225 0.028381841319783142
0.894173213813303 0.02990430711200425
0.8865052266813687 0.03143283946955083
0.8786044232532422 0.03296658167264475
0.8704755626774794 0.03450430391957214
0.8621235414757333 0.0360442035647127
0.8535533905932737 0.037583752183615496
0.8447702723685334 0.039119603067031626
0.8357794774235092 0.04064756827010666
0.8265864214768883 0.04216266906142307
0.8171966420818224 0.04365925793763502
0.8076157952903136 0.045131204739211804
0.7978496522462164 0.046572134269624414
0.7879040957089227 0.047975698598504084
0.7777851165098009 0.0493358642654125
0.7674988099435485 0.05064719314491259
0.7570513720966108 0.05190509591803123
0.746449096114892 0.05310603892277684
0.7356983684129987 0.05424768849890623
0.7248056648273034 0.05532898154932346
0.713777546715141 0.05635011655897721
0.7026206570024947 0.05731246531287668
0.691341716182545 0.05821841156701268
0.6799475182674938 0.05907112847431399
0.6684449266961098 0.05987431121081653
0.6568408701994456 0.060631884613031026
0.645142338627231 0.06134770745405205
0.6333563787374491 0.062025295103842824
0.6214900899516319 0.06266758072441234
0.6095506200784349 0.0632767319669054
0.5975451610080642 0.06385403561712531
0.5854809443801506 0.06439985713993138
0.5733652372276805 0.06491367604311589
0.5612053375996082 0.06539419190494808
0.54900857016478 0.06583949027991988
0.5367822817998334 0.06624725297382383
0.5245338371637088 0.0666149937501388
0.512270614261456 0.06694029867913692
0.4999999999999999 0.06722105022584147
0.4877293857385438 0.06745561580806789
0.475466162836291 0.0676429848123521
0.46321771820016633 0.06778284266981348
0.4509914298352198 0.06787557618758452
0.43879466240039156 0.06792221044127361
0.42663476277231926 0.0679242836492892
0.41451905561984914 0.06788367205378874
0.4024548389919357 0.0678023814447393
0.3904493799215649 0.06768232517853577
0.3785099100483679 0.06752511006683283
0.36664362126255073 0.06733185118708966
0.35485766137276875 0.06710303448769062
0.3431591298005543 0.0668384421757112
0.33155507330389 0.06653715057773475
0.320052481732506 0.06619760387033415
0.30865828381745486 0.06581776029533669
0.29737934299750524 0.06539530076603835
0.28622245328485874 0.06492788370154179
0.27519433517269654 0.06441342502582759
0.26430163158700104 0.06385037898177864
0.2535509038851079 0.06323799406320213
0.2429486279033891 0.06257651913528291
0.23250119005645137 0.06186733770392797
0.2222148834901989 0.06111301314338431
0.2120959042910774 0.06031723417283715
0.20215034775378343 0.059484657519368156
0.19238420470968637 0.05862065294288107
0.18280335791817703 0.05773096399076122
0.17341357852311146 0.05682130534357633
0.16422052257649067 0.055896923791592466
0.15522972763146647 0.05496215421415937
0.14644660940672616 0.054020004017985665
0.1378764585242665 0.05307179908718945
0.12952443732252045 0.052116921354783165
0.12139557674675777 0.051152662763161105
0.11349477331863145 0.05017421296923797
0.10582678618669683 0.04917478916397344
0.09839623425967753 0.048145906444493805
0.09120759342420814 0.047077777015750895
0.08426519384872727 0.0459598168584416
0.07757321737514639 0.044781230110268265
0.07113569499986394 0.043531634921261185
0.06495650444564427 0.04220169048605013
0.059039367825822475 0.0407836836825471
0.05338784940224234 0.039272035414323496
0.048005353438278275 0.037663691305576334
0.042895122148234655 0.0359583685619572
0.038060233744356575 0.0341586401197768
0.03350360058263052 0.03226984802712809
0.029227967408489597 0.03029984957948381
0.025235909703481607 0.02825861124880164
0.021529832133895532 0.026157676071515274
0.018111967102280024 0.024009539123139738
0.014984373402728013 0.02182697234296676
0.012148934980735715 0.019622343779919966
0.009607359798384785 0.017406977007992947
0.007361178805529334 0.015190593928130379
0.005411745017609493 0.012980878585394998
0.0037602327006450165 0.010783191360032482
0.0024076366639015356 0.00860045250899805
0.0013547716606548965 0.006433202266836995
0.0006022718974137975 0.004279832391608634
0.00015059065189787502 0.0021369720369298546
0.0 0.0
0.00015059065189787502 -0.0012187625674935044
0.0006022718974137975 -0.002430791902826663
0.0013547716606548965 -0.0036290725194260093
0.0024076366639015356 -0.004807242889522602
0.0037602327006450165 -0.005959876357004824
0.005411745017609493 -0.007082709956327603
0.007361178805529334 -0.008172809193263866
0.009607359798384785 -0.009228660985442307
0.012148934980735715 -0.010250191552841995
0.014984373402728013 -0.011238710765818545
0.018111967102280024 -0.012196788969866843
0.021529832133895532 -0.013128076299595798
0.025235909703481607 -0.014037077698014759
0.029227967408489597 -0.014928899060988968
0.03350360058263052 -0.015808980996470018
0.038060233744356575 -0.016682836575053962
0.042895122148234655 -0.017555808191844352
0.048005353438278275 -0.018432856382963082
0.05338784940224234 -0.019318390340742092
0.059039367825822475 -0.020216146205184787
0.06495650444564427 -0.021129115269323123
0.07113569499986394 -0.022059520331493068
0.07757321737514639 -0.023008834858635353
0.08426519384872727 -0.023977836660300268
0.09120759342420814 -0.024966685629987176
0.09839623425967753 -0.025975013937518995
0.10582678618669683 -0.027002016923050327
0.11349477331863145 -0.028046533836027333
0.12139557674675777 -0.029107109385064105
0.12952443732252045 -0.030182029647658246
0.1378764585242665 -0.03126932900249701
0.14644660940672616 -0.03236676812100415
0.15522972763146647 -0.03347178639824836
0.16422052257649067 -0.03458143522931532
0.17341357852311146 -0.035692300984933284
0.18280335791817703 -0.03680042819574449
0.19238420470968637 -0.03790125416842864
0.20215034775378343 -0.03898956595535633
0.2120959042910774 -0.040059489291331865
0.2222148834901989 -0.04110451688705705
0.23250119005645137 -0.04211758049534889
0.2429486279033891 -0.04309116767184965
0.2535509038851079 -0.04401748041125228
0.26430163158700104 -0.04488862915147139
0.27519433517269654 -0.04569685230142273
0.28622245328485874 -0.04643474874070395
0.29737934299750524 -0.047095508895198424
0.30865828381745486 -0.04767312918273291
0.320052481732506 -0.04816259494239363
0.33155507330389 -0.04856001842041322
0.3431591298005543 -0.048862720908816853
0.35485766137276875 -0.04906925156266545
0.36664362126255073 -0.04917933952929879
0.3785099100483679 -0.049193780525284565
0.3904493799215649 -0.04911426357633464
0.4024548389919357 -0.04894314796347034
0.41451905561984914 -0.04868320417913051
0.42663476277231926 -0.048337335609528395
0.43879466240039156 -0.047908299500734566
0.4509914298352198 -0.04739844638517641
0.46321771820016633 -0.04680949647647509
0.475466162836291 -0.04614236960745693
0.4877293857385438 -0.04539708220095747
0.4999999999999999 -0.04457272071875036
0.512270614261456 -0.04366749629120207
0.5245338371637088 -0.04267888009906029
0.5367822817998334 -0.04160381389686707
0.54900857016478 -0.04043898517682706
0.5612053375996082 -0.03918115219509592
0.5733652372276805 -0.03782750070032047
0.5854809443801506 -0.0363760119371293
0.5975451610080642 -0.03482582049009608
0.6095506200784349 -0.033177540846881966
0.6214900899516319 -0.03143354316547601
0.6333563787374491 -0.029598161517508912
0.645142338627231 -0.02767782165931201
0.6568408701994456 -0.02568107990440373
0.6684449266961098 -0.023618569640938628
0.6799475182674938 -0.021502857137438425
0.691341716182545 -0.019348213190346318
0.7026206570024947 -0.017170311588037248
0.713777546715141 -0.014985869037821748
0.7248056648273034 -0.012812243921035006
0.7356983684129987 -0.01066701287024546
0.746449096114892 -0.008567544640664723
0.7570513720966108 -0.006530590090205159
0.7674988099435485 -0.004571905377356508
0.7777851165098009 -0.002705922885308144
0.7879040957089227 -0.0009454810880425051
0.7978496522462164 0.0006983791715400515
0.8076157952903136 0.002216548463292521
0.8171966420818224 0.0036019129649237968
0.8265864214768883 0.004849353007456533
0.8357794774235092 0.005955682987439039
0.8447702723685334 0.00691954207819032
0.8535533905932737 0.007741246818737619
0.8621235414757333 0.008422617488263597
0.8704755626774794 0.008966790196039891
0.8786044232532422 0.009378025895908887
0.8865052266813687 0.00966152618007858
0.894173213813303 0.009823263864026339
0.9016037657403225 0.009869834209752685
0.9087924065757916 0.00980833032445836
0.9157348061512727 0.009646243987530756
0.9224267826248536 0.009391391055671865
0.928864305000136 0.009051858802793087
0.9350434955543556 0.008635971162904842
0.9409606321741775 0.00815226691763452
0.9466121505977576 0.007609485423238118
0.9519946465617215 0.007016554486159187
0.9571048778517655 0.006382575420356119
0.9619397662556433 0.005716801077597631
0.9664963994173694 0.005028603640695102
0.9707720325915102 0.004327430108304335
0.9747640902965183 0.0036227445785133477
0.9784701678661044 0.0029239575658465107
0.98188803289772 0.002240343586742552
0.985015626597272 0.0015809490660150835
0.9878510650192642 0.0009544932174010575
0.9903926402016152 0.0003692649234390225
0.9926388211944706 -0.00016698120768335735
0.9945882549823906 -0.0006471264725584137
0.9962397672993549 -0.0010647844533141421
0.9975923633360985 -0.001414389523674845
0.9986452283393451 -0.0016912752356279346
0.9993977281025862 -0.001891740750081797
0.9998494093481021 -0.002013103878155189
1.0 -0.0020537396762968685
