1.0 0.001993035284740628
0.9998494093481021 0.002053194789444224
0.9993977281025862 0.002233604863212524
0.9986452283393451 0.002534040960923712
0.9975923633360985 0.002954066786484115
0.9962397672993549 0.0034929481189547255
0.9945882549823906 0.004149545338047298
0.9926388211944706 0.00492219636747303
0.9903926402016152 0.005808603172177036
0.9878510650192642 0.006805735149726484
0.985015626597272 0.007909761713301081
0.98188803289772 0.009116024149441475
0.9784701678661044 0.010419053627030527
0.9747640902965183 0.01181263830300851
0.9707720325915102 0.013289938149873799
0.9664963994173694 0.01484364179362339
0.9619397662556433 0.016466155679107194
0.9571048778517655 0.018149812628165195
0.9519946465617215 0.019887084623880058
0.9466121505977576 0.02167078365918878
0.9409606321741775 0.023494234845763184
0.9350434955543556 0.025351407692402742
0.928864305000136 0.0272369944194388
0.9224267826248536 0.029146428158004483
0.9157348061512727 0.031075838581397702
0.9087924065757916 0.03302194755520934
0.9016037657403225 0.034981912362844154
0.894173213813303 0.036953128550904844
0.8865052266813687 0.038933008064092445
0.8786044232532422 0.0409187507852867
0.8704755626774794 0.04290712863781028
0.8621235414757333 0.044894300929072546
0.8535533905932737 0.046875677625270944
0.8447702723685334 0.04884584387625724
0.8357794774235092 0.05079855460291695
0.8265864214768883 0.052726802657266446
0.8171966420818224 0.05462295837825733
0.8076157952903136 0.056478972741471054
0.7978496522462164 0.05828663118735539
0.7879040957089227 0.06003784102436557
0.7777851165098009 0.06172493238555536
0.7674988099435485 0.06334095131757515
0.7570513720966108 0.06487992382899088
0.746449096114892 0.06633707161936504
0.7356983684129987 0.06770896361919986
0.7248056648273034 0.06899359213893409
0.713777546715141 0.07019036799510958
0.7026206570024947 0.07130003502080032
0.691341716182545 0.07232451040161753
0.6799475182674938 0.07326666283093507
0.6684449266961098 0.07413004510634645
0.6568408701994456 0.07491860112260003
0.645142338627231 0.07563636898456451
0.6333563787374491 0.0762872020212812
0.6214900899516319 0.07687452781961131
0.6095506200784349 0.07740116214258046
0.5975451610080642 0.07786919001147943
0.5854809443801506 0.07827992067945844
0.5733652372276805 0.07863391715531014
0.5612053375996082 0.07893109484147048
0.54900857016478 0.07917087822699485
0.5367822817998334 0.07935239988596865
0.5245338371637088 0.07947472266275665
0.512270614261456 0.07953706416035597
0.4999999999999999 0.07953900263997098
0.4877293857385438 0.07948064519849858
0.475466162836291 0.0793627424800968
0.46321771820016633 0.07918673892664264
0.4509914298352198 0.07895475329276494
0.43879466240039156 0.0786694903725691
0.42663476277231926 0.07833409108837755
0.41451905561984914 0.07795193375287739
0.4024548389919357 0.0775264039488881
0.3904493799215649 0.07706065366766539
0.3785099100483679 0.07655737181226281
0.36664362126255073 0.0760185877508073
0.35485766137276875 0.07544552729335001
0.3431591298005543 0.07483853641963305
0.33155507330389 0.0741970826048993
0.320052481732506 0.07351983710285125
0.30865828381745486 0.07280483456760849
0.29737934299750524 0.07204969950058636
0.28622245328485874 0.07125192277085671
0.27519433517269654 0.07040916641592183
0.26430163158700104 0.06951957153668446
0.2535509038851079 0.0685820426856592
0.2429486279033891 0.06759648288893413
0.23250119005645137 0.06656395634802492
0.2222148834901989 0.06548676077119857
0.2120959042910774 0.0643683978536641
0.20215034775378343 0.0632134381883466
0.19238420470968637 0.06202728526174711
0.18280335791817703 0.06081585152598827
0.17341357852311146 0.05958516717682782
0.16422052257649067 0.058340948583088394
0.15522972763146647 0.05708815776696134
0.14644660940672616 0.05583058651900954
0.1378764585242665 0.05457049840380614
0.12952443732252045 0.05330835901746913
0.12139557674675777 0.052042679538892564
0.11349477331863145 0.05076999120425421
0.10582678618669683 0.049484959330111884
0.09839623425967753 0.04818063554880105
0.09120759342420814 0.04684883672400063
0.08426519384872727 0.04548062934250359
0.07757321737514639 0.04406688976699226
0.07113569499986394 0.042598904242692484
0.06495650444564427 0.04106896850781435
0.059039367825822475 0.03947094562193848
0.05338784940224234 0.03780074235486858
0.048005353438278275 0.036056669111143025
0.042895122148234655 0.034239655626683504
0.038060233744356575 0.03235330408935988
0.03350360058263052 0.03040377226321344
0.029227967408489597 0.028399490873626847
0.025235909703481607 0.02635073110777229
0.021529832133895532 0.024269048764463612
0.018111967102280024 0.02216664056824354
0.014984373402728013 0.02005565477538297
0.012148934980735715 0.017947501939124668
0.009607359798384785 0.015852212264876774
0.007361178805529334 0.01377788329645939
0.005411745017609493 0.01173025588936631
0.0037602327006450165 0.009712447928324972
0.0024076366639015356 0.007724864614753634
0.0013547716606548965 0.005765292123153876
0.0006022718974137975 0.003829168847141973
0.00015059065189787502 0.0019100162131157933
0.0 0.0
0.00015059065189787502 -0.0015102576049288098
0.0006022718974137975 -0.0030079050587694914
0.0013547716606548965 -0.004480204143189175
0.0024076366639015356 -0.0059153376704616555
0.0037602327006450165 -0.007302812334048532
0.005411745017609493 -0.00863379616026944
0.007361178805529334 -0.009901375155383354
0.009607359798384785 -0.011100718647764003
0.012148934980735715 -0.012229148287400429
0.014984373402728013 -0.01328611131195186
0.018111967102280024 -0.014273064138901625
0.021529832133895532 -0.015193277234980804
0.025235909703481607 -0.016051576230021833
0.029227967408489597 -0.016854037133336382
0.03350360058263052 -0.01760765511193494
0.038060233744356575 -0.018320006532410896
0.042895122148234655 -0.018998922882363246
0.048005353438278275 -0.019652192898616763
0.05338784940224234 -0.020287305948662047
0.059039367825822475 -0.0209112457167257
0.06495650444564427 -0.021530338860377966
0.07113569499986394 -0.022150158871797464
0.07757321737514639 -0.022775481238067947
0.08426519384872727 -0.023410282454010164
0.09120759342420814 -0.024057772751451163
0.09839623425967753 -0.02472045074997765
0.10582678618669683 -0.025400167699955064
0.11349477331863145 -0.026098189581189448
0.12139557674675777 -0.026815246951929758
0.12952443732252045 -0.02755156494258698
0.1378764585242665 -0.028306868918497194
0.14644660940672616 -0.0290803648101124
0.15522972763146647 -0.02987069661619873
0.16422052257649067 -0.030675886815249093
0.17341357852311146 -0.03149326808682134
0.18280335791817703 -0.032319416610303436
0.19238420470968637 -0.033150098103026694
0.20215034775378343 -0.03398023759260413
0.2120959042910774 -0.03480392268764631
0.2222148834901989 -0.035614447902631075
0.23250119005645137 -0.03640440457440348
0.2429486279033891 -0.0371658173160373
0.2535509038851079 -0.037890324075417654
0.26430163158700104 -0.038569393015734324
0.27519433517269654 -0.03919456593127283
0.28622245328485874 -0.03975771505096484
0.29737934299750524 -0.04025129811549635
0.30865828381745486 -0.04066859572751937
0.320052481732506 -0.04100391527438248
0.33155507330389 -0.041252747224902235
0.3431591298005543 -0.04141186223023199
0.35485766137276875 -0.041479341050691856
0.36664362126255073 -0.041454533646303963
0.3785099100483679 -0.04133794851051528
0.3904493799215649 -0.04113107815858771
0.4024548389919357 -0.04083617125591397
0.41451905561984914 -0.04045596585135169
0.42663476277231926 -0.03999340126837565
0.43879466240039156 -0.039451328163950715
0.4509914298352198 -0.03883223693057546
0.46321771820016633 -0.03813802391977241
0.475466162836291 -0.03736981292971113
0.4877293857385438 -0.03652784614425849
0.4999999999999999 -0.035611454440417134
0.512270614261456 -0.034619111972764675
0.5245338371637088 -0.033548574526711915
0.5367822817998334 -0.03239709566630788
0.54900857016478 -0.03116170955051158
0.5612053375996082 -0.02983956479702714
0.5733652372276805 -0.028428290233070336
0.5854809443801506 -0.026926371020957286
0.5975451610080642 -0.025333512635738593
0.6095506200784349 -0.02365097056437496
0.6214900899516319 -0.02188182535953392
0.6333563787374491 -0.020031185693765635
0.645142338627231 -0.018106306118351203
0.6568408701994456 -0.016116611066228012
0.6684449266961098 -0.014073621934121596
0.6799475182674938 -0.011990789494959051
0.691341716182545 -0.00988323908646442
0.7026206570024947 -0.0077674406763117996
0.713777546715141 -0.005660819742196222
0.7248056648273034 -0.0035813277111115182
0.7356983684129987 -0.001546992333786779
0.746449096114892 0.00042453123380186753
0.7570513720966108 0.0023163886888499
0.7674988099435485 0.004112916161981485
0.7777851165098009 0.005799975984675417
0.7879040957089227 0.007365227119044071
0.7978496522462164 0.008798322801936488
0.8076157952903136 0.01009103222133176
0.8171966420818224 0.011237287221889186
0.8265864214768883 0.012233158872210636
0.8357794774235092 0.013076771999349757
0.8447702723685334 0.013768168336712107
0.8535533905932737 0.01430913062880817
0.8621235414757333 0.014702980842620334
0.8704755626774794 0.014954365565667734
0.8786044232532422 0.01506904079822162
0.8865052266813687 0.01505366679379295
0.894173213813303 0.014915621527690076
0.9016037657403225 0.014662838961485066
0.9087924065757916 0.014303675713961439
0.9157348061512727 0.013846807233434469
0.9224267826248536 0.013301152260637968
0.928864305000136 0.012675822414758668
0.9350434955543556 0.011980092229637822
0.9409606321741775 0.01122338397298812
0.9466121505977576 0.010415261116447654
0.9519946465617215 0.00956542436594659
0.9571048778517655 0.00868370465282915
0.9619397662556433 0.007780048341801379
0.9664963994173694 0.006864491029270062
0.9707720325915102 0.005947117573895158
0.9747640902965183 0.005038007310375674
0.9784701678661044 0.004147164647779868
0.98188803289772 0.0032844363621772205
0.985015626597272 0.002459417798848273
0.9878510650192642 0.0016813508651496597
0.9903926402016152 0.0009590171088403798
0.9926388211944706 0.00030062934823693425
0.9945882549823906 -0.00028627472183230464
0.9962397672993549 -0.0007949337394523826
0.9975923633360985 -0.0012194558313096625
0.9986452283393451 -0.001554901260611735
0.9993977281025862 -0.0017973525590405837
0.9998494093481021 -0.0019439705753255055
1.0 -0.001993035284740628
