1.0 0.002127469610681668
0.9998494093481021 0.002172462890032685
0.9993977281025862 0.0023073737999640517
0.9986452283393451 0.002531977203580391
0.9975923633360985 0.0028458387246449025
0.9962397672993549 0.0032482329343728354
0.9945882549823906 0.0037380419784176578
0.9926388211944706 0.0043136463450008005
0.9903926402016152 0.0049728208692959505
0.9878510650192642 0.005712649239109113
0.985015626597272 0.006529469179293141
0.98188803289772 0.007418858224481083
0.9784701678661044 0.008375666723579112
0.9747640902965183 0.00939410072692828
0.9707720325915102 0.010467853027377978
0.9664963994173694 0.011590276237906538
0.9619397662556433 0.012754587776025804
0.9571048778517655 0.013954093348267919
0.9519946465617215 0.015182413288989635
0.9466121505977576 0.016433695125598217
0.9409606321741775 0.017702796133133924
0.9350434955543556 0.018985421406584706
0.928864305000136 0.020278206004900268
0.9224267826248536 0.021578733783662343
0.9157348061512727 0.022885490319815488
0.9087924065757916 0.024197752461449847
0.9016037657403225 0.02551542209235922
0.894173213813303 0.0268388162673233
0.8865052266813687 0.028168429565058162
0.8786044232532422 0.029504687002069662
0.8704755626774794 0.030847706925277264
0.8621235414757333 0.03219709283992697
0.8535533905932737 0.03355177114122436
0.8447702723685334 0.03490988833719661
0.8357794774235092 0.03626877682583534
0.8265864214768883 0.03762499296756235
0.8171966420818224 0.038974425490247766
0.8076157952903136 0.040312466631016286
0.7978496522462164 0.04163423331008228
0.7879040957089227 0.042934821463819696
0.7777851165098009 0.04420957378370669
0.7674988099435485 0.045454339761775396
0.7570513720966108 0.046665707258320165
0.746449096114892 0.04784118677821963
0.7356983684129987 0.04897933312948436
0.7248056648273034 0.05007979387923465
0.713777546715141 0.05114327965233759
0.7026206570024947 0.052171457395307375
0.691341716182545 0.053166773771389626
0.6799475182674938 0.05413222137869293
0.6684449266961098 0.05507106504557203
0.6568408701994456 0.0559865486834282
0.645142338627231 0.056881604798135414
0.6333563787374491 0.05775858863579667
0.6214900899516319 0.05861905706437713
0.6095506200784349 0.0594636088088264
0.5975451610080642 0.060291797833532675
0.5854809443801506 0.06110212588270272
0.5733652372276805 0.061892113907553475
0.5612053375996082 0.06265844583411054
0.54900857016478 0.06339717236555806
0.5367822817998334 0.06410395773940365
0.5245338371637088 0.06477434896688544
0.512270614261456 0.06540404535563502
0.4999999999999999 0.06598914620882723
0.4877293857385438 0.06652635650994179
0.475466162836291 0.0670131339977719
0.46321771820016633 0.067447766028353
0.4509914298352198 0.06782937060846779
0.43879466240039156 0.06815782248248835
0.42663476277231926 0.06843361162619639
0.41451905561984914 0.06865764740900462
0.4024548389919357 0.06883102653022968
0.3904493799215649 0.06895478619705005
0.3785099100483679 0.0690296655889293
0.36664362126255073 0.06905589828553178
0.35485766137276875 0.0690330560202516
0.3431591298005543 0.06895996001765485
0.33155507330389 0.06883467058890813
0.320052481732506 0.06865455903083989
0.30865828381745486 0.0684164587323243
0.29737934299750524 0.06811688531989434
0.28622245328485874 0.0677523092632237
0.27519433517269654 0.0673194591596088
0.26430163158700104 0.06681563038767831
0.2535509038851079 0.06623897230156073
0.2429486279033891 0.06558872780956218
0.23250119005645137 0.06486540205463068
0.2222148834901989 0.0640708418183036
0.2120959042910774 0.06320821386808353
0.20215034775378343 0.06228187827792812
0.19238420470968637 0.061297161180609176
0.18280335791817703 0.060260039801636904
0.17341357852311146 0.059176760305093425
0.16422052257649067 0.05805341531795446
0.15522972763146647 0.05689551244600991
0.14644660940672616 0.055707567239793455
0.1378764585242665 0.054492753670469796
0.12952443732252045 0.0532526421827764
0.12139557674675777 0.05198704995447173
0.11349477331863145 0.05069402045214758
0.10582678618669683 0.0493699402457158
0.09839623425967753 0.04800979097782038
0.09120759342420814 0.0466075241179009
0.08426519384872727 0.045156536435820425
0.07757321737514639 0.04365021575501883
0.07113569499986394 0.042082520156850656
0.06495650444564427 0.04044854993935401
0.059039367825822475 0.038745070641893045
0.05338784940224234 0.03697094748180884
0.048005353438278275 0.035127456538244575
0.042895122148234655 0.033218445668747064
0.038060233744356575 0.03125032796027708
0.03350360058263052 0.029231901832557167
0.029227967408489597 0.027174003939940978
0.025235909703481607 0.02508901290327045
0.021529832133895532 0.02299023278603118
0.018111967102280024 0.020891194308706132
0.014984373402728013 0.018804918389046937
0.012148934980735715 0.016743190191337264
0.009607359798384785 0.01471589216133191
0.007361178805529334 0.012730441446043315
0.005411745017609493 0.010791370821013047
0.0037602327006450165 0.008900083175529025
0.0024076366639015356 0.00705479834594527
0.0013547716606548965 0.005250698408061922
0.0006022718974137975 0.003480264317962853
0.00015059065189787502 0.0017337839479626214
0.0 0.0
0.00015059065189787502 -0.0012463143925896835
0.0006022718974137975 -0.002485558580933541
0.0013547716606548965 -0.003710376606310797
0.0024076366639015356 -0.004914103248230749
0.0037602327006450165 -0.006091061739778909
0.005411745017609493 -0.007236807534481746
0.007361178805529334 -0.008348305656862003
0.009607359798384785 -0.009424033387480978
0.012148934980735715 -0.010464004715617188
0.014984373402728013 -0.011469717810702851
0.018111967102280024 -0.012444031382797269
0.021529832133895532 -0.013390979906548845
0.025235909703481607 -0.014315540997469997
0.029227967408489597 -0.015223370540367001
0.03350360058263052 -0.016120522340267066
0.038060233744356575 -0.017013169044753678
0.042895122148234655 -0.017907339910375592
0.048005353438278275 -0.018808688776508698
0.05338784940224234 -0.01972230256388835
0.059039367825822475 -0.020652556986744747
0.06495650444564427 -0.021603022250271033
0.07113569499986394 -0.022576417607810557
0.07757321737514639 -0.023574610075139196
0.08426519384872727 -0.024598649611667075
0.09120759342420814 -0.025648830897647117
0.09839623425967753 -0.02672477061186675
0.10582678618669683 -0.027825488916201235
0.11349477331863145 -0.0289494846686191
0.12139557674675777 -0.030094795619826104
0.12952443732252045 -0.031259037332289935
0.1378764585242665 -0.03243941756593947
0.14644660940672616 -0.03363272613340915
0.15522972763146647 -0.03483530345103457
0.16422052257649067 -0.03604299391550488
0.17341357852311146 -0.037251092562444785
0.18280335791817703 -0.03845429500194419
0.19238420470968637 -0.039646661231308646
0.20215034775378343 -0.040821603527549065
0.2120959042910774 -0.04197190723419901
0.2222148834901989 -0.04308979097366033
0.23250119005645137 -0.0441670098071415
0.2429486279033891 -0.0451950013613298
0.2535509038851079 -0.046165071220673023
0.26430163158700104 -0.04706861024624546
0.27519433517269654 -0.047897333226323086
0.28622245328485874 -0.048643525666261116
0.29737934299750524 -0.0493002838171141
0.30865828381745486 -0.04986173239098906
0.320052481732506 -0.050323204906191035
0.33155507330389 -0.050681373251070465
0.3431591298005543 -0.050934315769252135
0.35485766137276875 -0.05108151678554045
0.36664362126255073 -0.051123794775183966
0.3785099100483679 -0.05106316103879933
0.3904493799215649 -0.050902615456858376
0.4024548389919357 -0.05064589032668269
0.41451905561984914 -0.0502971571108172
0.42663476277231926 -0.04986071386536569
0.43879466240039156 -0.04934067294553901
0.4509914298352198 -0.04874066915341056
0.46321771820016633 -0.04806360773611027
0.475466162836291 -0.04731146958921858
0.4877293857385438 -0.04648518778774868
0.4999999999999999 -0.0455846053557087
0.512270614261456 -0.044608519263095496
0.5245338371637088 -0.0435548103243549
0.5367822817998334 -0.042420653310685
0.54900857016478 -0.04120279652971452
0.5612053375996082 -0.03989789569946261
0.5733652372276805 -0.03850288343572142
0.5854809443801506 -0.03701535330764526
0.5975451610080642 -0.03543393634299842
0.6095506200784349 -0.033758648143566695
0.6214900899516319 -0.031991186374613456
0.6333563787374491 -0.030135161205458165
0.645142338627231 -0.028196245109381547
0.6568408701994456 -0.026182233024991928
0.6684449266961098 -0.02410300893788994
0.6799475182674938 -0.021970420137063133
0.691341716182545 -0.01979806540944547
0.7026206570024947 -0.017601007953269115
0.713777546715141 -0.015395427551179845
0.7248056648273034 -0.013198229339376937
0.7356983684129987 -0.011026628200113372
0.746449096114892 -0.008897728328829131
0.7570513720966108 -0.006828116898854341
0.7674988099435485 -0.0048334890549413985
0.7777851165098009 -0.0029283188660272214
0.7879040957089227 -0.0011255875639902997
0.7978496522462164 0.0005634233687235549
0.8076157952903136 0.0021292706632511926
0.8171966420818224 0.00356441958379166
0.8265864214768883 0.004863250006142964
0.8357794774235092 0.006022005247995188
0.8447702723685334 0.007038693059239754
0.8535533905932737 0.00791294981527946
0.8621235414757333 0.008645879761985784
0.8704755626774794 0.009239881148309197
0.8786044232532422 0.009698470317065557
0.8865052266813687 0.010026113418219773
0.894173213813303 0.01022807350993123
0.9016037657403225 0.010310278591471557
0.9087924065757916 0.01027921374878812
0.9157348061512727 0.0101418382635192
0.9224267826248536 0.0099055263985416
0.928864305000136 0.009578028759608939
0.9350434955543556 0.00916744974084984
0.9409606321741775 0.008682235650562293
0.9466121505977576 0.00813116770166867
0.9519946465617215 0.007523354119295125
0.9571048778517655 0.006868216114014549
0.9619397662556433 0.006175463315020066
0.9664963994173694 0.005455055356866615
0.9707720325915102 0.004717147561866487
0.9747640902965183 0.0039720199536028514
0.9784701678661044 0.0032299900797671875
0.98188803289772 0.0025013112342469387
0.985015626597272 0.0017960585886434813
0.9878510650192642 0.0011240064341615538
0.9903926402016152 0.0004945001808087054
0.9926388211944706 -8.367303223765854e-05
0.9945882549823906 -0.0006024112702337537
0.9962397672993549 -0.001054418624595887
0.9975923633360985 -0.00143331659274239
0.9986452283393451 -0.001733743103702111
0.9993977281025862 -0.001951436744856524
0.9998494093481021 -0.002083304228437543
1.0 -0.002127469610681668
