1.0 0.0013825954029451578
0.9998494093481021 0.0014388049223538197
0.9993977281025862 0.0016073525331772413
0.9986452283393451 0.0018879770112918363
0.9975923633360985 0.0022801837140217786
0.9962397672993549 0.002783162506420112
0.9945882549823906 0.0033956858725554973
0.9926388211944706 0.004115998777266254
0.9903926402016152 0.004941713220104384
0.9878510650192642 0.00586972058864356
0.985015626597272 0.00689613384043139
0.98188803289772 0.008016269298648366
0.9784701678661044 0.009224674616694581
0.9747640902965183 0.010515205521231138
0.9707720325915102 0.011881149618083984
0.9664963994173694 0.013315391215790088
0.9619397662556433 0.014810607169108423
0.9571048778517655 0.01635948052538565
0.9519946465617215 0.017954916569604937
0.9466121505977576 0.01959024492577065
0.9409606321741775 0.0212593917971726
0.9350434955543556 0.0229570082165851
0.928864305000136 0.024678543214821044
0.9224267826248536 0.026420254879912893
0.9157348061512727 0.028179157056561283
0.9087924065757916 0.029952904547420073
0.9016037657403225 0.031739624709827066
0.894173213813303 0.03353770787760398
0.8865052266813687 0.035345572694092546
0.8786044232532422 0.03716142490107688
0.8704755626774794 0.03898302916208868
0.8621235414757333 0.04080751299333046
0.8535533905932737 0.04263121983967183
0.8447702723685334 0.04444962489976959
0.8357794774235092 0.04625732272142417
0.8265864214768883 0.04804809020065086
0.8171966420818224 0.049815022840530104
0.8076157952903136 0.05155073641109107
0.7978496522462164 0.05324762095304003
0.7879040957089227 0.0548981298046402
0.7777851165098009 0.05649508335171662
0.7674988099435485 0.05803196575654652
0.7570513720966108 0.0595031931437725
0.746449096114892 0.06090433361049257
0.7356983684129987 0.06223226285072147
0.7248056648273034 0.0634852438854545
0.713777546715141 0.06466292500861291
0.7026206570024947 0.06576625616016575
0.691341716182545 0.06679733004297997
0.6799475182674938 0.0677591599280189
0.6684449266961098 0.06865541079689681
0.6568408701994456 0.06949010387610882
0.645142338627231 0.07026731644987949
0.6333563787374491 0.07099089894948046
0.6214900899516319 0.07166422969445192
0.6095506200784349 0.07229002443316834
0.5975451610080642 0.07287021325432748
0.5854809443801506 0.07340589188495418
0.5733652372276805 0.0738973483031395
0.5612053375996082 0.07434415946890785
0.54900857016478 0.07474534731363706
0.5367822817998334 0.07509957839147041
0.5245338371637088 0.07540538817603236
0.512270614261456 0.07566140916762046
0.4999999999999999 0.07586658191512527
0.4877293857385438 0.07602032976470152
0.475466162836291 0.07612268148913227
0.46321771820016633 0.07617433065690586
0.4509914298352198 0.07617662628169601
0.43879466240039156 0.07613149547948343
0.42663476277231926 0.0760413050329733
0.41451905561984914 0.07590867439701289
0.4024548389919357 0.07573625728805819
0.3904493799215649 0.07552651217748466
0.3785099100483679 0.0752814834580192
0.36664362126255073 0.07500261461932184
0.35485766137276875 0.07469061245163469
0.3431591298005543 0.07434537725134513
0.33155507330389 0.07396600853228798
0.320052481732506 0.07355088927962845
0.30865828381745486 0.07309784483963415
0.29737934299750524 0.07260436569067791
0.28622245328485874 0.07206787716670673
0.27519433517269654 0.07148603424164827
0.26430163158700104 0.07085701618399157
0.2535509038851079 0.07017979458338493
0.2429486279033891 0.06945434911064062
0.23250119005645137 0.06868180840320655
0.2222148834901989 0.06786449849883805
0.2120959042910774 0.06700588793391063
0.20215034775378343 0.06611042649958324
0.19238420470968637 0.06518328312051395
0.18280335791817703 0.06422999673423765
0.17341357852311146 0.06325606173728895
0.16422052257649067 0.062266475896872925
0.15522972763146647 0.061265283062254976
0.14644660940672616 0.060255145138150334
0.1378764585242665 0.05923697736045498
0.12952443732252045 0.05820967788982554
0.12139557674675777 0.05716997725642963
0.11349477331863145 0.05611242558695347
0.10582678618669683 0.05502952633019844
0.09839623425967753 0.05391201501305308
0.09120759342420814 0.052749271136203944
0.08426519384872727 0.05152984142610439
0.07757321737514639 0.05024204404209842
0.07113569499986394 0.04887461666239731
0.06495650444564427 0.0474173671769197
0.059039367825822475 0.045861784363117754
0.05338784940224234 0.04420156757403079
0.048005353438278275 0.042433039068543454
0.042895122148234655 0.040555409886911656
0.038060233744356575 0.03857087964393846
0.03350360058263052 0.03648456163307351
0.029227967408489597 0.034304236439246676
0.025235909703481607 0.03203994901028128
0.021529832133895532 0.029703474992650327
0.018111967102280024 0.02730769130801911
0.014984373402728013 0.02486589275643718
0.012148934980735715 0.022391100368021517
0.009607359798384785 0.019895407978312102
0.007361178805529334 0.01738941099138751
0.005411745017609493 0.014881755672806666
0.0037602327006450165 0.012378838960808347
0.0024076366639015356 0.00988467827802203
0.0013547716606548965 0.007400958904985495
0.0006022718974137975 0.004927253984684722
0.00015059065189787502 0.0024614000527509476
0.0 0.0
0.00015059065189787502 -0.0015415187274893211
0.0006022718974137975 -0.0030736299173547504
0.0013547716606548965 -0.004586878453947773
0.0024076366639015356 -0.006072527561259705
0.0037602327006450165 -0.007522870402660859
0.005411745017609493 -0.008931487862642388
0.007361178805529334 -0.010293440006143283
0.009607359798384785 -0.011605382870646221
0.012148934980735715 -0.012865606865934675
0.014984373402728013 -0.014073997814175935
0.018111967102280024 -0.015231926230463004
0.021529832133895532 -0.01634207451050568
0.025235909703481607 -0.017408214987585244
0.029227967408489597 -0.01843495413485751
0.03350360058263052 -0.01942745938601668
0.038060233744356575 -0.020391185075560505
0.042895122148234655 -0.021331612894443616
0.048005353438278275 -0.022254020135715997
0.05338784940224234 -0.023163286058665584
0.059039367825822475 -0.02406374317733849
0.06495650444564427 -0.024959076466211306
0.07113569499986394 -0.025852269673780983
0.07757321737514639 -0.026745594437545282
0.08426519384872727 -0.02764063496445151
0.09120759342420814 -0.02853833889215665
0.09839623425967753 -0.029439083724793286
0.10582678618669683 -0.0303427480118246
0.11349477331863145 -0.03124877719790067
0.12139557674675777 -0.03215623572357318
0.12952443732252045 -0.033063839337765195
0.1378764585242665 -0.03396996447144607
0.14644660940672616 -0.03487263465648869
0.15522972763146647 -0.035769487073893554
0.16422052257649067 -0.03665772510503018
0.17341357852311146 -0.037534064987996836
0.18280335791817703 -0.03839468614471842
0.19238420470968637 -0.03923519530200806
0.20215034775378343 -0.04005061411507244
0.2120959042910774 -0.040835398628755244
0.2222148834901989 -0.041583496673920854
0.23250119005645137 -0.042288446360541194
0.2429486279033891 -0.04294351542251611
0.2535509038851079 -0.04354187756237764
0.26430163158700104 -0.04407681842942155
0.27519433517269654 -0.04454196073460626
0.28622245328485874 -0.04493149552849947
0.29737934299750524 -0.04524040506870699
0.30865828381745486 -0.04546466214190671
0.320052481732506 -0.04560139126799861
0.33155507330389 -0.04564897890119885
0.3431591298005543 -0.045607122471017524
0.35485766137276875 -0.04547681171038556
0.36664362126255073 -0.0452602399648135
0.3785099100483679 -0.04496064777840397
0.3904493799215649 -0.04458210569023527
0.4024548389919357 -0.04412924751892498
0.41451905561984914 -0.043606969149198975
0.42663476277231926 -0.04302011068447042
0.43879466240039156 -0.042373141573958245
0.4509914298352198 -0.04166986881600641
0.46321771820016633 -0.04091318752044456
0.475466162836291 -0.04010489101161652
0.4877293857385438 -0.03924555438834372
0.4999999999999999 -0.038334501226675734
0.512270614261456 -0.037369858182217
0.5245338371637088 -0.03634869693648707
0.5367822817998334 -0.035267257578793315
0.54900857016478 -0.03412124246774574
0.5612053375996082 -0.03290616520101154
0.5733652372276805 -0.03161773582210844
0.5854809443801506 -0.030252261031536002
0.5975451610080642 -0.02880703709291955
0.6095506200784349 -0.027280713394449176
0.6214900899516319 -0.02567360621470345
0.6333563787374491 -0.023987945037428786
0.645142338627231 -0.022228037572837266
0.6568408701994456 -0.0204003442215921
0.6684449266961098 -0.01851345776525635
0.6799475182674938 -0.016577989262981648
0.691341716182545 -0.01460636615592657
0.7026206570024947 -0.012612553125126663
0.713777546715141 -0.010611710051263249
0.7248056648273034 -0.008619804277618694
0.7356983684129987 -0.006653196139878529
0.746449096114892 -0.0047282173327667
0.7570513720966108 -0.0028607611448923584
0.7674988099435485 -0.0010659019939384022
0.7777851165098009 0.0006424408166316204
0.7879040957089227 0.0022517834198937316
0.7978496522462164 0.0037512937826493374
0.8076157952903136 0.00513194008636072
0.8171966420818224 0.00638657087521848
0.8265864214768883 0.007509930351312434
0.8357794774235092 0.008498615308464392
0.8447702723685334 0.009350982660499607
0.8535533905932737 0.010067018227452183
0.8621235414757333 0.010648178342999253
0.8704755626774794 0.011097215944567066
0.8786044232532422 0.011418002163974324
0.8865052266813687 0.011615353157048144
0.894173213813303 0.011694870136648602
0.9016037657403225 0.011662798469203029
0.9087924065757916 0.011525909434020131
0.9157348061512727 0.011291405997605435
0.9224267826248536 0.010966851876631602
0.928864305000136 0.010560121382234278
0.9350434955543556 0.010079366151037565
0.9409606321741775 0.009532993933578749
0.9466121505977576 0.008929654148940164
0.9519946465617215 0.008278224909155106
0.9571048778517655 0.007587796620068613
0.9619397662556433 0.006867648003232524
0.9664963994173694 0.0061272113653645585
0.9707720325915102 0.00537602506882494
0.9747640902965183 0.00462367232970413
0.9784701678661044 0.0038797065989271146
0.98188803289772 0.003153564790297276
0.985015626597272 0.0024544704508272543
0.9878510650192642 0.0017913295877694398
0.9903926402016152 0.0011726222600259887
0.9926388211944706 0.0006062932156898947
0.9945882549823906 9.964483558120934e-05
0.9962397672993549 -0.0003407645399718018
0.9975923633360985 -0.0007092141252681625
0.9986452283393451 -0.0010009036453653944
0.9993977281025862 -0.001212023747970073
0.9998494093481021 -0.001339812300984734
1.0 -0.0013825954029451578
