1.0 0.0015686516441600744
0.9998494093481021 0.001622054651937354
0.9993977281025862 0.0017822196991235189
0.9986452283393451 0.0020489953376064225
0.9975923633360985 0.0024220661382183648
0.9962397672993549 0.002900865156564119
0.9945882549823906 0.00348446471204274
0.9926388211944706 0.004171457343524498
0.9903926402016152 0.004959840246605272
0.9878510650192642 0.005846916714053419
0.985015626597272 0.006829227058415207
0.98188803289772 0.007902519269309094
0.9784701678661044 0.009061766427577486
0.9747640902965183 0.010301233933760182
0.9707720325915102 0.01161459524620646
0.9664963994173694 0.012995090440584493
0.9619397662556433 0.014435717880977798
0.9571048778517655 0.015929445991306686
0.9519946465617215 0.01746942983657563
0.9466121505977576 0.01904921618608595
0.9409606321741775 0.02066292105289024
0.9350434955543556 0.022305365389591072
0.928864305000136 0.023972157559052017
0.9224267826248536 0.025659715171017634
0.9157348061512727 0.027365223572606134
0.9087924065757916 0.029086533326480014
0.9016037657403225 0.030822003993697167
0.894173213813303 0.032570306045127506
0.8865052266813687 0.03433019637434917
0.8786044232532422 0.03610028535879229
0.8704755626774794 0.03787881448855133
0.8621235414757333 0.039663463139052696
0.8535533905932737 0.04145120111220898
0.8447702723685334 0.043238200241862805
0.8357794774235092 0.04501981389865676
0.8265864214768883 0.04679062797836017
0.8171966420818224 0.04854458132690852
0.8076157952903136 0.050275147992585034
0.7978496522462164 0.051975568649405966
0.7879040957089227 0.053639114418842074
0.7777851165098009 0.05525936347301632
0.7674988099435485 0.056830469476723995
0.7570513720966108 0.058347401244093045
0.746449096114892 0.05980613494358722
0.7356983684129987 0.06120378364557534
0.7248056648273034 0.06253865371060924
0.713777546715141 0.06381022310182176
0.7026206570024947 0.06501904273468181
0.691341716182545 0.06616656797467058
0.6799475182674938 0.06725493287900328
0.6684449266961098 0.06828668430947925
0.6568408701994456 0.06926449624958031
0.645142338627231 0.0701908862728238
0.6333563787374491 0.0710679559895518
0.6214900899516319 0.0718971754425141
0.6095506200784349 0.07267922796435825
0.5975451610080642 0.0734139272192023
0.5854809443801506 0.0741002124023788
0.5733652372276805 0.07473622132415901
0.5612053375996082 0.07531943485595723
0.54900857016478 0.07584688047640487
0.5367822817998334 0.07631537788818202
0.5245338371637088 0.07672180627788829
0.512270614261456 0.0770633710460334
0.4999999999999999 0.07733784789593878
0.4877293857385438 0.07754378404661665
0.475466162836291 0.0776806398852054
0.46321771820016633 0.07774885932075676
0.4509914298352198 0.0777498630475172
0.43879466240039156 0.07768596539052064
0.42663476277231926 0.07756022185954187
0.41451905561984914 0.07737622044407362
0.4024548389919357 0.077137834544984
0.3904493799215649 0.0768489588400868
0.3785099100483679 0.07651325101765077
0.36664362126255073 0.07613390202129565
0.35485766137276875 0.07571345522542788
0.3431591298005543 0.07525369095516399
0.33155507330389 0.07475558728074361
0.320052481732506 0.07421936148316587
0.30865828381745486 0.07364458952921579
0.29737934299750524 0.07303039388791452
0.28622245328485874 0.0723756836523433
0.27519433517269654 0.0716794257469355
0.26430163158700104 0.07094092246252044
0.2535509038851079 0.07016006900808124
0.2429486279033891 0.06933756538461287
0.23250119005645137 0.06847505968654466
0.2222148834901989 0.06757520475767334
0.2120959042910774 0.06664161664210673
0.20215034775378343 0.06567873100247064
0.19238420470968637 0.06469156204358116
0.18280335791817703 0.06368537682956812
0.17341357852311146 0.0626653055492042
0.16422052257649067 0.06163591463676762
0.15522972763146647 0.06060077414893447
0.14644660940672616 0.05956205301743482
0.1378764585242665 0.05852017549387926
0.12952443732252045 0.0574735692176678
0.12139557674675777 0.05641853000849513
0.11349477331863145 0.05534922104150852
0.10582678618669683 0.054257815005922326
0.09839623425967753 0.053134777812832545
0.09120759342420814 0.051969282131091914
0.08426519384872727 0.05074972925397047
0.07757321737514639 0.04946434927592103
0.07113569499986394 0.04810184295294047
0.06495650444564427 0.046652024467856226
0.059039367825822475 0.04510642298795977
0.05338784940224234 0.0434588025494647
0.048005353438278275 0.041705564376446895
0.042895122148234655 0.039846002969340655
0.038060233744356575 0.0378823967076019
0.03350360058263052 0.035819924662493986
0.029227967408489597 0.03366641304563646
0.025235909703481607 0.03143192639515539
0.021529832133895532 0.029128229384332568
0.018111967102280024 0.026768154241869454
0.014984373402728013 0.02436491552496739
0.012148934980735715 0.021931417876133327
0.009607359798384785 0.01947960311385529
0.007361178805529334 0.017019880474514772
0.005411745017609493 0.0145606781910883
0.0037602327006450165 0.012108146241412786
0.0024076366639015356 0.009666029602304147
0.0013547716606548965 0.007235719441149876
0.0006022718974137975 0.004816477204908432
0.00015059065189787502 0.0024058144137968467
0.0 0.0
0.00015059065189787502 -0.0013893335649165534
0.0006022718974137975 -0.0027680724585968904
0.0013547716606548965 -0.004125573025762607
0.0024076366639015356 -0.005452016689349556
0.0037602327006450165 -0.006738768686170171
0.005411745017609493 -0.007978675870131725
0.007361178805529334 -0.00916628932441153
0.009607359798384785 -0.010298002162950456
0.012148934980735715 -0.011372098062289962
0.014984373402728013 -0.012388711392119296
0.018111967102280024 -0.013349704944277167
0.021529832133895532 -0.014258475851446857
0.025235909703481607 -0.015119704037991342
0.029227967408489597 -0.01593906022084053
0.03350360058263052 -0.016722891923956536
0.038060233744356575 -0.017477906123170104
0.042895122148234655 -0.018210866031518422
0.048005353438278275 -0.018928317292158246
0.05338784940224234 -0.0196363556705252
0.059039367825822475 -0.02034044449768123
0.06495650444564427 -0.021045285923524774
0.07113569499986394 -0.021754745821092783
0.07757321737514639 -0.022471828264131147
0.08426519384872727 -0.02319869217067995
0.09120759342420814 -0.023936700203600444
0.09839623425967753 -0.024686488511935983
0.10582678618669683 -0.02544804546917149
0.11349477331863145 -0.02622078821208335
0.12139557674675777 -0.027003627416512424
0.12952443732252045 -0.02779501319511018
0.1378764585242665 -0.028592958033770814
0.14644660940672616 -0.029395036019933603
0.15522972763146647 -0.03019836095671309
0.16422052257649067 -0.03099954900328811
0.17341357852311146 -0.031794673961484284
0.18280335791817703 -0.03257922501620623
0.19238420470968637 -0.03334807747448053
0.20215034775378343 -0.03409548675439598
0.2120959042910774 -0.03481511455678948
0.2222148834901989 -0.035500093900284226
0.23250119005645137 -0.03614313668418211
0.2429486279033891 -0.03673668389952612
0.2535509038851079 -0.037273094819788945
0.26430163158700104 -0.03774486777819112
0.27519433517269654 -0.03814488178920597
0.28622245328485874 -0.03846664558509516
0.29737934299750524 -0.038704538856386056
0.30865828381745486 -0.03885402978494757
0.320052481732506 -0.03891185343688267
0.33155507330389 -0.03887613724856156
0.3431591298005543 -0.0387464626111126
0.35485766137276875 -0.038523855269344674
0.36664362126255073 -0.03821070165895971
0.3785099100483679 -0.037810593112340904
0.3904493799215649 -0.03732810473363513
0.4024548389919357 -0.036768520332108104
0.41451905561984914 -0.036137518776233245
0.42663476277231926 -0.03544084019504532
0.43879466240039156 -0.03468395237300999
0.4509914298352198 -0.033871738302261575
0.46321771820016633 -0.03300822510290509
0.475466162836291 -0.03209637242415836
0.4877293857385438 -0.03113793511581922
0.4999999999999999 -0.030133410615656005
0.512270614261456 -0.0290820764099699
0.5245338371637088 -0.027982117420086737
0.5367822817998334 -0.026830837604656127
0.54900857016478 -0.02562494480875704
0.5612053375996082 -0.02436089327798698
0.5733652372276805 -0.023035264587269767
0.5854809443801506 -0.021645165244509323
0.5975451610080642 -0.020188618073535197
0.6095506200784349 -0.018664924724946005
0.6214900899516319 -0.01707497828077379
0.6333563787374491 -0.015421507793033602
0.645142338627231 -0.013709240530446561
0.6568408701994456 -0.011944972439349041
0.6684449266961098 -0.010137542544498808
0.6799475182674938 -0.008297712388453586
0.691341716182545 -0.006437956797561107
0.7026206570024947 -0.00457217695198003
0.713777546715141 -0.0027153506513181583
0.7248056648273034 -0.0008831375896334546
0.7356983684129987 0.0009085407619402101
0.746449096114892 0.0026439264867717535
0.7570513720966108 0.004307836201637363
0.7674988099435485 0.005886039828564894
0.7777851165098009 0.0073655919613969095
0.7879040957089227 0.00873510401699303
0.7978496522462164 0.00998494923187208
0.8076157952903136 0.011107396650507669
0.8171966420818224 0.012096674283355582
0.8265864214768883 0.012948965341326918
0.8357794774235092 0.013662344663613133
0.8447702723685334 0.014236664979743708
0.8535533905932737 0.014673404373006491
0.8621235414757333 0.014975487190157684
0.8704755626774794 0.015147090681549291
0.8786044232532422 0.015193448922401516
0.8865052266813687 0.01512066417379146
0.894173213813303 0.014935533941463176
0.9016037657403225 0.0146453997556003
0.9087924065757916 0.014258021308306047
0.9157348061512727 0.013781477226141836
0.9224267826248536 0.013224091583891373
0.928864305000136 0.012594383416264898
0.9350434955543556 0.011901035054779548
0.9409606321741775 0.011152874166117615
0.9466121505977576 0.010358863913797851
0.9519946465617215 0.00952809568648986
0.9571048778517655 0.008669779279894268
0.9619397662556433 0.007793226204869216
0.9664963994173694 0.006907822825168937
0.9707720325915102 0.006022991198658088
0.9747640902965183 0.00514813670238417
0.9784701678661044 0.004292582670290702
0.98188803289772 0.0034654932847834143
0.985015626597272 0.002675786782968448
0.9878510650192642 0.0019320416316103285
0.9903926402016152 0.0012423986815281321
0.9926388211944706 0.0006144624433042335
0.9945882549823906 5.520456021876905e-05
0.9962397672993549 -0.00042912766816406234
0.9975923633360985 -0.0008330951903909223
0.9986452283393451 -0.0011521414082685437
0.9993977281025862 -0.0013826549690568396
0.9998494093481021 -0.001522019830121047
1.0 -0.0015686516441600744
