1.0 0.0019651314595060154
0.9998494093481021 0.002020089033739923
0.9993977281025862 0.002184907990631151
0.9986452283393451 0.002459407499385342
0.9975923633360985 0.0028432231383318765
0.9962397672993549 0.0033357194113521967
0.9945882549823906 0.0039358807550608855
0.9926388211944706 0.004642193039475736
0.9903926402016152 0.00545252902182915
0.9878510650192642 0.006364051429486381
0.985015626597272 0.007373146288045335
0.98188803289772 0.00847539685036192
0.9784701678661044 0.009665605202791756
0.9747640902965183 0.010937864598581433
0.9707720325915102 0.012285681135645665
0.9664963994173694 0.013702138937440758
0.9619397662556433 0.015180098899710117
0.9571048778517655 0.01671241769590934
0.9519946465617215 0.01829217139736019
0.9466121505977576 0.019912866985003903
0.9409606321741775 0.021568625329612685
0.9350434955543556 0.02325432090360907
0.928864305000136 0.024965666450901886
0.9224267826248536 0.026699234863034646
0.9157348061512727 0.028452415279929484
0.9087924065757916 0.030223305573404035
0.9016037657403225 0.032010548466072986
0.894173213813303 0.033813123168557516
0.8865052266813687 0.03563010819669064
0.8786044232532422 0.0374604336338262
0.8704755626774794 0.0393026422986789
0.8621235414757333 0.04115467894503501
0.8535533905932737 0.04301372475758832
0.8447702723685334 0.04487609114376807
0.8357794774235092 0.046737182395917204
0.8265864214768883 0.048591531550041006
0.8171966420818224 0.05043290810596021
0.8076157952903136 0.052254490646913974
0.7978496522462164 0.054049092254841044
0.7879040957089227 0.0558094223771283
0.7777851165098009 0.05752836580990094
0.7674988099435485 0.05919925797324666
0.7570513720966108 0.06081613579815324
0.746449096114892 0.062373945326108154
0.7356983684129987 0.06386869041128823
0.7248056648273034 0.06529751146049735
0.713777546715141 0.06665868859263167
0.7026206570024947 0.06795156951702773
0.691341716182545 0.06917642834675375
0.6799475182674938 0.07033426700331774
0.6684449266961098 0.07142657539284006
0.6568408701994456 0.07245506977076974
0.645142338627231 0.07342143039439368
0.6333563787374491 0.07432705954538765
0.6214900899516319 0.07517287928091919
0.6095506200784349 0.07595918497228857
0.5975451610080642 0.07668556607480691
0.5854809443801506 0.07735090001061616
0.5733652372276805 0.07795341898649273
0.5612053375996082 0.07849084350451078
0.54900857016478 0.07896057075230827
0.5367822817998334 0.0793599014429548
0.5245338371637088 0.07968628539928255
0.512270614261456 0.0799375645246969
0.4999999999999999 0.08011219192209464
0.4877293857385438 0.08020940782051911
0.475466162836291 0.08022935650523245
0.46321771820016633 0.08017313334411848
0.4509914298352198 0.08004275686945608
0.43879466240039156 0.07984106723201538
0.42663476277231926 0.07957155867023849
0.41451905561984914 0.0792381594025646
0.4024548389919357 0.07884497706600865
0.3904493799215649 0.07839603107852522
0.3785099100483679 0.07789499480025633
0.36664362126255073 0.07734496995338165
0.35485766137276875 0.07674831343109399
0.3431591298005543 0.07610653254018443
0.33155507330389 0.07542025918361969
0.320052481732506 0.07468930692965227
0.30865828381745486 0.07391280785557909
0.29737934299750524 0.07308941907241653
0.28622245328485874 0.07221758251294594
0.27519433517269654 0.07129581644051147
0.26430163158700104 0.0703230136649743
0.2535509038851079 0.0692987199667403
0.2429486279033891 0.06822336690787208
0.23250119005645137 0.06709843605806376
0.2222148834901989 0.06592653651447816
0.2120959042910774 0.06471138411410426
0.20215034775378343 0.06345767844850288
0.19238420470968637 0.06217088210854025
0.18280335791817703 0.06085691486173345
0.17341357852311146 0.05952178303366995
0.16422052257649067 0.058171170601962044
0.15522972763146647 0.0568100228786133
0.14644660940672616 0.05544215574904968
0.1378764585242665 0.05406992301494327
0.12952443732252045 0.05269397140446138
0.12139557674675777 0.051313107416603033
0.11349477331863145 0.04992429269553505
0.10582678618669683 0.04852277559498013
0.09839623425967753 0.047102356634040714
0.09120759342420814 0.045655775394025995
0.08426519384872727 0.04417519682406837
0.07757321737514639 0.04265276665081278
0.07113569499986394 0.04108119928290886
0.06495650444564427 0.039454357790976134
0.059039367825822475 0.037767784580134384
0.05338784940224234 0.03601914340260198
0.048005353438278275 0.034208538310284024
0.042895122148234655 0.03233868273152286
0.038060233744356575 0.03041490158160407
0.03350360058263052 0.02844496052505048
0.029227967408489597 0.02643872841955829
0.025235909703481607 0.024407690741235135
0.021529832133895532 0.022364342568778735
0.018111967102280024 0.02032149869863425
0.014984373402728013 0.018291564999228183
0.012148934980735715 0.016285818683253957
0.009607359798384785 0.01431374548287172
0.007361178805529334 0.01238247868500527
0.005411745017609493 0.010496378792802706
0.0037602327006450165 0.008656783623517255
0.0024076366639015356 0.006861947533085467
0.0013547716606548965 0.005107175933900351
0.0006022718974137975 0.0033851482111192637
0.00015059065189787502 0.0016864094548551874
0.0 0.0
0.00015059065189787502 -0.0015450954726304005
0.0006022718974137975 -0.003079884563648961
0.0013547716606548965 -0.004593873478470914
0.0024076366639015356 -0.006077356841390539
0.0037602327006450165 -0.007521761311544452
0.005411745017609493 -0.008919931853922725
0.007361178805529334 -0.010266347249265093
0.009607359798384785 -0.011557255792469067
0.012148934980735715 -0.012790726983088332
0.014984373402728013 -0.013966620018200912
0.018111967102280024 -0.015086474715048884
0.021529832133895532 -0.016153334794125063
0.025235909703481607 -0.017171516960072644
0.029227967408489597 -0.018146341706955015
0.03350360058263052 -0.01908384310250155
0.038060233744356575 -0.019990474916107177
0.042895122148234655 -0.020872829380820898
0.048005353438278275 -0.021737382739613783
0.05338784940224234 -0.02259027871611457
0.059039367825822475 -0.02343715742508313
0.06495650444564427 -0.024283033293353257
0.07113569499986394 -0.025132221609820378
0.07757321737514639 -0.02598830966797695
0.08426519384872727 -0.02685416538062077
0.09120759342420814 -0.027731973956484284
0.09839623425967753 -0.028623291887608454
0.10582678618669683 -0.02952910718025776
0.11349477331863145 -0.03044989546306527
0.12139557674675777 -0.03138566323367046
0.12952443732252045 -0.03233597189491857
0.1378764585242665 -0.03329993915891909
0.14644660940672616 -0.03427621759519136
0.15522972763146647 -0.0352629532808254
0.16422052257649067 -0.0362577303920927
0.17341357852311146 -0.03725750990014357
0.18280335791817703 -0.03825857208686549
0.19238420470968637 -0.03925647323295109
0.20215034775378343 -0.0402460264768567
0.2120959042910774 -0.04122131551068095
0.2222148834901989 -0.042175747558711923
0.23250119005645137 -0.043102149142961406
0.2429486279033891 -0.04399290470609553
0.2535509038851079 -0.04484013450898235
0.26430163158700104 -0.045635904644208865
0.27519433517269654 -0.04637245880516968
0.28622245328485874 -0.047042458896381215
0.29737934299750524 -0.04763921989337076
0.30865828381745486 -0.04815692372537914
0.320052481732506 -0.04859079744973909
0.33155507330389 -0.04893724261669238
0.3431591298005543 -0.049193905404613845
0.35485766137276875 -0.049359680673575136
0.36664362126255073 -0.049434647305025975
0.3785099100483679 -0.0494199367784097
0.3904493799215649 -0.04931754156002272
0.4024548389919357 -0.04913007421391155
0.41451905561984914 -0.04886049187212737
0.42663476277231926 -0.048511803543111874
0.43879466240039156 -0.04808677947178307
0.4509914298352198 -0.047587682247459004
0.46321771820016633 -0.04701603852671431
0.475466162836291 -0.046372468129285416
0.4877293857385438 -0.04565658399737066
0.4999999999999999 -0.044866972284606385
0.512270614261456 -0.044001256930632254
0.5245338371637088 -0.04305624779922135
0.5367822817998334 -0.04202816615781022
0.54900857016478 -0.0409129363019268
0.5612053375996082 -0.039706527806084926
0.5733652372276805 -0.038405329495966395
0.5854809443801506 -0.037006534004905334
0.5975451610080642 -0.03550851084295089
0.6095506200784349 -0.033911146324527866
0.6214900899516319 -0.032216130436775244
0.6333563787374491 -0.030427173664572028
0.645142338627231 -0.028550140722685073
0.6568408701994456 -0.026593092820558828
0.6684449266961098 -0.024566235197293805
0.6799475182674938 -0.022481771887001848
0.691341716182545 -0.020353674681433242
0.7026206570024947 -0.018197377742704253
0.713777546715141 -0.016029413020892565
0.7248056648273034 -0.013867004344154815
0.7356983684129987 -0.011727639638009551
0.746449096114892 -0.009628641137826133
0.7570513720966108 -0.007586752705086983
0.7674988099435485 -0.005617761538728606
0.7777851165098009 -0.0037361688480751307
0.7879040957089227 -0.0019549206356703226
0.7978496522462164 -0.0002852058742251816
0.8076157952903136 0.0012636746833949155
0.8171966420818224 0.0026843697855922603
0.8265864214768883 0.003971473417041257
0.8357794774235092 0.005121462452785139
0.8447702723685334 0.006132586104691549
0.8535533905932737 0.007004718640470869
0.8621235414757333 0.007739187616516154
0.8704755626774794 0.008338589795656498
0.8786044232532422 0.008806606089339102
0.8865052266813687 0.009147825387394556
0.894173213813303 0.009367585169616425
0.9016037657403225 0.009471834506593169
0.9087924065757916 0.00946702263576233
0.9157348061512727 0.009360013920516682
0.9224267826248536 0.009158027825758011
0.928864305000136 0.008868600705054708
0.9350434955543556 0.008499564789624011
0.9409606321741775 0.00805903885518943
0.9466121505977576 0.007555424636214447
0.9519946465617215 0.006997403136567241
0.9571048778517655 0.006393925496453739
0.9619397662556433 0.005754193936453868
0.9664963994173694 0.005087629412227113
0.9707720325915102 0.0044038238713008035
0.9747640902965183 0.0037124763006980118
0.9784701678661044 0.0030233129946476934
0.98188803289772 0.002345993574806969
0.985015626597272 0.0016900052015261537
0.9878510650192642 0.001064548086970618
0.9903926402016152 0.0004784158459112044
0.9926388211944706 -6.012559446629483e-05
0.9945882549823906 -0.0005434568328542377
0.9962397672993549 -0.0009647180917058797
0.9975923633360985 -0.0013179134212984514
0.9986452283393451 -0.0015980032758758976
0.9993977281025862 -0.001800983188566656
0.9998494093481021 -0.0019239467392421286
1.0 -0.0019651314595060154
