1.0 0.0018108948956023472
0.9998494093481021 0.0018620431636114667
0.9993977281025862 0.0020154310534003274
0.9986452283393451 0.0022708686717353003
0.9975923633360985 0.002627977732851345
0.9962397672993549 0.003086105810899876
0.9945882549823906 0.0036442195391777838
0.9926388211944706 0.004300788542009117
0.9903926402016152 0.005053673309239628
0.9878510650192642 0.005900030425947625
0.985015626597272 0.006836247517052699
0.98188803289772 0.007857918033877613
0.9784701678661044 0.008959862777404116
0.9747640902965183 0.010136201090546637
0.9707720325915102 0.011380470296010773
0.9664963994173694 0.012685787582972376
0.9619397662556433 0.014045044537936459
0.9571048778517655 0.015451121230384854
0.9519946465617215 0.016897104503780177
0.9466121505977576 0.018376494106271356
0.9409606321741775 0.01988338064010016
0.9350434955543556 0.021412581017867513
0.928864305000136 0.022959720075883615
0.9224267826248536 0.02452125099059277
0.9157348061512727 0.02609441186359836
0.9087924065757916 0.02767712090795616
0.9016037657403225 0.029267817671145197
0.894173213813303 0.030865262254295485
0.8865052266813687 0.03246830815079427
0.8786044232532422 0.03407566681243592
0.8704755626774794 0.03568568313122277
0.8621235414757333 0.037296140584465426
0.8535533905932737 0.03890411283691668
0.8447702723685334 0.04050587525673486
0.8357794774235092 0.04209688532697547
0.8265864214768883 0.0436718356619783
0.8171966420818224 0.045224777678892436
0.8076157952903136 0.04674930837616334
0.7978496522462164 0.04823880758176347
0.7879040957089227 0.049686708867750756
0.7777851165098009 0.051086784428762876
0.7674988099435485 0.05243342283686277
0.7570513720966108 0.053721878841543405
0.746449096114892 0.05494847627899359
0.7356983684129987 0.05611074855469478
0.7248056648273034 0.0572075058116966
0.713777546715141 0.05823882343453746
0.7026206570024947 0.05920595253210698
0.691341716182545 0.06011115901781165
0.6799475182674938 0.06095750338575626
0.6684449266961098 0.06174857782682563
0.6568408701994456 0.06248822056995641
0.645142338627231 0.06318022900521643
0.6333563787374491 0.06382809310495538
0.6214900899516319 0.0644347689028477
0.6095506200784349 0.06500250845244211
0.5975451610080642 0.06553275803019239
0.5854809443801506 0.06602613074494142
0.5733652372276805 0.06648245361800104
0.5612053375996082 0.0669008831002998
0.54900857016478 0.06728007739411908
0.5367822817998334 0.06761840930826345
0.5245338371637088 0.06791420008369946
0.512270614261456 0.06816595296110148
0.4999999999999999 0.06837256537058552
0.4877293857385438 0.06853350051081193
0.475466162836291 0.0686489026067585
0.46321771820016633 0.06871964501352783
0.4509914298352198 0.06874730617315541
0.43879466240039156 0.06873407475384882
0.42663476277231926 0.06868259158167404
0.41451905561984914 0.06859574168499555
0.4024548389919357 0.06847641442317402
0.3904493799215649 0.06832725285462152
0.3785099100483679 0.06815041492183083
0.36664362126255073 0.06794736853985714
0.35485766137276875 0.06771874027313274
0.3431591298005543 0.06746423313482763
0.33155507330389 0.06718262345246431
0.320052481732506 0.06687184014771483
0.30865828381745486 0.06652912270412317
0.29737934299750524 0.0661512471219883
0.28622245328485874 0.06573480286817213
0.27519433517269654 0.06527649876157614
0.26430163158700104 0.064773472347191
0.2535509038851079 0.06422357593239895
0.2429486279033891 0.06362561326339175
0.23250119005645137 0.06297950380976654
0.2222148834901989 0.06228635662784388
0.2120959042910774 0.061548442447733095
0.20215034775378343 0.06076906049202908
0.19238420470968637 0.0599523049933668
0.18280335791817703 0.05910274477800257
0.17341357852311146 0.05822503695356899
0.16422052257649067 0.05732350205028203
0.15522972763146647 0.05640169237436171
0.14644660940672616 0.05546198743208515
0.1378764585242665 0.05450524983308036
0.12952443732252045 0.05353057203370499
0.12139557674675777 0.05253513878649308
0.11349477331863145 0.05151422256284204
0.10582678618669683 0.0504613200267806
0.09839623425967753 0.049368427505973936
0.09120759342420814 0.04822644306842133
0.08426519384872727 0.047025673039951435
0.07757321737514639 0.045756412335227585
0.07113569499986394 0.04440956148941536
0.06495650444564427 0.042977239302232524
0.059039367825822475 0.041453348898781266
0.05338784940224234 0.039834056924893266
0.048005353438278275 0.03811815046058891
0.042895122148234655 0.03630724376609752
0.038060233744356575 0.03440581668132941
0.03350360058263052 0.03242107772357238
0.029227967408489597 0.030362656888621893
0.025235909703481607 0.02824214500979626
0.021529832133895532 0.02607250741422948
0.018111967102280024 0.023867408740674806
0.014984373402728013 0.021640492468438664
0.012148934980735715 0.01940466244123311
0.009607359798384785 0.017171414147821876
0.007361178805529334 0.01495026066976472
0.005411745017609493 0.01274829219067915
0.0037602327006450165 0.010569899175530029
0.0024076366639015356 0.008416678369030851
0.0013547716606548965 0.0062875283861302395
0.0006022718974137975 0.004178928738167657
0.00015059065189787502 0.002085383563656011
0.0 0.0
0.00015059065189787502 -0.001604652853258702
0.0006022718974137975 -0.0032000254625709646
0.0013547716606548965 -0.004776655828509399
0.0024076366639015356 -0.006325790444385611
0.0037602327006450165 -0.007839692078009565
0.005411745017609493 -0.009311894933197633
0.007361178805529334 -0.010737394955192898
0.009607359798384785 -0.01211276710385228
0.012148934980735715 -0.013436205927317197
0.014984373402728013 -0.014707490412682423
0.018111967102280024 -0.01592787854851405
0.021529832133895532 -0.017099941003883855
0.025235909703481607 -0.01822734654623718
0.029227967408489597 -0.019314614080702175
0.03350360058263052 -0.020366847364104337
0.038060233744356575 -0.021389468477579204
0.042895122148234655 -0.022387965066442132
0.048005353438278275 -0.023367664289925528
0.05338784940224234 -0.024333543552675006
0.059039367825822475 -0.0252900846566906
0.06495650444564427 -0.026241174295718202
0.07113569499986394 -0.027190050107970154
0.07757321737514639 -0.028139288093754433
0.08426519384872727 -0.029090824348672325
0.09120759342420814 -0.030046001967869728
0.09839623425967753 -0.031005632785070084
0.10582678618669683 -0.03197006338940704
0.11349477331863145 -0.03293923560156528
0.12139557674675777 -0.0339127331989105
0.12952443732252045 -0.03488980899781119
0.1378764585242665 -0.03586938921439736
0.14644660940672616 -0.03685005507790064
0.15522972763146647 -0.0378300046906636
0.16422052257649067 -0.03880700084696956
0.17341357852311146 -0.039778312695695185
0.18280335791817703 -0.04074066056134924
0.19238420470968637 -0.041690173787605936
0.20215034775378343 -0.042622371072868176
0.2120959042910774 -0.04353217144279174
0.2222148834901989 -0.04441394184177289
0.23250119005645137 -0.045261584486763734
0.2429486279033891 -0.04606866383369097
0.2535509038851079 -0.04682856952209147
0.26430163158700104 -0.04753470827153915
0.27519433517269654 -0.04818071468733605
0.28622245328485874 -0.048760668552927565
0.29737934299750524 -0.04926930465888266
0.30865828381745486 -0.049702200697990945
0.320052481732506 -0.050055929323684085
0.33155507330389 -0.05032816212345086
0.3431591298005543 -0.05051771591604856
0.35485766137276875 -0.050624535278944845
0.36664362126255073 -0.05064960932132423
0.3785099100483679 -0.05059482515788208
0.3904493799215649 -0.05046276499823791
0.4024548389919357 -0.05025645792633897
0.41451905561984914 -0.04997910099870977
0.42663476277231926 -0.04963376697204057
0.43879466240039156 -0.04922311756865867
0.4509914298352198 -0.04874914156497309
0.46321771820016633 -0.048212936088583076
0.475466162836291 -0.04761454736801534
0.4877293857385438 -0.04695288391505174
0.4999999999999999 -0.046225710931887765
0.512270614261456 -0.04542972988756251
0.5245338371637088 -0.04456074201079789
0.5367822817998334 -0.04361388923572322
0.54900857016478 -0.04258396125147013
0.5612053375996082 -0.04146575306399031
0.5733652372276805 -0.04025445415384118
0.5854809443801506 -0.03894604812119316
0.5975451610080642 -0.037537700787778364
0.6095506200784349 -0.036028115129697266
0.6214900899516319 -0.034417833112767436
0.6333563787374491 -0.03270946737745222
0.645142338627231 -0.03090784958247838
0.6568408701994456 -0.029020086813172464
0.6684449266961098 -0.027055522497329714
0.6799475182674938 -0.025025603430486078
0.691341716182545 -0.022943659475217797
0.7026206570024947 -0.0208246069672185
0.713777546715141 -0.018684590575650972
0.7248056648273034 -0.016540581123595313
0.7356983684129987 -0.014409948540810333
0.746449096114892 -0.012310029634460139
0.7570513720966108 -0.010257709738860032
0.7674988099435485 -0.00826903562990521
0.7777851165098009 -0.006358874514614861
0.7879040957089227 -0.0045406306331918595
0.7978496522462164 -0.0028260272776182522
0.8076157952903136 -0.001224958092434809
0.8171966420818224 0.0002545923647370653
0.8265864214768883 0.0016065624252351268
0.8357794774235092 0.002826768202427234
0.8447702723685334 0.003912808756066797
0.8535533905932737 0.004863932398047889
0.8621235414757333 0.0056808758876114316
0.8704755626774794 0.006365688337503303
0.8786044232532422 0.0069215509823869585
0.8865052266813687 0.007352602653517968
0.894173213813303 0.007663779001064127
0.9016037657403225 0.007860671372104966
0.9087924065757916 0.007949408962433503
0.9157348061512727 0.007936565584455393
0.9224267826248536 0.007829090286894623
0.928864305000136 0.00763425925438465
0.9350434955543556 0.0073596450032384535
0.9409606321741775 0.007013097933471686
0.9466121505977576 0.006602734817833679
0.9519946465617215 0.006136928790948047
0.9571048778517655 0.005624295798358794
0.9619397662556433 0.005073673203526533
0.9664963994173694 0.004494087240396348
0.9707720325915102 0.003894707141132949
0.9747640902965183 0.0032847849639590426
0.9784701678661044 0.0026735813034555237
0.98188803289772 0.002070278108028359
0.985015626597272 0.0014838806980992647
0.9878510650192642 0.000923111736713382
0.9903926402016152 0.0003963003360467508
0.9926388211944706 -8.873030694078157e-05
0.9945882549823906 -0.0005247733437135482
0.9962397672993549 -0.0009053435332770369
0.9975923633360985 -0.0012247743707935676
0.9986452283393451 -0.001478304501184015
0.9993977281025862 -0.0016621512512702606
0.9998494093481021 -0.0017735695458399585
1.0 -0.0018108948956023472
