1.0 0.002126861541354749
0.9998494093481021 0.002175212240992935
0.9993977281025862 0.0023202137964963977
0.9986452283393451 0.002561695483282333
0.9975923633360985 0.0028993111244607177
0.9962397672993549 0.0033324534967665593
0.9945882549823906 0.0038601475793444582
0.9926388211944706 0.00448093429063897
0.9903926402016152 0.005192757775008982
0.9878510650192642 0.005992869515265984
0.985015626597272 0.006877761525748054
0.98188803289772 0.007843138696314991
0.9784701678661044 0.0088839371866031
0.9747640902965183 0.009994391875900161
0.9707720325915102 0.011168151587188807
0.9664963994173694 0.01239843649302121
0.9619397662556433 0.013678228152291813
0.9571048778517655 0.015000479372675743
0.9519946465617215 0.01635832884099844
0.9466121505977576 0.01774530443016076
0.9409606321741775 0.019155499393770897
0.9350434955543556 0.02058370730457304
0.928864305000136 0.0220255044733226
0.9224267826248536 0.023477272488373
0.9157348061512727 0.024936158140882753
0.9087924065757916 0.02639997297855109
0.9016037657403225 0.027867039658431854
0.894173213813303 0.029335996739815268
0.8865052266813687 0.030805577194987853
0.8786044232532422 0.03227437840437282
0.8704755626774794 0.033740642517198355
0.8621235414757333 0.03520206568196941
0.8535533905932737 0.036655652784633536
0.8447702723685334 0.038097631099480465
0.8357794774235092 0.03952343189411005
0.8265864214768883 0.0409277438657993
0.8171966420818224 0.042304636722151255
0.8076157952903136 0.043647747691654706
0.7978496522462164 0.04495051870019095
0.7879040957089227 0.04620646778533041
0.7777851165098009 0.047409475383227886
0.7674988099435485 0.048554064660506054
0.7570513720966108 0.04963565520801472
0.746449096114892 0.050650771169997895
0.7356983684129987 0.051597188127570935
0.7248056648273034 0.052474007546062525
0.713777546715141 0.05328165298677565
0.7026206570024947 0.05402178815543352
0.691341716182545 0.05469716275078999
0.6799475182674938 0.05531139752153482
0.6684449266961098 0.05586872450423883
0.6568408701994456 0.05637370173391334
0.645142338627231 0.05683092352370156
0.6333563787374491 0.05724474755316261
0.6214900899516319 0.05761905847018358
0.6095506200784349 0.05795708461933328
0.5975451610080642 0.05826128010523239
0.5854809443801506 0.058533279036228736
0.5733652372276805 0.05877392290367409
0.5612053375996082 0.0589833561125937
0.54900857016478 0.059161179174156836
0.5367822817998334 0.05930664444988995
0.5245338371637088 0.059418875983029945
0.512270614261456 0.05949709314338776
0.4999999999999999 0.059540817703113084
0.4877293857385438 0.05955004556754829
0.475466162836291 0.05952536758232913
0.46321771820016633 0.05946802836697833
0.4509914298352198 0.05937991761580085
0.43879466240039156 0.05926349430483932
0.42663476277231926 0.05912165024783963
0.41451905561984914 0.05895752494700105
0.4024548389919357 0.05877428821332655
0.3904493799215649 0.058574910188748996
0.3785099100483679 0.05836193989831546
0.36664362126255073 0.05813731313973219
0.35485766137276875 0.057902208372380415
0.3431591298005543 0.05765696544312139
0.33155507330389 0.05740107676897289
0.320052481732506 0.05713325439579329
0.30865828381745486 0.05685156966664044
0.29737934299750524 0.056553655614090245
0.28622245328485874 0.05623695619569677
0.27519433517269654 0.05589900164145738
0.26430163158700104 0.055537685916375465
0.2535509038851079 0.05515152094161746
0.2429486279033891 0.054739842939215584
0.23250119005645137 0.05430294907845025
0.2222148834901989 0.053842147348767674
0.2120959042910774 0.053359708945973534
0.20215034775378343 0.05285871997851508
0.19238420470968637 0.052342837416349854
0.18280335791817703 0.051815962290026926
0.17341357852311146 0.05128185056030926
0.16422052257649067 0.05074368821145399
0.15522972763146647 0.05020366144941037
0.14644660940672616 0.049662555010697926
0.1378764585242665 0.04911941126922368
0.12952443732252045 0.048571280009374974
0.12139557674675777 0.04801308354747019
0.11349477331863145 0.047437614647713566
0.10582678618669683 0.04683567587511483
0.09839623425967753 0.046196359269344074
0.09120759342420814 0.045507455210222494
0.08426519384872727 0.04475596981329722
0.07757321737514639 0.043928721859284654
0.07113569499986394 0.04301298376703599
0.06495650444564427 0.041997126985671596
0.059039367825822475 0.04087123076267619
0.05338784940224234 0.039627614702142204
0.048005353438278275 0.03826125981292892
0.042895122148234655 0.03677008960332117
0.038060233744356575 0.03515509175696606
0.03350360058263052 0.033420271412270074
0.029227967408489597 0.031572438332704796
0.025235909703481607 0.02962084150058806
0.021529832133895532 0.027576675085294322
0.018111967102280024 0.025452488572660643
0.014984373402728013 0.023261540446650037
0.012148934980735715 0.02101713869379503
0.009607359798384785 0.01873201225551688
0.007361178805529334 0.016417755299910616
0.005411745017609493 0.01408438096447354
0.0037602327006450165 0.011740013391824353
0.0024076366639015356 0.009390736990114933
0.0013547716606548965 0.007040610599015119
0.0006022718974137975 0.004691842432974827
0.00015059065189787502 0.0023451101515949407
0.0 0.0
0.00015059065189787502 -0.0013810590283182525
0.0006022718974137975 -0.002753367563341686
0.0013547716606548965 -0.004107938539551559
0.0024076366639015356 -0.005436571901308642
0.0037602327006450165 -0.006732196213073852
0.005411745017609493 -0.007989151438897925
0.007361178805529334 -0.009203399129120675
0.009607359798384785 -0.010372650734100217
0.012148934980735715 -0.011496409749859451
0.014984373402728013 -0.0125759285454213
0.018111967102280024 -0.013614085675676868
0.021529832133895532 -0.01461519391451373
0.025235909703481607 -0.015584752860492036
0.029227967408489597 -0.016529162544450297
0.03350360058263052 -0.01745541585673157
0.038060233744356575 -0.018370787751656858
0.042895122148234655 -0.019282538110708226
0.048005353438278275 -0.020197642974019853
0.05338784940224234 -0.021122565780392677
0.059039367825822475 -0.02206307654903354
0.06495650444564427 -0.023024122892563455
0.07113569499986394 -0.02400975268916654
0.07757321737514639 -0.02502308447373267
0.08426519384872727 -0.02606631841442293
0.09120759342420814 -0.027140778351284752
0.09839623425967753 -0.028246973947518003
0.10582678618669683 -0.029384671621540993
0.11349477331863145 -0.03055296358342937
0.12139557674675777 -0.031750325902967245
0.12952443732252045 -0.032974658922962426
0.1378764585242665 -0.03422330627326716
0.14644660940672616 -0.0354930519675841
0.15522972763146647 -0.03678009828497113
0.16422052257649067 -0.03808003006180978
0.17341357852311146 -0.03938777338448128
0.18280335791817703 -0.04069755826174905
0.19238420470968637 -0.04200289551707113
0.20215034775378343 -0.04329657779990693
0.2120959042910774 -0.04457071327999985
0.2222148834901989 -0.045816798351201345
0.23250119005645137 -0.047025832699601054
0.2429486279033891 -0.048188476616138266
0.2535509038851079 -0.049295246733839754
0.26430163158700104 -0.050336742746022546
0.27519433517269654 -0.0513038944165944
0.28622245328485874 -0.05218821560632155
0.29737934299750524 -0.05298205034372157
0.30865828381745486 -0.053678795336071686
0.320052481732506 -0.05427308383665368
0.33155507330389 -0.054760917464009476
0.3431591298005543 -0.05513973532461812
0.35485766137276875 -0.055408413455574346
0.36664362126255073 -0.05556719193998141
0.3785099100483679 -0.055617531760860525
0.3904493799215649 -0.0555619082210408
0.4024548389919357 -0.055403552227686344
0.41451905561984914 -0.05514615459584872
0.42663476277231926 -0.05479355147860354
0.43879466240039156 -0.05434941085395803
0.4509914298352198 -0.05381694053892764
0.46321771820016633 -0.05319863739482889
0.475466162836291 -0.05249609526373712
0.4877293857385438 -0.051709885854639426
0.4999999999999999 -0.05083952248311256
0.512270614261456 -0.049883511534125416
0.5245338371637088 -0.048839491088356383
0.5367822817998334 -0.047704450681150756
0.54900857016478 -0.04647502100681107
0.5612053375996082 -0.045147817875609016
0.5733652372276805 -0.04371982116944381
0.5854809443801506 -0.04218876715379469
0.5975451610080642 -0.040553531439317864
0.6095506200784349 -0.03881448020875222
0.6214900899516319 -0.03697376900488969
0.6333563787374491 -0.035035571295899834
0.645142338627231 -0.033006222998605034
0.6568408701994456 -0.030894273886785704
0.6684449266961098 -0.02871044203241607
0.6799475182674938 -0.026467472790313397
0.691341716182545 -0.024179909006481193
0.7026206570024947 -0.02186378379331323
0.713777546715141 -0.01953625109756054
0.7248056648273034 -0.017215172174323858
0.7356983684129987 -0.014918677827752684
0.746449096114892 -0.012664726820209877
0.7570513720966108 -0.010470680199918739
0.7674988099435485 -0.008352909542347686
0.7777851165098009 -0.0063264543999830185
0.7879040957089227 -0.0044047408200776576
0.7978496522462164 -0.0025993688696154967
0.8076157952903136 -0.0009199729696437193
0.8171966420818224 0.000625845243730839
0.8265864214768883 0.002032515595839786
0.8357794774235092 0.003296436912337093
0.8447702723685334 0.004415863314989302
0.8535533905932737 0.005390750932923568
0.8621235414757333 0.006222577592487832
0.8704755626774794 0.006914148100930547
0.8786044232532422 0.007469397002069604
0.8865052266813687 0.00789319926803081
0.894173213813303 0.008191197449630384
0.9016037657403225 0.008369651513263483
0.9087924065757916 0.008435315129034728
0.9157348061512727 0.00839533972486174
0.9224267826248536 0.008257205349979976
0.928864305000136 0.008028675437686166
0.9350434955543556 0.00771777102579608
0.9409606321741775 0.007332758949448315
0.9466121505977576 0.00688214798917434
0.9519946465617215 0.006374686923279507
0.9571048778517655 0.005819358848924693
0.9619397662556433 0.005225366924788222
0.9664963994173694 0.004602107754693789
0.9707720325915102 0.0039591298710980015
0.9747640902965183 0.003306076084026554
0.9784701678661044 0.002652609736645162
0.98188803289772 0.0020083260692144206
0.985015626597272 0.001382650874120415
0.9878510650192642 0.0007847293835081181
0.9903926402016152 0.000223308847980976
0.9926388211944706 -0.0002933814587704495
0.9945882549823906 -0.0007577490194214844
0.9962397672993549 -0.0011629519800927346
0.9975923633360985 -0.0015030048101176453
0.9986452283393451 -0.001772872725702136
0.9993977281025862 -0.0019685523384130794
0.9998494093481021 -0.002087136468047827
1.0 -0.002126861541354749
