1.0 0.002083124142811775
0.9998494093481021 0.0021372942429416556
0.9993977281025862 0.002299766681838421
0.9986452283393451 0.002570408948689829
0.9975923633360985 0.0029489391304299067
0.9962397672993549 0.0034348412246222376
0.9945882549823906 0.004027259735702724
0.9926388211944706 0.004724885247608704
0.9903926402016152 0.005525844057186308
0.9878510650192642 0.006427605120162908
0.985015626597272 0.007426916472275677
0.98188803289772 0.00851978102057626
0.9784701678661044 0.009701478337065255
0.9747640902965183 0.01096663510177325
0.9707720325915102 0.012309342475654489
0.9664963994173694 0.013723314314449484
0.9619397662556433 0.01520207614893101
0.9571048778517655 0.016739171614290237
0.9519946465617215 0.018328370814110127
0.9466121505977576 0.019963864170713715
0.9409606321741775 0.02164042575831645
0.9350434955543556 0.02335353193798899
0.928864305000136 0.025099424196928864
0.9224267826248536 0.026875109213165903
0.9157348061512727 0.028678294003328636
0.9087924065757916 0.030507259181721775
0.9016037657403225 0.03236067844437534
0.894173213813303 0.03423739697124825
0.8865052266813687 0.03613618512617802
0.8786044232532422 0.03805548630620868
0.8704755626774794 0.03999317882172127
0.8621235414757333 0.04194637116207327
0.8535533905932737 0.043911247928527714
0.8447702723685334 0.04588298023310933
0.8357794774235092 0.04785570972096245
0.8265864214768883 0.049822609924595286
0.8171966420818224 0.05177602282124563
0.8076157952903136 0.053707662696938434
0.7978496522462164 0.05560887418077952
0.7879040957089227 0.057470927022487205
0.7777851165098009 0.059285327196162536
0.7674988099435485 0.06104412247491735
0.7570513720966108 0.06274018086406427
0.746449096114892 0.0643674222018584
0.7356983684129987 0.06592098669890095
0.7248056648273034 0.06739732892842597
0.713777546715141 0.06879423143343437
0.7026206570024947 0.07011073824061334
0.691341716182545 0.07134701468171614
0.6799475182674938 0.07250414553461698
0.6684449266961098 0.07358388815928711
0.6568408701994456 0.07458840064235897
0.645142338627231 0.07551996670576726
0.6333563787374491 0.07638073913516445
0.6214900899516319 0.07717252173703326
0.6095506200784349 0.07789660647551998
0.5975451610080642 0.07855367773817219
0.5854809443801506 0.07914379001187004
0.5733652372276805 0.07966641907511841
0.5612053375996082 0.08012058063364812
0.54900857016478 0.08050500464984277
0.5367822817998334 0.08081834891224171
0.5245338371637088 0.081059432052542
0.512270614261456 0.0812274645284759
0.4999999999999999 0.08132225620282214
0.4877293857385438 0.08134438106583816
0.475466162836291 0.08129528322600511
0.46321771820016633 0.0811773132489417
0.4509914298352198 0.08099368985649381
0.43879466240039156 0.08074838842151721
0.42663476277231926 0.08044596407611192
0.41451905561984914 0.08009132305564373
0.4024548389919357 0.0796894606316112
0.3904493799215649 0.07924518722861416
0.3785099100483679 0.07876286577645683
0.36664362126255073 0.07824618286290873
0.35485766137276875 0.0776979738291044
0.3431591298005543 0.0771201177517642
0.33155507330389 0.07651351259814636
0.320052481732506 0.0758781341617697
0.30865828381745486 0.07521317522389653
0.29737934299750524 0.07451725432375557
0.28622245328485874 0.07378867715087528
0.27519433517269654 0.07302572844427345
0.26430163158700104 0.0722269688560041
0.2535509038851079 0.0713915098437623
0.2429486279033891 0.0705192404748976
0.23250119005645137 0.06961098305350591
0.2222148834901989 0.0686685595455793
0.2120959042910774 0.06769475752795126
0.20215034775378343 0.06669319233326966
0.19238420470968637 0.06566807060425983
0.18280335791817703 0.06462386894048137
0.17341357852311146 0.06356494904070512
0.16422052257649067 0.06249513707491056
0.15522972763146647 0.0614172994137534
0.14644660940672616 0.0603329488884386
0.1378764585242665 0.05924191521010421
0.12952443732252045 0.0581421099993527
0.12139557674675777 0.057029411220326336
0.11349477331863145 0.055897684031804666
0.10582678618669683 0.054738945684998125
0.09839623425967753 0.05354367177520116
0.09120759342420814 0.05230123064235672
0.08426519384872727 0.051000422797738525
0.07757321737514639 0.049630093689208545
0.07113569499986394 0.048179781581689875
0.06495650444564427 0.04664035836277174
0.059039367825822475 0.04500462004684871
0.05338784940224234 0.04326778579643025
0.048005353438278275 0.041427869332912176
0.042895122148234655 0.03948589437437138
0.038060233744356575 0.03744593571270423
0.03350360058263052 0.03531497905301296
0.029227967408489597 0.03310260498643067
0.025235909703481607 0.030820514587945838
0.021529832133895532 0.028481925252890058
0.018111967102280024 0.026100874698334404
0.014984373402728013 0.023691477866815514
0.012148934980735715 0.02126718525910296
0.009607359798384785 0.018840091681055562
0.007361178805529334 0.016420341444073325
0.005411745017609493 0.0140156698801376
0.0037602327006450165 0.011631112025390373
0.0024076366639015356 0.009268898101267613
0.0013547716606548965 0.0069285427533872105
0.0006022718974137975 0.004607121778217533
0.00015059065189787502 0.0022997172038233035
0.0 0.0
0.00015059065189787502 -0.0014204395152495426
0.0006022718974137975 -0.002831979983239415
0.0013547716606548965 -0.0042254685428594506
0.0024076366639015356 -0.005592479838829078
0.0037602327006450165 -0.0069256311454368134
0.005411745017609493 -0.008218842410833389
0.007361178805529334 -0.009467528434011952
0.009607359798384785 -0.010668714652283435
0.012148934980735715 -0.011821072755982905
0.014984373402728013 -0.012924877229675235
0.018111967102280024 -0.01398188860896233
0.021529832133895532 -0.014995173420767798
0.025235909703481607 -0.01596887416538205
0.029227967408489597 -0.016907945084302795
0.03350360058263052 -0.01781787069892334
0.038060233744356575 -0.018704384146995743
0.042895122148234655 -0.019573201220680528
0.048005353438278275 -0.020429783840869752
0.05338784940224234 -0.021279143681022156
0.059039367825822475 -0.022125693032715645
0.06495650444564427 -0.0229731460763077
0.07113569499986394 -0.023824469791615663
0.07757321737514639 -0.024681880116045083
0.08426519384872727 -0.025546875901336683
0.09120759342420814 -0.026420300954475867
0.09839623425967753 -0.027302423125597153
0.10582678618669683 -0.028193019100133943
0.11349477331863145 -0.029091454255359746
0.12139557674675777 -0.02999674856301886
0.12952443732252045 -0.030907621896970303
0.1378764585242665 -0.0318225150152292
0.14644660940672616 -0.0327395856658556
0.15522972763146647 -0.0336566824324173
0.16422052257649067 -0.034571301806988516
0.17341357852311146 -0.035480536302292406
0.18280335791817703 -0.036381022981328365
0.19238420470968637 -0.03726890244738048
0.20215034775378343 -0.03813979802932506
0.2120959042910774 -0.038988823627160454
0.2222148834901989 -0.03981062654165098
0.23250119005645137 -0.04059946876457258
0.2429486279033891 -0.04134934687807248
0.2535509038851079 -0.04205414717253824
0.26430163158700104 -0.04270782913424147
0.27519433517269654 -0.043304627368770506
0.28622245328485874 -0.04383925958250629
0.29737934299750524 -0.044307126666023204
0.30865828381745486 -0.04470449037131456
0.320052481732506 -0.04502861463378465
0.33155507330389 -0.045277858260495706
0.3431591298005543 -0.04545170940316218
0.35485766137276875 -0.04555075579229663
0.36664362126255073 -0.0455765888929443
0.3785099100483679 -0.04553164466505588
0.3904493799215649 -0.045418988153105966
0.4024548389919357 -0.04524205336153823
0.41451905561984914 -0.04500435348164472
0.42663476277231926 -0.044709179246505616
0.43879466240039156 -0.04435930478737148
0.4509914298352198 -0.043956720706211816
0.46321771820016633 -0.043502413110031384
0.475466162836291 -0.042996205108756694
0.4877293857385438 -0.04243667388493129
0.4999999999999999 -0.04182115210597212
0.512270614261456 -0.04114581744118361
0.5245338371637088 -0.04040586858719116
0.5367822817998334 -0.0395957808441451
0.54900857016478 -0.03870962927028932
0.5612053375996082 -0.0377414631017118
0.5733652372276805 -0.03668571174039939
0.5854809443801506 -0.03553760040671124
0.5975451610080642 -0.03429355266354882
0.6095506200784349 -0.0329515575031193
0.6214900899516319 -0.03151148050746085
0.6333563787374491 -0.02997530162822819
0.645142338627231 -0.028347266179581842
0.6568408701994456 -0.02663394043737095
0.6684449266961098 -0.024844168480770815
0.6799475182674938 -0.02298893226872288
0.691341716182545 -0.02108112208196451
0.7026206570024947 -0.019135229072667088
0.713777546715141 -0.017166975479834368
0.7248056648273034 -0.01519290088006147
0.7356983684129987 -0.013229924511002227
0.746449096114892 -0.011294904167643775
0.7570513720966108 -0.009404211447167413
0.7674988099435485 -0.007573341300063039
0.7777851165098009 -0.005816571092889417
0.7879040957089227 -0.0041466809144031285
0.7978496522462164 -0.0025747429112496305
0.8076157952903136 -0.001109983290023864
0.8171966420818224 0.00024028346305138434
0.8265864214768883 0.0014706523659683594
0.8357794774235092 0.00257756519348786
0.8447702723685334 0.0035591972111885598
0.8535533905932737 0.0044153051426381075
0.8621235414757333 0.005147048999521277
0.8704755626774794 0.005756800430626565
0.8786044232532422 0.006247949484167377
0.8865052266813687 0.006624720241797856
0.894173213813303 0.0068920038218663136
0.9016037657403225 0.007055214938151852
0.9087924065757916 0.007120175723100537
0.9157348061512727 0.007093028062552641
0.9224267826248536 0.0069801734072664524
0.928864305000136 0.006788237063804038
0.9350434955543556 0.006524052427786671
0.9409606321741775 0.006194659571328856
0.9466121505977576 0.0058073120583123725
0.9519946465617215 0.005369485822024947
0.9571048778517655 0.004888884351342564
0.9619397662556433 0.004373435218481573
0.9664963994173694 0.003831274048741634
0.9707720325915102 0.0032707132760007
0.9747640902965183 0.002700194341462418
0.9784701678661044 0.002128223279068095
0.98188803289772 0.001563290804949179
0.985015626597272 0.001013779025276722
0.9878510650192642 0.0004878576536782981
0.9903926402016152 -6.626834658471272e-06
0.9926388211944706 -0.00046226538968317994
0.9945882549823906 -0.0008722001184824227
0.9962397672993549 -0.0012302338849816286
0.9975923633360985 -0.0015309323688169497
0.9986452283393451 -0.0017697155524834134
0.9993977281025862 -0.0019429360515130732
0.9998494093481021 -0.0020479421815330027
1.0 -0.002083124142811775
