1.0 0.0022500967736685334
0.9998494093481021 0.0022879079390801917
0.9993977281025862 0.0024013085046687586
0.9986452283393451 0.002590181750547261
0.9975923633360985 0.0028542753682759396
0.9962397672993549 0.0031931215614643873
0.9945882549823906 0.0036059380731423615
0.9926388211944706 0.004091521588318049
0.9903926402016152 0.0046481463172102205
0.9878510650192642 0.005273480719354833
0.985015626597272 0.0059645342483119895
0.98188803289772 0.0067176437568040575
0.9784701678661044 0.007528505981437606
0.9747640902965183 0.008392258591786144
0.9707720325915102 0.009303607973961688
0.9664963994173694 0.010256997595799119
0.9619397662556433 0.011246806848463006
0.9571048778517655 0.012267567031587585
0.9519946465617215 0.013314178944376769
0.9466121505977576 0.014382115580200857
0.9409606321741775 0.015467593812864406
0.9350434955543556 0.016567700712298704
0.928864305000136 0.017680463125173226
0.9224267826248536 0.018804853184348925
0.9157348061512727 0.019940727162642828
0.9087924065757916 0.021088700187565555
0.9016037657403225 0.022249964375155487
0.894173213813303 0.02342606251079743
0.8865052266813687 0.024618633122347144
0.8786044232532422 0.025829145338467203
0.8704755626774794 0.027058643075313867
0.8621235414757333 0.028307517730059982
0.8535533905932737 0.02957532668363742
0.8447702723685334 0.03086067165336121
0.8357794774235092 0.03216114652825023
0.8265864214768883 0.03347335910105224
0.8171966420818224 0.03479302548600933
0.8076157952903136 0.03611513042270995
0.7978496522462164 0.03743414155867573
0.7879040957089227 0.038744261587652665
0.7777851165098009 0.040039699140695384
0.7674988099435485 0.0413149378310669
0.7570513720966108 0.04256498297306349
0.746449096114892 0.04378556723194126
0.7356983684129987 0.044973299690124355
0.7248056648273034 0.04612574728588318
0.713777546715141 0.04724144294483998
0.7026206570024947 0.048319820557546383
0.691341716182545 0.04936108279259592
0.6799475182674938 0.050366013105193765
0.6684449266961098 0.05133574777089711
0.6568408701994456 0.05227152697810154
0.645142338627231 0.05317444568527406
0.6333563787374491 0.05404522494652511
0.6214900899516319 0.054884022723169924
0.6095506200784349 0.05569029995730918
0.5975451610080642 0.056462753141325046
0.5854809443801506 0.05719931913738457
0.5733652372276805 0.057897252025545735
0.5612053375996082 0.05855326577373058
0.54900857016478 0.05916373101828403
0.5367822817998334 0.05972490967552528
0.5245338371637088 0.06023320785547648
0.512270614261456 0.06068542589712518
0.4999999999999999 0.06107898444014858
0.4877293857385438 0.06141210729908772
0.475466162836291 0.06168394537649002
0.46321771820016633 0.06189463067086914
0.4509914298352198 0.062045255218718086
0.43879466240039156 0.062137776088448206
0.42663476277231926 0.06217485380246312
0.41451905561984914 0.06215963728082349
0.4024548389919357 0.06209551309262482
0.3904493799215649 0.06198584006314266
0.3785099100483679 0.06183369182155015
0.36664362126255073 0.061641629528560275
0.35485766137276875 0.06141152479113533
0.3431591298005543 0.061144448803186036
0.33155507330389 0.060840638343352973
0.320052481732506 0.0604995428339676
0.30865828381745486 0.06011994973164197
0.29737934299750524 0.05970017864425901
0.28622245328485874 0.059238328323347314
0.27519433517269654 0.05873255559792303
0.26430163158700104 0.05818136184605967
0.2535509038851079 0.05758386107304264
0.2429486279033891 0.05694000425940453
0.23250119005645137 0.05625073737030482
0.2222148834901989 0.05551807511939317
0.2120959042910774 0.05474507893216822
0.20215034775378343 0.05393573509170529
0.19238420470968637 0.05309473720214248
0.18280335791817703 0.05222718523692993
0.17341357852311146 0.051338220898635746
0.16422052257649067 0.05043262518976724
0.15522972763146647 0.04951440844913737
0.14644660940672616 0.04858642524373741
0.1378764585242665 0.04765004618256362
0.12952443732252045 0.046704915882232925
0.12139557674675777 0.04574882110390845
0.11349477331863145 0.04477768582355392
0.10582678618669683 0.0437857011854834
0.09839623425967753 0.04276558854709742
0.09120759342420814 0.04170898386200531
0.08426519384872727 0.04060692221525006
0.07757321737514639 0.039450393142203784
0.07113569499986394 0.03823093107893023
0.06495650444564427 0.036941201425857606
0.059039367825822475 0.03557554160861725
0.05338784940224234 0.034130418341200904
0.048005353438278275 0.03260476697464438
0.042895122148234655 0.031000186073757943
0.038060233744356575 0.02932096973341673
0.03350360058263052 0.027573970988789345
0.029227967408489597 0.02576830123515709
0.025235909703481607 0.023914882031655652
0.021529832133895532 0.02202587619249854
0.018111967102280024 0.020114033897143918
0.014984373402728013 0.018191996018035162
0.012148934980735715 0.016271600473773892
0.009607359798384785 0.014363237870151997
0.007361178805529334 0.012475299918941972
0.005411745017609493 0.010613758284100133
0.0037602327006450165 0.008781902978704393
0.0024076366639015356 0.006980258801530408
0.0013547716606548965 0.005206686293455928
0.0006022718974137975 0.0034566611482842826
0.00015059065189787502 0.0017237138110210944
0.0 0.0
0.00015059065189787502 -0.001649421789735296
0.0006022718974137975 -0.0032882458930937743
0.0013547716606548965 -0.004905596086967439
0.0024076366639015356 -0.006491374808070485
0.0037602327006450165 -0.00803660381269663
0.005411745017609493 -0.009533709595951704
0.007361178805529334 -0.01097674058185887
0.009607359798384785 -0.012361507252960108
0.012148934980735715 -0.013685641011814263
0.014984373402728013 -0.014948572338761122
0.018111967102280024 -0.016151433405634436
0.021529832133895532 -0.01729689441614366
0.025235909703481607 -0.018388946302285738
0.029227967408489597 -0.019432644803012395
0.03350360058263052 -0.020433832250435574
0.038060233744356575 -0.021398853536516542
0.042895122148234655 -0.022334281761051497
0.048005353438278275 -0.023246667082983244
0.05338784940224234 -0.02414231949652781
0.059039367825822475 -0.025027132872834233
0.06495650444564427 -0.02590645392577449
0.07113569499986394 -0.026784996071308895
0.07757321737514639 -0.027666794740568136
0.08426519384872727 -0.028555197834714705
0.09120759342420814 -0.02945288288310803
0.09839623425967753 -0.030361891228986655
0.10582678618669683 -0.03128366928746225
0.11349477331863145 -0.03221910758830134
0.12139557674675777 -0.03316856984232268
0.12952443732252045 -0.034131906497100795
0.1378764585242665 -0.03510844996053061
0.14644660940672616 -0.03609699161655006
0.15522972763146647 -0.03709574366494496
0.16422052257649067 -0.03810229141992331
0.17341357852311146 -0.039113543759246
0.18280335791817703 -0.04012569073197055
0.19238420470968637 -0.041134177774811646
0.20215034775378343 -0.04213370549411361
0.2120959042910774 -0.04311826256013578
0.2222148834901989 -0.044081197028005045
0.23250119005645137 -0.04501532851118274
0.2429486279033891 -0.04591310031270992
0.2535509038851079 -0.04676676713186639
0.26430163158700104 -0.04756861059470139
0.27519433517269654 -0.04831117188974939
0.28622245328485874 -0.04898748848441966
0.29737934299750524 -0.04959132046727737
0.30865828381745486 -0.05011735165839851
0.320052481732506 -0.050561351330433234
0.33155507330389 -0.0509202841805075
0.3431591298005543 -0.051192358997464334
0.35485766137276875 -0.05137701011155337
0.36664362126255073 -0.05147480995870425
0.3785099100483679 -0.051487315652341936
0.3904493799215649 -0.05141685701528416
0.4024548389919357 -0.051266277757978214
0.41451905561984914 -0.05103864508855779
0.42663476277231926 -0.05073694573495561
0.43879466240039156 -0.0503637879382432
0.4509914298352198 -0.049921129302626766
0.46321771820016633 -0.04941004940933628
0.475466162836291 -0.048830583856797456
0.4877293857385438 -0.048181633003464154
0.4999999999999999 -0.047460954367505255
0.512270614261456 -0.04666524264988119
0.5245338371637088 -0.045790296012082864
0.5367822817998334 -0.04483126190020721
0.54900857016478 -0.043782950708194546
0.5612053375996082 -0.04264020123826636
0.5733652372276805 -0.04139827852543396
0.5854809443801506 -0.040053282362414885
0.5975451610080642 -0.03860254393155812
0.6095506200784349 -0.037044988375883915
0.6214900899516319 -0.03538144288801279
0.6333563787374491 -0.03361487284424019
0.645142338627231 -0.03175053246586441
0.6568408701994456 -0.02979602119373338
0.6684449266961098 -0.027761242113794334
0.6799475182674938 -0.02565826404734639
0.691341716182545 -0.02350109399503001
0.7026206570024947 -0.021305371194414682
0.713777546715141 -0.019087997853821356
0.7248056648273034 -0.016866724452946763
0.7356983684129987 -0.014659709215891504
0.746449096114892 -0.012485071902050261
0.7570513720966108 -0.010360461439959234
0.7674988099435485 -0.008302655237093726
0.7777851165098009 -0.006327205388013373
0.7879040957089227 -0.004448143679340896
0.7978496522462164 -0.002677753494023603
0.8076157952903136 -0.001026412708583687
0.8171966420818224 0.0004974922849922318
0.8265864214768883 0.001887584974575933
0.8357794774235092 0.0031394562582626444
0.8447702723685334 0.004250570342475472
0.8535533905932737 0.005220129984534408
0.8621235414757333 0.006048912978192439
0.8704755626774794 0.0067390918869762746
0.8786044232532422 0.007294048381996807
0.8865052266813687 0.007718192245484653
0.894173213813303 0.008016793301636228
0.9016037657403225 0.008195832398566028
0.9087924065757916 0.008261875265120469
0.9157348061512727 0.008221970776369717
0.9224267826248536 0.008083573038488636
0.928864305000136 0.00785448487850512
0.9350434955543556 0.007542818894925526
0.9409606321741775 0.00715697125190554
0.9466121505977576 0.006705602904041581
0.9519946465617215 0.006197622905748183
0.9571048778517655 0.0056421688409649985
0.9619397662556433 0.005048580132376164
0.9664963994173694 0.004426360963709727
0.9707720325915102 0.0037851306746421883
0.9747640902965183 0.0031345606660256866
0.9784701678661044 0.002484297992204079
0.98188803289772 0.0018438768400886106
0.985015626597272 0.0012226199434368199
0.9878510650192642 0.0006295326188825285
0.9903926402016152 7.31925229642879e-05
0.9926388211944706 -0.0004383615779525766
0.9945882549823906 -0.0008977387382747971
0.9962397672993549 -0.001298299346723974
0.9975923633360985 -0.001634250396780332
0.9986452283393451 -0.0019007300592542528
0.9993977281025862 -0.0020938795136997983
0.9998494093481021 -0.0022109004147062793
1.0 -0.0022500967736685334
