1.0 0.0018143416867519423
0.9998494093481021 0.0018622495101655115
0.9993977281025862 0.0020059105254162843
0.9986452283393451 0.0022451190156688645
0.9975923633360985 0.00257947296509302
0.9962397672993549 0.003008292206878463
0.9945882549823906 0.003530516940162433
0.9926388211944706 0.004144598267065066
0.9903926402016152 0.004848393788801599
0.9878510650192642 0.005639081468019171
0.985015626597272 0.006513103879608466
0.98188803289772 0.007466152710865802
0.9784701678661044 0.008493200114876911
0.9747640902965183 0.009588579538844568
0.9707720325915102 0.01074611427948695
0.9664963994173694 0.011959287637288051
0.9619397662556433 0.013221444534186305
0.9571048778517655 0.014526011183674758
0.9519946465617215 0.015866717160423274
0.9466121505977576 0.01723780322788975
0.9409606321741775 0.01863419866409216
0.9350434955543556 0.020051653581146158
0.928864305000136 0.021486814751122706
0.9224267826248536 0.022937237509061934
0.9157348061512727 0.024401331092305637
0.9087924065757916 0.02587823991582152
0.9016037657403225 0.027367668361873
0.894173213813303 0.028869661262821013
0.8865052266813687 0.03038435599356324
0.8786044232532422 0.031911724644771725
0.8704755626774794 0.03345132589063825
0.8621235414757333 0.03500208577768286
0.8535533905932737 0.03656212474922657
0.8447702723685334 0.038128644912115796
0.8357794774235092 0.03969788709182862
0.8265864214768883 0.041265161949369064
0.8171966420818224 0.04282495375860963
0.8076157952903136 0.044371089813841254
0.7978496522462164 0.045896963303814396
0.7879040957089227 0.04739579326539794
0.7777851165098009 0.04886090226336918
0.7674988099435485 0.05028599098153648
0.7570513720966108 0.051665389084604316
0.746449096114892 0.05299426351975684
0.7356983684129987 0.054268768740130834
0.7248056648273034 0.05548612789515673
0.713777546715141 0.056644639488295054
0.7026206570024947 0.057743609919106986
0.691341716182545 0.058783218231241434
0.6799475182674938 0.05976432480526245
0.6684449266961098 0.060688240225293906
0.6568408701994456 0.06155647374272143
0.645142338627231 0.06237048239210673
0.6333563787374491 0.06313144174195029
0.6214900899516319 0.06384005748095918
0.6095506200784349 0.06449643368273342
0.5975451610080642 0.06510000892107413
0.5854809443801506 0.06564956579618639
0.5733652372276805 0.06614331333038322
0.5612053375996082 0.06657903559578321
0.54900857016478 0.06695429434512613
0.5367822817998334 0.06726666879274226
0.5245338371637088 0.06751401242372232
0.512270614261456 0.0676947050761824
0.4999999999999999 0.06780787869384963
0.4877293857385438 0.06785359708890651
0.475466162836291 0.06783297364627132
0.46321771820016633 0.0677482158614992
0.4509914298352198 0.0676025915407491
0.43879466240039156 0.06740031792326182
0.42663476277231926 0.0671463813881247
0.41451905561984914 0.06684630124683134
0.4024548389919357 0.06650585590915974
0.3904493799215649 0.06613079302962965
0.3785099100483679 0.06572654679717263
0.36664362126255073 0.0652979851641
0.35485766137276875 0.06484920752011228
0.3431591298005543 0.0643834092594376
0.33155507330389 0.06390282416902561
0.320052481732506 0.06340874901394566
0.30865828381745486 0.06290164763696686
0.29737934299750524 0.0623813248993966
0.28622245328485874 0.06184715445295147
0.27519433517269654 0.06129833919056553
0.26430163158700104 0.06073417973520318
0.2535509038851079 0.06015432482356463
0.2429486279033891 0.05955897810619004
0.23250119005645137 0.058949038725692716
0.2222148834901989 0.058326157883687155
0.2120959042910774 0.05769270013101144
0.20215034775378343 0.057051605838064214
0.19238420470968637 0.05640615963652163
0.18280335791817703 0.05575967791937469
0.17341357852311146 0.055115136077087616
0.16422052257649067 0.054474762404755746
0.15522972763146647 0.05383962999680532
0.14644660940672616 0.05320928004224951
0.1378764585242665 0.052581409501856066
0.12952443732252045 0.05195165313554149
0.12139557674675777 0.05131348439879017
0.11349477331863145 0.05065825217733772
0.10582678618669683 0.04997536118615458
0.09839623425967753 0.04925259376324714
0.09120759342420814 0.04847656047115334
0.08426519384872727 0.04763325714463853
0.07757321737514639 0.046708697535205644
0.07113569499986394 0.04568958416600488
0.06495650444564427 0.04456397595846266
0.059039367825822475 0.04332190998521691
0.05338784940224234 0.04195593650015931
0.048005353438278275 0.04046153113419515
0.042895122148234655 0.03883735554544988
0.038060233744356575 0.03708534739504697
0.03350360058263052 0.03521063163591971
0.029227967408489597 0.03322125698124183
0.025235909703481607 0.0311277732221755
0.021529832133895532 0.0289426759462371
0.018111967102280024 0.02667975437754603
0.014984373402728013 0.0243533848425093
0.012148934980735715 0.02197781624794534
0.009607359798384785 0.01956649463614358
0.007361178805529334 0.0171314712741757
0.005411745017609493 0.014682933000418816
0.0037602327006450165 0.012228885073789882
0.0024076366639015356 0.009775006135014943
0.0013547716606548965 0.007324682837799878
0.0006022718974137975 0.004879219090439654
0.00015059065189787502 0.002438202559400567
0.0 0.0
0.00015059065189787502 -0.001535410035285204
0.0006022718974137975 -0.0030607899424704137
0.0013547716606548965 -0.004565944566652279
0.0024076366639015356 -0.0060414222845198515
0.0037602327006450165 -0.007478839090626356
0.005411745017609493 -0.008871148668303103
0.007361178805529334 -0.010212845844900807
0.009607359798384785 -0.011500094967877364
0.012148934980735715 -0.012730779333075008
0.014984373402728013 -0.013904472529369888
0.018111967102280024 -0.015022337108556504
0.021529832133895532 -0.0160869600374253
0.025235909703481607 -0.01710213767231943
0.029227967408489597 -0.018072625306467634
0.03350360058263052 -0.019003867542880554
0.038060233744356575 -0.019901725789819493
0.042895122148234655 -0.020772218097179003
0.048005353438278275 -0.021621284468289228
0.05338784940224234 -0.02245458788266982
0.059039367825822475 -0.02327735779809162
0.06495650444564427 -0.024094279149141994
0.07113569499986394 -0.024909426123574274
0.07757321737514639 -0.025726236568046523
0.08426519384872727 -0.0265475200117995
0.09120759342420814 -0.027375490210305317
0.09839623425967753 -0.028211811944635415
0.10582678618669683 -0.02905765163322431
0.11349477331863145 -0.02991372210665613
0.12139557674675777 -0.03078031356965796
0.12952443732252045 -0.031657305163114005
0.1378764585242665 -0.03254415442066051
0.14644660940672616 -0.03343986502802125
0.15522972763146647 -0.034342936359318614
0.16422052257649067 -0.03525130100822912
0.17341357852311146 -0.03616225870476961
0.18280335791817703 -0.037072416409187355
0.19238420470968637 -0.03797764486455171
0.20215034775378343 -0.03887306140554288
0.2120959042910774 -0.039753047379251116
0.2222148834901989 -0.040611306230827905
0.23250119005645137 -0.04144096531157854
0.2429486279033891 -0.042234721008639065
0.2535509038851079 -0.04298502314541096
0.26430163158700104 -0.04368429105384112
0.27519433517269654 -0.04432515056577733
0.28622245328485874 -0.044900678679420186
0.29737934299750524 -0.04540464105159531
0.30865828381745486 -0.045831706907300644
0.320052481732506 -0.04617762652841614
0.33155507330389 -0.046439358183173074
0.3431591298005543 -0.04661513410114738
0.35485766137276875 -0.046704458719003666
0.36664362126255073 -0.04670803668468761
0.3785099100483679 -0.04662763272422573
0.3904493799215649 -0.04646587012552823
0.4024548389919357 -0.0462259789482081
0.41451905561984914 -0.04591150881276904
0.42663476277231926 -0.04552602397961722
0.43879466240039156 -0.0450728001793437
0.4509914298352198 -0.044554543156048836
0.46321771820016633 -0.04397314807588281
0.475466162836291 -0.04332951686431656
0.4877293857385438 -0.042623447287337475
0.4999999999999999 -0.04185360338376082
0.512270614261456 -0.04101757195507351
0.5245338371637088 -0.040112004541092365
0.5367822817998334 -0.039132838996363176
0.54900857016478 -0.03807558977889689
0.5612053375996082 -0.03693569169418841
0.5733652372276805 -0.03570887838542308
0.5854809443801506 -0.034391574545588895
0.5975451610080642 -0.032981279792924235
0.6095506200784349 -0.03147692245652402
0.6214900899516319 -0.029879163134516454
0.6333563787374491 -0.028190630698337795
0.645142338627231 -0.026416077232420825
0.6568408701994456 -0.024562442966101928
0.6684449266961098 -0.022638827276762294
0.6799475182674938 -0.020656366999961928
0.691341716182545 -0.018628028252140848
0.7026206570024947 -0.016568322453149004
0.713777546715141 -0.014492960968084004
0.7248056648273034 -0.012418465565537131
0.7356983684129987 -0.010361753575436426
0.746449096114892 -0.008339717162503129
0.7570513720966108 -0.00636881552584891
0.7674988099435485 -0.004464697179329441
0.7777851165098009 -0.0026418669130172765
0.7879040957089227 -0.0009134087870108524
0.7978496522462164 0.0007092271963328482
0.8076157952903136 0.0022163710001430643
0.8171966420818224 0.0036002111468690216
0.8265864214768883 0.0048548096570200094
0.8357794774235092 0.0059760600442881565
0.8447702723685334 0.0069615974716420006
0.8535533905932737 0.007810671800929466
0.8621235414757333 0.008523995083882817
0.8704755626774794 0.00910357505566738
0.8786044232532422 0.009552545467419788
0.8865052266813687 0.009875002741467345
0.894173213813303 0.01007585659696461
0.9016037657403225 0.010160700141708893
0.9087924065757916 0.010135702633915007
0.9157348061512727 0.01000752585731752
0.9224267826248536 0.009783262979195061
0.928864305000136 0.009470397002336354
0.9350434955543556 0.009076774573316173
0.9409606321741775 0.00861059002738166
0.9466121505977576 0.008080374152342956
0.9519946465617215 0.007494982220672406
0.9571048778517655 0.0068635763188482045
0.9619397662556433 0.0061955978187903955
0.9664963994173694 0.005500726893974819
0.9707720325915102 0.004788827180389292
0.9747640902965183 0.004069874918609276
0.9784701678661044 0.00335387309537868
0.98188803289772 0.0026507521538426163
0.985015626597272 0.0019702597034486928
0.9878510650192642 0.001321842298109558
0.9903926402016152 0.0007145227514710225
0.9926388211944706 0.00015677662852142823
0.9945882549823906 -0.0003435884822525874
0.9962397672993549 -0.0007795475157613416
0.9975923633360985 -0.0011449632249913777
0.9986452283393451 -0.0014346795618949218
0.9993977281025862 -0.001644600932064214
0.9998494093481021 -0.0017717555658824254
1.0 -0.0018143416867519423
