1.0 0.0019537652342911027
0.9998494093481021 0.0020041713621755724
0.9993977281025862 0.0021553361796293967
0.9986452283393451 0.0024070794266513713
0.9975923633360985 0.002759037541330134
0.9962397672993549 0.0032105760454920465
0.9945882549823906 0.003760680381605478
0.9926388211944706 0.0044078372158768125
0.9903926402016152 0.005149919682258163
0.9878510650192642 0.005984090261215991
0.985015626597272 0.006906733930335201
0.98188803289772 0.007913431967368297
0.9784701678661044 0.008998983511985683
0.9747640902965183 0.010157477972884264
0.9707720325915102 0.011382416942900849
0.9664963994173694 0.012666879836875035
0.9619397662556433 0.014003723383299933
0.9571048778517655 0.015385801743929173
0.9519946465617215 0.01680619171156057
0.9466121505977576 0.018258406368011338
0.9409606321741775 0.01973658089155712
0.9350434955543556 0.021235615890915757
0.928864305000136 0.022751266599817646
0.9224267826248536 0.024280170272113977
0.9157348061512727 0.025819808860253434
0.9087924065757916 0.027368409160800224
0.9016037657403225 0.028924787654121473
0.894173213813303 0.030488151833768948
0.8865052266813687 0.03205787352904967
0.8786044232532422 0.03363325225113378
0.8704755626774794 0.03521328771012109
0.8621235414757333 0.03679648024134498
0.8535533905932737 0.03838067595064591
0.8447702723685334 0.03996297007167028
0.8357794774235092 0.04153967756999
0.8265864214768883 0.04310637477221694
0.8171966420818224 0.04465801015636215
0.8076157952903136 0.04618907686256188
0.7978496522462164 0.047693834421850455
0.7879040957089227 0.0491665630698976
0.7777851165098009 0.05060183115745341
0.7674988099435485 0.05199475483558947
0.7570513720966108 0.05334122950759076
0.746449096114892 0.05463811449473317
0.7356983684129987 0.05588335582175348
0.7248056648273034 0.057076036728221986
0.713777546715141 0.058216351089875835
0.7026206570024947 0.05930550095022567
0.691341716182545 0.06034552533852168
0.6799475182674938 0.06133907300506765
0.6684449266961098 0.062289136195897335
0.6568408701994456 0.06319876574660406
0.645142338627231 0.06407078933452708
0.6333563787374491 0.06490755455122339
0.6214900899516319 0.06571071654406593
0.6095506200784349 0.06648108646830851
0.5975451610080642 0.06721855216084566
0.5854809443801506 0.06792207667562071
0.5733652372276805 0.06858977406939624
0.5612053375996082 0.06921905559969571
0.54900857016478 0.06980683380099567
0.5367822817998334 0.0703497672088907
0.5245338371637088 0.07084452519604063
0.512270614261456 0.07128805074950267
0.4999999999999999 0.07167779920392832
0.4877293857385438 0.07201193294901943
0.475466162836291 0.0722894558034631
0.46321771820016633 0.07251027580345798
0.4509914298352198 0.07267519118720525
0.43879466240039156 0.07278580087732238
0.42663476277231926 0.07284434723463559
0.41451905561984914 0.0728535047396241
0.4024548389919357 0.07281613305320961
0.3904493799215649 0.07273501620015108
0.3785099100483679 0.0726126111071074
0.36664362126255073 0.07245082825837972
0.35485766137276875 0.07225086480922269
0.3431591298005543 0.07201310628444098
0.33155507330389 0.07173710730443815
0.320052481732506 0.0714216550652714
0.30865828381745486 0.07106491209090551
0.29737934299750524 0.07066462766417884
0.28622245328485874 0.07021840092277917
0.27519433517269654 0.06972397342981432
0.26430163158700104 0.06917952555913473
0.2535509038851079 0.06858394960961482
0.2429486279033891 0.06793707335889226
0.23250119005645137 0.06723981078905161
0.2222148834901989 0.06649422178833297
0.2120959042910774 0.06570346940845526
0.20215034775378343 0.06487167124487145
0.19238420470968637 0.06400365010516343
0.18280335791817703 0.06310459767146645
0.17341357852311146 0.06217967266475131
0.16422052257649067 0.0612335614395537
0.15522972763146647 0.060270033425267634
0.14644660940672616 0.05929152596807263
0.1378764585242665 0.05829879267084827
0.12952443732252045 0.057290646226291396
0.12139557674675777 0.056263821142854074
0.11349477331863145 0.055212974021676464
0.10582678618669683 0.054130829676366995
0.09839623425967753 0.05300847105455489
0.09120759342420814 0.05183576036892877
0.08426519384872727 0.05060186885937049
0.07757321737514639 0.049295883946550476
0.07113569499986394 0.047907455879204586
0.06495650444564427 0.04642744186624721
0.059039367825822475 0.0448485044871621
0.05338784940224234 0.04316562304759624
0.048005353438278275 0.04137648142562378
0.042895122148234655 0.03948170354871441
0.038060233744356575 0.03748491745788235
0.03350360058263052 0.035392640287946454
0.029227967408489597 0.03321398863037749
0.025235909703481607 0.030960230788458644
0.021529832133895532 0.028644208517971635
0.018111967102280024 0.02627966516233744
0.014984373402728013 0.023880523948574806
0.012148934980735715 0.021460164088481448
0.009607359798384785 0.019030742916342033
0.007361178805529334 0.01660260951264874
0.005411745017609493 0.014183849277231705
0.0037602327006450165 0.011779990121303567
0.0024076366639015356 0.00939388994770883
0.0013547716606548965 0.007025812646271913
0.0006022718974137975 0.004673686818932341
0.00015059065189787502 0.002333528785250817
0.0 0.0
0.00015059065189787502 -0.001417787747339481
0.0006022718974137975 -0.0028258267877349125
0.0013547716606548965 -0.004214190445947768
0.0024076366639015356 -0.0055737516222508455
0.0037602327006450165 -0.006896529838539069
0.005411745017609493 -0.008175978535179335
0.007361178805529334 -0.009407198675574848
0.009607359798384785 -0.010587069292417303
0.012148934980735715 -0.011714290699336456
0.014984373402728013 -0.012789341342782966
0.018111967102280024 -0.013814354322668547
0.021529832133895532 -0.01479292412631598
0.025235909703481607 -0.01572985780158873
0.029227967408489597 -0.016630887409032027
0.03350360058263052 -0.017502361987472178
0.038060233744356575 -0.018350937381632036
0.042895122148234655 -0.019183281146872573
0.048005353438278275 -0.020005807488460023
0.05338784940224234 -0.020824454013917956
0.059039367825822475 -0.021644508243633755
0.06495650444564427 -0.022470487645950523
0.07113569499986394 -0.02330607276591383
0.07757321737514639 -0.024154089122346064
0.08426519384872727 -0.025016530245567672
0.09120759342420814 -0.025894611754587595
0.09839623425967753 -0.02678884489432281
0.10582678618669683 -0.027699117554518315
0.11349477331863145 -0.028624771468992862
0.12139557674675777 -0.029564665956830737
0.12952443732252045 -0.030517221048171683
0.1378764585242665 -0.03148043590424698
0.14644660940672616 -0.03245188181712002
0.15522972763146647 -0.033428672459428835
0.16422052257649067 -0.0344074171499611
0.17341357852311146 -0.03538416543411
0.18280335791817703 -0.036354353023303115
0.19238420470968637 -0.03731275993373178
0.20215034775378343 -0.03825349142965231
0.2120959042910774 -0.03916999111265799
0.2222148834901989 -0.040055093293201546
0.23250119005645137 -0.040901118800407726
0.2429486279033891 -0.04170001486288078
0.2535509038851079 -0.04244353590677828
0.26430163158700104 -0.04312345837420998
0.27519433517269654 -0.043731819273801875
0.28622245328485874 -0.04426116542308895
0.29737934299750524 -0.04470479847197452
0.30865828381745486 -0.045056999986781934
0.320052481732506 -0.04531322122603764
0.33155507330389 -0.045470223765556816
0.3431591298005543 -0.04552615975586515
0.35485766137276875 -0.045480584158924774
0.36664362126255073 -0.04533439557922952
0.3785099100483679 -0.045089706985070185
0.3904493799215649 -0.044749652381398525
0.4024548389919357 -0.044318140006040035
0.41451905561984914 -0.04379956654822174
0.42663476277231926 -0.043198509941140564
0.43879466240039156 -0.0425194202252182
0.4509914298352198 -0.04176632865765453
0.46321771820016633 -0.04094259458603565
0.475466162836291 -0.04005070763101375
0.4877293857385438 -0.0390921595492028
0.4999999999999999 -0.038067395970255775
0.512270614261456 -0.03697585328988975
0.5245338371637088 -0.035816080673409766
0.5367822817998334 -0.034585941731497004
0.54900857016478 -0.03328288532622787
0.5612053375996082 -0.03190427048561192
0.5733652372276805 -0.03044772684206385
0.5854809443801506 -0.02891152959455357
0.5975451610080642 -0.02729496687850505
0.6095506200784349 -0.02559867767730803
0.6214900899516319 -0.023824939999240166
0.6333563787374491 -0.021977891860364255
0.645142338627231 -0.02006367146526697
0.6568408701994456 -0.018090467606307933
0.6684449266961098 -0.01606847640509251
0.6799475182674938 -0.01400976576905569
0.691341716182545 -0.011928054000987162
0.7026206570024947 -0.00983841356970717
0.713777546715141 -0.007756914855949927
0.7248056648273034 -0.005700227516248404
0.7356983684129987 -0.003685198816606063
0.746449096114892 -0.0017284288117274844
0.7570513720966108 0.00015413840161762073
0.7674988099435485 0.001947589857673121
0.7777851165098009 0.0036383704771566746
0.7879040957089227 0.0052145499334970286
0.7978496522462164 0.006666022001654941
0.8076157952903136 0.007984632810841004
0.8171966420818224 0.009164238413284176
0.8265864214768883 0.010200695766755828
0.8357794774235092 0.011091794396190974
0.8447702723685334 0.011837138483695848
0.8535533905932737 0.012437990826301166
0.8621235414757333 0.012897090946938916
0.8704755626774794 0.013218459656174235
0.8786044232532422 0.013407201605736793
0.8865052266813687 0.013469315962888074
0.894173213813303 0.013411523416574669
0.9016037657403225 0.013241115474965348
0.9087924065757916 0.012965829611585662
0.9157348061512727 0.01259375144176455
0.9224267826248536 0.012133242923585866
0.928864305000136 0.011592893711861564
0.9350434955543556 0.0109814913488423
0.9409606321741775 0.010308005011203554
0.9466121505977576 0.009581577068663237
0.9519946465617215 0.008811516726472403
0.9571048778517655 0.008007290469642343
0.9619397662556433 0.0071785048225036984
0.9664963994173694 0.006334877986710642
0.9707720325915102 0.005486198119360252
0.9747640902965183 0.004642267256428306
0.9784701678661044 0.003812831080111859
0.98188803289772 0.0030074957923943765
0.985015626597272 0.0022356342320562295
0.9878510650192642 0.0015062840220765664
0.9903926402016152 0.0008280409455819649
0.9926388211944706 0.0002089509289559309
0.9945882549823906 -0.0003435960143541028
0.9962397672993549 -0.0008229667186703527
0.9975923633360985 -0.001223377834920395
0.9986452283393451 -0.0015399783820899777
0.9993977281025862 -0.0017689198583885851
0.9998494093481021 -0.0019074123189169387
1.0 -0.0019537652342911027
