1.0 0.0020166204765869433
0.9998494093481021 0.002057876050859678
0.9993977281025862 0.0021815809498913264
0.9986452283393451 0.0023875319180625093
0.9975923633360985 0.002675332905510185
0.9962397672993549 0.0030443159154709357
0.9945882549823906 0.0034934431130937034
0.9926388211944706 0.004021201673311353
0.9903926402016152 0.004625504201902534
0.9878510650192642 0.005303607712898813
0.985015626597272 0.006052063054464021
0.98188803289772 0.006866704420989667
0.9784701678661044 0.007742685351520306
0.9747640902965183 0.008674563662708867
0.9707720325915102 0.009656433433820104
0.9664963994173694 0.010682097825856328
0.9619397662556433 0.011745272557569662
0.9571048778517655 0.012839806633268913
0.9519946465617215 0.013959904720081675
0.9466121505977576 0.015100334622451403
0.9409606321741775 0.016256603714015935
0.9350434955543556 0.017425089963366527
0.928864305000136 0.018603116217351483
0.9224267826248536 0.019788960463147307
0.9157348061512727 0.020981799567450925
0.9087924065757916 0.02218158911109809
0.9016037657403225 0.0233888869878113
0.894173213813303 0.024604633002244268
0.8865052266813687 0.025829900402826466
0.8786044232532422 0.027065637801112343
0.8704755626774794 0.02831242103462098
0.8621235414757333 0.02957023410893641
0.8535533905932737 0.030838296413713804
0.8447702723685334 0.03211495007619514
0.8357794774235092 0.03339761683928999
0.8265864214768883 0.03468282856972944
0.8171966420818224 0.035966329825403945
0.8076157952903136 0.03724324528716305
0.7978496522462164 0.03850829973795335
0.7879040957089227 0.0397560740652146
0.7777851165098009 0.04098127781623946
0.7674988099435485 0.04217901739860222
0.7570513720966108 0.04334503921822984
0.746449096114892 0.04447592888548181
0.7356983684129987 0.045569250962607305
0.7248056648273034 0.04662361831995625
0.713777546715141 0.047638685656424415
0.7026206570024947 0.04861506768998577
0.691341716182545 0.049554188464235725
0.6799475182674938 0.05045807367106861
0.6684449266961098 0.05132910241774575
0.6568408701994456 0.052169738099701414
0.645142338627231 0.05298225971113563
0.6333563787374491 0.053768514890528876
0.6214900899516319 0.05452971425118211
0.6095506200784349 0.055266283219659255
0.5975451610080642 0.055977782958402986
0.5854809443801506 0.05666290635247606
0.5733652372276805 0.057319548943806066
0.5612053375996082 0.057944948592936536
0.54900857016478 0.05853588203585238
0.5367822817998334 0.05908890184352688
0.5245338371637088 0.05960059397195382
0.512270614261456 0.06006783439173869
0.4999999999999999 0.0604880233596848
0.4877293857385438 0.06085927774710806
0.475466162836291 0.06118056533170221
0.46321771820016633 0.061451769816216736
0.4509914298352198 0.06167368116727665
0.43879466240039156 0.06184791219589444
0.42663476277231926 0.0619767486052964
0.41451905561984914 0.06206294548460449
0.4024548389919357 0.062109487940076855
0.3904493799215649 0.06211933681938992
0.3785099100483679 0.062095182002904904
0.36664362126255073 0.06203922535272919
0.35485766137276875 0.061953013124115885
0.3431591298005543 0.06183733361020943
0.33155507330389 0.061692190313660626
0.320052481732506 0.06151685444582182
0.30865828381745486 0.061309993567452606
0.29737934299750524 0.06106986627750685
0.28622245328485874 0.06079456660850741
0.27519433517269654 0.060482296737649884
0.26430163158700104 0.060131643226528496
0.2535509038851079 0.059741830590107285
0.2429486279033891 0.059312926745194956
0.23250119005645137 0.058845977807458
0.2222148834901989 0.058343054626015
0.2120959042910774 0.05780720003220051
0.20215034775378343 0.0572422735574069
0.19238420470968637 0.056652698758709964
0.18280335791817703 0.05604312663015735
0.17341357852311146 0.05541803620705626
0.16422052257649067 0.05478129976219238
0.15522972763146647 0.05413574440553747
0.14644660940672616 0.05348274402297352
0.1378764585242665 0.052821875081517686
0.12952443732252045 0.052150666834255684
0.12139557674675777 0.051464471021114754
0.11349477331863145 0.05075646861627457
0.10582678618669683 0.05001782202367909
0.09839623425967753 0.04923797100789976
0.09120759342420814 0.04840506029667208
0.08426519384872727 0.04750647696756017
0.07757321737514639 0.0465294671766487
0.07113569499986394 0.04546179516619712
0.06495650444564427 0.044292403335637935
0.059039367825822475 0.04301203083895809
0.05338784940224234 0.0416137498419396
0.048005353438278275 0.04009338317782314
0.042895122148234655 0.038449774405531066
0.038060233744356575 0.03668489072640543
0.03350360058263052 0.03480375021131733
0.029227967408489597 0.03281417656500649
0.025235909703481607 0.030726396375645445
0.021529832133895532 0.028552504624464233
0.018111967102280024 0.026305833376666882
0.014984373402728013 0.02400026536734026
0.012148934980735715 0.021649538124352222
0.009607359798384785 0.019266585026355115
0.007361178805529334 0.016862957196526095
0.005411745017609493 0.01444836453461512
0.0037602327006450165 0.01203036586926357
0.0024076366639015356 0.009614227746470186
0.0013547716606548965 0.00720295949371968
0.0006022718974137975 0.00479751975336894
0.00015059065189787502 0.0023971775489305103
0.0 0.0
0.00015059065189787502 -0.001327028116501198
0.0006022718974137975 -0.00264965765674588
0.0013547716606548965 -0.0039631613700065295
0.0024076366639015356 -0.005263353231455117
0.0037602327006450165 -0.006546819019436594
0.005411745017609493 -0.007811101633574971
0.007361178805529334 -0.009054830839760114
0.009607359798384785 -0.010277790771054477
0.012148934980735715 -0.01148092254751854
0.014984373402728013 -0.012666263514947405
0.018111967102280024 -0.013836828549737284
0.021529832133895532 -0.014996442358691362
0.025235909703481607 -0.016149534480014993
0.029227967408489597 -0.017300910581425053
0.03350360058263052 -0.01845551453772273
0.038060233744356575 -0.01961819561405616
0.042895122148234655 -0.020793493921481453
0.048005353438278275 -0.021985455261944432
0.05338784940224234 -0.02319748371917684
0.059039367825822475 -0.024432237109690155
0.06495650444564427 -0.025691566946064254
0.07113569499986394 -0.026976501157078878
0.07757321737514639 -0.028287264720591385
0.08426519384872727 -0.029623330830268437
0.09120759342420814 -0.03098349342331529
0.09839623425967753 -0.0323659509681219
0.10582678618669683 -0.03376839140179814
0.11349477331863145 -0.0351880689963967
0.12139557674675777 -0.03662186562491242
0.12952443732252045 -0.03806633123469419
0.1378764585242665 -0.03951770110566064
0.14644660940672616 -0.04097189042783066
0.15522972763146647 -0.04242446961635567
0.16422052257649067 -0.04387062633769335
0.17341357852311146 -0.04530512221957932
0.18280335791817703 -0.04672225347687871
0.19238420470968637 -0.04811582508213449
0.20215034775378343 -0.04947914759093192
0.2120959042910774 -0.05080506432052075
0.2222148834901989 -0.052086014372062395
0.23250119005645137 -0.053314134146216705
0.2429486279033891 -0.05448139674743554
0.2535509038851079 -0.05557978526158248
0.26430163158700104 -0.056601492600370236
0.27519433517269654 -0.05753913770792299
0.28622245328485874 -0.058385985668784814
0.29737934299750524 -0.059136157848342225
0.30865828381745486 -0.05978481778090424
0.320052481732506 -0.06032831916998938
0.33155507330389 -0.06076430407270026
0.3431591298005543 -0.06109174201819909
0.35485766137276875 -0.061310904296906076
0.36664362126255073 -0.06142327172562582
0.3785099100483679 -0.0614313785693823
0.3904493799215649 -0.06133859967939392
0.4024548389919357 -0.06114889197730271
0.41451905561984914 -0.06086650488285318
0.42663476277231926 -0.06049567688706533
0.43879466240039156 -0.06004033701300036
0.4509914298352198 -0.05950383025006097
0.46321771820016633 -0.058888685145240385
0.475466162836291 -0.0581964396211517
0.4877293857385438 -0.057427537885045926
0.4999999999999999 -0.05658130719022725
0.512270614261456 -0.055656018468880186
0.5245338371637088 -0.05464902977595381
0.5367822817998334 -0.05355700639433562
0.54900857016478 -0.05237620668086408
0.5612053375996082 -0.05110281858893615
0.5733652372276805 -0.049733328553175235
0.5854809443801506 -0.048264902272013355
0.5975451610080642 -0.04669575600921795
0.6095506200784349 -0.045025497407945335
0.6214900899516319 -0.043255416439215356
0.6333563787374491 -0.04138870987801931
0.645142338627231 -0.0394306264294198
0.6568408701994456 -0.03738852406983573
0.6684449266961098 -0.035271836039450666
0.6799475182674938 -0.03309194691275863
0.691341716182545 -0.03086198497719894
0.7026206570024947 -0.028596541475786386
0.713777546715141 -0.026311330868065867
0.7248056648273034 -0.024022808937937255
0.7356983684129987 -0.02174776719553191
0.746449096114892 -0.01950292252400749
0.7570513720966108 -0.01730452042492628
0.7674988099435485 -0.015167968601787096
0.7777851165098009 -0.013107515135913782
0.7879040957089227 -0.01113598234733563
0.7978496522462164 -0.009264563824929854
0.8076157952903136 -0.007502688301760505
0.8171966420818224 -0.005857950290138136
0.8265864214768883 -0.004336103906738007
0.8357794774235092 -0.002941113310221812
0.8447702723685334 -0.0016752507981257986
0.8535533905932737 -0.0005392319709784988
0.8621235414757333 0.0004676234811828038
0.8704755626774794 0.0013472168878923055
0.8786044232532422 0.0021024924725000947
0.8865052266813687 0.0027372655934565625
0.894173213813303 0.00325606520409797
0.9016037657403225 0.003663996308095715
0.9087924065757916 0.003966625957899668
0.9157348061512727 0.004169894123384434
0.9224267826248536 0.004280048698065434
0.928864305000136 0.00430360213694989
0.9350434955543556 0.004247305828088355
0.9409606321741775 0.004118137348213102
0.9466121505977576 0.003923295263494114
0.9519946465617215 0.0036701960960758965
0.9571048778517655 0.0033664684412370235
0.9619397662556433 0.003019939919488352
0.9664963994173694 0.0026386135963231572
0.9707720325915102 0.0022306316045261204
0.9747640902965183 0.001804224864333633
0.9784701678661044 0.0013676489267891324
0.98188803289772 0.0009291069900928994
0.985015626597272 0.0004966620000967834
0.9878510650192642 7.814040703344382e-05
0.9903926402016152 -0.000318969405548087
0.9926388211944706 -0.000687620774300815
0.9945882549823906 -0.001021311213169456
0.9962397672993549 -0.0013141805268284238
0.9975923633360985 -0.0015611016924216325
0.9986452283393451 -0.0017577619684517587
0.9993977281025862 -0.0019007320869436919
0.9998494093481021 -0.0019875218014567494
1.0 -0.0020166204765869433
