1.0 0.0020569662574937315
0.9998494093481021 0.002098584430705686
0.9993977281025862 0.0022234110377677826
0.9986452283393451 0.0024313442206990218
0.9975923633360985 0.0027221557756047787
0.9962397672993549 0.0030954101726888028
0.9945882549823906 0.0035503639134943864
0.9926388211944706 0.00408585653455232
0.9903926402016152 0.004700205908291412
0.9878510650192642 0.00539112064732996
0.985015626597272 0.00615564135540565
0.98188803289772 0.0069901202629384165
0.9784701678661044 0.007890245614971174
0.9747640902965183 0.008851113308773032
0.9707720325915102 0.009867344037895416
0.9664963994173694 0.01093323995689167
0.9619397662556433 0.012042971010851614
0.9571048778517655 0.013190777925657978
0.9519946465617215 0.014371176722301822
0.9466121505977576 0.015579148714287006
0.9409606321741775 0.016810300383239024
0.9350434955543556 0.01806097930487897
0.928864305000136 0.01932833530279485
0.9224267826248536 0.020610320022453856
0.9157348061512727 0.021905622835018877
0.9087924065757916 0.023213546027111717
0.9016037657403225 0.024533827200939624
0.894173213813303 0.025866421289458676
0.8865052266813687 0.027211258205603404
0.8786044232532422 0.028567994578625328
0.8704755626774794 0.029935779060011075
0.8621235414757333 0.03131305019206547
0.8535533905932737 0.03269738383074897
0.8447702723685334 0.03408540372973515
0.8357794774235092 0.035472764367404104
0.8265864214768883 0.03685420977065253
0.8171966420818224 0.0382237063665191
0.8076157952903136 0.03957464221980212
0.7978496522462164 0.040900079839382084
0.7879040957089227 0.042193045471421504
0.7777851165098009 0.04344683479024166
0.7674988099435485 0.044655313397835676
0.7570513720966108 0.04581319068414387
0.746449096114892 0.046916247387011924
0.7356983684129987 0.04796150049742532
0.7248056648273034 0.04894729373483277
0.713777546715141 0.04987330731901107
0.7026206570024947 0.050740486763185315
0.691341716182545 0.051550896440039864
0.6799475182674938 0.05230750925483683
0.6684449266961098 0.05301394845792632
0.6568408701994456 0.053674201070639825
0.645142338627231 0.05429232431064837
0.6333563787374491 0.05487216663325972
0.6214900899516319 0.0554171235358414
0.6095506200784349 0.05592994522197654
0.5975451610080642 0.05641260883606014
0.5854809443801506 0.05686626261227057
0.5733652372276805 0.05729124336906907
0.5612053375996082 0.05768716280211032
0.54900857016478 0.05805305247214464
0.5367822817998334 0.05838755270493795
0.5245338371637088 0.05868912720229537
0.512270614261456 0.05895628328998959
0.4999999999999999 0.059187777557124635
0.4877293857385438 0.05938278818999638
0.475466162836291 0.05954103844745788
0.46321771820016633 0.05966286020651437
0.4509914298352198 0.059749191955391315
0.43879466240039156 0.05980151157166286
0.42663476277231926 0.059821710192812586
0.41451905561984914 0.05981191895684778
0.4024548389919357 0.05977430488764852
0.3904493799215649 0.05971085532481395
0.3785099100483679 0.05962317176093487
0.36664362126255073 0.05951229359493738
0.35485766137276875 0.05937857013228167
0.3431591298005543 0.05922159530766126
0.33155507330389 0.059040214362845525
0.320052481732506 0.05883260549283555
0.30865828381745486 0.05859643277956974
0.29737934299750524 0.05832906011733782
0.28622245328485874 0.058027809858346935
0.27519433517269654 0.0576902450926619
0.26430163158700104 0.05731445126448653
0.2535509038851079 0.056899291537688905
0.2429486279033891 0.056444611130872104
0.23250119005645137 0.055951368753990295
0.2222148834901989 0.05542167813236052
0.2120959042910774 0.05485874907662607
0.20215034775378343 0.05426672518622142
0.19238420470968637 0.053650423490673255
0.18280335791817703 0.05301498950561453
0.17341357852311146 0.052365488661428844
0.16422052257649067 0.05170646123997622
0.15522972763146647 0.05104147230086411
0.14644660940672616 0.050372690192454085
0.1378764585242665 0.04970052688481994
0.12952443732252045 0.049023370476509176
0.12139557674675777 0.04833743495077232
0.11349477331863145 0.047636744912599636
0.10582678618669683 0.04691326411369893
0.09839623425967753 0.04615716668861775
0.09120759342420814 0.045357239889224424
0.08426519384872727 0.044501397460080305
0.07757321737514639 0.04357727436740712
0.07113569499986394 0.042572867028226616
0.06495650444564427 0.04147717900782739
0.059039367825822475 0.040280830720619276
0.05338784940224234 0.03897659314334405
0.048005353438278275 0.03755980988095008
0.042895122148234655 0.03602867885375327
0.038060233744356575 0.03438437394464717
0.03350360058263052 0.03263099753820864
0.029227967408489597 0.030775366260525374
0.025235909703481607 0.02882664358330186
0.021529832133895532 0.02679584347367217
0.018111967102280024 0.024695238188977082
0.014984373402728013 0.022537709978468098
0.012148934980735715 0.020336090363660454
0.009607359798384785 0.01810253152328353
0.007361178805529334 0.015847952023897948
0.005411745017609493 0.013581593856547147
0.0037602327006450165 0.01131071982446395
0.0024076366639015356 0.009040470330961607
0.0013547716606548965 0.006773887247757864
0.0006022718974137975 0.004512100612268343
0.00015059065189787502 0.00225466226191314
0.0 0.0
0.00015059065189787502 -0.0014264013756406873
0.0006022718974137975 -0.00284479154705849
0.0013547716606548965 -0.004246914163014426
0.0024076366639015356 -0.005625241585633452
0.0037602327006450165 -0.006973289720845069
0.005411745017609493 -0.008285876743725941
0.007361178805529334 -0.009559312666394489
0.009607359798384785 -0.010791511023148648
0.012148934980735715 -0.011982018757285471
0.014984373402728013 -0.013131965353414942
0.018111967102280024 -0.01424393702811356
0.021529832133895532 -0.015321786048400303
0.025235909703481607 -0.01637038871093013
0.029227967408489597 -0.017395367965533915
0.03350360058263052 -0.018402797962067764
0.038060233744356575 -0.01939890788306968
0.042895122148234655 -0.020389801329360354
0.048005353438278275 -0.021381205369985952
0.05338784940224234 -0.022378260345782493
0.059039367825822475 -0.02338535788112883
0.06495650444564427 -0.024406030604625158
0.07113569499986394 -0.025442893116783494
0.07757321737514639 -0.02649763007451847
0.08426519384872727 -0.027571024161191594
0.09120759342420814 -0.0286630143992483
0.09839623425967753 -0.029772773894831125
0.10582678618669683 -0.030898795756455395
0.11349477331863145 -0.032038976595832026
0.12139557674675777 -0.03319068860938671
0.12952443732252045 -0.03435083359131128
0.1378764585242665 -0.03551587512033362
0.14644660940672616 -0.03668184832823402
0.15522972763146647 -0.03784434981359912
0.16422052257649067 -0.03899851312724389
0.17341357852311146 -0.04013897756945951
0.18280335791817703 -0.041259859593216534
0.19238420470968637 -0.04235473675430071
0.20215034775378343 -0.04341665381693415
0.2120959042910774 -0.04443815932093816
0.2222148834901989 -0.04541137873422245
0.23250119005645137 -0.04632812741706458
0.2429486279033891 -0.04718006323894873
0.2535509038851079 -0.04795887508579291
0.26430163158700104 -0.048656499969834247
0.27519433517269654 -0.049265358301344334
0.28622245328485874 -0.049778594373071604
0.29737934299750524 -0.05019030747287203
0.30865828381745486 -0.05049575844265997
0.320052481732506 -0.05069153703139021
0.33155507330389 -0.0507756770505712
0.3431591298005543 -0.05074770905097281
0.35485766137276875 -0.05060864383556946
0.36664362126255073 -0.05036088437291775
0.3785099100483679 -0.050008068289743794
0.3904493799215649 -0.049554847780773355
0.4024548389919357 -0.049006618146844115
0.41451905561984914 -0.048369209942050226
0.42663476277231926 -0.047648562597178014
0.43879466240039156 -0.04685039916790006
0.4509914298352198 -0.04597992238433154
0.46321771820016633 -0.045041551391464055
0.475466162836291 -0.04403871649616659
0.4877293857385438 -0.04297372599366064
0.4999999999999999 -0.04184771493382475
0.512270614261456 -0.04066068077238543
0.5245338371637088 -0.039411605550377
0.5367822817998334 -0.03809865890105132
0.54900857016478 -0.0367194711442239
0.5612053375996082 -0.03527146132117266
0.5733652372276805 -0.033752201533382674
0.5854809443801506 -0.03215979659858422
0.5975451610080642 -0.030493256974058528
0.6095506200784349 -0.028752843180678438
0.6214900899516319 -0.02694036156326553
0.6333563787374491 -0.025059394029263913
0.645142338627231 -0.02311544822716947
0.6568408701994456 -0.021116019204442445
0.6684449266961098 -0.01907055862293913
0.6799475182674938 -0.016990352785684053
0.691341716182545 -0.014888315717941431
0.7026206570024947 -0.012778708044077224
0.713777546715141 -0.010676796145664271
0.7248056648273034 -0.008598468868264833
0.7356983684129987 -0.006559830725638479
0.746449096114892 -0.004576791067964761
0.7570513720966108 -0.0026646680496765665
0.7674988099435485 -0.0008378245410623482
0.7777851165098009 0.0008906494707230704
0.7879040957089227 0.0025091967457681955
0.7978496522462164 0.004007987435516645
0.8076157952903136 0.0053790449827151535
0.8171966420818224 0.006616303655281417
0.8265864214768883 0.007715601694330785
0.8357794774235092 0.00867461715066675
0.8447702723685334 0.009492755907957366
0.8535533905932737 0.010171003036977579
0.8621235414757333 0.010711749444937215
0.8704755626774794 0.011118605786957475
0.8786044232532422 0.0113962148575658
0.8865052266813687 0.011550072289483366
0.894173213813303 0.011586363501457158
0.9016037657403225 0.011511822625798421
0.9087924065757916 0.011333616788238608
0.9157348061512727 0.01105925678212471
0.9224267826248536 0.010696533033853246
0.928864305000136 0.010253473928196064
0.9350434955543556 0.009738322148150637
0.9409606321741775 0.009159523743073722
0.9466121505977576 0.008525724190516335
0.9519946465617215 0.007845765743212914
0.9571048778517655 0.007128680802134678
0.9619397662556433 0.006383676852557919
0.9664963994173694 0.005620109548367225
0.9707720325915102 0.00484744172749088
0.9747640902965183 0.004075187386050659
0.9784701678661044 0.0033128408366127895
0.98188803289772 0.0025697923479962473
0.985015626597272 0.0018552324513138414
0.9878510650192642 0.0011780477623438315
0.9903926402016152 0.0005467115994866926
0.9926388211944706 -3.0827124353642165e-05
0.9945882549823906 -0.0005472532652334146
0.9962397672993549 -0.0009959897747193532
0.9975923633360985 -0.0013712940037365643
0.9986452283393451 -0.0016683433879398138
0.9993977281025862 -0.0018833083513866344
0.9998494093481021 -0.00201341070677899
1.0 -0.0020569662574937315
