1.0 0.0016547458430295665
0.9998494093481021 0.0016985736568027637
0.9993977281025862 0.001829989856822743
0.9986452283393451 0.002048775200164454
0.9975923633360985 0.002354507863804364
0.9962397672993549 0.0027464855598403615
0.9945882549823906 0.003223629339874262
0.9926388211944706 0.0037843804908150942
0.9903926402016152 0.0044266032648865765
0.9878510650192642 0.005147506323128585
0.985015626597272 0.005943594671806046
0.98188803289772 0.0068106616114985315
0.9784701678661044 0.007743826979064457
0.9747640902965183 0.00873762401169852
0.9707720325915102 0.009786132834973557
0.9664963994173694 0.010883154246651707
0.9619397662556433 0.012022413515755932
0.9571048778517655 0.013197780697124219
0.9519946465617215 0.014403491774717354
0.9466121505977576 0.015634354009464637
0.9409606321741775 0.01688591929490815
0.9350434955543556 0.01815461111885332
0.928864305000136 0.01943779377930259
0.9224267826248536 0.020733776588460064
0.9157348061512727 0.02204175060923583
0.9087924065757916 0.023361660627822432
0.9016037657403225 0.024694020160795464
0.894173213813303 0.0260396819104042
0.8865052266813687 0.027399579833372496
0.8786044232532422 0.028774461556232842
0.8704755626774794 0.030164631024179413
0.8621235414757333 0.03156972089159361
0.8535533905932737 0.032988512253589036
0.8447702723685334 0.034418816005347325
0.8357794774235092 0.035857425640559264
0.8265864214768883 0.03730014599951022
0.8171966420818224 0.03874189675934545
0.8076157952903136 0.040176883770329685
0.7978496522462164 0.041598826131811775
0.7879040957089227 0.04300122258610698
0.7777851165098009 0.04437763773643083
0.7674988099435485 0.04572198701921367
0.7570513720966108 0.04702879941731624
0.746449096114892 0.048293438595353406
0.7356983684129987 0.049512266347244066
0.7248056648273034 0.05068273672299782
0.713777546715141 0.051803414597303504
0.7026206570024947 0.052873918331557426
0.691341716182545 0.053894792096287544
0.6799475182674938 0.05486731889040889
0.6684449266961098 0.05579328987852972
0.6568408701994456 0.05667474899764186
0.645142338627231 0.057513733589231925
0.6333563787374491 0.0583120319432306
0.6214900899516319 0.05907097708207203
0.6095506200784349 0.05979129298906007
0.5975451610080642 0.06047300504565172
0.5854809443801506 0.061115421045970605
0.5733652372276805 0.061717183242664383
0.5612053375996082 0.062276385929810565
0.54900857016478 0.0627907475754499
0.5367822817998334 0.06325782193388009
0.5245338371637088 0.06367522927988623
0.512270614261456 0.06404088719380342
0.4999999999999999 0.0643532203403757
0.4877293857385438 0.06461133043718918
0.475466162836291 0.06481511096775261
0.46321771820016633 0.06496529589343523
0.4509914298352198 0.06506343727683025
0.43879466240039156 0.06511181288193718
0.42663476277231926 0.06511327095214382
0.41451905561984914 0.06507102496807222
0.4024548389919357 0.06498841577356114
0.3904493799215649 0.0648686616259111
0.3785099100483679 0.06471461818377233
0.36664362126255073 0.06452857003742996
0.35485766137276875 0.06431207310849497
0.3431591298005543 0.06406586325079575
0.33155507330389 0.06378984096855522
0.320052481732506 0.06348313575242429
0.30865828381745486 0.06314424663110962
0.29737934299750524 0.06277124871052571
0.28622245328485874 0.062362049294988176
0.27519433517269654 0.061914672188121765
0.26430163158700104 0.061427545403950214
0.2535509038851079 0.06089976610891036
0.2429486279033891 0.06033131734082377
0.23250119005645137 0.059723213920691666
0.2222148834901989 0.05907755982447002
0.2120959042910774 0.058397505788033106
0.20215034775378343 0.05768710361121433
0.19238420470968637 0.05695106193037756
0.18280335791817703 0.05619441650302893
0.17341357852311146 0.05542213563645591
0.16422052257649067 0.05463868767468709
0.15522972763146647 0.05384760189846241
0.14644660940672616 0.05305105638435485
0.1378764585242665 0.052249526067881316
0.12952443732252045 0.051441521403507016
0.12139557674675777 0.05062344274855666
0.11349477331863145 0.049789568243246124
0.10582678618669683 0.04893218400795241
0.09839623425967753 0.048041855557547135
0.09120759342420814 0.04710782915580185
0.08426519384872727 0.04611854215131439
0.07757321737514639 0.04506221288084032
0.07113569499986394 0.04392747415148201
0.06495650444564427 0.04270401014870004
0.059039367825822475 0.041383155223046746
0.05338784940224234 0.0399584145471267
0.048005353438278275 0.03842587105413468
0.042895122148234655 0.03678445010571965
0.038060233744356575 0.03503602252835404
0.03350360058263052 0.03318533737687376
0.029227967408489597 0.03123978728311387
0.025235909703481607 0.02920902071073187
0.021529832133895532 0.027104426040326857
0.018111967102280024 0.02493852138018325
0.014984373402728013 0.02272429067554278
0.012148934980735715 0.020474510570905262
0.009607359798384785 0.018201113261078736
0.007361178805529334 0.01591462816509355
0.005411745017609493 0.013623739820050529
0.0037602327006450165 0.011334991287565885
0.0024076366639015356 0.009052652157131353
0.0013547716606548965 0.006778758637160204
0.0006022718974137975 0.004513321068237227
0.00015059065189787502 0.002254682340882853
0.0 0.0
0.00015059065189787502 -0.0015494157096698018
0.0006022718974137975 -0.0030876127535224185
0.0013547716606548965 -0.0046033159485087
0.0024076366639015356 -0.0060861115048367696
0.0037602327006450165 -0.007526822709462671
0.005411745017609493 -0.008917823265178216
0.007361178805529334 -0.010253273635356969
0.009607359798384785 -0.01152927044661778
0.012148934980735715 -0.012743904235727865
0.014984373402728013 -0.01389722623462629
0.018111967102280024 -0.01499113010225097
0.021529832133895532 -0.016029159186280104
0.025235909703481607 -0.017016253727947236
0.029227967408489597 -0.017958455169988046
0.03350360058263052 -0.018862586234548322
0.038060233744356575 -0.019735925639762175
0.042895122148234655 -0.020585895251551144
0.048005353438278275 -0.021419775243758703
0.05338784940224234 -0.02224445966911065
0.059039367825822475 -0.02306626099455371
0.06495650444564427 -0.023890767939670016
0.07113569499986394 -0.024722756707722508
0.07757321737514639 -0.025566151740824068
0.08426519384872727 -0.026424028758129815
0.09120759342420814 -0.02729865029015022
0.09839623425967753 -0.02819152237376158
0.10582678618669683 -0.029103460608759443
0.11349477331863145 -0.03003465439678726
0.12139557674675777 -0.030984719798824115
0.12952443732252045 -0.031952733890566305
0.1378764585242665 -0.03293724653339735
0.14644660940672616 -0.03393626883374093
0.15522972763146647 -0.03494724093370446
0.16422052257649067 -0.03596698486039597
0.17341357852311146 -0.036991650684676386
0.18280335791817703 -0.0380166659742064
0.19238420470968637 -0.039036699307850815
0.20215034775378343 -0.04004564836488894
0.2120959042910774 -0.041036661814753274
0.2222148834901989 -0.0420022019987267
0.23250119005645137 -0.04293415238102376
0.2429486279033891 -0.043823970186411335
0.2535509038851079 -0.04466288081697996
0.26430163158700104 -0.045442106860592434
0.27519433517269654 -0.046153121079305866
0.28622245328485874 -0.04678790998737106
0.29737934299750524 -0.047339232740388586
0.30865828381745486 -0.047800859240831106
0.320052481732506 -0.04816777172250366
0.33155507330389 -0.04843631562188641
0.3431591298005543 -0.048604288201952325
0.35485766137276875 -0.04867095700271882
0.36664362126255073 -0.04863700451677918
0.3785099100483679 -0.04850440023384499
0.3904493799215649 -0.048276206035715
0.4024548389919357 -0.04795632550911119
0.41451905561984914 -0.04754921174780625
0.42663476277231926 -0.047059551343234536
0.43879466240039156 -0.04649194427832399
0.4509914298352198 -0.04585060018223299
0.46321771820016633 -0.045139070801322664
0.475466162836291 -0.0443600366146544
0.4877293857385438 -0.04351516238350334
0.4999999999999999 -0.042605032271305986
0.512270614261456 -0.04162917027147057
0.5245338371637088 -0.04058614635596434
0.5367822817998334 -0.03947376335760319
0.54900857016478 -0.03828931447876179
0.5612053375996082 -0.037029896814635796
0.5733652372276805 -0.035692762683526544
0.5854809443801506 -0.034275688100767504
0.5975451610080642 -0.032777336570004284
0.6095506200784349 -0.031197596561254207
0.6214900899516319 -0.029537872574313524
0.6333563787374491 -0.027801312435487398
0.645142338627231 -0.02599295725325357
0.6568408701994456 -0.024119805007788785
0.6684449266961098 -0.022190783767866987
0.6799475182674938 -0.020216635689633618
0.691341716182545 -0.01820971792658334
0.7026206570024947 -0.016183731060681363
0.713777546715141 -0.014153389383795402
0.7248056648273034 -0.012134050107089088
0.7356983684129987 -0.01014132021464847
0.746449096114892 -0.00819066014475146
0.7570513720966108 -0.006297002795227302
0.7674988099435485 -0.004474404600761801
0.7777851165098009 -0.00273574277821728
0.7879040957089227 -0.0010924694920837793
0.7978496522462164 0.0004455700968663263
0.8076157952903136 0.0018702529061218954
0.8171966420818224 0.0031752270221363475
0.8265864214768883 0.004355899259839949
0.8357794774235092 0.005409368667655371
0.8447702723685334 0.006334315782254764
0.8535533905932737 0.007130858963922826
0.8621235414757333 0.007800389825390145
0.8704755626774794 0.00834539962090602
0.8786044232532422 0.008769307560238497
0.8865052266813687 0.009076300473419494
0.894173213813303 0.009271191231273217
0.9016037657403225 0.009359301001289413
0.9087924065757916 0.009346367973584442
0.9157348061512727 0.009238482807126044
0.9224267826248536 0.009042048883312111
0.928864305000136 0.008763763644870075
0.9350434955543556 0.008410615939072054
0.9409606321741775 0.007989893431087023
0.9466121505977576 0.007509193820147188
0.9519946465617215 0.0069764337532920405
0.9571048778517655 0.006399849930157829
0.9619397662556433 0.005787987842631206
0.9664963994173694 0.005149674792777107
0.9707720325915102 0.004493975171019411
0.9747640902965183 0.0038301273453345895
0.9784701678661044 0.0031674628123953587
0.98188803289772 0.002515309411072743
0.985015626597272 0.0018828813368836764
0.9878510650192642 0.0012791593861803294
0.9903926402016152 0.0007127652884791099
0.9926388211944706 0.00019183416362732728
0.9945882549823906 -0.00027611090509584613
0.9962397672993549 -0.0006842784200060505
0.9975923633360985 -0.001026718743497269
0.9986452283393451 -0.0012984221539912573
0.9993977281025862 -0.0014954022348710576
0.9998494093481021 -0.0016147626500010001
1.0 -0.0016547458430295665
