1.0 0.0020791813245386224
0.9998494093481021 0.0021287402254083322
0.9993977281025862 0.00227737421523634
0.9986452283393451 0.0025249371302247924
0.9975923633360985 0.002871127257506549
0.9962397672993549 0.003315406916568866
0.9945882549823906 0.003856902713321889
0.9926388211944706 0.004494297865018643
0.9903926402016152 0.005225729332790083
0.9878510650192642 0.006048702633592324
0.985015626597272 0.006960036103634213
0.98188803289772 0.007955844128955745
0.9784701678661044 0.009031565627266586
0.9747640902965183 0.01018204012867407
0.9707720325915102 0.01140162949806063
0.9664963994173694 0.012684379043212722
0.9619397662556433 0.014024207841281135
0.9571048778517655 0.015415114946422805
0.9519946465617215 0.016851386011256825
0.9466121505977576 0.01832778397857386
0.9409606321741775 0.01983970798943302
0.9350434955543556 0.02138330650739396
0.928864305000136 0.02295553375877423
0.9224267826248536 0.024554142710547164
0.9157348061512727 0.02617761263543085
0.9087924065757916 0.027825014466823176
0.9016037657403225 0.02949582220842348
0.894173213813303 0.031189683217419377
0.8865052266813687 0.03290616384209223
0.8786044232532422 0.03464448934620639
0.8704755626774794 0.036403298067856915
0.8621235414757333 0.03818042922652415
0.8535533905932737 0.03997276171945001
0.8447702723685334 0.041776117772314963
0.8357794774235092 0.0435852406801645
0.8265864214768883 0.04539385043998886
0.8171966420818224 0.04719477525359717
0.8076157952903136 0.048980151122865793
0.7978496522462164 0.050741676524384036
0.7879040957089227 0.052470904856452186
0.7777851165098009 0.05415955434776191
0.7674988099435485 0.05579981365435514
0.7570513720966108 0.057384621579909624
0.746449096114892 0.05890790123232065
0.7356983684129987 0.0603647323421325
0.7248056648273034 0.06175145015714952
0.713777546715141 0.06306566493008955
0.7026206570024947 0.06430620209415405
0.691341716182545 0.06547296929537734
0.6799475182674938 0.06656676203804589
0.6684449266961098 0.0675890243535963
0.6568408701994456 0.06854158424950839
0.645142338627231 0.06942638546091266
0.6333563787374491 0.07024523706759397
0.6214900899516319 0.07099960084477487
0.6095506200784349 0.07169043291953446
0.5975451610080642 0.07231809166842398
0.5854809443801506 0.0728823181884409
0.5733652372276805 0.07338228955652772
0.5612053375996082 0.07381673896036087
0.54900857016478 0.07418413113815583
0.5367822817998334 0.07448287687399374
0.5245338371637088 0.0747115669496417
0.512270614261456 0.0748692042386101
0.4999999999999999 0.07495541269641648
0.4877293857385438 0.074970603860559
0.475466162836291 0.07491608498495436
0.46321771820016633 0.07479409781935097
0.4509914298352198 0.074607782910784
0.43879466240039156 0.07436107067213407
0.42663476277231926 0.07405850680548302
0.41451905561984914 0.0737050254535254
0.4024548389919357 0.07330568818767541
0.3904493799215649 0.0728654102131338
0.3785099100483679 0.07238869668009422
0.36664362126255073 0.07187941157835326
0.35485766137276875 0.0713405993578214
0.3431591298005543 0.07077437531663112
0.33155507330389 0.0701818952373403
0.320052481732506 0.06956340816232046
0.30865828381745486 0.06891838910768222
0.29737934299750524 0.06824574149959377
0.28622245328485874 0.06754405276291107
0.27519433517269654 0.06681188134437671
0.26430163158700104 0.0660480499704759
0.2535509038851079 0.06525191845815634
0.2429486279033891 0.06442361009575805
0.23250119005645137 0.06356416850037859
0.2222148834901989 0.06267562676871917
0.2120959042910774 0.06176097733626953
0.20215034775378343 0.06082403876529571
0.19238420470968637 0.05986922410679391
0.18280335791817703 0.05890122387123795
0.17341357852311146 0.05792462432819117
0.16422052257649067 0.05694348820336365
0.15522972763146647 0.05596092930869557
0.14644660940672616 0.05497871481400605
0.1378764585242665 0.053996928502534965
0.12952443732252045 0.053013725392554036
0.12139557674675777 0.05202520269728463
0.11349477331863145 0.05102540457207122
0.10582678618669683 0.050006468968268054
0.09839623425967753 0.04895891482030302
0.09120759342420814 0.047872057467960576
0.08426519384872727 0.04673453042765689
0.07757321737514639 0.045534883119900754
0.07113569499986394 0.044262217601866584
0.06495650444564427 0.04290682327993142
0.059039367825822475 0.04146076734945811
0.05338784940224234 0.039918400486440894
0.048005353438278275 0.03827674203687142
0.042895122148234655 0.03653571633524383
0.038060233744356575 0.034698221352543995
0.03350360058263052 0.03277002197659177
0.029227967408489597 0.030759472090739252
0.025235909703481607 0.02867708139985574
0.021529832133895532 0.026534953807714673
0.018111967102280024 0.024346133285389017
0.014984373402728013 0.022123899908588616
0.012148934980735715 0.019881062571027897
0.009607359798384785 0.017629295493620172
0.007361178805529334 0.015378562967480242
0.005411745017609493 0.013136670951316798
0.0037602327006450165 0.01090897557708778
0.0024076366639015356 0.008698267889036786
0.0013547716606548965 0.006504841997240081
0.0006022718974137975 0.0043267411206732555
0.00015059065189787502 0.002160163624531487
0.0 0.0
0.00015059065189787502 -0.00138836535671445
0.0006022718974137975 -0.002768899484462514
0.0013547716606548965 -0.004133515906201186
0.0024076366639015356 -0.005474850283459912
0.0037602327006450165 -0.006786572551479867
0.005411745017609493 -0.008063643617966229
0.007361178805529334 -0.009302503732737315
0.009607359798384785 -0.010501183912961641
0.012148934980735715 -0.011659336561819566
0.014984373402728013 -0.012778186317402315
0.018111967102280024 -0.013860406876886519
0.021529832133895532 -0.01490993373985149
0.025235909703481607 -0.015931726226456416
0.029227967408489597 -0.01693149453451171
0.03350360058263052 -0.01791540886393825
0.038060233744356575 -0.018889807703071724
0.042895122148234655 -0.019860921272670792
0.048005353438278275 -0.020834623979092203
0.05338784940224234 -0.021816226731355127
0.059039367825822475 -0.022810316380211117
0.06495650444564427 -0.023820645632352387
0.07113569499986394 -0.02485007288727075
0.07757321737514639 -0.025900547838210768
0.08426519384872727 -0.026973135641814572
0.09120759342420814 -0.02806807021216702
0.09839623425967753 -0.029184825885534012
0.10582678618669683 -0.030322196405497794
0.11349477331863145 -0.03147837088484727
0.12139557674675777 -0.03265099801969155
0.12952443732252045 -0.03383723219888156
0.1378764585242665 -0.03503375804460162
0.14644660940672616 -0.03623679307350074
0.15522972763146647 -0.03744207129796044
0.16422052257649067 -0.03864481341340152
0.17341357852311146 -0.039839691485294496
0.18280335791817703 -0.041020797550705715
0.19238420470968637 -0.042181626139204544
0.20215034775378343 -0.04331508032753903
0.2120959042910774 -0.044413509583754104
0.2222148834901989 -0.045468785422379907
0.23250119005645137 -0.0464724179500779
0.2429486279033891 -0.04741571295932934
0.2535509038851079 -0.04828996559894661
0.26430163158700104 -0.04908668310985708
0.27519433517269654 -0.049797825958085004
0.28622245328485874 -0.050416054196151146
0.29737934299750524 -0.050934964266351156
0.30865828381745486 -0.051349300888454914
0.320052481732506 -0.05165512923734702
0.33155507330389 -0.051849954315278717
0.3431591298005543 -0.05193277717472199
0.35485766137276875 -0.05190408128595127
0.36664362126255073 -0.0517657466328858
0.3785099100483679 -0.051520893772139996
0.3904493799215649 -0.0511736647812869
0.4024548389919357 -0.05072895242083799
0.41451905561984914 -0.05019209262245678
0.42663476277231926 -0.04956853831308029
0.43879466240039156 -0.048863534368755276
0.4509914298352198 -0.04808181401564307
0.46321771820016633 -0.0472273361972843
0.475466162836291 -0.04630308133622599
0.4877293857385438 -0.04531091965336414
0.4999999999999999 -0.04425156197023165
0.512270614261456 -0.0431245979762319
0.5245338371637088 -0.041928621612074356
0.5367822817998334 -0.0406614378473941
0.54900857016478 -0.039320340063290875
0.5612053375996082 -0.03790244281748037
0.5733652372276805 -0.03640505125634464
0.5854809443801506 -0.03482604606786332
0.5975451610080642 -0.033164261788994065
0.6095506200784349 -0.031419836551406816
0.6214900899516319 -0.029594512942383362
0.6333563787374491 -0.02769187245895421
0.645142338627231 -0.025717489851731588
0.6568408701994456 -0.02367899823627734
0.6684449266961098 -0.021586060895419534
0.6799475182674938 -0.01945025088318635
0.691341716182545 -0.017284844545852784
0.7026206570024947 -0.015104539594024306
0.713777546715141 -0.012925112127676169
0.7248056648273034 -0.010763029826060214
0.7356983684129987 -0.008635040227408844
0.746449096114892 -0.006557753576160605
0.7570513720966108 -0.004547239122008653
0.7674988099435485 -0.0026186521029854535
0.7777851165098009 -0.0007859060863603154
0.7879040957089227 0.0009385979194758275
0.7978496522462164 0.0025441778916807105
0.8076157952903136 0.0040220089945136525
0.8171966420818224 0.005365193665243732
0.8265864214768883 0.0065687672735744605
0.8357794774235092 0.007629646123445268
0.8447702723685334 0.008546526984983443
0.8535533905932737 0.009319748995860976
0.8621235414757333 0.009951129607187964
0.8704755626774794 0.010443786279404498
0.8786044232532422 0.010801954922411922
0.8865052266813687 0.011030814731354985
0.894173213813303 0.011136327240089266
0.9016037657403225 0.011125095265899467
0.9087924065757916 0.011004245127751115
0.9157348061512727 0.01078133325802403
0.9224267826248536 0.010464276249421683
0.928864305000136 0.010061301613039888
0.9350434955543556 0.00958091516488717
0.9409606321741775 0.009031880062757548
0.9466121505977576 0.008423202100386185
0.9519946465617215 0.0077641159113637
0.9571048778517655 0.007064067189267619
0.9619397662556433 0.006332686815635733
0.9664963994173694 0.005579753809738023
0.9707720325915102 0.0048151451718770185
0.9747640902965183 0.004048771884579297
0.9784701678661044 0.0032905014721069828
0.98188803289772 0.002550068522354026
0.985015626597272 0.0018369753906527933
0.9878510650192642 0.0011603858989335004
0.9903926402016152 0.0005290152051803097
0.9926388211944706 -4.898084317004649e-05
0.9945882549823906 -0.0005661136158972456
0.9962397672993549 -0.001015663826396306
0.9975923633360985 -0.0013917751663908144
0.9986452283393451 -0.001689537134206415
0.9993977281025862 -0.001905055165009436
0.9998494093481021 -0.002035506588098684
1.0 -0.0020791813245386224
