1.0 0.0020389774447541675
0.9998494093481021 0.0020939532623512154
0.9993977281025862 0.002258806312799446
0.9986452283393451 0.0025332954002343895
0.9975923633360985 0.0029169605587406194
0.9962397672993549 0.0034090428743363396
0.9945882549823906 0.0040083851526987475
0.9926388211944706 0.0047133249007853435
0.9903926402016152 0.005521592439709467
0.9878510650192642 0.0064302271058259836
0.985015626597272 0.0074355233953205604
0.98188803289772 0.00853301664280673
0.9784701678661044 0.009717514578503282
0.9747640902965183 0.010983177152622349
0.9707720325915102 0.012323642687395284
0.9664963994173694 0.01373219409276644
0.9619397662556433 0.015201954943722097
0.9571048778517655 0.016726102021773926
0.9519946465617215 0.01829807876953844
0.9466121505977576 0.019911793211492
0.9409606321741775 0.021561784368754486
0.9350434955543556 0.02324334303989565
0.928864305000136 0.02495257591619795
0.9224267826248536 0.026686406123526907
0.9157348061512727 0.028442508118139417
0.9087924065757916 0.030219180028593515
0.9016037657403225 0.032015161613304144
0.894173213813303 0.03382941057480384
0.8865052266813687 0.03566085365224297
0.8786044232532422 0.03750813138346834
0.8704755626774794 0.03936935646029017
0.8621235414757333 0.041241905081320224
0.8535533905932737 0.04312225864587897
0.8447702723685334 0.04500590966472352
0.8357794774235092 0.04688734113923629
0.8265864214768883 0.04876008322778029
0.8171966420818224 0.05061684519388286
0.8076157952903136 0.05244971487078691
0.7978496522462164 0.054250412636761315
0.7879040957089227 0.056010582595690195
0.7777851165098009 0.057722100648144814
0.7674988099435485 0.059377377670585645
0.7570513720966108 0.060969636225494894
0.746449096114892 0.06249314110188371
0.7356983684129987 0.0639433673992793
0.7248056648273034 0.0653170945606628
0.713777546715141 0.06661242036845355
0.7026206570024947 0.0678286950040954
0.691341716182545 0.06896638135632932
0.6799475182674938 0.07002685336296541
0.6684449266961098 0.07101214883876238
0.6568408701994456 0.07192469660279903
0.645142338627231 0.07276703950020008
0.6333563787374491 0.07354157496856298
0.6214900899516319 0.07425033312056303
0.6095506200784349 0.07489480903268703
0.5975451610080642 0.07547586130798489
0.5854809443801506 0.0759936833904224
0.5733652372276805 0.07644784800294487
0.5612053375996082 0.07683741895841573
0.54900857016478 0.07716111895435902
0.5367822817998334 0.07741753727471885
0.5245338371637088 0.07760535797581544
0.512270614261456 0.07772358741323454
0.4999999999999999 0.07777176002402143
0.4877293857385438 0.07775010312156774
0.475466162836291 0.07765964494904581
0.46321771820016633 0.07750225509386932
0.4509914298352198 0.07728061219702118
0.43879466240039156 0.07699810021849907
0.42663476277231926 0.07665864081791664
0.41451905561984914 0.07626647514730256
0.4024548389919357 0.07582591304021687
0.3904493799215649 0.07534107080615843
0.3785099100483679 0.07481562030542563
0.36664362126255073 0.07425257153155476
0.35485766137276875 0.07365410856664077
0.3431591298005543 0.07302149465821135
0.33155507330389 0.07235505660218561
0.320052481732506 0.07165425203796927
0.30865828381745486 0.07091781619496733
0.29737934299750524 0.07014397765251747
0.28622245328485874 0.06933072637101798
0.27519433517269654 0.06847611216282132
0.26430163158700104 0.06757854835287842
0.2535509038851079 0.06663709396161935
0.2429486279033891 0.06565168850205129
0.23250119005645137 0.06462331642327175
0.2222148834901989 0.06355408318089609
0.2120959042910774 0.06244719153201169
0.20215034775378343 0.0613068144555738
0.19238420470968637 0.06013786949773424
0.18280335791817703 0.0589457076806165
0.17341357852311146 0.057735737724140146
0.16422052257649067 0.05651301258416835
0.15522972763146647 0.05528180966635775
0.14644660940672616 0.054045238127405054
0.1378764585242665 0.05280490618649459
0.12952443732252045 0.05156067829363804
0.12139557674675777 0.050310546491710455
0.11349477331863145 0.04905063271106473
0.10582678618669683 0.047775329565477184
0.09839623425967753 0.046477577126006336
0.09120759342420814 0.04514926287285916
0.08426519384872727 0.043781722335471854
0.07757321737514639 0.04236630957385568
0.07113569499986394 0.04089500029407166
0.06495650444564427 0.039360986557867
0.059039367825822475 0.0377592210948517
0.05338784940224234 0.03608687130228042
0.048005353438278275 0.03434364804802403
0.042895122148234655 0.032531982081906864
0.038060233744356575 0.030657030712220104
0.03350360058263052 0.028726508752003284
0.029227967408489597 0.02675034979534914
0.025235909703481607 0.024740215793187043
0.021529832133895532 0.02270888380225888
0.018111967102280024 0.020669547880753772
0.014984373402728013 0.018635080718125877
0.012148934980735715 0.016617303203536923
0.009607359798384785 0.014626310454863352
0.007361178805529334 0.012669899779553068
0.005411745017609493 0.01075313979210069
0.0037602327006450165 0.008878110873617583
0.0024076366639015356 0.007043835933651122
0.0013547716606548965 0.005246407791104816
0.0006022718974137975 0.0034793063048569046
0.00015059065189787502 0.0017338855749585696
0.0 0.0
0.00015059065189787502 -0.001443328405619427
0.0006022718974137975 -0.002878344989751185
0.0013547716606548965 -0.004296480468601462
0.0024076366639015356 -0.005689860326337574
0.0037602327006450165 -0.007051606386521925
0.005411745017609493 -0.008376086476084427
0.007361178805529334 -0.00965910011152983
0.009607359798384785 -0.010897992140226236
0.012148934980735715 -0.01209169071403724
0.014984373402728013 -0.013240670547715348
0.018111967102280024 -0.014346846803997266
0.021529832133895532 -0.015413408852312639
0.025235909703481607 -0.01644460630883128
0.029227967408489597 -0.01744550198075756
0.03350360058263052 -0.01842170747825552
0.038060233744356575 -0.019379117275242653
0.042895122148234655 -0.020323655931291835
0.048005353438278275 -0.021261051146682173
0.05338784940224234 -0.022196642496917388
0.059039367825822475 -0.023135232322399814
0.06495650444564427 -0.02408098160979345
0.07113569499986394 -0.025037350084363145
0.07757321737514639 -0.026007076419097302
0.08426519384872727 -0.026992191708230938
0.09120759342420814 -0.02799405735185334
0.09839623425967753 -0.02901341739179527
0.10582678618669683 -0.030050455189298175
0.11349477331863145 -0.03110484512545993
0.12139557674675777 -0.03217579164264505
0.12952443732252045 -0.03326205026669783
0.1378764585242665 -0.03436192803843321
0.14644660940672616 -0.03547326378360869
0.15522972763146647 -0.03659339159184435
0.16422052257649067 -0.037719093490575
0.17341357852311146 -0.038846549350886855
0.18280335791817703 -0.039971293355278596
0.19238420470968637 -0.0410881867625866
0.20215034775378343 -0.04219141616538881
0.2120959042910774 -0.04327452497149895
0.2222148834901989 -0.04433048355254623
0.23250119005645137 -0.045351800558379445
0.2429486279033891 -0.046330674523174444
0.2535509038851079 -0.04725918135509628
0.26430163158700104 -0.04812948989342537
0.27519433517269654 -0.04893409471987087
0.28622245328485874 -0.049666053084067206
0.29737934299750524 -0.050319211361029306
0.30865828381745486 -0.05088840605159744
0.320052481732506 -0.051369625040779326
0.33155507330389 -0.05176011663557233
0.3431591298005543 -0.05205843672165427
0.35485766137276875 -0.05226442803714062
0.36664362126255073 -0.05237912982424404
0.3785099100483679 -0.052404620698391795
0.3904493799215649 -0.052343802151302805
0.4024548389919357 -0.05220013435458594
0.41451905561984914 -0.05197733954483376
0.42663476277231926 -0.05167909098013871
0.43879466240039156 -0.051308707050535154
0.4509914298352198 -0.050868870464805656
0.46321771820016633 -0.05036139147229
0.475466162836291 -0.04978703184924363
0.4877293857385438 -0.04914540301091978
0.4999999999999999 -0.04843494730819475
0.512270614261456 -0.0476530066019245
0.5245338371637088 -0.04679597689686052
0.5367822817998334 -0.04585954250244414
0.54900857016478 -0.044838978214196835
0.5612053375996082 -0.04372950369870409
0.5733652372276805 -0.04252667089534112
0.5854809443801506 -0.04122676303421398
0.5975451610080642 -0.03982718295071818
0.6095506200784349 -0.03832680880545157
0.6214900899516319 -0.03672629705845814
0.6333563787374491 -0.03502831547849428
0.645142338627231 -0.033237692895103074
0.6568408701994456 -0.03136147706627121
0.6684449266961098 -0.029408897136718477
0.6799475182674938 -0.027391232378600174
0.691341716182545 -0.025321593914509423
0.7026206570024947 -0.023214630620345032
0.713777546715141 -0.021086174131874105
0.7248056648273034 -0.01895284062975784
0.7356983684129987 -0.016831608718444895
0.746449096114892 -0.01473939318550448
0.7570513720966108 -0.012692633747631661
0.7674988099435485 -0.01070691614892949
0.7777851165098009 -0.008796640331733175
0.7879040957089227 -0.0069747470571689
0.7978496522462164 -0.005252510554200401
0.8076157952903136 -0.003639400782010832
0.8171966420818224 -0.0021430149603497923
0.8265864214768883 -0.0007690743968524053
0.8357794774235092 0.0004785204733572374
0.8447702723685334 0.0015975863608845235
0.8535533905932737 0.0025875158933665885
0.8621235414757333 0.0034491109017167607
0.8704755626774794 0.0041844022513638284
0.8786044232532422 0.004796467507695416
0.8865052266813687 0.005289256340664424
0.894173213813303 0.005667431691982472
0.9016037657403225 0.005936232518445832
0.9087924065757916 0.006101361564929957
0.9157348061512727 0.006168899284603732
0.9224267826248536 0.00614524286988666
0.928864305000136 0.006037067517215153
0.9350434955543556 0.005851305619634484
0.9409606321741775 0.005595138623302857
0.9466121505977576 0.005275995817608242
0.9519946465617215 0.004901554336828794
0.9571048778517655 0.004479735084477507
0.9619397662556433 0.0040186900741187165
0.9664963994173694 0.0035267777193307972
0.9707720325915102 0.0030125237986975864
0.9747640902965183 0.0024845670674029357
0.9784701678661044 0.0019515896914268044
0.98188803289772 0.0014222337643412341
0.985015626597272 0.0009050060704079523
0.9878510650192642 0.00040817394299006793
0.9903926402016152 -6.034448173671469e-05
0.9926388211944706 -0.0004930920946402903
0.9945882549823906 -0.0008831831929807456
0.9962397672993549 -0.0012244090363034755
0.9975923633360985 -0.001511335499741478
0.9986452283393451 -0.0017393901287925733
0.9993977281025862 -0.0019049363319335387
0.9998494093481021 -0.0020053328954436627
1.0 -0.0020389774447541675
