1.0 0.0013394890080980495
0.9998494093481021 0.0013890745529534267
0.9993977281025862 0.0015377944378550327
0.9986452283393451 0.00178551866253494
0.9975923633360985 0.002131966778088961
0.9962397672993549 0.0025766192245022263
0.9945882549823906 0.0031186065733143924
0.9926388211944706 0.0037565885852078283
0.9903926402016152 0.0044886364506093925
0.9878510650192642 0.005312131816422842
0.985015626597272 0.00622369517834181
0.98188803289772 0.007219154010080228
0.9784701678661044 0.008293557786485687
0.9747640902965183 0.009441243104562158
0.9707720325915102 0.010655947749908502
0.9664963994173694 0.011930968170289019
0.9619397662556433 0.013259350785084185
0.9571048778517655 0.014634104236652042
0.9519946465617215 0.016048417379322007
0.9466121505977576 0.017495866724419266
0.9409606321741775 0.018970597334782652
0.9350434955543556 0.020467462796465503
0.928864305000136 0.02198211278087656
0.9224267826248536 0.023511020632507713
0.9157348061512727 0.025051448069982822
0.9087924065757916 0.026601349099407742
0.9016037657403225 0.02815922020051529
0.894173213813303 0.029723908346527286
0.8865052266813687 0.031294392077717295
0.8786044232532422 0.03286955334903763
0.8704755626774794 0.03444795898652633
0.8621235414757333 0.03602767019821273
0.8535533905932737 0.03760609669665879
0.8447702723685334 0.039179908728427075
0.8357794774235092 0.040745015910778094
0.8265864214768883 0.04229661658368792
0.8171966420818224 0.043829315801408475
0.8076157952903136 0.04533730455541942
0.7978496522462164 0.046814587784944066
0.7879040957089227 0.048255244603398154
0.7777851165098009 0.04965370129265568
0.7674988099435485 0.05100499623892582
0.7570513720966108 0.05230501623404626
0.746449096114892 0.05355068544455146
0.7356983684129987 0.05474009172778973
0.7248056648273034 0.05587253959786274
0.713777546715141 0.056948524659955715
0.7026206570024947 0.057969630310372694
0.691341716182545 0.05893835347075794
0.6799475182674938 0.0598578716143131
0.6684449266961098 0.06073176790947927
0.6568408701994456 0.06156373458285407
0.645142338627231 0.06235727631887804
0.6333563787374491 0.0631154355229528
0.6214900899516319 0.06384055956690948
0.6095506200784349 0.06453412683872542
0.5975451610080642 0.06519664378835033
0.5854809443801506 0.06582761956372762
0.5733652372276805 0.06642561871124777
0.5612053375996082 0.06698838626362352
0.54900857016478 0.06751303385185167
0.5367822817998334 0.0679962707183306
0.5245338371637088 0.06843466006489968
0.512270614261456 0.06882487932759918
0.4999999999999999 0.06916396288579642
0.4877293857385438 0.06944950740097763
0.475466162836291 0.06967982330902088
0.46321771820016633 0.06985402069251603
0.4509914298352198 0.06997202345479782
0.43879466240039156 0.0700345119375894
0.42663476277231926 0.07004280035428863
0.41451905561984914 0.0699986611292857
0.4024548389919357 0.06990411295479987
0.3904493799215649 0.06976119269152607
0.3785099100483679 0.06957173284984684
0.36664362126255073 0.06933716613344268
0.35485766137276875 0.06905837639803424
0.3431591298005543 0.0687356115212769
0.33155507330389 0.0683684683879891
0.320052481732506 0.06795595388490687
0.30865828381745486 0.06749661898065529
0.29737934299750524 0.0669887562020264
0.28622245328485874 0.06643064467735235
0.27519433517269654 0.06582082193389294
0.26430163158700104 0.06515835825862898
0.2535509038851079 0.06444310799015525
0.2429486279033891 0.063675912783374
0.23250119005645137 0.06285873469084824
0.2222148834901989 0.0619947016752584
0.2120959042910774 0.06108805458338655
0.20215034775378343 0.06014399220912618
0.19238420470968637 0.05916841927930814
0.18280335791817703 0.058167610375024485
0.17341357852311146 0.05714781030012433
0.16422052257649067 0.056114797610325826
0.15522972763146647 0.055073442388078514
0.14644660940672616 0.05402729148529939
0.1378764585242665 0.05297821411649004
0.12952443732252045 0.051926137811978114
0.12139557674675777 0.050868899472534916
0.11349477331863145 0.049802228927583535
0.10582678618669683 0.04871987348176253
0.09839623425967753 0.047613862063765666
0.09120759342420814 0.04647489748014265
0.08426519384872727 0.04529285567369818
0.07757321737514639 0.04405736251930188
0.07113569499986394 0.042758412211344035
0.06495650444564427 0.04138698723209943
0.059039367825822475 0.03993563859568643
0.05338784940224234 0.03839898669656956
0.048005353438278275 0.036774107599425045
0.042895122148234655 0.035060776720318716
0.038060233744356575 0.03326155110263402
0.03350360058263052 0.031381682255092656
0.029227967408489597 0.029428863042830558
0.025235909703481607 0.027412823588203208
0.021529832133895532 0.02534480172074478
0.018111967102280024 0.023236922443686206
0.014984373402728013 0.021101527496507653
0.012148934980735715 0.018950499888422952
0.009607359798384785 0.0167946289545077
0.007361178805529334 0.014643058965169382
0.005411745017609493 0.012502858752102804
0.0037602327006450165 0.010378741572300575
0.0024076366639015356 0.008272954084333092
0.0013547716606548965 0.006185341581709735
0.0006022718974137975 0.004113584344159058
0.00015059065189787502 0.002053588000623302
0.0 0.0
0.00015059065189787502 -0.0014718760310000905
0.0006022718974137975 -0.0029367922487808073
0.0013547716606548965 -0.004387706116966632
0.0024076366639015356 -0.0058181993741414076
0.0037602327006450165 -0.007222747965409186
0.005411745017609493 -0.008596944242927602
0.007361178805529334 -0.009937660393057874
0.009607359798384785 -0.011243145768279731
0.012148934980735715 -0.012513054927708375
0.014984373402728013 -0.013748407429977176
0.018111967102280024 -0.014951484480388163
0.021529832133895532 -0.016125671131435752
0.025235909703481607 -0.01727525563038354
0.029227967408489597 -0.018405199512960636
0.03350360058263052 -0.019520893040347598
0.038060233744356575 -0.020627910525949533
0.042895122148234655 -0.021731779036297947
0.048005353438278275 -0.022837771989089813
0.05338784940224234 -0.02395073648866653
0.059039367825822475 -0.02507496006402605
0.06495650444564427 -0.02621407906841435
0.07113569499986394 -0.02737102763648112
0.07757321737514639 -0.02854802303945186
0.08426519384872727 -0.029746580765470713
0.09120759342420814 -0.030967550867976628
0.09839623425967753 -0.03221116619429233
0.10582678618669683 -0.03347709308267131
0.11349477331863145 -0.03476447597691586
0.12139557674675777 -0.036071969058618814
0.12952443732252045 -0.037397750278595716
0.1378764585242665 -0.03873951587005998
0.14644660940672616 -0.04009445630102107
0.15522972763146647 -0.04145921741223814
0.16422052257649067 -0.04282985293642709
0.17341357852311146 -0.044201776478087186
0.18280335791817703 -0.0455697221707984
0.19238420470968637 -0.04692772350033805
0.20215034775378343 -0.04826911913858558
0.2120959042910774 -0.04958659310164667
0.2222148834901989 -0.05087225422702593
0.23250119005645137 -0.05211775702734949
0.2429486279033891 -0.053314462645267915
0.2535509038851079 -0.054453635166860234
0.26430163158700104 -0.055526665228204965
0.27519433517269654 -0.056525309947226106
0.28622245328485874 -0.05744193598067982
0.29737934299750524 -0.05826975114935917
0.30865828381745486 -0.05900300973662059
0.320052481732506 -0.05963717731564188
0.33155507330389 -0.06016904278824673
0.3431591298005543 -0.06059676813026741
0.35485766137276875 -0.06091986996695598
0.36664362126255073 -0.06113913131392653
0.3785099100483679 -0.061256446332905785
0.3904493799215649 -0.0612746054568528
0.4024548389919357 -0.061197032418873004
0.41451905561984914 -0.061027488273190475
0.42663476277231926 -0.06076976016181704
0.43879466240039156 -0.06042735415248306
0.4509914298352198 -0.06000321181955649
0.46321771820016633 -0.05949946931058352
0.475466162836291 -0.05891727547424655
0.4877293857385438 -0.058256682343548756
0.4999999999999999 -0.057516617070525265
0.512270614261456 -0.05669493955896253
0.5245338371637088 -0.055788584848303
0.5367822817998334 -0.05479378409841413
0.54900857016478 -0.053706353146177194
0.5612053375996082 -0.05252203336469614
0.5733652372276805 -0.051236866225736526
0.5854809443801506 -0.04984758075661509
0.5975451610080642 -0.04835197213064532
0.6095506200784349 -0.046749249988953336
0.6214900899516319 -0.04504033672894879
0.6333563787374491 -0.04322809879643614
0.645142338627231 -0.04131749779615333
0.6568408701994456 -0.039315652741389456
0.6684449266961098 -0.037231809706913754
0.6799475182674938 -0.035077220218243534
0.691341716182545 -0.03286493459085506
0.7026206570024947 -0.030609520831772433
0.713777546715141 -0.02832672337837694
0.7248056648273034 -0.026033078675255616
0.7356983684129987 -0.023745506245707655
0.746449096114892 -0.02148089443947946
0.7570513720966108 -0.019255699446261664
0.7674988099435485 -0.017085574540291276
0.7777851165098009 -0.014985044012464876
0.7879040957089227 -0.012967233050306596
0.7978496522462164 -0.011043661175460837
0.8076157952903136 -0.009224102993348275
0.8171966420818224 -0.007516516200630177
0.8265864214768883 -0.005927033266798736
0.8357794774235092 -0.004460010158568775
0.8447702723685334 -0.0031181230680928694
0.8535533905932737 -0.0019025024447298115
0.8621235414757333 -0.0008128927652246981
0.8704755626774794 0.00015217359751151468
0.8786044232532422 0.0009951993899271019
0.8865052266813687 0.0017195520756475874
0.894173213813303 0.0023293079389624287
0.9016037657403225 0.0028291165140295806
0.9087924065757916 0.0032240888985014616
0.9157348061512727 0.0035197112585269273
0.9224267826248536 0.0037217827427320532
0.928864305000136 0.0038363752240397073
0.9350434955543556 0.0038698108763679496
0.9409606321741775 0.003828652628447559
0.9466121505977576 0.0037197020417866246
0.9519946465617215 0.003549999120900098
0.9571048778517655 0.0033268189364453775
0.9619397662556433 0.0030576606557709135
0.9664963994173694 0.0027502255430614016
0.9707720325915102 0.0024123816162435847
0.9747640902965183 0.002052113833010896
0.9784701678661044 0.001677459833716271
0.98188803289772 0.0012964323178144166
0.985015626597272 0.0009169300142722794
0.9878510650192642 0.0005466398866059896
0.9903926402016152 0.00019293367256275847
0.9926388211944706 -0.0001372379009736105
0.9945882549823906 -0.0004374498470276284
0.9962397672993549 -0.000701903340113322
0.9975923633360985 -0.0009255188400959375
0.9986452283393451 -0.0011040192808108157
0.9993977281025862 -0.0012340010924128547
0.9998494093481021 -0.0013129912549508464
1.0 -0.0013394890080980495
