1.0 0.0017702306393363825
0.9998494093481021 0.0018216680436536985
0.9993977281025862 0.0019759315698726194
0.9986452283393451 0.0022328564408941568
0.9975923633360985 0.0025921076489474194
0.9962397672993549 0.0030530962397701702
0.9945882549823906 0.00361487517262569
0.9926388211944706 0.004276026372362336
0.9903926402016152 0.00503455198403652
0.9878510650192642 0.005887783025432325
0.985015626597272 0.006832317574574464
0.98188803289772 0.00786399840353044
0.9784701678661044 0.008977936755186926
0.9747640902965183 0.01016858502384237
0.9707720325915102 0.011429856777595657
0.9664963994173694 0.012755288223553223
0.9619397662556433 0.014138231245990129
0.9571048778517655 0.01557206489783837
0.9519946465617215 0.01705040999668691
0.9466121505977576 0.018567330485509882
0.9409606321741775 0.020117505581973342
0.9350434955543556 0.021696358462184005
0.928864305000136 0.0233001301944598
0.9224267826248536 0.024925891638486998
0.9157348061512727 0.026571490747166304
0.9087924065757916 0.028235437778597845
0.9016037657403225 0.02991673593414598
0.894173213813303 0.03161466947298197
0.8865052266813687 0.0333285650330666
0.8786044232532422 0.03505754439574323
0.8704755626774794 0.036800288038861935
0.8621235414757333 0.038554828414914435
0.8535533905932737 0.04031838997066825
0.8447702723685334 0.04208728962066999
0.8357794774235092 0.04385690694013641
0.8265864214768883 0.045621728090469056
0.8171966420818224 0.047375461839928544
0.8076157952903136 0.04911122043751003
0.7978496522462164 0.050821752986441426
0.7879040957089227 0.05249971475760056
0.7777851165098009 0.05413795292737858
0.7674988099435485 0.05572978776756057
0.7570513720966108 0.05726926848772269
0.746449096114892 0.05875138473523564
0.7356983684129987 0.06017221806537788
0.7248056648273034 0.06152902225384963
0.713777546715141 0.06282022678317614
0.7026206570024947 0.06404536376506244
0.691341716182545 0.06520492449344883
0.6799475182674938 0.06630015728476243
0.6684449266961098 0.0673328228139193
0.6568408701994456 0.06830492642825264
0.645142338627231 0.06921844864825343
0.6333563787374491 0.0700750950981642
0.6214900899516319 0.0708760854409415
0.6095506200784349 0.07162199764823865
0.5975451610080642 0.07231267937245513
0.5854809443801506 0.07294723266872444
0.5733652372276805 0.07352407228410804
0.5612053375996082 0.0740410516779399
0.54900857016478 0.07449564535521735
0.5367822817998334 0.07488517144331291
0.5245338371637088 0.07520703510775192
0.512270614261456 0.07545897166738233
0.4999999999999999 0.07563926828636058
0.4877293857385438 0.07574694490101047
0.475466162836291 0.07578187845005947
0.46321771820016633 0.07574485924794154
0.4509914298352198 0.07563757408884907
0.43879466240039156 0.07546251692528341
0.42663476277231926 0.07522283421279091
0.41451905561984914 0.07492211773034421
0.4024548389919357 0.07456416238820437
0.3904493799215649 0.07415270981386858
0.3785099100483679 0.07369120006520949
0.36664362126255073 0.07318255349891827
0.35485766137276875 0.07262900261529343
0.3431591298005543 0.0720319897562847
0.33155507330389 0.07139214114759587
0.320052481732506 0.07070932136716224
0.30865828381745486 0.06998276540362394
0.29737934299750524 0.06921127860427263
0.28622245328485874 0.06839348857484515
0.27519433517269654 0.06752812801738609
0.26430163158700104 0.06661432402853663
0.2535509038851079 0.06565186785962557
0.2429486279033891 0.0646414397424944
0.23250119005645137 0.06358476612404795
0.2222148834901989 0.062484691368694056
0.2120959042910774 0.061345152358284374
0.20215034775378343 0.06017105197977576
0.19238420470968637 0.05896803566991517
0.18280335791817703 0.05774218334751083
0.17341357852311146 0.05649963655524615
0.16422052257649067 0.05524618683782025
0.15522972763146647 0.05398685576939104
0.14644660940672616 0.0527254992071329
0.1378764585242665 0.05146446804825923
0.12952443732252045 0.05020435494946379
0.12139557674675777 0.04894385126858581
0.11349477331863145 0.047679731234044925
0.10582678618669683 0.046406971530405884
0.09839623425967753 0.04511900473283174
0.09120759342420814 0.04380809504101942
0.08426519384872727 0.04246581530116061
0.07757321737514639 0.0410835960878976
0.07113569499986394 0.03965331129570757
0.06495650444564427 0.03816786078181819
0.059039367825822475 0.036621709462593195
0.05338784940224234 0.035011344045464354
0.048005353438278275 0.033335613218094536
0.042895122148234655 0.031595924341543076
0.038060233744356575 0.029796279034418838
0.03350360058263052 0.027943140855457214
0.029227967408489597 0.02604513983773457
0.025235909703481607 0.024112630078039023
0.021529832133895532 0.022157127112752643
0.018111967102280024 0.020190660644646235
0.014984373402728013 0.018225084663132964
0.012148934980735715 0.01627139062566155
0.009607359798384785 0.01433906984229771
0.007361178805529334 0.012435568455603296
0.005411745017609493 0.010565872591938441
0.0037602327006450165 0.00873225275883613
0.0024076366639015356 0.006934185953141285
0.0013547716606548965 0.005168461959072952
0.0006022718974137975 0.0034294677909129335
0.00015059065189787502 0.0017096320519501837
0.0 0.0
0.00015059065189787502 -0.0013693082625728325
0.0006022718974137975 -0.002727985531860439
0.0013547716606548965 -0.004065304185944473
0.0024076366639015356 -0.0053713872198382145
0.0037602327006450165 -0.006637578228905752
0.005411745017609493 -0.00785674872384936
0.007361178805529334 -0.009023528118486595
0.009607359798384785 -0.01013444650804465
0.012148934980735715 -0.011187985670196505
0.014984373402728013 -0.012184539208248694
0.018111967102280024 -0.01312628804242516
0.021529832133895532 -0.014017002186741805
0.025235909703481607 -0.014861783615682215
0.029227967408489597 -0.01566676778345904
0.03350360058263052 -0.016438802849221473
0.038060233744356575 -0.017185125818395947
0.042895122148234655 -0.01791305366528422
0.048005353438278275 -0.01862970518081735
0.05338784940224234 -0.019341766000815285
0.059039367825822475 -0.020055305289344162
0.06495650444564427 -0.0207756481985264
0.07113569499986394 -0.021507303840019882
0.07757321737514639 -0.02225394441776339
0.08426519384872727 -0.023018427688505483
0.09120759342420814 -0.023802852284143524
0.09839623425967753 -0.024608633823870428
0.10582678618669683 -0.02543658925578349
0.11349477331863145 -0.026287017497694864
0.12139557674675777 -0.02715976610686865
0.12952443732252045 -0.028054276228598483
0.1378764585242665 -0.02896960121741836
0.14644660940672616 -0.029904397808399402
0.15522972763146647 -0.030856892231113958
0.16422052257649067 -0.031824826897493046
0.17341357852311146 -0.03280539597396032
0.18280335791817703 -0.033795180032380766
0.19238420470968637 -0.03479009089423497
0.20215034775378343 -0.03578533764845651
0.2120959042910774 -0.036775423632940445
0.2222148834901989 -0.0377541820075839
0.23250119005645137 -0.03871485457849248
0.2429486279033891 -0.039650214992452304
0.2535509038851079 -0.04055273359166601
0.26430163158700104 -0.041414777412727255
0.27519433517269654 -0.04222883534605499
0.28622245328485874 -0.04298775563652476
0.29737934299750524 -0.04368498095243486
0.30865828381745486 -0.04431476536351109
0.320052481732506 -0.0448723578552534
0.33155507330389 -0.04535413848387987
0.3431591298005543 -0.045757695869803
0.35485766137276875 -0.04608183827782563
0.36664362126255073 -0.046326534803470404
0.3785099100483679 -0.04649278788273992
0.3904493799215649 -0.04658244313541839
0.4024548389919357 -0.04659794709481436
0.41451905561984914 -0.04654206733671519
0.42663476277231926 -0.04641759260099472
0.43879466240039156 -0.04622703246304572
0.4509914298352198 -0.045972336797525486
0.46321771820016633 -0.045654654610825324
0.475466162836291 -0.04527414982250566
0.4877293857385438 -0.044829888364265234
0.4999999999999999 -0.044319806737942134
0.512270614261456 -0.0437407672033485
0.5245338371637088 -0.04308869937683336
0.5367822817998334 -0.042358822566743094
0.54900857016478 -0.04154593801202178
0.5612053375996082 -0.04064477566493745
0.5733652372276805 -0.03965037656503931
0.5854809443801506 -0.03855848942228241
0.5975451610080642 -0.037365958917215746
0.6095506200784349 -0.036071083500830194
0.6214900899516319 -0.03467392210941679
0.6333563787374491 -0.03317653208452303
0.645142338627231 -0.031583124508557964
0.6568408701994456 -0.029900127870899587
0.6684449266961098 -0.028136156158889897
0.6799475182674938 -0.02630188278930253
0.691341716182545 -0.024409826923275823
0.7026206570024947 -0.022474063326629084
0.713777546715141 -0.020509870774685295
0.7248056648273034 -0.018533336841709325
0.7356983684129987 -0.016560938616786997
0.746449096114892 -0.014609119386270292
0.7570513720966108 -0.012693880634197243
0.7674988099435485 -0.010830406929419022
0.7777851165098009 -0.009032738552067689
0.7879040957089227 -0.007313503276983893
0.7978496522462164 -0.005683714829507112
0.8076157952903136 -0.0041526414298011585
0.8171966420818224 -0.0027277438150878483
0.8265864214768883 -0.0014146784250910229
0.8357794774235092 -0.00021735826967065317
0.8447702723685334 0.0008619384642469573
0.8535533905932737 0.0018224236571778526
0.8621235414757333 0.0026646307295984974
0.8704755626774794 0.003390234656196539
0.8786044232532422 0.004001871994096367
0.8865052266813687 0.004502970895493902
0.894173213813303 0.00489759906811278
0.9016037657403225 0.005190335313125283
0.9087924065757916 0.005386167797146428
0.9157348061512727 0.005490419785015844
0.9224267826248536 0.005508701337850096
0.928864305000136 0.005446883602324465
0.9350434955543556 0.005311090882142917
0.9409606321741775 0.005107704750334839
0.9466121505977576 0.0048433740488393025
0.9519946465617215 0.0045250247078362565
0.9571048778517655 0.0041598638451968446
0.9619397662556433 0.003755373493102605
0.9664963994173694 0.003319290443204684
0.9707720325915102 0.0028595699941658644
0.9747640902965183 0.0023843327175954443
0.9784701678661044 0.0019017946313370992
0.98188803289772 0.0014201823002971258
0.985015626597272 0.0009476353132697249
0.9878510650192642 0.0004920992720535808
0.9903926402016152 6.121286303882069e-05
0.9926388211944706 -0.0003378072302199261
0.9945882549823906 -0.0006982798456146783
0.9962397672993549 -0.0010141677746280304
0.9975923633360985 -0.001280177933310275
0.9986452283393451 -0.001491850525061854
0.9993977281025862 -0.0016456349165494813
0.9998494093481021 -0.0017389504213415903
1.0 -0.0017702306393363825
