1.0 0.0019450306931592142
0.9998494093481021 0.0019937904607794763
0.9993977281025862 0.0021400225264194437
0.9986452283393451 0.002383566307583318
0.9975923633360985 0.0027240932921873268
0.9962397672993549 0.0031610226402367216
0.9945882549823906 0.003693416202982399
0.9926388211944706 0.004319864676365987
0.9903926402016152 0.0050383780102019275
0.9878510650192642 0.005846293378565889
0.985015626597272 0.006740212946906105
0.98188803289772 0.007715981424308788
0.9784701678661044 0.00876871014628401
0.9747640902965183 0.009892850465178932
0.9707720325915102 0.01108231486978005
0.9664963994173694 0.012330639889565693
0.9619397662556433 0.013631180846095832
0.9571048778517655 0.014977325252074765
0.9519946465617215 0.016362709428977964
0.9466121505977576 0.01778142193503418
0.9409606321741775 0.019228177782392268
0.9350434955543556 0.02069844917709852
0.928864305000136 0.022188541523996297
0.9224267826248536 0.02369560747884509
0.9157348061512727 0.025217596588977518
0.9087924065757916 0.026753143162646625
0.9016037657403225 0.02830140003127252
0.894173213813303 0.02986183040182444
0.8865052266813687 0.031433973655125604
0.8786044232532422 0.0330172034115299
0.8704755626774794 0.03461049723199525
0.8621235414757333 0.03621223683616502
0.8535533905932737 0.03782005570896039
0.8447702723685334 0.03943074756701597
0.8357794774235092 0.04104024461480033
0.8265864214768883 0.042643669182698164
0.8171966420818224 0.044235456620621595
0.8076157952903136 0.0458095416727188
0.7978496522462164 0.047359595434036096
0.7879040957089227 0.048879295805210596
0.7777851165098009 0.05036261146298836
0.7674988099435485 0.051804078000146817
0.7570513720966108 0.053199045185761996
0.746449096114892 0.054543876251391864
0.7356983684129987 0.05583608358352112
0.7248056648273034 0.057074389937138426
0.713777546715141 0.058258709915697975
0.7026206570024947 0.05939005254979259
0.691341716182545 0.060470351870866225
0.6799475182674938 0.06150223793509105
0.6684449266961098 0.06248876536046135
0.6568408701994456 0.06343311972425465
0.645142338627231 0.06433832385871371
0.6333563787374491 0.065206966036611
0.6214900899516319 0.06604097025044628
0.6095506200784349 0.06684142539484275
0.5975451610080642 0.06760848542717265
0.5854809443801506 0.06834134688254101
0.5733652372276805 0.06903830391251199
0.5612053375996082 0.06969687480312205
0.54900857016478 0.07031398821150663
0.5367822817998334 0.07088621260961557
0.5245338371637088 0.07141000903041692
0.512270614261456 0.0718819854611388
0.4999999999999999 0.0722991312717879
0.4877293857385438 0.07265901191185424
0.475466162836291 0.0729599076123652
0.46321771820016633 0.07320088471499399
0.4509914298352198 0.073381794118943
0.43879466240039156 0.07350319770845204
0.42663476277231926 0.07356622997056536
0.41451905561984914 0.0735724078013184
0.4024548389919357 0.07352340623503748
0.3904493799215649 0.0734208211024302
0.3785099100483679 0.07326594113027085
0.36664362126255073 0.07305955158186656
0.35485766137276875 0.07280178920278627
0.3431591298005543 0.0724920641393387
0.33155507330389 0.0721290589456969
0.320052481732506 0.07171080822349521
0.30865828381745486 0.07123485537260406
0.29737934299750524 0.07069847595317064
0.28622245328485874 0.07009895085243645
0.27519433517269654 0.06943386735938317
0.26430163158700104 0.06870142283355185
0.2535509038851079 0.06790070424376111
0.2429486279033891 0.06703191762537122
0.23250119005645137 0.0660965444660566
0.2222148834901989 0.06509740700771337
0.2120959042910774 0.06403863110690246
0.20215034775378343 0.0629255031449048
0.19238420470968637 0.061764225928955065
0.18280335791817703 0.060561586921972145
0.17341357852311146 0.05932455980853493
0.16422052257649067 0.05805986671790645
0.15522972763146647 0.056773532837626324
0.14644660940672616 0.05547046725444023
0.1378764585242665 0.0541541034128482
0.12952443732252045 0.052826129536683114
0.12139557674675777 0.05148633386705395
0.11349477331863145 0.050132581974672304
0.10582678618669683 0.04876093422068916
0.09839623425967753 0.047365901317395175
0.09120759342420814 0.045940825616474064
0.08426519384872727 0.04447836599988285
0.07757321737514639 0.04297105581475307
0.07113569499986394 0.041411896845621576
0.06495650444564427 0.03979494838820296
0.059039367825822475 0.038115869436084485
0.05338784940224234 0.03637237396609433
0.048005353438278275 0.034564564239070075
0.042895122148234655 0.03269511462946658
0.038060233744356575 0.030769288266350312
0.03350360058263052 0.028794780047259074
0.029227967408489597 0.02678139158970236
0.025235909703481607 0.024740555560551616
0.021529832133895532 0.0226847377141534
0.018111967102280024 0.02062675407671568
0.014984373402728013 0.018579047355920236
0.012148934980735715 0.016552970318242696
0.009607359798384785 0.01455812425792339
0.007361178805529334 0.012601797709540886
0.005411745017609493 0.010688544399718327
0.0037602327006450165 0.008819930491967994
0.0024076366639015356 0.006994470054711822
0.0013547716606548965 0.005207755139911435
0.0006022718974137975 0.0034527737693079833
0.00015059065189787502 0.0017203964024787744
0.0 0.0
0.00015059065189787502 -0.0014878351809504888
0.0006022718974137975 -0.002966015877318591
0.0013547716606548965 -0.0044246816710880954
0.0024076366639015356 -0.005854712645203146
0.0037602327006450165 -0.007248052056447119
0.005411745017609493 -0.008597975096084315
0.007361178805529334 -0.009899291164242327
0.009607359798384785 -0.011148471214262328
0.012148934980735715 -0.012343696310240362
0.014984373402728013 -0.013484828264990907
0.018111967102280024 -0.014573307760772663
0.021529832133895532 -0.015611989393182509
0.025235909703481607 -0.016604926351755332
0.029227967408489597 -0.01755711975075321
0.03350360058263052 -0.018474248816491547
0.038060233744356575 -0.019362398172895694
0.042895122148234655 -0.020227797380517245
0.048005353438278275 -0.021076585794027183
0.05338784940224234 -0.021914612899633472
0.059039367825822475 -0.022747280824261657
0.06495650444564427 -0.02357943195729937
0.07113569499986394 -0.02441528089286792
0.07757321737514639 -0.02525838647733101
0.08426519384872727 -0.026111656893810717
0.09120759342420814 -0.02697737864305983
0.09839623425967753 -0.027857259132018298
0.10582678618669683 -0.02875247242477918
0.11349477331863145 -0.029663698531181983
0.12139557674675777 -0.030591148312070014
0.12952443732252045 -0.03153456850226215
0.1378764585242665 -0.032493224269679405
0.14644660940672616 -0.033465859879441506
0.15522972763146647 -0.034450641134343075
0.16422052257649067 -0.03544508604140644
0.17341357852311146 -0.03644599235813513
0.18280335791817703 -0.03744937209825664
0.19238420470968637 -0.038450403584925595
0.20215034775378343 -0.039443411164082044
0.2120959042910774 -0.04042188124696809
0.2222148834901989 -0.041378521033690024
0.23250119005645137 -0.042305363247300734
0.2429486279033891 -0.04319391670888376
0.2535509038851079 -0.044035358880431016
0.26430163158700104 -0.04482076288817178
0.27519433517269654 -0.045541348308270974
0.28622245328485874 -0.04618874242001336
0.29737934299750524 -0.046755236934688534
0.30865828381745486 -0.04723402455468603
0.320052481732506 -0.04761940019401439
0.33155507330389 -0.04790691330189029
0.3431591298005543 -0.04809346039316739
0.35485766137276875 -0.04817731044065267
0.36664362126255073 -0.048158059992803905
0.3785099100483679 -0.04803651946068787
0.3904493799215649 -0.047814536652312264
0.4024548389919357 -0.04749476799248333
0.41451905561984914 -0.04708041163799079
0.42663476277231926 -0.046574919603788616
0.43879466240039156 -0.04598170783570353
0.4509914298352198 -0.0453038837523036
0.46321771820016633 -0.044544010070692135
0.475466162836291 -0.04370392175544069
0.4877293857385438 -0.042784609802032254
0.4999999999999999 -0.04178618148175527
0.512270614261456 -0.040707901896575846
0.5245338371637088 -0.03954831653136676
0.5367822817998334 -0.038305449285321994
0.54900857016478 -0.036977065556378294
0.5612053375996082 -0.03556098566400994
0.5733652372276805 -0.034055430506876316
0.5854809443801506 -0.03245937908160731
0.5975451610080642 -0.030772916481222726
0.6095506200784349 -0.028997551305494702
0.6214900899516319 -0.02713648302257672
0.6333563787374491 -0.025194802608393494
0.645142338627231 -0.02317961356880501
0.6568408701994456 -0.021100064968747962
0.6684449266961098 -0.018967293057840142
0.6799475182674938 -0.016794273175477173
0.691341716182545 -0.014595588520980744
0.7026206570024947 -0.012387126786585696
0.713777546715141 -0.010185719313212273
0.7248056648273034 -0.008008740137129947
0.7356983684129987 -0.005873683913672259
0.746449096114892 -0.0037977421708720116
0.7570513720966108 -0.0017973966764209843
0.7674988099435485 0.00011195301635043829
0.7777851165098009 0.001916313391695185
0.7879040957089227 0.0036033610188045996
0.7978496522462164 0.005162639438745148
0.8076157952903136 0.0065856854638624085
0.8171966420818224 0.007866085360255248
0.8265864214768883 0.008999464982926288
0.8357794774235092 0.009983421027436523
0.8447702723685334 0.010817402990587572
0.8535533905932737 0.011502557088819646
0.8621235414757333 0.012041544217765267
0.8704755626774794 0.012438344058842523
0.8786044232532422 0.012698056711858087
0.8865052266813687 0.01282671186529543
0.894173213813303 0.012831093652639562
0.9016037657403225 0.012718587150905828
0.9087924065757916 0.012497050133048063
0.9157348061512727 0.012174711361807044
0.9224267826248536 0.011760094565566332
0.928864305000136 0.01126196539764097
0.9350434955543556 0.010689297246450962
0.9409606321741775 0.010051250794763027
0.9466121505977576 0.00935716174222318
0.9519946465617215 0.008616531090313557
0.9571048778517655 0.007839012793782837
0.9619397662556433 0.007034394332975791
0.9664963994173694 0.00621256676529245
0.9707720325915102 0.005383481970602523
0.9747640902965183 0.004557096014311778
0.9784701678661044 0.003743298720500182
0.98188803289772 0.002951830598227419
0.985015626597272 0.002192189138021724
0.9878510650192642 0.0014735271556471678
0.9903926402016152 0.0008045462913824162
0.9926388211944706 0.0001933889803953019
0.9945882549823906 -0.0003524677845842517
0.9962397672993549 -0.0008263137388532617
0.9975923633360985 -0.0012222988079126991
0.9986452283393451 -0.001535516245243085
0.9993977281025862 -0.0017620733584184142
0.9998494093481021 -0.001899148160285016
1.0 -0.0019450306931592142
