1.0 0.0016779780272655402
0.9998494093481021 0.001728478826494471
0.9993977281025862 0.0018799312232997405
0.9986452283393451 0.0021321660029140835
0.9975923633360985 0.002484839141970728
0.9962397672993549 0.002937345771104711
0.9945882549823906 0.0034887129938021033
0.9926388211944706 0.004137483372607658
0.9903926402016152 0.004881602324677834
0.9878510650192642 0.005718322877483312
0.985015626597272 0.0066441401876923415
0.98188803289772 0.007654765997257503
0.9784701678661044 0.008745149969933422
0.9747640902965183 0.009909550887881645
0.9707720325915102 0.011141656327910783
0.9664963994173694 0.012434745055618935
0.9619397662556433 0.013781882356064715
0.9571048778517655 0.015176135219294359
0.9519946465617215 0.01661079201999407
0.9466121505977576 0.018079570292456264
0.9409606321741775 0.01957679652293369
0.9350434955543556 0.021097543566144086
0.928864305000136 0.022637714231006
0.9224267826248536 0.024194063554993504
0.9157348061512727 0.025764156988460865
0.9087924065757916 0.02734626676527334
0.9016037657403225 0.028939213733414366
0.894173213813303 0.030542166445786577
0.8865052266813687 0.03215441298576727
0.8786044232532422 0.03377512350651917
0.8704755626774794 0.035403122570652465
0.8621235414757333 0.03703668997143143
0.8535533905932737 0.03867340680392236
0.8447702723685334 0.0403100602629578
0.8357794774235092 0.04194261621732773
0.8265864214768883 0.043566263384840334
0.8171966420818224 0.04517552731892462
0.8076157952903136 0.04676444685952184
0.7978496522462164 0.04832680064578219
0.7879040957089227 0.04985636714736144
0.7777851165098009 0.05134719878807844
0.7674988099435485 0.05279388935625513
0.7570513720966108 0.054191814147923206
0.746449096114892 0.05553732417002625
0.7356983684129987 0.056827879107519616
0.7248056648273034 0.058062108375901714
0.713777546715141 0.05923979508193954
0.7026206570024947 0.06036178366842823
0.691341716182545 0.06142981795169421
0.6799475182674938 0.062446321698583634
0.6684449266961098 0.06341413839400133
0.6568408701994456 0.0643362500533733
0.645142338627231 0.06521549657127727
0.6333563787374491 0.06605431702680581
0.6214900899516319 0.06685453258368088
0.6095506200784349 0.06761718726280291
0.5975451610080642 0.06834245818962065
0.5854809443801506 0.06902964129986973
0.5733652372276805 0.06967721237570583
0.5612053375996082 0.0702829571744587
0.54900857016478 0.07084415880234392
0.5367822817998334 0.07135782583695771
0.5245338371637088 0.07182094140210325
0.512270614261456 0.07223071172640945
0.4999999999999999 0.07258479282246977
0.4877293857385438 0.07288147581063645
0.475466162836291 0.07311981493961986
0.46321771820016633 0.07329968724666014
0.4509914298352198 0.07342177865994745
0.43879466240039156 0.07348749769722666
0.42663476277231926 0.07349882423262148
0.41451905561984914 0.07345810655983666
0.4024548389919357 0.07336782468413336
0.3904493799215649 0.07323034101747156
0.3785099100483679 0.07304766113495535
0.36664362126255073 0.07282122682049508
0.35485766137276875 0.07255176128506421
0.3431591298005543 0.07223918233971588
0.33155507330389 0.0718825937531917
0.320052481732506 0.07148035845173717
0.30865828381745486 0.07103025015082938
0.29737934299750524 0.07052967302123317
0.28622245328485874 0.06997593266786527
0.27519433517269654 0.06936653658142983
0.26430163158700104 0.06869949876645809
0.2535509038851079 0.06797362178803847
0.2429486279033891 0.06718873019255349
0.23250119005645137 0.06634583215334207
0.2222148834901989 0.06544719110293083
0.2120959042910774 0.06449629570561849
0.20215034775378343 0.0634977243205784
0.19238420470968637 0.06245690852022473
0.18280335791817703 0.06137980861029373
0.17341357852311146 0.06027252178073023
0.16422052257649067 0.059140849870751515
0.15522972763146647 0.057989858215175064
0.14644660940672616 0.05682345924156084
0.1378764585242665 0.05564405416470454
0.12952443732252045 0.05445226322157263
0.12139557674675777 0.053246769548706635
0.11349477331863145 0.052024294359415704
0.10582678618669683 0.05077971203338932
0.09839623425967753 0.04950630372511716
0.09120759342420814 0.04819613785694713
0.08426519384872727 0.04684055615030285
0.07757321737514639 0.04543073540516003
0.07113569499986394 0.043958288725582856
0.06495650444564427 0.04241586584025553
0.059039367825822475 0.04079771094135668
0.05338784940224234 0.03910013822005048
0.048005353438278275 0.03732188995156538
0.042895122148234655 0.03546434929939467
0.038060233744356575 0.03353158948865294
0.03350360058263052 0.031530251997473994
0.029227967408489597 0.02946925816461227
0.025235909703481607 0.027359370275911496
0.021529832133895532 0.025212628930280215
0.018111967102280024 0.023041702510884794
0.014984373402728013 0.020859191226948817
0.012148934980735715 0.018676931937887685
0.009607359798384785 0.016505350520119873
0.007361178805529334 0.014352905811233512
0.005411745017609493 0.012225663325292286
0.0037602327006450165 0.010127028361921444
0.0024076366639015356 0.008057657415139067
0.0013547716606548965 0.006015554668922973
0.0006022718974137975 0.003996347694030422
0.00015059065189787502 0.001993724127920446
0.0 0.0
0.00015059065189787502 -0.0014065119072802328
0.0006022718974137975 -0.002805123033089505
0.0013547716606548965 -0.004187779353805068
0.0024076366639015356 -0.005547112108718547
0.0037602327006450165 -0.0068767335558470215
0.005411745017609493 -0.008171479687395254
0.007361178805529334 -0.009427587621881776
0.009607359798384785 -0.010642799519831624
0.012148934980735715 -0.01181638945563201
0.014984373402728013 -0.012949114399372486
0.018111967102280024 -0.014043094992725892
0.021529832133895532 -0.015101635833360915
0.025235909703481607 -0.016128998244424753
0.029227967408489597 -0.017130140790345794
0.03350360058263052 -0.01811044397301696
0.038060233744356575 -0.01907543555229212
0.042895122148234655 -0.020030531816866738
0.048005353438278275 -0.020980808003721096
0.05338784940224234 -0.02193080811658636
0.059039367825822475 -0.02288440087369339
0.06495650444564427 -0.023844684707258975
0.07113569499986394 -0.02481394094191069
0.07757321737514639 -0.025793630788738427
0.08426519384872727 -0.026784428867699595
0.09120759342420814 -0.027786283825255838
0.09839623425967753 -0.028798495391866154
0.10582678618669683 -0.029819796994144027
0.11349477331863145 -0.030848433786770824
0.12139557674675777 -0.0318822276079793
0.12952443732252045 -0.03291862272659913
0.1378764585242665 -0.033954709117597084
0.14644660940672616 -0.03498722311637299
0.15522972763146647 -0.03601252838086446
0.16422052257649067 -0.037026582859811814
0.17341357852311146 -0.03802489967653313
0.18280335791817703 -0.03900251128770488
0.19238420470968637 -0.03995394682611838
0.20215034775378343 -0.04087323211963762
0.2120959042910774 -0.041753920510080485
0.2222148834901989 -0.04258916036939814
0.23250119005645137 -0.043371802292890255
0.2429486279033891 -0.044094545566959124
0.2535509038851079 -0.04475011993152497
0.26430163158700104 -0.045331495176170855
0.27519433517269654 -0.045832108015156706
0.28622245328485874 -0.046246093246948894
0.29737934299750524 -0.04656850464149866
0.30865828381745486 -0.04679551047314575
0.320052481732506 -0.04692454921271032
0.33155507330389 -0.046954432609348874
0.3431591298005543 -0.04688538614627604
0.35485766137276875 -0.0467190204795345
0.36664362126255073 -0.04645823173161873
0.3785099100483679 -0.04610703312514077
0.3904493799215649 -0.045670325086713336
0.4024548389919357 -0.04515361529923587
0.41451905561984914 -0.04456270391761484
0.42663476277231926 -0.04390335201176633
0.43879466240039156 -0.04318095304238003
0.4509914298352198 -0.04240022766416462
0.46321771820016633 -0.04156496132796045
0.475466162836291 -0.040677802046918385
0.4877293857385438 -0.03974013242109881
0.4999999999999999 -0.03875202577815782
0.512270614261456 -0.037712291351207745
0.5245338371637088 -0.036618608093235354
0.5367822817998334 -0.035467741362573114
0.54900857016478 -0.03425583165141638
0.5612053375996082 -0.03297874009482631
0.5733652372276805 -0.031632431974479965
0.5854809443801506 -0.03021337704192331
0.5975451610080642 -0.028718944376833682
0.6095506200784349 -0.02714776972848059
0.6214900899516319 -0.025500074836816045
0.6333563787374491 -0.023777920981891555
0.645142338627231 -0.021985382778722463
0.6568408701994456 -0.020128632768956937
0.6684449266961098 -0.018215932365879872
0.6799475182674938 -0.016257529866619286
0.691341716182545 -0.01426547123407717
0.7026206570024947 -0.01225333386961492
0.713777546715141 -0.010235897383385376
0.7248056648273034 -0.008228768215266639
0.7356983684129987 -0.00624797672587998
0.746449096114892 -0.004309565998991894
0.7570513720966108 -0.0024291910847458473
0.7674988099435485 -0.0006217458513692705
0.7777851165098009 0.001098967850857433
0.7879040957089227 0.002720517176050938
0.7978496522462164 0.004232053516021496
0.8076157952903136 0.005624461924210562
0.8171966420818224 0.006890444481112154
0.8265864214768883 0.00802454088183638
0.8357794774235092 0.009023092574390748
0.8447702723685334 0.00988415918320367
0.8535533905932737 0.010607397609326467
0.8621235414757333 0.011193915056949853
0.8704755626774794 0.011646107302977885
0.8786044232532422 0.011967492863253793
0.8865052266813687 0.012162552421946062
0.894173213813303 0.012236581120835201
0.9016037657403225 0.012195559216545337
0.9087924065757916 0.012046044379085727
0.9157348061512727 0.01179508669343205
0.9224267826248536 0.011450165390446075
0.928864305000136 0.0110191446015627
0.9350434955543556 0.010510244097627635
0.9409606321741775 0.009932020092955036
0.9466121505977576 0.009293350789567518
0.9519946465617215 0.008603421385678657
0.9571048778517655 0.007871703726941291
0.9619397662556433 0.007107926563896045
0.9664963994173694 0.0063220334025930434
0.9707720325915102 0.0055241260976394944
0.9747640902965183 0.0047243935386638986
0.9784701678661044 0.003933025931589755
0.98188803289772 0.003160116199212478
0.985015626597272 0.0024155508647982268
0.9878510650192642 0.001708893402913283
0.9903926402016152 0.0010492634305572894
0.9926388211944706 0.0004452152761605921
0.9945882549823906 -9.538057194938125e-05
0.9962397672993549 -0.0005654498364604077
0.9975923633360985 -0.000958817662543477
0.9986452283393451 -0.0012703000913265533
0.9993977281025862 -0.0014957816547313504
0.9998494093481021 -0.0016322773937640818
1.0 -0.0016779780272655402
