1.0 0.001808771117171003
0.9998494093481021 0.0018572671845984877
0.9993977281025862 0.002002710301127531
0.9986452283393451 0.0022449462272843197
0.9975923633360985 0.002583656661493099
0.9962397672993549 0.003018274334422858
0.9945882549823906 0.0035478773840234056
0.9926388211944706 0.004171074787923686
0.9903926402016152 0.004885896043180022
0.9878510650192642 0.005689698470634183
0.985015626597272 0.006579104448719415
0.98188803289772 0.007549978626410577
0.9784701678661044 0.008597451908853667
0.9747640902965183 0.009715995023732394
0.9707720325915102 0.010899540100756612
0.9664963994173694 0.012141644308931953
0.9619397662556433 0.013435685581675511
0.9571048778517655 0.014775077177753589
0.9519946465617215 0.016153485579063164
0.9466121505977576 0.01756503523381192
0.9409606321741775 0.019004484032077003
0.9350434955543556 0.020467355152119067
0.928864305000136 0.021950013926214856
0.9224267826248536 0.02344968242188814
0.9157348061512727 0.024964389204814922
0.9087924065757916 0.02649285686349306
0.9016037657403225 0.028034334917403033
0.894173213813303 0.029588390282514393
0.8865052266813687 0.03115467114610677
0.8786044232532422 0.03273266258761192
0.8704755626774794 0.0343214533465799
0.8621235414757333 0.0359195326684855
0.8535533905932737 0.03752463416293447
0.8447702723685334 0.039133640220501226
0.8357794774235092 0.0407425560028628
0.8265864214768883 0.04234655669168273
0.8171966420818224 0.043940105970216005
0.8076157952903136 0.04551713807015234
0.7978496522462164 0.04707129059773323
0.7879040957089227 0.04859617117452058
0.7777851165098009 0.05008563803590616
0.7674988099435485 0.05153407337182256
0.7570513720966108 0.052936628496102985
0.746449096114892 0.05428942188842409
0.7356983684129987 0.055589674627619275
0.7248056648273034 0.0568357724658515
0.713777546715141 0.058027249414647014
0.7026206570024947 0.05916469378591998
0.691341716182545 0.06024958367328568
0.6799475182674938 0.06128406438857937
0.6684449266961098 0.06227068493988738
0.6568408701994456 0.06321211387810026
0.645142338627231 0.06411085648050474
0.6333563787374491 0.06496899514033805
0.6214900899516319 0.06578797298780148
0.6095506200784349 0.06656843731869959
0.5975451610080642 0.06731015462030132
0.5854809443801506 0.06801200323902719
0.5733652372276805 0.06867204349041382
0.5612053375996082 0.06928765877168962
0.54900857016478 0.06985575550790815
0.5367822817998334 0.0703730050130117
0.5245338371637088 0.07083610697043269
0.512270614261456 0.07124205251807457
0.4999999999999999 0.07158836501095839
0.4877293857385438 0.07187329843598636
0.475466162836291 0.07209597702312717
0.46321771820016633 0.07225646455337181
0.4509914298352198 0.07235575780667715
0.43879466240039156 0.0723957050377697
0.42663476277231926 0.07237885678211911
0.41451905561984914 0.07230826214252943
0.4024548389919357 0.07218722849234545
0.3904493799215649 0.07201906583891558
0.3785099100483679 0.07180683862156818
0.36664362126255073 0.07155314731524653
0.35485766137276875 0.07125995987497327
0.3431591298005543 0.0709285089483983
0.33155507330389 0.07055926521444776
0.320052481732506 0.07015199061311597
0.30865828381745486 0.06970586814595894
0.29737934299750524 0.06921969793218964
0.28622245328485874 0.06869214289047401
0.27519433517269654 0.06812200232854028
0.26430163158700104 0.06750848832119725
0.2535509038851079 0.06685147837557526
0.2429486279033891 0.06615171869751856
0.23250119005645137 0.06541095538834868
0.2222148834901989 0.06463197594179337
0.2120959042910774 0.06381855013354078
0.20215034775378343 0.06297526731251249
0.19238420470968637 0.06210727561592793
0.18280335791817703 0.06121993707714271
0.17341357852311146 0.060318420299718886
0.16422052257649067 0.05940725869583515
0.15522972763146647 0.058489906684502914
0.14644660940672616 0.05756832830264808
0.1378764585242665 0.05664265215777764
0.12952443732252045 0.05571092349575269
0.12139557674675777 0.05476897852377801
0.11349477331863145 0.05381045836425011
0.10582678618669683 0.052826970639064656
0.09839623425967753 0.05180839635231216
0.09120759342420814 0.05074332919735905
0.08426519384872727 0.04961962444222808
0.07757321737514639 0.04842502590139063
0.07113569499986394 0.04714783285772593
0.06495650444564427 0.04577756469692514
0.059039367825822475 0.044305579822483
0.05338784940224234 0.042725607289552714
0.048005353438278275 0.04103415446427171
0.042895122148234655 0.03923076159369985
0.038060233744356575 0.03731808396803676
0.03350360058263052 0.03530179370811068
0.029227967408489597 0.03319030532952986
0.025235909703481607 0.030994341264412032
0.021529832133895532 0.028726364600186755
0.018111967102280024 0.02639991561764706
0.014984373402728013 0.02402889558913196
0.012148934980735715 0.021626845212915326
0.009607359798384785 0.019206265700347936
0.007361178805529334 0.016778027819872494
0.005411745017609493 0.014350908299392152
0.0037602327006450165 0.011931284289228272
0.0024076366639015356 0.009523005689734484
0.0013547716606548965 0.0071274528101418514
0.0006022718974137975 0.0047437739157882635
0.00015059065189787502 0.0023692846523241913
0.0 0.0
0.00015059065189787502 -0.0016123069573000125
0.0006022718974137975 -0.003213382929981743
0.0013547716606548965 -0.004791881843195432
0.0024076366639015356 -0.006337295466585565
0.0037602327006450165 -0.007840319259816974
0.005411745017609493 -0.009293158035750735
0.007361178805529334 -0.010689757281758232
0.009607359798384785 -0.012025950506029507
0.012148934980735715 -0.013299518015038498
0.014984373402728013 -0.014510157736127044
0.018111967102280024 -0.015659373723420522
0.021529832133895532 -0.016750292491829823
0.025235909703481607 -0.017787421020434683
0.029227967408489597 -0.018776362923429286
0.03350360058263052 -0.019723510752912485
0.038060233744356575 -0.02063573261052199
0.042895122148234655 -0.021520070233421736
0.048005353438278275 -0.02238346360183364
0.05338784940224234 -0.023232514085571164
0.059039367825822475 -0.024073294463430647
0.06495650444564427 -0.02491121011109973
0.07113569499986394 -0.025750911578135253
0.07757321737514639 -0.026596254974194416
0.08426519384872727 -0.02745030334098868
0.09120759342420814 -0.028315359730412718
0.09839623425967753 -0.029193021204149645
0.10582678618669683 -0.030084242499487625
0.11349477331863145 -0.030989398669068014
0.12139557674675777 -0.03190833751436355
0.12952443732252045 -0.032840414933779656
0.1378764585242665 -0.03378450917436284
0.14644660940672616 -0.03473901314560989
0.15522972763146647 -0.03570180713738185
0.16422052257649067 -0.036670217195470554
0.17341357852311146 -0.037640966786498455
0.18280335791817703 -0.038610131012685164
0.19238420470968637 -0.039573103363702275
0.20215034775378343 -0.040524584739841885
0.2120959042910774 -0.04145860325235239
0.2222148834901989 -0.04236857118915024
0.23250119005645137 -0.04324738268862561
0.2429486279033891 -0.04408755231527979
0.2535509038851079 -0.04488139114827482
0.26430163158700104 -0.04562121347190476
0.27519433517269654 -0.04629956399107205
0.28622245328485874 -0.046909452958604665
0.29737934299750524 -0.04744458492438058
0.30865828381745486 -0.047899566166021756
0.320052481732506 -0.04827007632835556
0.33155507330389 -0.04855299139040499
0.3431591298005543 -0.04874644771461213
0.35485766137276875 -0.0488498404520716
0.36664362126255073 -0.04886375374804068
0.3785099100483679 -0.04878982472807104
0.3904493799215649 -0.04863054782744278
0.4024548389919357 -0.04838903032558016
0.41451905561984914 -0.04806871364710371
0.42663476277231926 -0.04767307781366513
0.43879466240039156 -0.047205348155212434
0.4509914298352198 -0.04666822386983832
0.46321771820016633 -0.046063647197636656
0.475466162836291 -0.045392629876549004
0.4877293857385438 -0.04465515029682542
0.4999999999999999 -0.04385013056653679
0.512270614261456 -0.04297549781217992
0.5245338371637088 -0.04202832878330248
0.5367822817998334 -0.041005071552559974
0.54900857016478 -0.03990183314988995
0.5612053375996082 -0.03871471766757706
0.5733652372276805 -0.03744019600431055
0.5854809443801506 -0.036075486200498955
0.5975451610080642 -0.034618922396201304
0.6095506200784349 -0.03307029087251263
0.6214900899516319 -0.03143111338298005
0.6333563787374491 -0.029704860923156336
0.645142338627231 -0.027897085026224077
0.6568408701994456 -0.026015458350645167
0.6684449266961098 -0.02406972143787854
0.6799475182674938 -0.022071537737496153
0.691341716182545 -0.020034263996328412
0.7026206570024947 -0.017972647582077658
0.713777546715141 -0.015902465996302545
0.7248056648273034 -0.013840126521240056
0.7356983684129987 -0.01180224550446393
0.746449096114892 -0.009805227157197673
0.7570513720966108 -0.007864860947308342
0.7674988099435485 -0.005995954802482189
0.7777851165098009 -0.0042120185643138575
0.7879040957089227 -0.0025250086637998966
0.7978496522462164 -0.0009451410725865991
0.8076157952903136 0.0005192245107000532
0.8171966420818224 0.0018616302879585558
0.8265864214768883 0.003077500527006893
0.8357794774235092 0.004164064119718913
0.8447702723685334 0.005120229810750355
0.8535533905932737 0.005946425982820906
0.8621235414757333 0.006644417631401304
0.8704755626774794 0.007217113061347945
0.8786044232532422 0.007668371960496029
0.8865052266813687 0.008002824968059263
0.894173213813303 0.008225712812898757
0.9016037657403225 0.00834275072557025
0.9087924065757916 0.008360021314973529
0.9157348061512727 0.008283896627195652
0.9224267826248536 0.00812098783528472
0.928864305000136 0.007878119081001916
0.9350434955543556 0.007562320504416726
0.9409606321741775 0.007180834515922052
0.9466121505977576 0.006741128908110474
0.9519946465617215 0.006250910453126572
0.9571048778517655 0.005718133131496602
0.9619397662556433 0.005150996010782451
0.9664963994173694 0.004557926937901749
0.9707720325915102 0.003947549519557863
0.9747640902965183 0.00332863223284149
0.9784701678661044 0.0027100198329395864
0.98188803289772 0.002100548422403913
0.985015626597272 0.0015089465520715514
0.9878510650192642 0.0009437254957252114
0.9903926402016152 0.00041306236038462607
0.9926388211944706 -7.532003528382862e-05
0.9945882549823906 -0.0005142725394578821
0.9962397672993549 -0.0008973344786587995
0.9975923633360985 -0.0012188403805411265
0.9986452283393451 -0.0014740154945382313
0.9993977281025862 -0.0016590574689760546
0.9998494093481021 -0.0017712020434229431
1.0 -0.001808771117171003
