1.0 0.002169175564441306
0.9998494093481021 0.0022199713170198707
0.9993977281025862 0.0023723019973846127
0.9986452283393451 0.0026259789051576903
0.9975923633360985 0.002980626359979356
0.9962397672993549 0.003435596912548122
0.9945882549823906 0.003989865945226081
0.9926388211944706 0.004641917494220986
0.9903926402016152 0.005389634545157482
0.9878510650192642 0.0062302072414211485
0.985015626597272 0.007160071365823489
0.98188803289772 0.008174887187788247
0.9784701678661044 0.009269565492491107
0.9747640902965183 0.010438343597759863
0.9707720325915102 0.011674909759487187
0.9664963994173694 0.012972569946661782
0.9619397662556433 0.014324446920076802
0.9571048778517655 0.01572369823591705
0.9519946465617215 0.017163737521690238
0.9466121505977576 0.018638442358957872
0.9409606321741775 0.020142332473504155
0.9350434955543556 0.021670703682759633
0.928864305000136 0.02321970606974756
0.9224267826248536 0.02478635892095612
0.9157348061512727 0.02636849976890854
0.9087924065757916 0.027964670038213915
0.9016037657403225 0.02957394488946649
0.894173213813303 0.03119571946900039
0.8865052266813687 0.03282946751686894
0.8786044232532422 0.03447449083779453
0.8704755626774794 0.036129679269555966
0.8621235414757333 0.037793300372038485
0.8535533905932737 0.03946283611316606
0.8447702723685334 0.04113488047524154
0.8357794774235092 0.04280510739275755
0.8265864214768883 0.044468313103821995
0.8171966420818224 0.046118531265965206
0.8076157952903136 0.04774921350523269
0.7978496522462164 0.04935346288886251
0.7879040957089227 0.05092430355529561
0.7777851165098009 0.052454966750357206
0.7674988099435485 0.053939172056479835
0.7570513720966108 0.05537138279457285
0.746449096114892 0.05674701642580835
0.7356983684129987 0.058062594150665135
0.7248056648273034 0.0593158185390793
0.713777546715141 0.060505573568631066
0.7026206570024947 0.06163184746163441
0.691341716182545 0.06269558471972025
0.6799475182674938 0.06369847927573152
0.6684449266961098 0.06464272527272652
0.6568408701994456 0.06553074526563943
0.645142338627231 0.06636491735218296
0.6333563787374491 0.06714732273065381
0.6214900899516319 0.06787953344615116
0.6095506200784349 0.06856245675581031
0.5975451610080642 0.06919624788056188
0.5854809443801506 0.06978029728812885
0.5733652372276805 0.07031329252249409
0.5612053375996082 0.07079334845637397
0.54900857016478 0.07121819419711155
0.5367822817998334 0.07158540018817902
0.5245338371637088 0.07189262570874433
0.512270614261456 0.072137865265801
0.4999999999999999 0.07231967244902734
0.4877293857385438 0.07243734168446507
0.475466162836291 0.07249103183869084
0.46321771820016633 0.07248182051242977
0.4509914298352198 0.0724116837274416
0.43879466240039156 0.07228340207365108
0.42663476277231926 0.0721004007185731
0.41451905561984914 0.0718665364573255
0.4024548389919357 0.07158584970718301
0.3904493799215649 0.07126230261387441
0.3785099100483679 0.07089952594071519
0.36664362126255073 0.07050059700023921
0.35485766137276875 0.07006786856134015
0.3431591298005543 0.06960286458179749
0.33155507330389 0.06910625308359641
0.320052481732506 0.06857789993978332
0.30865828381745486 0.0680170003028046
0.29737934299750524 0.06742227745325484
0.28622245328485874 0.06679223256840985
0.27519433517269654 0.06612542384397951
0.26430163158700104 0.06542075000592133
0.2535509038851079 0.06467771185244121
0.2429486279033891 0.06389662624536067
0.23250119005645137 0.06307876992841907
0.2222148834901989 0.06222643551482545
0.2120959042910774 0.061342888617705746
0.20215034775378343 0.06043222291167297
0.19238420470968637 0.05949911831978014
0.18280335791817703 0.05854851586172835
0.17341357852311146 0.05758523030685223
0.16422052257649067 0.05661352801838414
0.15522972763146647 0.05563670171244608
0.14644660940672616 0.05465667587878361
0.1378764585242665 0.05367367608207342
0.12952443732252045 0.052685992236003995
0.12139557674675777 0.05168986037036126
0.11349477331863145 0.05067947973987841
0.10582678618669683 0.04964717286904041
0.09839623425967753 0.048583685940649886
0.09120759342420814 0.047478616557149064
0.08426519384872727 0.04632094610558066
0.07757321737514639 0.04509964548851013
0.07113569499986394 0.04380431651162024
0.06495650444564427 0.0424258272779332
0.059039367825822475 0.04095689888628209
0.05338784940224234 0.03939260271875707
0.048005353438278275 0.03773073255767062
0.042895122148234655 0.035972023405931246
0.038060233744356575 0.034120198701742266
0.03350360058263052 0.03218183895600111
0.029227967408489597 0.030166076912358158
0.025235909703481607 0.02808413628241478
0.021529832133895532 0.025948742083769592
0.018111967102280024 0.02377343980629368
0.014984373402728013 0.021571867369251176
0.012148934980735715 0.01935702759458761
0.009607359798384785 0.017140609404053198
0.007361178805529334 0.014932403076717737
0.005411745017609493 0.012739848846139068
0.0037602327006450165 0.010567749270520255
0.0024076366639015356 0.008418164775547254
0.0013547716606548965 0.006290499310348651
0.0006022718974137975 0.004181770041376385
0.00015059065189787502 0.0020870423509813715
0.0 0.0
0.00015059065189787502 -0.0011624963637730345
0.0006022718974137975 -0.002320421137102572
0.0013547716606548965 -0.003468844107680582
0.0024076366639015356 -0.00460340743380437
0.0037602327006450165 -0.005720569659788265
0.005411745017609493 -0.006817802047936057
0.007361178805529334 -0.007893726349733189
0.009607359798384785 -0.008948186970514957
0.012148934980735715 -0.009982254726878675
0.014984373402728013 -0.01099816375267569
0.018111967102280024 -0.011999187270337228
0.021529832133895532 -0.012989461619782124
0.025235909703481607 -0.013973770876237107
0.029227967408489597 -0.014957306397143108
0.03350360058263052 -0.015945416594151877
0.038060233744356575 -0.016943362085830447
0.042895122148234655 -0.01795609018883032
0.048005353438278275 -0.018988040566824613
0.05338784940224234 -0.020042990962740558
0.059039367825822475 -0.021123948529512576
0.06495650444564427 -0.022233088621204752
0.07113569499986394 -0.023371739296661063
0.07757321737514639 -0.02454040649966746
0.08426519384872727 -0.025738832160486745
0.09120759342420814 -0.026966075511918524
0.09839623425967753 -0.028220606862996673
0.10582678618669683 -0.02950040298535524
0.11349477331863145 -0.030803034123456554
0.12139557674675777 -0.03212573434664697
0.12952443732252045 -0.033465449356819735
0.1378764585242665 -0.034818858734142755
0.14644660940672616 -0.03618237269158236
0.15522972763146647 -0.03755210644689168
0.16422052257649067 -0.03892383804342394
0.17341357852311146 -0.04029295761996877
0.18280335791817703 -0.04165441755168884
0.19238420470968637 -0.043002693427200735
0.20215034775378343 -0.04433176543092992
0.2120959042910774 -0.045635128382317335
0.2222148834901989 -0.046905836537859937
0.23250119005645137 -0.04813658645142523
0.2429486279033891 -0.04931983793307227
0.2535509038851079 -0.050447969707263715
0.26430163158700104 -0.05151346302853681
0.27519433517269654 -0.052509103545312553
0.28622245328485874 -0.05342818936578432
0.29737934299750524 -0.054264731785011996
0.30865828381745486 -0.05501363462968692
0.320052481732506 -0.05567083874318528
0.33155507330389 -0.05623341976450808
0.3431591298005543 -0.056699629964942946
0.35485766137276875 -0.05706887833376364
0.36664362126255073 -0.05734164712162826
0.3785099100483679 -0.05751934738076114
0.3904493799215649 -0.057604120378223135
0.4024548389919357 -0.05759859578901349
0.41451905561984914 -0.057505621001490016
0.42663476277231926 -0.05732797842836073
0.43879466240039156 -0.05706810920901836
0.4509914298352198 -0.056727861982290025
0.46321771820016633 -0.05630828445428111
0.475466162836291 -0.05580947332209962
0.4877293857385438 -0.05523049486375196
0.4999999999999999 -0.05456938436686275
0.512270614261456 -0.05382322780656321
0.5245338371637088 -0.052988324103275156
0.5367822817998334 -0.05206042122520739
0.54900857016478 -0.05103501467992655
0.5612053375996082 -0.04990769287397079
0.5733652372276805 -0.04867451067537429
0.5854809443801506 -0.047332370495947906
0.5975451610080642 -0.045879389447909535
0.6095506200784349 -0.044315231669261816
0.6214900899516319 -0.04264138671466272
0.6333563787374491 -0.040861377851640984
0.645142338627231 -0.03898088799106443
0.6568408701994456 -0.0370077955620547
0.6684449266961098 -0.03495211762039775
0.6799475182674938 -0.0328258625408166
0.691341716182545 -0.03064279947317135
0.7026206570024947 -0.028418156048669353
0.713777546715141 -0.026168259353429153
0.7248056648273034 -0.023910137748890097
0.7356983684129987 -0.021661102585309976
0.746449096114892 -0.01943832917420769
0.7570513720966108 -0.01725845558188563
0.7674988099435485 -0.015137215974371468
0.7777851165098009 -0.013089122541987346
0.7879040957089227 -0.0111272066665602
0.7978496522462164 -0.009262826206956088
0.8076157952903136 -0.007505541826091544
0.8171966420818224 -0.0058630614197996
0.8265864214768883 -0.004341248170702706
0.8357794774235092 -0.002944184740236857
0.8447702723685334 -0.001674283784648263
0.8535533905932737 -0.0005324334373745208
0.8621235414757333 0.0004818343163403083
0.8704755626774794 0.0013701643513495659
0.8786044232532422 0.0021351993407217624
0.8865052266813687 0.0027804105907191646
0.894173213813303 0.003309946492476788
0.9016037657403225 0.0037285040477974232
0.9087924065757916 0.004041226531016082
0.9157348061512727 0.004253627994183161
0.9224267826248536 0.0043715431658470525
0.928864305000136 0.004401099464696216
0.9350434955543556 0.004348706444368045
0.9409606321741775 0.004221057062667046
0.9466121505977576 0.0040251347457144855
0.9519946465617215 0.003768220276293921
0.9571048778517655 0.003457893024341812
0.9619397662556433 0.00310202187883713
0.9664963994173694 0.0027087423394081492
0.9707720325915102 0.002286417479327492
0.9747640902965183 0.0018435817959199098
0.9784701678661044 0.0013888682246390545
0.98188803289772 0.0009309197287278694
0.985015626597272 0.00047828782635791437
0.9878510650192642 3.932114219545868e-05
0.9903926402016152 -0.00037795244653973225
0.9926388211944706 -0.0007659462546929679
0.9945882549823906 -0.0011176339823737729
0.9962397672993549 -0.001426663971278391
0.9975923633360985 -0.0016874651381211174
0.9986452283393451 -0.0018953415980842514
0.9993977281025862 -0.002046553448945702
0.9998494093481021 -0.0021383816690232265
1.0 -0.002169175564441306
