1.0 0.0021797632160535153
0.9998494093481021 0.0022357726883825554
0.9993977281025862 0.0024037276263727033
0.9986452283393451 0.002683388589982998
0.9975923633360985 0.0030742951906416838
0.9962397672993549 0.0035756810007461053
0.9945882549823906 0.004186367566477246
0.9926388211944706 0.004904649215269301
0.9903926402016152 0.0057281817620625786
0.9878510650192642 0.006653888419786994
0.985015626597272 0.007677895175645131
0.98188803289772 0.008795505681086394
0.9784701678661044 0.010001222498614319
0.9747640902965183 0.011288817620323277
0.9707720325915102 0.012651450855503402
0.9664963994173694 0.014081830350611483
0.9619397662556433 0.015572405534342113
0.9571048778517655 0.017115579528166683
0.9519946465617215 0.0187039258275168
0.9466121505977576 0.02033039305783505
0.9409606321741775 0.021988481958726658
0.9350434955543556 0.023672380451539427
0.928864305000136 0.025377045589630127
0.9224267826248536 0.027098225158321818
0.9157348061512727 0.028832416375104166
0.9087924065757916 0.03057676416631787
0.9016037657403225 0.03232890645526959
0.894173213813303 0.034086778377309605
0.8865052266813687 0.035848390960762935
0.8786044232532422 0.0376116022634962
0.8704755626774794 0.03937390000882621
0.8621235414757333 0.041132214307560505
0.8535533905932737 0.04288277709277805
0.8447702723685334 0.04462104156075014
0.8357794774235092 0.04634167044903654
0.8265864214768883 0.04803859673048993
0.8171966420818224 0.049705154667846606
0.8076157952903136 0.05133427360265159
0.7978496522462164 0.05291872179037305
0.7879040957089227 0.05445138345151605
0.7777851165098009 0.055925549328389994
0.7674988099435485 0.05733519966367067
0.7570513720966108 0.058675258776698755
0.746449096114892 0.059941802303538586
0.7356983684129987 0.061132201553425705
0.7248056648273034 0.0622451940622469
0.713777546715141 0.06328087493609877
0.7026206570024947 0.06424060954361391
0.691341716182545 0.0651268740634751
0.6799475182674938 0.06594303584985517
0.6684449266961098 0.06669309010578034
0.6568408701994456 0.06738137258651623
0.645142338627231 0.06801226972764038
0.6333563787374491 0.06858994756512496
0.6214900899516319 0.06911811908352777
0.6095506200784349 0.06959986632717806
0.5975451610080642 0.07003752900013338
0.5854809443801506 0.07043266573375137
0.5733652372276805 0.07078608816491373
0.5612053375996082 0.07109796193523302
0.54900857016478 0.0713679631873095
0.5367822817998334 0.07159547455662213
0.5245338371637088 0.07177980142054222
0.512270614261456 0.07192038754600026
0.4999999999999999 0.07201700942071657
0.4877293857385438 0.0720699304618542
0.475466162836291 0.0720799998269395
0.46321771820016633 0.07204868542563116
0.4509914298352198 0.07197803655359555
0.43879466240039156 0.07187057786377411
0.42663476277231926 0.07172914263241793
0.41451905561984914 0.07155665894063101
0.4024548389919357 0.07135590698967982
0.3904493799215649 0.07112926889304041
0.3785099100483679 0.07087849364792202
0.36664362126255073 0.07060449943228464
0.35485766137276875 0.0703072329040828
0.3431591298005543 0.06998560095944074
0.33155507330389 0.06963748474517406
0.320052481732506 0.06925983905323192
0.30865828381745486 0.06884887307734565
0.29737934299750524 0.06840030146396758
0.28622245328485874 0.06790964822466374
0.27519433517269654 0.06737258093824362
0.26430163158700104 0.06678524921472645
0.2535509038851079 0.06614459995172955
0.2429486279033891 0.06544864266491537
0.23250119005645137 0.06469664112389276
0.2222148834901989 0.06388921250349983
0.2120959042910774 0.06302832193119501
0.20215034775378343 0.06211716819421459
0.19238420470968637 0.06115996487617117
0.18280335791817703 0.060161629667884076
0.17341357852311146 0.05912740237252213
0.16422052257649067 0.058062418568863586
0.15522972763146647 0.05697127046431637
0.14644660940672616 0.05585758874887478
0.1378764585242665 0.05472367900686328
0.12952443732252045 0.05357024339924073
0.12139557674675777 0.052396213037671065
0.11349477331863145 0.05119870906626247
0.10582678618669683 0.04997314145159496
0.09839623425967753 0.048713444495145565
0.09120759342420814 0.047412437852263574
0.08426519384872727 0.046062292131676424
0.07757321737514639 0.044655069700537495
0.07113569499986394 0.04318330479532629
0.06495650444564427 0.041640582971639764
0.059039367825822475 0.04002207867676714
0.05338784940224234 0.03832501145597632
0.048005353438278275 0.03654898594670519
0.042895122148234655 0.03469618809718035
0.038060233744356575 0.032771419490152956
0.03350360058263052 0.030781962613502536
0.029227967408489597 0.02873728163009983
0.025235909703481607 0.026648574824892808
0.021529832133895532 0.024528205606455675
0.018111967102280024 0.022389047927310207
0.014984373402728013 0.020243788590138298
0.012148934980735715 0.01810423261799237
0.009607359798384785 0.015980658381729303
0.007361178805529334 0.013881266420888688
0.005411745017609493 0.011811760024393228
0.0037602327006450165 0.009775087039952186
0.0024076366639015356 0.007771361640760078
0.0013547716606548965 0.00579797263834736
0.0006022718974137975 0.0038498722401281416
0.00015059065189787502 0.0019200268026465142
0.0 0.0
0.00015059065189787502 -0.0011798208824893434
0.0006022718974137975 -0.0023539919489566716
0.0013547716606548965 -0.0035165505942927177
0.0024076366639015356 -0.004662202192400141
0.0037602327006450165 -0.005786605962746556
0.005411745017609493 -0.0068866063854360815
0.007361178805529334 -0.0079603976339798
0.009607359798384785 -0.009007612793915654
0.012148934980735715 -0.010029334407205655
0.014984373402728013 -0.011028027792533339
0.018111967102280024 -0.012007403299234982
0.021529832133895532 -0.012972217835017553
0.025235909703481607 -0.013928029384134191
0.029227967408489597 -0.014880920584773683
0.03350360058263052 -0.0158372086211671
0.038060233744356575 -0.016803158653637518
0.042895122148234655 -0.017784716794976636
0.048005353438278275 -0.018787276366904585
0.05338784940224234 -0.019815488034722495
0.059039367825822475 -0.020873120680405505
0.06495650444564427 -0.02196297583276143
0.07113569499986394 -0.023086854442822654
0.07757321737514639 -0.024245571080493154
0.08426519384872727 -0.025439007510592623
0.09120759342420814 -0.02666619530676615
0.09839623425967753 -0.02792541583555531
0.10582678618669683 -0.029214305665705813
0.11349477331863145 -0.03052995622019263
0.12139557674675777 -0.031868998198070965
0.12952443732252045 -0.03322766378273731
0.1378764585242665 -0.0346018226941263
0.14644660940672616 -0.035986991463973626
0.15522972763146647 -0.03737831862418186
0.16422052257649067 -0.03877055150998952
0.17341357852311146 -0.0401579928294038
0.18280335791817703 -0.041534456822443847
0.19238420470968637 -0.04289323557656274
0.20215034775378343 -0.04422708580298284
0.2120959042910774 -0.04552824512006497
0.2222148834901989 -0.04678848472412346
0.23250119005645137 -0.04799920242089058
0.2429486279033891 -0.049151556570798935
0.2535509038851079 -0.050236637842462996
0.26430163158700104 -0.05124567206945059
0.27519433517269654 -0.05217024426478429
0.28622245328485874 -0.053002531242148564
0.29737934299750524 -0.05373552855459041
0.30865828381745486 -0.05436325675957388
0.320052481732506 -0.05488093244557006
0.33155507330389 -0.05528509101676855
0.3431591298005543 -0.05557365084898988
0.35485766137276875 -0.05574591193944733
0.36664362126255073 -0.05580248634277203
0.3785099100483679 -0.055745162228388365
0.3904493799215649 -0.05557670798894612
0.4024548389919357 -0.05530062714479947
0.41451905561984914 -0.05492087850814824
0.42663476277231926 -0.05444157891247164
0.43879466240039156 -0.053866707556502205
0.4509914298352198 -0.05319983151019608
0.46321771820016633 -0.05244387112200799
0.475466162836291 -0.05160092198239094
0.4877293857385438 -0.05067214685751112
0.4999999999999999 -0.04965774681094455
0.512270614261456 -0.04855701584861075
0.5245338371637088 -0.04736847817144847
0.5367822817998334 -0.04609010184632492
0.54900857016478 -0.0447195777562861
0.5612053375996082 -0.04325464839321047
0.5733652372276805 -0.04169346769224431
0.5854809443801506 -0.040034970898141876
0.5975451610080642 -0.03827923254120383
0.6095506200784349 -0.036427791040459276
0.6214900899516319 -0.03448392020984355
0.6333563787374491 -0.03245283089860413
0.645142338627231 -0.03034178995202168
0.6568408701994456 -0.02816014837198938
0.6684449266961098 -0.025919275684128624
0.6799475182674938 -0.023632402751183737
0.691341716182545 -0.021314380283343672
0.7026206570024947 -0.01898136477849443
0.713777546715141 -0.016650447314563804
0.7248056648273034 -0.014339243305856474
0.7356983684129987 -0.012065462889968251
0.746449096114892 -0.009846481973561399
0.7570513720966108 -0.0076989331550413745
0.7674988099435485 -0.005638333856096838
0.7777851165098009 -0.0036787661941122814
0.7879040957089227 -0.0018326196281208257
0.7978496522462164 -0.00011040346273453626
0.8076157952903136 0.001479367834506956
0.8171966420818224 0.0029302175898003975
0.8265864214768883 0.0042376829503078025
0.8357794774235092 0.005399231941318784
0.8447702723685334 0.006414131964525057
0.8535533905932737 0.007283281781168358
0.8621235414757333 0.008009019789864805
0.8704755626774794 0.008594921321721676
0.8786044232532422 0.00904559680444468
0.8865052266813687 0.009366501109902491
0.894173213813303 0.009563762350208286
0.9016037657403225 0.009644036003476492
0.9087924065757916 0.009614387719159794
0.9157348061512727 0.009482205657002554
0.9224267826248536 0.009255140918832956
0.928864305000136 0.008941072676730742
0.9350434955543556 0.008548093087245252
0.9409606321741775 0.008084506072042925
0.9466121505977576 0.007558833562176659
0.9519946465617215 0.006979822828393653
0.9571048778517655 0.0063564490013861205
0.9619397662556433 0.0056979077440899376
0.9664963994173694 0.005013594174663554
0.9707720325915102 0.004313065445716009
0.9747640902965183 0.0036059857544331678
0.9784701678661044 0.0029020538892584814
0.98188803289772 0.002210914626395284
0.985015626597272 0.001542056308181351
0.9878510650192642 0.0009046977225150889
0.9903926402016152 0.0003076679383020105
0.9926388211944706 -0.00024071696182246605
0.9945882549823906 -0.0007327762534306958
0.9962397672993549 -0.0011615821879492707
0.9975923633360985 -0.001521069290364053
0.9986452283393451 -0.0018061321743909268
0.9993977281025862 -0.002012709183265257
0.9998494093481021 -0.002137849667084619
1.0 -0.0021797632160535153
