1.0 0.002093920524051022
0.9998494093481021 0.002137875338478723
0.9993977281025862 0.002269706085411321
0.9986452283393451 0.0024892929322269473
0.9975923633360985 0.0027963756974498663
0.9962397672993549 0.003190470039216596
0.9945882549823906 0.0036707632297481255
0.9926388211944706 0.0042360011724534245
0.9903926402016152 0.00488437971366084
0.9878510650192642 0.005613453480596602
0.985015626597272 0.006420074407768466
0.98188803289772 0.007300369871754328
0.9784701678661044 0.00824976711981735
0.9747640902965183 0.009263066720340524
0.9707720325915102 0.01033456341927884
0.9664963994173694 0.011458208431909039
0.9619397662556433 0.012627803215407301
0.9571048778517655 0.013837211511967354
0.9519946465617215 0.015080574224826762
0.9466121505977576 0.016352510708693105
0.9409606321741775 0.017648290437561123
0.9350434955543556 0.018963960759291614
0.928864305000136 0.020296419444915823
0.9224267826248536 0.02164342477127131
0.9157348061512727 0.023003540627499125
0.9087924065757916 0.024376019232296445
0.9016037657403225 0.02576062907709283
0.894173213813303 0.027157440255968876
0.8865052266813687 0.028566583023894233
0.8786044232532422 0.029987997922772024
0.8704755626774794 0.03142119690326128
0.8621235414757333 0.032865054434206384
0.8535533905932737 0.03431764563782798
0.8447702723685334 0.035776145148217676
0.8357794774235092 0.037236795908155554
0.8265864214768883 0.03869495183588791
0.8171966420818224 0.04014519261980003
0.8076157952903136 0.04158150328244612
0.7978496522462164 0.04299750604484411
0.7879040957089227 0.04438672783077767
0.7777851165098009 0.045742883823452304
0.7674988099435485 0.04706015606983469
0.7570513720966108 0.04833344634927534
0.746449096114892 0.04955858438011278
0.7356983684129987 0.050732475797007834
0.7248056648273034 0.05185317893691817
0.713777546715141 0.05291990496463151
0.7026206570024947 0.053932941816896104
0.691341716182545 0.054893508374522386
0.6799475182674938 0.05580355070917835
0.6684449266961098 0.05666549675686697
0.6568408701994456 0.05748198897612951
0.645142338627231 0.05825561619101963
0.6333563787374491 0.058988665756664255
0.6214900899516319 0.059682915415654986
0.6095506200784349 0.06033948087201878
0.5975451610080642 0.06095873046025103
0.5854809443801506 0.061540272702407736
0.5733652372276805 0.06208301647817314
0.5612053375996082 0.06258529747579561
0.54900857016478 0.06304505904360377
0.5367822817998334 0.06346007098282255
0.5245338371637088 0.06382816659758694
0.512270614261456 0.06414747672478288
0.4999999999999999 0.06441663965061321
0.4877293857385438 0.06463496778378022
0.475466162836291 0.06480255555152824
0.46321771820016633 0.06492031793271874
0.4509914298352198 0.06498995494483298
0.43879466240039156 0.06501384377847683
0.42663476277231926 0.06499486659703653
0.41451905561984914 0.06493618776074633
0.4024548389919357 0.06484099890380894
0.3904493799215649 0.06471225348136087
0.3785099100483679 0.06455241381652653
0.36664362126255073 0.06436323316447323
0.35485766137276875 0.06414559287439092
0.3431591298005543 0.0638994105343747
0.33155507330389 0.06362362933913537
0.320052481732506 0.06331629226269958
0.30865828381745486 0.06297469747661569
0.29737934299750524 0.06259562440872961
0.28622245328485874 0.062175613473647466
0.27519433517269654 0.06171127736678913
0.26430163158700104 0.06119961835584921
0.2535509038851079 0.06063832455738172
0.2429486279033891 0.06002601892812076
0.23250119005645137 0.05936243763412816
0.2222148834901989 0.0586485194129748
0.2120959042910774 0.05788639417523724
0.20215034775378343 0.05707926691850077
0.19238420470968637 0.056231201458323145
0.18280335791817703 0.05534681686074011
0.17341357852311146 0.05443091712072484
0.16422052257649067 0.053488080940110656
0.15522972763146647 0.05252224287554411
0.14644660940672616 0.05153629924441454
0.1378764585242665 0.05053177175530214
0.12952443732252045 0.04950855882131931
0.12139557674675777 0.04846479907102927
0.11349477331863145 0.0473968640357527
0.10582678618669683 0.046299487877355876
0.09839623425967753 0.045166031974753176
0.09120759342420814 0.04398887194577798
0.08426519384872727 0.04275988501270867
0.07757321737514639 0.04147100726920442
0.07113569499986394 0.04011482403702871
0.06495650444564427 0.03868515264292166
0.059039367825822475 0.037177575953748175
0.05338784940224234 0.03558988703019417
0.048005353438278275 0.03392241022353293
0.042895122148234655 0.03217817165453566
0.038060233744356575 0.030362901784974073
0.03350360058263052 0.028484864058428816
0.029227967408489597 0.026554515564168546
0.025235909703481607 0.024584017515469597
0.021529832133895532 0.022586624177248184
0.018111967102280024 0.020575987930982875
0.014984373402728013 0.018565424748953112
0.012148934980735715 0.01656718795494234
0.009607359798384785 0.014591798473008356
0.007361178805529334 0.012647476740387383
0.005411745017609493 0.010739715255684384
0.0037602327006450165 0.008871021749601107
0.0024076366639015356 0.007040851805761537
0.0013547716606548965 0.005245737187565175
0.0006022718974137975 0.0034796030138810057
0.00015059065189787502 0.0017342541866000876
0.0 0.0
0.00015059065189787502 -0.0014223698931917737
0.0006022718974137975 -0.0028358977140187226
0.0013547716606548965 -0.004231480521537789
0.0024076366639015356 -0.005600735543645849
0.0037602327006450165 -0.006936312284244987
0.005411745017609493 -0.0082321502856124
0.007361178805529334 -0.009483669928694568
0.009607359798384785 -0.010687887862148252
0.012148934980735715 -0.0118434533250749
0.014984373402728013 -0.01295060644295928
0.018111967102280024 -0.014011064199263451
0.021529832133895532 -0.0150278439022178
0.025235909703481607 -0.0160050373040572
0.029227967408489597 -0.0169475508751515
0.03350360058263052 -0.017860828950470718
0.038060233744356575 -0.018750576497640947
0.042895122148234655 -0.019622497139076493
0.048005353438278275 -0.020482059913728087
0.05338784940224234 -0.021334305279029308
0.059039367825822475 -0.02218369728104565
0.06495650444564427 -0.023034024949433643
0.07113569499986394 -0.02388835210827059
0.07757321737514639 -0.0247490112311163
0.08426519384872727 -0.025617633975407998
0.09120759342420814 -0.026495208823480082
0.09839623425967753 -0.02738215498447907
0.10582678618669683 -0.02827840144507941
0.11349477331863145 -0.02918346078691307
0.12139557674675777 -0.03009648902432271
0.12952443732252045 -0.031016325094351753
0.1378764585242665 -0.03194150652997966
0.14644660940672616 -0.032870261005101965
0.15522972763146647 -0.033800476573973906
0.16422052257649067 -0.034729656260580215
0.17341357852311146 -0.03565486493233424
0.18280335791817703 -0.03657267791154246
0.19238420470968637 -0.037479141394013316
0.20215034775378343 -0.038369754388515746
0.2120959042910774 -0.03923948057551529
0.2222148834901989 -0.040082796300836866
0.23250119005645137 -0.04089377803503962
0.2429486279033891 -0.041666229268563
0.2535509038851079 -0.04239384324570061
0.26430163158700104 -0.043070394459295655
0.27519433517269654 -0.04368994872453934
0.28622245328485874 -0.04424707919295
0.29737934299750524 -0.044737074080483115
0.30865828381745486 -0.04515612132801805
0.320052481732506 -0.04550145597327947
0.33155507330389 -0.04577145769172573
0.3431591298005543 -0.04596568867584182
0.35485766137276875 -0.04608486560296115
0.36664362126255073 -0.046130763657274185
0.3785099100483679 -0.04610605513520408
0.3904493799215649 -0.04601408975556452
0.4024548389919357 -0.045858628088233495
0.41451905561984914 -0.04564354319342943
0.42663476277231926 -0.04537250835164418
0.43879466240039156 -0.045048690443534364
0.4509914298352198 -0.04467446896565468
0.46321771820016633 -0.044251199783343055
0.475466162836291 -0.04377904055816211
0.4877293857385438 -0.043256851464673465
0.4999999999999999 -0.04268218053139498
0.512270614261456 -0.042051337972156634
0.5245338371637088 -0.041359558533986616
0.5367822817998334 -0.04060124552021014
0.54900857016478 -0.039770285099826004
0.5612053375996082 -0.03886041511292375
0.5733652372276805 -0.03786562911045309
0.5854809443801506 -0.03678059404655281
0.5975451610080642 -0.035601059017731
0.6095506200784349 -0.034324232774505324
0.6214900899516319 -0.03294910938783274
0.6333563787374491 -0.03147672431914156
0.645142338627231 -0.029910327026584273
0.6568408701994456 -0.02825546088611651
0.6684449266961098 -0.026519946314531466
0.6799475182674938 -0.024713768229396332
0.691341716182545 -0.02284887404317575
0.7026206570024947 -0.02093889296106639
0.713777546715141 -0.01899879116950248
0.7248056648273034 -0.017044480356638986
0.7356983684129987 -0.015092398757649022
0.746449096114892 -0.013159084502345689
0.7570513720966108 -0.011260760473691834
0.7674988099435485 -0.009412948250038904
0.7777851165098009 -0.007630126153183461
0.7879040957089227 -0.0059254431623649365
0.7978496522462164 -0.004310496721108635
0.8076157952903136 -0.002795178517628282
0.8171966420818224 -0.0013875884186592888
0.8265864214768883 -9.40131219052823e-05
0.8357794774235092 0.0010810370283555364
0.8447702723685334 0.002134742082051873
0.8535533905932737 0.00306584809898892
0.8621235414757333 0.003874515941431595
0.8704755626774794 0.0045621549216194775
0.8786044232532422 0.005131252312604114
0.8865052266813687 0.005585208423621734
0.894173213813303 0.005928185140004091
0.9016037657403225 0.0061649736987359986
0.9087924065757916 0.006300885189873533
0.9157348061512727 0.00634166501287445
0.9224267826248536 0.006293430431126449
0.928864305000136 0.006162628587132929
0.9350434955543556 0.005956010960946725
0.9409606321741775 0.005680619333725969
0.9466121505977576 0.005343777875990412
0.9519946465617215 0.004953085998612794
0.9571048778517655 0.0045164070338761225
0.9619397662556433 0.004041848578754047
0.9664963994173694 0.0035377313404946396
0.9707720325915102 0.0030125444749911747
0.9747640902965183 0.002474886601287839
0.9784701678661044 0.001933392819430306
0.98188803289772 0.0013966490772547966
0.985015626597272 0.0008730960677109166
0.9878510650192642 0.0003709254569647354
0.9903926402016152 -0.00010202836797544796
0.9926388211944706 -0.0005383976775200348
0.9945882549823906 -0.0009313885815446217
0.9962397672993549 -0.0012748828875761135
0.9975923633360985 -0.0015635318208612635
0.9986452283393451 -0.0017928391801288722
0.9993977281025862 -0.001959231925113556
0.9998494093481021 -0.002060116615560537
1.0 -0.002093920524051022
