1.0 0.0017872186664985657
0.9998494093481021 0.0018391353102567055
0.9993977281025862 0.0019948393752066427
0.9986452283393451 0.0022541737287988892
0.9975923633360985 0.002616813441693804
0.9962397672993549 0.003082178283172466
0.9945882549823906 0.0036493236718685568
0.9926388211944706 0.004316822059365104
0.9903926402016152 0.005082648176568132
0.9878510650192642 0.005944081786554068
0.985015626597272 0.006897640527632448
0.98188803289772 0.007939053172821404
0.9784701678661044 0.009063280358406891
0.9747640902965183 0.010264585817100644
0.9707720325915102 0.011536656731022561
0.9664963994173694 0.012872767376500381
0.9619397662556433 0.014265976154318733
0.9571048778517655 0.015709342748037106
0.9519946465617215 0.01719614983539178
0.9466121505977576 0.01872011271655082
0.9409606321741775 0.020275560538104774
0.9350434955543556 0.021857574488639207
0.928864305000136 0.023462071309628768
0.9224267826248536 0.025085824484499756
0.9157348061512727 0.02672642022746955
0.9087924065757916 0.0283821505134504
0.9016037657403225 0.03005185045559002
0.894173213813303 0.03173469192998544
0.8865052266813687 0.03342994908177799
0.8786044232532422 0.035136753901565655
0.8704755626774794 0.03685386120586976
0.8621235414757333 0.03857944197221288
0.8535533905932737 0.04031092207316734
0.8447702723685334 0.04204488015383351
0.8357794774235092 0.043777013948210416
0.8265864214768883 0.0455021790732818
0.8171966420818224 0.04721449868696966
0.8076157952903136 0.048907536796524056
0.7978496522462164 0.05057452290792249
0.7879040957089227 0.05220861152972576
0.7777851165098009 0.05380315713250991
0.7674988099435485 0.05535198376513414
0.7570513720966108 0.05684962877003459
0.746449096114892 0.058291541918621
0.7356983684129987 0.059674224669669866
0.7248056648273034 0.0609952988806008
0.713777546715141 0.06225349981291771
0.7026206570024947 0.06344859423323387
0.691341716182545 0.06458123034422131
0.6799475182674938 0.06565273170740588
0.6684449266961098 0.06666485180041302
0.6568408701994456 0.06761950901619346
0.645142338627231 0.06851852349533309
0.6333563787374491 0.06936337704500924
0.6214900899516319 0.07015501553804687
0.6095506200784349 0.07089370974119243
0.5975451610080642 0.07157898576138565
0.5854809443801506 0.07220963060006187
0.5733652372276805 0.07278377212570522
0.5612053375996082 0.07329902661471516
0.54900857016478 0.07375270137394833
0.5367822817998334 0.07414203531096883
0.5245338371637088 0.07446445704980512
0.512270614261456 0.07471783858180361
0.4999999999999999 0.07490072264108313
0.4877293857385438 0.07501250400377453
0.475466162836291 0.0750535485830722
0.46321771820016633 0.07502523924341757
0.4509914298352198 0.07492994328564137
0.43879466240039156 0.07477090307405253
0.42663476277231926 0.07455205775304095
0.41451905561984914 0.07427780989770667
0.4024548389919357 0.07395275576326761
0.3904493799215649 0.07358140112557791
0.3785099100483679 0.07316788624034429
0.36664362126255073 0.07271574303438758
0.35485766137276875 0.07222770527901362
0.3431591298005543 0.07170558834381695
0.33155507330389 0.07115024949944414
0.320052481732506 0.07056163306753262
0.30865828381745486 0.06993889753665265
0.29737934299750524 0.06928061465851036
0.28622245328485874 0.06858502409893767
0.27519433517269654 0.06785032199177304
0.26430163158700104 0.06707495819238891
0.2535509038851079 0.06625791548734919
0.2429486279033891 0.06539894466805045
0.23250119005645137 0.06449873222649867
0.2222148834901989 0.06355898231030496
0.2120959042910774 0.06258240114336425
0.20215034775378343 0.06157257989572776
0.19238420470968637 0.06053378037869069
0.18280335791817703 0.05947063629200383
0.17341357852311146 0.058387790387988206
0.16422052257649067 0.05728949420917448
0.15522972763146647 0.05617920145799637
0.14644660940672616 0.055059188159063396
0.1378764585242665 0.053930232335728134
0.12952443732252045 0.052791382894005145
0.12139557674675777 0.05163984193946059
0.11349477331863145 0.05047097719054151
0.10582678618669683 0.049278472009899904
0.09839623425967753 0.0480546105036144
0.09120759342420814 0.046790684875096564
0.08426519384872727 0.0454775025379086
0.07757321737514639 0.044105962137364355
0.07113569499986394 0.04266766127060624
0.06495650444564427 0.04115549486102643
0.059039367825822475 0.03956420219090258
0.05338784940224234 0.03789082267449034
0.048005353438278275 0.036135025489020076
0.042895122148234655 0.03429928587882349
0.038060233744356575 0.03238889081112593
0.03350360058263052 0.030411768024490603
0.029227967408489597 0.028378144583295364
0.025235909703481607 0.026300052978361518
0.021529832133895532 0.024190713735002305
0.018111967102280024 0.022063832604233877
0.014984373402728013 0.01993285703808309
0.012148934980735715 0.017810240273192612
0.009607359798384785 0.01570676166513966
0.007361178805529334 0.013630948859903439
0.005411745017609493 0.011588641131103116
0.0037602327006450165 0.009582724155630266
0.0024076366639015356 0.007613055253885104
0.0013547716606548965 0.0056765854534422495
0.0006022718974137975 0.0037676715233243936
0.00015059065189787502 0.001878558291455671
0.0 0.0
0.00015059065189787502 -0.0012370640369191528
0.0006022718974137975 -0.0024662683710698447
0.0013547716606548965 -0.0036795872087405997
0.0024076366639015356 -0.004869719104188652
0.0037602327006450165 -0.006030399733674302
0.005411745017609493 -0.007156658765518443
0.007361178805529334 -0.00824500787147365
0.009607359798384785 -0.009293551272153894
0.012148934980735715 -0.01030201503791501
0.014984373402728013 -0.011271696339865175
0.018111967102280024 -0.012205338620310709
0.021529832133895532 -0.013106942902989924
0.025235909703481607 -0.013981528907999773
0.029227967408489597 -0.014834862053848949
0.03350360058263052 -0.01567316367696408
0.038060233744356575 -0.01650282182218801
0.042895122148234655 -0.017330118791816996
0.048005353438278275 -0.018160989407694145
0.05338784940224234 -0.019000820839313023
0.059039367825822475 -0.019854301139620396
0.06495650444564427 -0.020725319607955525
0.07113569499986394 -0.021616918081662266
0.07757321737514639 -0.02253128855199365
0.08426519384872727 -0.02346980938244506
0.09120759342420814 -0.02443311010298272
0.09839623425967753 -0.0254211534174276
0.10582678618669683 -0.026433322769206437
0.11349477331863145 -0.02746850455361778
0.12139557674675777 -0.028525155750353352
0.12952443732252045 -0.029601350210955196
0.1378764585242665 -0.03069479984389575
0.14644660940672616 -0.031802850224452416
0.15522972763146647 -0.03292245342654626
0.16422052257649067 -0.034050123841305756
0.17341357852311146 -0.03518188515055113
0.18280335791817703 -0.03631321824809968
0.19238420470968637 -0.03743902059766058
0.20215034775378343 -0.03855358720965598
0.2120959042910774 -0.03965062211994413
0.2222148834901989 -0.04072328705299317
0.23250119005645137 -0.041764291018087145
0.2429486279033891 -0.04276602115007456
0.2535509038851079 -0.04372071144152776
0.26430163158700104 -0.04462064242024721
0.27519433517269654 -0.04545836160444796
0.28622245328485874 -0.04622691199412658
0.29737934299750524 -0.04692005416231683
0.30865828381745486 -0.04753246686171581
0.320052481732506 -0.04805991155038613
0.33155507330389 -0.048499347869091464
0.3431591298005543 -0.0488489897892201
0.35485766137276875 -0.04910829572881882
0.36664362126255073 -0.04927789016865593
0.3785099100483679 -0.049359418899802755
0.3904493799215649 -0.0493553446749279
0.4024548389919357 -0.04926869438344119
0.41451905561984914 -0.04910277260649608
0.42663476277231926 -0.04886085925045722
0.43879466240039156 -0.04854591068455059
0.4509914298352198 -0.04816028427344159
0.46321771820016633 -0.047705505338721775
0.475466162836291 -0.04718209343683226
0.4877293857385438 -0.04658946152712172
0.4999999999999999 -0.04592589732687286
0.512270614261456 -0.04518863118262401
0.5245338371637088 -0.044373989450500986
0.5367822817998334 -0.043477627020936827
0.54900857016478 -0.042494827596115954
0.5612053375996082 -0.04142085596115153
0.5733652372276805 -0.04025134306757965
0.5854809443801506 -0.03898268249184111
0.5975451610080642 -0.03761241588530784
0.6095506200784349 -0.03613958545190514
0.6214900899516319 -0.0345650332399167
0.6333563787374491 -0.03289162999453327
0.645142338627231 -0.03112442028790722
0.6568408701994456 -0.029270675361689993
0.6684449266961098 -0.027339850276777253
0.6799475182674938 -0.025343447236991137
0.691341716182545 -0.023294792008201042
0.7026206570024947 -0.02120873488435267
0.713777546715141 -0.01910129139146856
0.7248056648273034 -0.016989240663029027
0.7356983684129987 -0.014889701029217012
0.746449096114892 -0.012819702780142926
0.7570513720966108 -0.010795777310310615
0.7674988099435485 -0.008833580024228216
0.7777851165098009 -0.00694756164295444
0.7879040957089227 -0.005150699112564228
0.7978496522462164 -0.0034542934278066813
0.8076157952903136 -0.0018678376146802282
0.8171966420818224 -0.00039895412973968685
0.8265864214768883 0.000946602722452254
0.8357794774235092 0.0021648868686856733
0.8447702723685334 0.0032536529720663494
0.8535533905932737 0.004212212896677224
0.8621235414757333 0.0050412684175968545
0.8704755626774794 0.005742732374853871
0.8786044232532422 0.006319549614981821
0.8865052266813687 0.006775527559179454
0.894173213813303 0.007115184236723832
0.9016037657403225 0.007343619302972751
0.9087924065757916 0.007466411108360036
0.9157348061512727 0.007489540478311489
0.9224267826248536 0.007419339666248685
0.928864305000136 0.007262463086860263
0.9350434955543556 0.007025875022877344
0.9409606321741775 0.006716848583851047
0.9466121505977576 0.006342969796953101
0.9519946465617215 0.005912140805799669
0.9571048778517655 0.005432576688115301
0.9619397662556433 0.004912791294556082
0.9664963994173694 0.004361568659266858
0.9707720325915102 0.003787917829471439
0.9747640902965183 0.003201010299188042
0.9784701678661044 0.002610100512875301
0.98188803289772 0.0020244310462969118
0.985015626597272 0.0014531250128065117
0.9878510650192642 0.0009050689455476605
0.9903926402016152 0.0003887898552182448
0.9926388211944706 -8.766963385964908e-05
0.9945882549823906 -0.0005168741845928469
0.9962397672993549 -0.0008921130011867315
0.9975923633360985 -0.0012075080916095805
0.9986452283393451 -0.0014581106234420756
0.9993977281025862 -0.001639982935562031
0.9998494093481021 -0.0017502642576855715
1.0 -0.0017872186664985657
