1.0 0.0016859997025656809
0.9998494093481021 0.001741808552610209
0.9993977281025862 0.0019091571124459695
0.9986452283393451 0.002187792587658739
0.9975923633360985 0.0025772329588791797
0.9962397672993549 0.0030766829255817127
0.9945882549823906 0.0036849295432436705
0.9926388211944706 0.00440022939287319
0.9903926402016152 0.005220200538946907
0.9878510650192642 0.006141732713864016
0.985015626597272 0.007160928080152981
0.98188803289772 0.00827308264331645
0.9784701678661044 0.009472715101319293
0.9747640902965183 0.010753645894959817
0.9707720325915102 0.012109124808332285
0.9664963994173694 0.013532001041304491
0.9619397662556433 0.015014925624618048
0.9571048778517655 0.01655057273522028
0.9519946465617215 0.01813186420007845
0.9466121505977576 0.019752180472562077
0.9409606321741775 0.021405541744457402
0.9350434955543556 0.02308674462163056
0.928864305000136 0.024791442828204776
0.9224267826248536 0.026516164489634092
0.9157348061512727 0.028258263364013197
0.9087924065757916 0.03001580656101635
0.9016037657403225 0.03178740639038475
0.894173213813303 0.03357200859617404
0.8865052266813687 0.03536865297102197
0.8786044232532422 0.03717622488373394
0.8704755626774794 0.038993217363454694
0.8621235414757333 0.040817522947586435
0.8535533905932737 0.04264627252552956
0.8447702723685334 0.04447573502874323
0.8357794774235092 0.046301287278187886
0.8265864214768883 0.04811745794906489
0.8171966420818224 0.049918043866603215
0.8076157952903136 0.05169629115975115
0.7978496522462164 0.05344512862746874
0.7879040957089227 0.05515743643458818
0.7777851165098009 0.05682633030046886
0.7674988099435485 0.058445439924167876
0.7570513720966108 0.06000916063427509
0.746449096114892 0.061512859157162744
0.7356983684129987 0.06295301782790805
0.7248056648273034 0.06432730626333202
0.713777546715141 0.06563457511211702
0.7026206570024947 0.0668747725527277
0.691341716182545 0.06804879024488045
0.6799475182674938 0.06915825097115105
0.6684449266961098 0.07020525478515496
0.6568408701994456 0.07119210373780348
0.645142338627231 0.07212102691357251
0.6333563787374491 0.07299392743135799
0.6214900899516319 0.07381217124554224
0.6095506200784349 0.07457643415951197
0.5975451610080642 0.07528661870425336
0.5854809443801506 0.07594184681748789
0.5733652372276805 0.07654052804352203
0.5612053375996082 0.07708049676414122
0.54900857016478 0.07755920627369894
0.5367822817998334 0.07797396279665512
0.5245338371637088 0.07832217920665199
0.512270614261456 0.07860162652721556
0.4999999999999999 0.07881066142649067
0.4877293857385438 0.07894840986614318
0.475466162836291 0.07901489068281499
0.46321771820016633 0.07901106788553765
0.4509914298352198 0.07893882644328303
0.43879466240039156 0.0788008728263501
0.42663476277231926 0.07860056801936349
0.41451905561984914 0.07834170660394203
0.4024548389919357 0.07802826031705948
0.3904493799215649 0.07766410780942093
0.3785099100483679 0.07725277385599079
0.36664362126255073 0.07679720085019037
0.35485766137276875 0.07629957304440539
0.3431591298005543 0.07576120984315388
0.33155507330389 0.07518253882275128
0.320052481732506 0.07456315248135963
0.30865828381745486 0.07390194554893473
0.29737934299750524 0.07319732259342127
0.28622245328485874 0.07244745923930733
0.27519433517269654 0.0716505951172637
0.26430163158700104 0.07080533315182179
0.2535509038851079 0.0699109183042698
0.2429486279033891 0.06896746960035101
0.23250119005645137 0.06797614219300763
0.2222148834901989 0.06693920116697029
0.2120959042910774 0.06585999544342766
0.20215034775378343 0.0647428280030431
0.19238420470968637 0.06359272711806178
0.18280335791817703 0.06241513170790459
0.17341357852311146 0.06121551163195244
0.16422052257649067 0.059998950071388224
0.15522972763146647 0.05876971958188328
0.14644660940672616 0.057530885508297804
0.1378764585242665 0.05628396999923416
0.12952443732252045 0.05502870679410922
0.12139557674675777 0.05376291143061018
0.11349477331863145 0.05248248388238662
0.10582678618669683 0.051181551404006986
0.09839623425967753 0.049852749186944725
0.09120759342420814 0.04848762605993331
0.08426519384872727 0.04707715267680972
0.07757321737514639 0.045612301177968745
0.07113569499986394 0.04408465885880067
0.06495650444564427 0.04248703446659267
0.059039367825822475 0.040814014735342054
0.05338784940224234 0.03906243080672411
0.048005353438278275 0.03723169920273397
0.042895122148234655 0.0353240097169067
0.038060233744356575 0.03334434247812418
0.03350360058263052 0.03130030784496301
0.029227967408489597 0.029201814916720626
0.025235909703481607 0.027060586439998036
0.021529832133895532 0.024889548882629352
0.018111967102280024 0.022702135634247986
0.014984373402728013 0.020511547988004235
0.012148934980735715 0.01833002224455213
0.009607359798384785 0.016168151651343034
0.007361178805529334 0.0140343088763591
0.005411745017609493 0.011934208487093851
0.0037602327006450165 0.009870639866565719
0.0024076366639015356 0.007843389757248444
0.0013547716606548965 0.005849360952335235
0.0006022718974137975 0.00388288043090912
0.00015059065189787502 0.0019361773835198657
0.0 0.0
0.00015059065189787502 -0.001237379379418221
0.0006022718974137975 -0.0024663090061397496
0.0013547716606548965 -0.003678198145565284
0.0024076366639015356 -0.004865170035179967
0.0037602327006450165 -0.0060203704301068466
0.005411745017609493 -0.0071382213558340854
0.007361178805529334 -0.008214607401407828
0.009607359798384785 -0.009246986169010363
0.012148934980735715 -0.010234419250246889
0.014984373402728013 -0.011177524992960411
0.018111967102280024 -0.012078359015731573
0.021529832133895532 -0.0129402325994566
0.025235909703481607 -0.013767482457284342
0.029227967408489597 -0.01456520773835104
0.03350360058263052 -0.01533899131702665
0.038060233744356575 -0.016094622404390805
0.042895122148234655 -0.01683783632866665
0.048005353438278275 -0.01757408508847551
0.05338784940224234 -0.018308349184704555
0.059039367825822475 -0.01904499754084162
0.06495650444564427 -0.01978769832453845
0.07113569499986394 -0.020539379497934798
0.07757321737514639 -0.02130223425610651
0.08426519384872727 -0.02207776343597303
0.09120759342420814 -0.022866844714378998
0.09839623425967753 -0.023669817117767236
0.10582678618669683 -0.024486569111340034
0.11349477331863145 -0.025316619312976508
0.12139557674675777 -0.026159180593927845
0.12952443732252045 -0.02701320081743648
0.1378764585242665 -0.027877376500314965
0.14644660940672616 -0.02875013899151681
0.15522972763146647 -0.029629616055898124
0.16422052257649067 -0.030513574743765523
0.17341357852311146 -0.03139935385645431
0.18280335791817703 -0.03228379597095898
0.19238420470968637 -0.033163189712463334
0.20215034775378343 -0.03403323268858546
0.2120959042910774 -0.03488902423171534
0.2222148834901989 -0.035725094926492784
0.23250119005645137 -0.036535476994087615
0.2429486279033891 -0.03731381619202634
0.2535509038851079 -0.038053522241419876
0.26430163158700104 -0.03874795120998906
0.27519433517269654 -0.03939061005727621
0.28622245328485874 -0.039975370963100824
0.29737934299750524 -0.04049668134229749
0.30865828381745486 -0.04094975476554738
0.320052481732506 -0.041330728448193466
0.33155507330389 -0.04163677454176448
0.3431591298005543 -0.041866155085300866
0.35485766137276875 -0.042018213982436776
0.36664362126255073 -0.04209330353186915
0.3785099100483679 -0.042092647565509275
0.3904493799215649 -0.042018147819025936
0.4024548389919357 -0.04187214444235152
0.41451905561984914 -0.041657145235952986
0.42663476277231926 -0.04137554099279106
0.43879466240039156 -0.04102932601482396
0.4509914298352198 -0.04061984331055484
0.46321771820016633 -0.04014757310663292
0.475466162836291 -0.03961198115330007
0.4877293857385438 -0.039011439991670664
0.4999999999999999 -0.038343232083295334
0.512270614261456 -0.037603638749929974
0.5245338371637088 -0.03678811355380994
0.5367822817998334 -0.03589153341293489
0.54900857016478 -0.034908515741789915
0.5612053375996082 -0.03383378556427544
0.5733652372276805 -0.0326625731473735
0.5854809443801506 -0.03139102047314889
0.5975451610080642 -0.03001657394711564
0.6095506200784349 -0.028538341189727562
0.6214900899516319 -0.026957391541555763
0.6333563787374491 -0.0252769829113921
0.645142338627231 -0.023502701612105874
0.6568408701994456 -0.02164250660027816
0.6684449266961098 -0.019706674756354788
0.6799475182674938 -0.01770764918274045
0.691341716182545 -0.015659797627369815
0.7026206570024947 -0.013579092750415064
0.713777546715141 -0.011482729773724455
0.7248056648273034 -0.009388699876152063
0.7356983684129987 -0.007315339383283062
0.746449096114892 -0.00528087528488583
0.7570513720966108 -0.0033029869145195087
0.7674988099435485 -0.0013984018351633075
0.7777851165098009 0.0004174587491194439
0.7879040957089227 0.0021307731811176277
0.7978496522462164 0.003729543182816112
0.8076157952903136 0.005203744502880171
0.8171966420818224 0.006545404616190374
0.8265864214768883 0.007748611470522667
0.8357794774235092 0.008809460511492475
0.8447702723685334 0.009725949763482475
0.8535533905932737 0.010497834489824514
0.8621235414757333 0.011126453848580116
0.8704755626774794 0.011614542009530342
0.8786044232532422 0.011966035467967434
0.8865052266813687 0.012185886893905703
0.894173213813303 0.01227989394054997
0.9016037657403225 0.012254549176289417
0.9087924065757916 0.012116914883110785
0.9157348061512727 0.011874524060404373
0.9224267826248536 0.011535306749675848
0.928864305000136 0.011107538888981219
0.9350434955543556 0.010599809417849182
0.9409606321741775 0.01002100034691229
0.9466121505977576 0.009380274004008636
0.9519946465617215 0.008687061654289082
0.9571048778517655 0.007951048116275448
0.9619397662556433 0.007182147782423377
0.9664963994173694 0.006390468506674503
0.9707720325915102 0.005586261038564983
0.9747640902965183 0.004779852959233728
0.9784701678661044 0.003981567312647927
0.98188803289772 0.003201627243693525
0.985015626597272 0.002450048891165192
0.9878510650192642 0.001736525497983528
0.9903926402016152 0.0010703061756451267
0.9926388211944706 0.00046007299841277147
0.9945882549823906 -8.617987387086134e-05
0.9962397672993549 -0.0005612615031873709
0.9975923633360985 -0.0009588906669788972
0.9986452283393451 -0.0012737906867876915
0.9993977281025862 -0.0015017701879587433
0.9998494093481021 -0.0016397878540275438
1.0 -0.0016859997025656809
