1.0 0.0018144714610852579
0.9998494093481021 0.0018680796359984513
0.9993977281025862 0.002028867792577223
0.9986452283393451 0.0022967072469961885
0.9975923633360985 0.0026713203169085307
0.9962397672993549 0.0031521925140357713
0.9945882549823906 0.0037384629714083887
0.9926388211944706 0.004428804991230334
0.9903926402016152 0.0052213100366711365
0.9878510650192642 0.006113388697507966
0.985015626597272 0.007101701101484202
0.98188803289772 0.00818212699750439
0.9784701678661044 0.009349782485339839
0.9747640902965183 0.010599086381592838
0.9707720325915102 0.01192387483303598
0.9664963994173694 0.013317558394950236
0.9619397662556433 0.014773311769564432
0.9571048778517655 0.016284283108035785
0.9519946465617215 0.01784380752154395
0.9466121505977576 0.019445608442412485
0.9409606321741775 0.021083970840942483
0.9350434955543556 0.022753872039510015
0.928864305000136 0.024451058857901914
0.9224267826248536 0.026172063849953683
0.9157348061512727 0.027914158137287596
0.9087924065757916 0.029675243431067966
0.9016037657403225 0.03145369084149633
0.894173213813303 0.0332481385902239
0.8865052266813687 0.03505726437921805
0.8786044232532422 0.03687955061278067
0.8704755626774794 0.038713061692146264
0.8621235414757333 0.040555252092091626
0.8535533905932737 0.04240282189770213
0.8447702723685334 0.0442516330630101
0.8357794774235092 0.04609669510304421
0.8265864214768883 0.047932223594669934
0.8171966420818224 0.049751769156491335
0.8076157952903136 0.05154840895727115
0.7978496522462164 0.05331498771883902
0.7879040957089227 0.05504439104926195
0.7777851165098009 0.05672983110981388
0.7674988099435485 0.058365123329453816
0.7570513720966108 0.05994493325640449
0.746449096114892 0.061464974668614815
0.7356983684129987 0.06292214361062365
0.7248056648273034 0.06431457781742807
0.713777546715141 0.0656416366570002
0.7026206570024947 0.06690380282818313
0.691341716182545 0.06810251310651635
0.6799475182674938 0.06923993095299738
0.6684449266961098 0.07031867834410858
0.6568408701994456 0.07134154737459339
0.645142338627231 0.0723112137618428
0.6333563787374491 0.07322997420470888
0.6214900899516319 0.07409952762271277
0.6095506200784349 0.07492081676801442
0.5975451610080642 0.07569394183727605
0.5854809443801506 0.07641815189883296
0.5733652372276805 0.07709191365737018
0.5612053375996082 0.07771305081144937
0.54900857016478 0.07827894152863117
0.5367822817998334 0.0787867568391056
0.5245338371637088 0.07923371942414072
0.512270614261456 0.07961736063194179
0.4999999999999999 0.07993575373743574
0.4877293857385438 0.08018770347246425
0.475466162836291 0.08037287553745193
0.46321771820016633 0.0804918548741353
0.4509914298352198 0.08054612752363105
0.43879466240039156 0.08053798742194315
0.42663476277231926 0.08047037595694939
0.41451905561984914 0.08034666798544078
0.4024548389919357 0.0801704227861792
0.3904493799215649 0.07994512168878588
0.3785099100483679 0.07967391557085618
0.36664362126255073 0.0793594049042323
0.35485766137276875 0.0790034725629083
0.3431591298005543 0.07860718534864919
0.33155507330389 0.07817077446620449
0.320052481732506 0.0776936984358427
0.30865828381745486 0.07717478470833862
0.29737934299750524 0.07661243913941748
0.28622245328485874 0.07600490608416002
0.27519433517269654 0.07535055674002178
0.26430163158700104 0.07464817996308239
0.2535509038851079 0.07389724843979471
0.2429486279033891 0.07309813399063379
0.23250119005645137 0.07225224891064076
0.2222148834901989 0.07136209543216503
0.2120959042910774 0.07043121227398375
0.20215034775378343 0.06946401531898154
0.19238420470968637 0.06846553813016333
0.18280335791817703 0.06744108659790367
0.17341357852311146 0.06639582982316035
0.16422052257649067 0.06533435573597832
0.15522972763146647 0.06426022437263398
0.14644660940672616 0.06317555377300747
0.1378764585242665 0.06208067287075181
0.12952443732252045 0.06097387248781053
0.12139557674675777 0.05985127977190939
0.11349477331863145 0.05870687348822776
0.10582678618669683 0.057532648026419185
0.09839623425967753 0.05631892348110822
0.09120759342420814 0.05505478846729973
0.08426519384872727 0.05372865223517462
0.07757321737514639 0.052328873919512846
0.07113569499986394 0.05084443008158999
0.06495650444564427 0.049265577622880204
0.059039367825822475 0.04758446803644607
0.05338784940224234 0.04579567096803201
0.048005353438278275 0.04389657011202051
0.042895122148234655 0.041887602269274564
0.038060233744356575 0.03977232043878881
0.03350360058263052 0.037557273423995584
0.029227967408489597 0.03525170680264594
0.025235909703481607 0.032867102363138744
0.021529832133895532 0.03041658437161007
0.018111967102280024 0.027914230483888802
0.014984373402728013 0.02537433205548887
0.012148934980735715 0.022810652504592483
0.009607359798384785 0.02023573293383083
0.007361178805529334 0.017660291340813747
0.005411745017609493 0.015092755614685963
0.0037602327006450165 0.012538961531732576
0.0024076366639015356 0.01000203574028941
0.0013547716606548965 0.007482471041750092
0.0006022718974137975 0.004978388017600498
0.00015059065189787502 0.002485964155284376
0.0 0.0
0.00015059065189787502 -0.0011191470398941488
0.0006022718974137975 -0.002231962827551053
0.0013547716606548965 -0.0033318996527782604
0.0024076366639015356 -0.004413051379949413
0.0037602327006450165 -0.005470428613768775
0.005411745017609493 -0.006500182291733308
0.007361178805529334 -0.0074997638701261304
0.009607359798384785 -0.008468014365242716
0.012148934980735715 -0.009405179052005391
0.014984373402728013 -0.010312849287399799
0.018111967102280024 -0.011193837389569255
0.021529832133895532 -0.012051994456414621
0.025235909703481607 -0.012891984182478519
0.029227967408489597 -0.013719027922373016
0.03350360058263052 -0.014538637320778678
0.038060233744356575 -0.015356350735056552
0.042895122148234655 -0.01617748845558089
0.048005353438278275 -0.01700693950277618
0.05338784940224234 -0.01784898974304334
0.059039367825822475 -0.018707197469947114
0.06495650444564427 -0.019584318731152316
0.07113569499986394 -0.020482280849332516
0.07757321737514639 -0.021402199081576652
0.08426519384872727 -0.022344428450253473
0.09120759342420814 -0.02330864067100931
0.09839623425967753 -0.02429391494537962
0.10582678618669683 -0.025298831243264954
0.11349477331863145 -0.026321555558733698
0.12139557674675777 -0.02735990838532496
0.12952443732252045 -0.028411410156102525
0.1378764585242665 -0.02947330040270212
0.14644660940672616 -0.030542530640097612
0.15522972763146647 -0.03161573419485146
0.16422052257649067 -0.03268917908362253
0.17341357852311146 -0.0337587123619204
0.18280335791817703 -0.03481970589396208
0.19238420470968637 -0.03586701410033173
0.20215034775378343 -0.03689495385383581
0.2120959042910774 -0.0378973153296921
0.2222148834901989 -0.0388674103689262
0.23250119005645137 -0.03979816195231798
0.2429486279033891 -0.040682234936297676
0.2535509038851079 -0.04151220454518524
0.26430163158700104 -0.04228075554192561
0.27519433517269654 -0.04298090180731142
0.28622245328485874 -0.04360621351731974
0.29737934299750524 -0.04415103744628827
0.30865828381745486 -0.0446106953036446
0.320052481732506 -0.04498164552047493
0.33155507330389 -0.04526159554155901
0.3431591298005543 -0.04544955436486345
0.35485766137276875 -0.04554581863922189
0.36664362126255073 -0.045551889847685705
0.3785099100483679 -0.04547032468118575
0.3904493799215649 -0.04530452532443515
0.4024548389919357 -0.045058480703639624
0.41451905561984914 -0.04473647346828257
0.42663476277231926 -0.04434277031934307
0.43879466240039156 -0.0438813150342175
0.4509914298352198 -0.04335544402921178
0.46321771820016633 -0.04276764348410908
0.475466162836291 -0.04211936496068871
0.4877293857385438 -0.04141091319764335
0.4999999999999999 -0.040641415558345155
0.512270614261456 -0.03980887771264938
0.5245338371637088 -0.03891032486524425
0.5367822817998334 -0.037942022543483264
0.54900857016478 -0.036899765972647866
0.5612053375996082 -0.035779222720829035
0.5733652372276805 -0.0345763098706799
0.5854809443801506 -0.03328758469072107
0.5975451610080642 -0.031910626777634
0.6095506200784349 -0.030444389980395874
0.6214900899516319 -0.028889504065959516
0.6333563787374491 -0.027248508927845104
0.645142338627231 -0.025526007980601027
0.6568408701994456 -0.02372873196966314
0.6684449266961098 -0.02186550945895048
0.6799475182674938 -0.019947145415984215
0.691341716182545 -0.017986214274021944
0.7026206570024947 -0.01599677831112815
0.713777546715141 -0.013994045886239578
0.7248056648273034 -0.011993986808010787
0.7356983684129987 -0.010012923748272206
0.746449096114892 -0.00806711908882676
0.7570513720966108 -0.006172375925727328
0.7674988099435485 -0.004343670240061218
0.7777851165098009 -0.0025948286338990734
0.7879040957089227 -0.0009382627310372621
0.7978496522462164 0.0006152324037165249
0.8076157952903136 0.002056612406605435
0.8171966420818224 0.003378650761617229
0.8265864214768883 0.004575942948858835
0.8357794774235092 0.005644854630402427
0.8447702723685334 0.006583423274084054
0.8535533905932737 0.007391224202039689
0.8621235414757333 0.008069212813252742
0.8704755626774794 0.00861955468116968
0.8786044232532422 0.00904545443574125
0.8865052266813687 0.009350992917281932
0.894173213813303 0.009540980185558883
0.9016037657403225 0.009620829751961688
0.9087924065757916 0.009596457054408354
0.9157348061512727 0.00947420288783149
0.9224267826248536 0.009260780394560048
0.928864305000136 0.008963242438358977
0.9350434955543556 0.008588964828432619
0.9409606321741775 0.008145639981671973
0.9466121505977576 0.007641275229414625
0.9519946465617215 0.007084190067981593
0.9571048778517655 0.00648300716655561
0.9619397662556433 0.005846632802229892
0.9664963994173694 0.005184223493794856
0.9707720325915102 0.004505136848542905
0.9747640902965183 0.0038188659165006656
0.9784701678661044 0.003134957569537541
0.98188803289772 0.00246291650981573
0.985015626597272 0.001812097404335768
0.9878510650192642 0.0011915883037858248
0.9903926402016152 0.000610088921225223
0.9926388211944706 7.578752691797335e-05
0.9945882549823906 -0.0004037598152230304
0.9962397672993549 -0.0008217441492644831
0.9975923633360985 -0.0011722094817780274
0.9986452283393451 -0.0014501468235364344
0.9993977281025862 -0.0016515741144190906
0.9998494093481021 -0.0017736001973538945
1.0 -0.0018144714610852579
