1.0 0.0016551651913723367
0.9998494093481021 0.0016998648626064337
0.9993977281025862 0.001833898975085382
0.9986452283393451 0.0020570549354391177
0.9975923633360985 0.0023689207728819894
0.9962397672993549 0.0027688054279801947
0.9945882549823906 0.0032556400408703537
0.9926388211944706 0.0038278716879442533
0.9903926402016152 0.004483362377217566
0.9878510650192642 0.005219306273491963
0.985015626597272 0.0060321770517264275
0.98188803289772 0.006917715045740055
0.9784701678661044 0.007870960647054254
0.9747640902965183 0.00888633648122469
0.9707720325915102 0.009957776578621224
0.9664963994173694 0.011078896434147226
0.9619397662556433 0.012243193894148588
0.9571048778517655 0.013444267572374578
0.9519946465617215 0.014676037278967317
0.9466121505977576 0.01593294996468352
0.9409606321741775 0.017210155054029373
0.9350434955543556 0.018503634771008262
0.928864305000136 0.019810278041179206
0.9224267826248536 0.021127890568570996
0.9157348061512727 0.022455138430365226
0.9087924065757916 0.023791427634560405
0.9016037657403225 0.02513672713796117
0.894173213813303 0.02649134741229474
0.8865052266813687 0.02785569039389608
0.8786044232532422 0.029229989238141275
0.8704755626774794 0.030614057493536087
0.8621235414757333 0.03200706699101009
0.8535533905932737 0.03340737191070264
0.8447702723685334 0.03481239326249517
0.8357794774235092 0.036218573632479115
0.8265864214768883 0.03762140683620713
0.8171966420818224 0.03901554148209583
0.8076157952903136 0.040394951824686554
0.7978496522462164 0.04175316412133504
0.7879040957089227 0.043083522409060576
0.7777851165098009 0.044379474537131335
0.7674988099435485 0.045634857677980284
0.7570513720966108 0.046844162531747655
0.746449096114892 0.04800275704852516
0.7356983684129987 0.04910705359872338
0.7248056648273034 0.050154607886915434
0.713777546715141 0.05114414318693723
0.7026206570024947 0.05207549925942262
0.691341716182545 0.052949511138380465
0.6799475182674938 0.05376782837621537
0.6684449266961098 0.054532689883791216
0.6568408701994456 0.055246672827651847
0.645142338627231 0.055912435881124455
0.6333563787374491 0.05653247731981691
0.6214900899516319 0.05710892698723653
0.6095506200784349 0.05764338814965911
0.5975451610080642 0.05813684095361674
0.5854809443801506 0.05858961394413141
0.5733652372276805 0.05900142432608848
0.5612053375996082 0.05937148182883764
0.54900857016478 0.05969864564573698
0.5367822817998334 0.05998161941381881
0.5245338371637088 0.06021916595245522
0.512270614261456 0.06041032177114146
0.4999999999999999 0.06055459133788616
0.4877293857385438 0.06065210278532297
0.475466162836291 0.060703709994670785
0.46321771820016633 0.060711030579075974
0.4509914298352198 0.06067641481638645
0.43879466240039156 0.060602846602593644
0.42663476277231926 0.060493783509802224
0.41451905561984914 0.060352948529199466
0.4024548389919357 0.060184090588075605
0.3904493799215649 0.059990734053217754
0.3785099100483679 0.05977593888222843
0.36664362126255073 0.059542092704721716
0.35485766137276875 0.05929075390105529
0.3431591298005543 0.05902256084332313
0.33155507330389 0.058737217160549256
0.320052481732506 0.058433556597911225
0.30865828381745486 0.058109684259500555
0.29737934299750524 0.05776318430824031
0.28622245328485874 0.057391378105422275
0.27519433517269654 0.05699161182853327
0.26430163158700104 0.05656154925147806
0.2535509038851079 0.05609944392963875
0.2429486279033891 0.05560436568022811
0.23250119005645137 0.05507635899851578
0.2222148834901989 0.05451651574608194
0.2120959042910774 0.05392695077119114
0.20215034775378343 0.05331067661770716
0.19238420470968637 0.052671381585824524
0.18280335791817703 0.05201312349948783
0.17341357852311146 0.05133995896990762
0.16422052257649067 0.05065553411432048
0.15522972763146647 0.049962667068783086
0.14644660940672616 0.04926295482347407
0.1378764585242665 0.04855643666819167
0.12952443732252045 0.047841343805648036
0.12139557674675777 0.04711395960220816
0.11349477331863145 0.046368607815672425
0.10582678618669683 0.04559777744741706
0.09839623425967753 0.044792383222383346
0.09120759342420814 0.04394215080268175
0.08426519384872727 0.04303610642224254
0.07757321737514639 0.04206314240498905
0.07113569499986394 0.041012623637760946
0.06495650444564427 0.0398749960286496
0.059039367825822475 0.03864235664401442
0.05338784940224234 0.03730894674190469
0.048005353438278275 0.03587153325563139
0.042895122148234655 0.034329651169912656
0.038060233744356575 0.032685688221892904
0.03350360058263052 0.030944803837049204
0.029227967408489597 0.029114685443508613
0.025235909703481607 0.02720515649945568
0.021529832133895532 0.02522766091099162
0.018111967102280024 0.023194657257273932
0.014984373402728013 0.02111896272883091
0.012148934980735715 0.01901309043268398
0.009607359798384785 0.016888624427265013
0.007361178805529334 0.014755674441431775
0.005411745017609493 0.012622446850616028
0.0037602327006450165 0.010494960490898377
0.0024076366639015356 0.008376925841514855
0.0013547716606548965 0.006269794702980513
0.0006022718974137975 0.004172975548258638
0.00015059065189787502 0.0020841980780754456
0.0 0.0
0.00015059065189787502 -0.001217186812452967
0.0006022718974137975 -0.0024291328643426535
0.0013547716606548965 -0.0036304130759661456
0.0024076366639015356 -0.004816213097821021
0.0037602327006450165 -0.005982591144717265
0.005411745017609493 -0.007126690611533012
0.007361178805529334 -0.008246892150166376
0.009607359798384785 -0.009342897773403214
0.012148934980735715 -0.01041574385980628
0.014984373402728013 -0.011467744359770023
0.018111967102280024 -0.012502369736590378
0.021529832133895532 -0.013524070925328754
0.025235909703481607 -0.014538060603040857
0.029227967408489597 -0.015550066140826074
0.03350360058263052 -0.016566069626964688
0.038060233744356575 -0.017592050267150012
0.042895122148234655 -0.018633743321045202
0.048005353438278275 -0.019696427641346888
0.05338784940224234 -0.020784751028309345
0.059039367825822475 -0.0219025992391933
0.06495650444564427 -0.02305301087306576
0.07113569499986394 -0.024238136774748686
0.07757321737514639 -0.025459239346275784
0.08426519384872727 -0.02671672446802693
0.09120759342420814 -0.028010196813087047
0.09839623425967753 -0.029338528320870198
0.10582678618669683 -0.03069992953853817
0.11349477331863145 -0.032092014421425966
0.12139557674675777 -0.0335118509102573
0.12952443732252045 -0.034955992008715624
0.1378764585242665 -0.03642048495042233
0.14644660940672616 -0.03790085911298591
0.15522972763146647 -0.0393920963355837
0.16422052257649067 -0.0408885899581859
0.17341357852311146 -0.04238410098484634
0.18280335791817703 -0.04387172108686969
0.19238420470968637 -0.04534385257294612
0.20215034775378343 -0.046792214904712866
0.2120959042910774 -0.04820788584847019
0.2222148834901989 -0.04958138302547655
0.23250119005645137 -0.05090278862360643
0.2429486279033891 -0.0521619165895802
0.2535509038851079 -0.053348518001785104
0.26430163158700104 -0.05445251681766738
0.27519433517269654 -0.05546426508367902
0.28622245328485874 -0.05637480425248862
0.29737934299750524 -0.05717611768939604
0.30865828381745486 -0.05786135892302093
0.320052481732506 -0.05842504078451637
0.33155507330389 -0.05886317228235987
0.3431591298005543 -0.059173332790083404
0.35485766137276875 -0.05935467671741146
0.36664362126255073 -0.05940786605899431
0.3785099100483679 -0.05933493278572141
0.3904493799215649 -0.05913907764676677
0.4024548389919357 -0.05882441626272985
0.41451905561984914 -0.058395687102938555
0.42663476277231926 -0.0578579387818488
0.43879466240039156 -0.057216215866280264
0.4509914298352198 -0.05647526291565892
0.46321771820016633 -0.05563926572374878
0.475466162836291 -0.05471164672298907
0.4877293857385438 -0.05369492836851746
0.4999999999999999 -0.05259067423394856
0.512270614261456 -0.05139951278598614
0.5245338371637088 -0.050121243668192636
0.5367822817998334 -0.048755021149859246
0.54900857016478 -0.04729960452088235
0.5612053375996082 -0.04575366095451712
0.5733652372276805 -0.04411610299160787
0.5854809443801506 -0.04238644053677902
0.5975451610080642 -0.04056512623903192
0.6095506200784349 -0.03865387341288956
0.6214900899516319 -0.03665592721223419
0.6333563787374491 -0.03457627248482769
0.645142338627231 -0.03242176542459528
0.6568408701994456 -0.03020118055412375
0.6684449266961098 -0.02792516942188822
0.6799475182674938 -0.02560613237558673
0.691341716182545 -0.023258009561863677
0.7026206570024947 -0.020896001610989416
0.713777546715141 -0.018536234039294337
0.7248056648273034 -0.01619538204399692
0.7356983684129987 -0.013890273942895232
0.746449096114892 -0.011637491967066736
0.7570513720966108 -0.009452988464888974
0.7674988099435485 -0.007351733908069133
0.7777851165098009 -0.005347410555079216
0.7879040957089227 -0.0034521624243728727
0.7978496522462164 -0.0016764085931683485
0.8076157952903136 -2.8723018423028324e-05
0.8171966420818224 0.0014842196750381395
0.8265864214768883 0.002857636446337248
0.8357794774235092 0.004088573090573172
0.8447702723685334 0.005175795751206101
0.8535533905932737 0.006119647497991781
0.8621235414757333 0.006921881521438777
0.8704755626774794 0.007585482453489759
0.8786044232532422 0.008114486560471637
0.8865052266813687 0.008513810177578355
0.894173213813303 0.008789093907502741
0.9016037657403225 0.008946567954158375
0.9087924065757916 0.008992941678908658
0.9157348061512727 0.008935318219876504
0.9224267826248536 0.008781132956811384
0.928864305000136 0.008538112860482033
0.9350434955543556 0.00821425242911734
0.9409606321741775 0.007817801040051944
0.9466121505977576 0.007357256149055243
0.9519946465617215 0.006841356833105701
0.9571048778517655 0.006279072643272803
0.9619397662556433 0.005679583536734525
0.9664963994173694 0.005052247698024389
0.9707720325915102 0.0044065552388194516
0.9747640902965183 0.003752066983260578
0.9784701678661044 0.0030983387109454327
0.98188803289772 0.0024548322663541676
0.985015626597272 0.0018308157950523275
0.9878510650192642 0.0012352559988385323
0.9903926402016152 0.0006767057013239498
0.9926388211944706 0.0001631901896332116
0.9945882549823906 -0.00029790422895290816
0.9962397672993549 -0.0006999362085154602
0.9975923633360985 -0.001037106951591617
0.9986452283393451 -0.001304546862014618
0.9993977281025862 -0.0014983891545420742
0.9998494093481021 -0.001615828748488564
1.0 -0.0016551651913723367
