1.0 0.001768238185513665
0.9998494093481021 0.0018196845674618267
0.9993977281025862 0.001973975146534364
0.9986452283393451 0.002230945941963741
0.9975923633360985 0.002590264694703711
0.9962397672993549 0.0030513491690139995
0.9945882549823906 0.0036132656134248266
0.9926388211944706 0.004274618788223012
0.9903926402016152 0.00503344632087338
0.9878510650192642 0.0058871303089496445
0.985015626597272 0.006832338020188858
0.98188803289772 0.007865001317487257
0.9784701678661044 0.008980341241805091
0.9747640902965183 0.010172940284886321
0.9707720325915102 0.011436860609184318
0.9664963994173694 0.012765802195248482
0.9619397662556433 0.014153290994613196
0.9571048778517655 0.015592883990975206
0.9519946465617215 0.017078375920327876
0.9466121505977576 0.018603991486020474
0.9409606321741775 0.02016454734049443
0.9350434955543556 0.021755569892373
0.928864305000136 0.02337335802216961
0.9224267826248536 0.02501498383212314
0.9157348061512727 0.02667822930577836
0.9087924065757916 0.028361461835653377
0.9016037657403225 0.030063456582081618
0.894173213813303 0.0317831781405741
0.8865052266813687 0.03351953763839602
0.8786044232532422 0.0352711438370005
0.8704755626774794 0.037036067859861965
0.8621235414757333 0.038811640680241954
0.8535533905932737 0.04059430049736554
0.8447702723685334 0.042379503732309164
0.8357794774235092 0.04416170883070466
0.8265864214768883 0.04593443670828996
0.8171966420818224 0.047690405927311864
0.8076157952903136 0.04942173499434148
0.7978496522462164 0.05112019897271987
0.7879040957089227 0.05277752332095589
0.7777851165098009 0.05438569484935228
0.7674988099435485 0.055937268181690744
0.7570513720966108 0.05742564625001046
0.746449096114892 0.0588453151417521
0.7356983684129987 0.0601920169321309
0.7248056648273034 0.06146284872075986
0.713777546715141 0.06265628159740416
0.7026206570024947 0.0637720992587738
0.691341716182545 0.06481126201604775
0.6799475182674938 0.06577570749652233
0.6684449266961098 0.0666681040112048
0.6568408701994456 0.06749157596152569
0.645142338627231 0.06824942252054743
0.6333563787374491 0.06894485099739535
0.6214900899516319 0.06958074476359268
0.6095506200784349 0.07015948250929051
0.5975451610080642 0.07068282115699369
0.5854809443801506 0.0711518493499784
0.5733652372276805 0.07156701249215326
0.5612053375996082 0.0719282043306941
0.54900857016478 0.07223491453342769
0.5367822817998334 0.07248641707668343
0.5245338371637088 0.07268198091169827
0.512270614261456 0.07282108260055468
0.4999999999999999 0.07290360056046014
0.4877293857385438 0.07292997224100906
0.475466162836291 0.07290129885228179
0.46321771820016633 0.07281938689714423
0.4509914298352198 0.07268672135975812
0.43879466240039156 0.07250637150069787
0.42663476277231926 0.07228183629669255
0.41451905561984914 0.07201684212365662
0.4024548389919357 0.07171510983581239
0.3904493799215649 0.07138011153847901
0.3785099100483679 0.0710148387956137
0.36664362126255073 0.07062160360022493
0.35485766137276875 0.0702018911628277
0.3431591298005543 0.06975627959124876
0.33155507330389 0.06928443614035044
0.320052481732506 0.06878519332206777
0.30865828381745486 0.06825670129548903
0.29737934299750524 0.06769664616609884
0.28622245328485874 0.0671025176821441
0.27519433517269654 0.06647190485448229
0.26430163158700104 0.0658027946912143
0.2535509038851079 0.06509384785577416
0.2429486279033891 0.06434462580271078
0.23250119005645137 0.0635557468272589
0.2222148834901989 0.06272895331885027
0.2120959042910774 0.06186707900777331
0.20215034775378343 0.060973912670177426
0.19238420470968637 0.060053963034477985
0.18280335791817703 0.05911213787284139
0.17341357852311146 0.058153357810621066
0.16422052257649067 0.057182131626173985
0.15522972763146647 0.056202124210485496
0.14644660940672616 0.055215750506528875
0.1378764585242665 0.05422382841171428
0.12952443732252045 0.05322532074845048
0.12139557674675777 0.052217191127397984
0.11349477331863145 0.051194391173042704
0.10582678618669683 0.05014998764635775
0.09839623425967753 0.04907542811189832
0.09120759342420814 0.04796093367175685
0.08426519384872727 0.046795997676635386
0.07757321737514639 0.04556996095409292
0.07113569499986394 0.04427262761846196
0.06495650444564427 0.04289488147144788
0.059039367825822475 0.04142926172335934
0.05338784940224234 0.03987045841975721
0.048005353438278275 0.03821569249045724
0.042895122148234655 0.0364649524772451
0.038060233744356575 0.03462106927658146
0.03350360058263052 0.03268962102209455
0.029227967408489597 0.03067867177618116
0.025235909703481607 0.028598359181225566
0.021529832133895532 0.02646035681230925
0.018111967102280024 0.024277245901959465
0.014984373402728013 0.022061837711711507
0.012148934980735715 0.019826491604161382
0.009607359798384785 0.017582474521157524
0.007361178805529334 0.015339405020428664
0.005411745017609493 0.013104819416817431
0.0037602327006450165 0.010883889289533785
0.0024076366639015356 0.008679309223600913
0.0013547716606548965 0.0064913618777594695
0.0006022718974137975 0.004318155142152473
0.00015059065189787502 0.0021560141407505895
0.0 0.0
0.00015059065189787502 -0.0014959181049648837
0.0006022718974137975 -0.0029845591967635463
0.0013547716606548965 -0.004458455374916597
0.0024076366639015356 -0.005910803613727091
0.0037602327006450165 -0.007335752589860873
0.005411745017609493 -0.008728637887200501
0.007361178805529334 -0.010086153622718171
0.009607359798384785 -0.011406452555074007
0.012148934980735715 -0.012689171198646938
0.014984373402728013 -0.013935381058013306
0.018111967102280024 -0.015147471503769697
0.021529832133895532 -0.0163289737296645
0.025235909703481607 -0.01748433840213668
0.029227967408489597 -0.018618681833598893
0.03350360058263052 -0.019737516649674814
0.038060233744356575 -0.02084648292899033
0.042895122148234655 -0.02195109470684693
0.048005353438278275 -0.023056514666232406
0.05338784940224234 -0.02416736697664031
0.059039367825822475 -0.02528759482398515
0.06495650444564427 -0.02642036548070155
0.07113569499986394 -0.027568022085663533
0.07757321737514639 -0.028732077922552713
0.08426519384872727 -0.029913246156571774
0.09120759342420814 -0.03111149591760641
0.09839623425967753 -0.03232612444325717
0.10582678618669683 -0.03355583478308199
0.11349477331863145 -0.0347988093024397
0.12139557674675777 -0.03605277081999783
0.12952443732252045 -0.03731502550766214
0.1378764585242665 -0.03858248446007273
0.14644660940672616 -0.03985166384949292
0.15522972763146647 -0.04111866655005867
0.16422052257649067 -0.04237915077664119
0.17341357852311146 -0.043628293397759636
0.18280335791817703 -0.044860756954390346
0.19238420470968637 -0.04607066991395905
0.20215034775378343 -0.04725162925059543
0.2120959042910774 -0.04839673308609881
0.2222148834901989 -0.04949864894533552
0.23250119005645137 -0.050549720339517414
0.2429486279033891 -0.05154211111337219
0.2535509038851079 -0.05246798354067427
0.26430163158700104 -0.053319702810383916
0.27519433517269654 -0.054090057594321096
0.28622245328485874 -0.05477248408441911
0.29737934299750524 -0.05536127944608985
0.30865828381745486 -0.05585179020506845
0.320052481732506 -0.056240561744578706
0.33155507330389 -0.05652543683218328
0.3431591298005543 -0.05670559383279647
0.35485766137276875 -0.0567815188299369
0.36664362126255073 -0.05675491003883349
0.3785099100483679 -0.0566285173697075
0.3904493799215649 -0.056405924474658795
0.4024548389919357 -0.05609128476688399
0.41451905561984914 -0.05568902643216619
0.42663476277231926 -0.055203544093716035
0.43879466240039156 -0.054638896334572515
0.4509914298352198 -0.05399852859261745
0.46321771820016633 -0.05328503997164652
0.475466162836291 -0.05250001029614027
0.4877293857385438 -0.05164390040217578
0.4999999999999999 -0.05071603440541471
0.512270614261456 -0.04971466778700091
0.5245338371637088 -0.048637139903404986
0.5367822817998334 -0.04748010429529144
0.54900857016478 -0.046239825283164296
0.5612053375996082 -0.04491252511164019
0.5733652372276805 -0.04349476261373771
0.5854809443801506 -0.04198382222336131
0.5975451610080642 -0.04037809130372194
0.6095506200784349 -0.03867740423239344
0.6214900899516319 -0.036883333453156975
0.6333563787374491 -0.034999410649708886
0.645142338627231 -0.033031265120797564
0.6568408701994456 -0.030986671083829416
0.6684449266961098 -0.028875500705352605
0.6799475182674938 -0.026709584831268045
0.691341716182545 -0.024502488346406042
0.7026206570024947 -0.022269211533000016
0.713777546715141 -0.02002583246221832
0.7248056648273034 -0.017789108140922553
0.7356983684129987 -0.015576053714600285
0.746449096114892 -0.013403519439915036
0.7570513720966108 -0.011287784406271687
0.7674988099435485 -0.009244184197861362
0.7777851165098009 -0.007286787002468315
0.7879040957089227 -0.005428129298590702
0.7978496522462164 -0.0036790184309140155
0.8076157952903136 -0.002048405375907356
0.8171966420818224 -0.0005433270633383067
0.8265864214768883 0.0008310860035579625
0.8357794774235092 0.0020715441897623437
0.8447702723685334 0.0031764850151341445
0.8535533905932737 0.004145922704818974
0.8621235414757333 0.004981273223249321
0.8704755626774794 0.005685166989057296
0.8786044232532422 0.006261260687333277
0.8865052266813687 0.006714058168037033
0.894173213813303 0.007048748492219831
0.9016037657403225 0.007271066931202965
0.9087924065757916 0.0073871823175216175
0.9157348061512727 0.007403611765862676
0.9224267826248536 0.0073271615868257265
0.928864305000136 0.007164891339241024
0.9350434955543556 0.006924096507292985
0.9409606321741775 0.006612304307890462
0.9466121505977576 0.006237276653184236
0.9519946465617215 0.005807014296821274
0.9571048778517655 0.005329756631351065
0.9619397662556433 0.004813972402750509
0.9664963994173694 0.004268337672784568
0.9707720325915102 0.0037016985881418393
0.9747640902965183 0.0031230178038492537
0.9784701678661044 0.0025413046618925003
0.98188803289772 0.0019655303629734977
0.985015626597272 0.0014045303276422887
0.9878510650192642 0.0008668966819647551
0.9903926402016152 0.00036086430385398344
0.9926388211944706 -0.00010580586881901526
0.9945882549823906 -0.0005259425188820421
0.9962397672993549 -0.0008930750059229969
0.9975923633360985 -0.001201536464945383
0.9986452283393451 -0.0014465559973537193
0.9993977281025862 -0.0016243374484288212
0.9998494093481021 -0.0017321227378760376
1.0 -0.001768238185513665
