1.0 0.0019719853947391926
0.9998494093481021 0.0020169675423241736
0.9993977281025862 0.002151852808918997
0.9986452283393451 0.0023764396700912374
0.9975923633360985 0.0026903342716186537
0.9962397672993549 0.0030928702967177313
0.9945882549823906 0.003583009806192498
0.9926388211944706 0.004159236620731989
0.9903926402016152 0.0048194551815532284
0.9878510650192642 0.005560907975182642
0.985015626597272 0.006380123507640737
0.98188803289772 0.00727290454003472
0.9784701678661044 0.008234363033235164
0.9747640902965183 0.009259004265175763
0.9707720325915102 0.010340858218731751
0.9664963994173694 0.011473651968271046
0.9619397662556433 0.012651012802940478
0.9571048778517655 0.013866688572855359
0.9519946465617215 0.015114769532269009
0.9466121505977576 0.016389895000075486
0.9409606321741775 0.017687428578473125
0.9350434955543556 0.019003587467012802
0.928864305000136 0.020335514467417166
0.9224267826248536 0.021681285372167937
0.9157348061512727 0.0230398492534294
0.9087924065757916 0.024410904338414457
0.9016037657403225 0.02579471725687193
0.894173213813303 0.027191898057991392
0.8865052266813687 0.028603147132122697
0.8786044232532422 0.030028992716414793
0.8704755626774794 0.03146953878385615
0.8621235414757333 0.03292424269541391
0.8535533905932737 0.03439174004132276
0.8447702723685334 0.03586973074077726
0.8357794774235092 0.03735493595538463
0.8265864214768883 0.03884313004367659
0.8171966420818224 0.04032924605492886
0.8076157952903136 0.04180754758126698
0.7978496522462164 0.04327185460984044
0.7879040957089227 0.04471580675896289
0.7777851165098009 0.04613314429160869
0.7674988099435485 0.04751798582650399
0.7570513720966108 0.04886508184200876
0.746449096114892 0.050170024890722774
0.7356983684129987 0.05142940078068779
0.7248056648273034 0.05264086957673491
0.713777546715141 0.05380317077413152
0.7026206570024947 0.05491605296205475
0.691341716182545 0.05598013425147018
0.6799475182674938 0.056996705212719746
0.6684449266961098 0.057967490610221314
0.6568408701994456 0.058894389464638514
0.645142338627231 0.0597792146485255
0.6333563787374491 0.06062345318658077
0.6214900899516319 0.06142806668061622
0.6095506200784349 0.06219334794573793
0.5975451610080642 0.06291884529115281
0.5854809443801506 0.06360336027884446
0.5733652372276805 0.06424501869844322
0.5612053375996082 0.06484140840314268
0.54900857016478 0.0653897720595292
0.5367822817998334 0.0658872382368499
0.5245338371637088 0.0663310709866913
0.512270614261456 0.06671891642295719
0.4999999999999999 0.06704902495359925
0.4877293857385438 0.06732042974383755
0.475466162836291 0.06753306556260705
0.46321771820016633 0.06768781709960332
0.4509914298352198 0.06778649174370178
0.43879466240039156 0.06783171820396622
0.42663476277231926 0.06782677870464959
0.41451905561984914 0.06777538826422372
0.4024548389919357 0.06768143928370703
0.3904493799215649 0.06754873290987792
0.3785099100483679 0.06738072010814404
0.36664362126255073 0.06718027492300954
0.35485766137276875 0.06694952002279117
0.3431591298005543 0.06668972047998024
0.33155507330389 0.0664012561386604
0.320052481732506 0.06608367630111736
0.30865828381745486 0.06573583335586772
0.29737934299750524 0.06535608494942191
0.28622245328485874 0.06494254796076598
0.27519433517269654 0.0644933824158538
0.26430163158700104 0.06400708003797358
0.2535509038851079 0.0634827307019569
0.2429486279033891 0.06292024082418132
0.23250119005645137 0.062320480681781434
0.2222148834901989 0.06168534264192222
0.2120959042910774 0.061017698956384814
0.20215034775378343 0.06032125565464185
0.19238420470968637 0.059600307557207556
0.18280335791817703 0.05885940787238337
0.17341357852311146 0.05810297356089303
0.16422052257649067 0.05733485401942645
0.15522972763146647 0.05655789509930237
0.14644660940672616 0.0557735326270552
0.1378764585242665 0.05498144918491574
0.12952443732252045 0.05417932488742123
0.12139557674675777 0.0533627074021744
0.11349477331863145 0.052525018847603126
0.10582678618669683 0.05165770796936695
0.09839623425967753 0.05075054579676669
0.09120759342420814 0.049792052547708826
0.08426519384872727 0.04877003365757383
0.07757321737514639 0.04767219420359063
0.07113569499986394 0.04648679435255558
0.06495650444564427 0.04520330431513212
0.059039367825822475 0.04381301600937802
0.05338784940224234 0.042309570379658254
0.048005353438278275 0.040689364024490124
0.042895122148234655 0.038951806178410424
0.038060233744356575 0.037099406686707165
0.03350360058263052 0.035137686756290365
0.029227967408489597 0.03307491618571754
0.025235909703481607 0.030921692628764208
0.021529832133895532 0.02869038937825859
0.018111967102280024 0.026394507374987112
0.014984373402728013 0.024047973969678595
0.012148934980735715 0.021664434879444527
0.009607359798384785 0.019256586473747093
0.007361178805529334 0.01683559291880384
0.005411745017609493 0.014410626960676146
0.0037602327006450165 0.01198856462136675
0.0024076366639015356 0.009573853405814296
0.0013547716606548965 0.007168561517477998
0.0006022718974137975 0.004772602909675344
0.00015059065189787502 0.002384120657536635
0.0 0.0
0.00015059065189787502 -0.0015616247942689314
0.0006022718974137975 -0.0031133503202363123
0.0013547716606548965 -0.004645069915658028
0.0024076366639015356 -0.0061474304641208925
0.0037602327006450165 -0.007612160918447169
0.005411745017609493 -0.009032346142130936
0.007361178805529334 -0.010402633301502855
0.009607359798384785 -0.011719362220936613
0.012148934980735715 -0.012980615756392444
0.014984373402728013 -0.014186191025957886
0.018111967102280024 -0.015337496930498988
0.021529832133895532 -0.016437387491630824
0.025235909703481607 -0.0174899438570505
0.029227967408489597 -0.01850022016405687
0.03350360058263052 -0.019473969674991053
0.038060233744356575 -0.020417367651734117
0.042895122148234655 -0.02133674635556784
0.048005353438278275 -0.02223835546203535
0.05338784940224234 -0.023128158259357896
0.059039367825822475 -0.02401167050242826
0.06495650444564427 -0.02489384500912003
0.07113569499986394 -0.025779001313644072
0.07757321737514639 -0.02667079622683856
0.08426519384872727 -0.02757222825876221
0.09120759342420814 -0.028485666747188776
0.09839623425967753 -0.02941289535229961
0.10582678618669683 -0.03035515939143838
0.11349477331863145 -0.03131320728476179
0.12139557674675777 -0.032287318069545795
0.12952443732252045 -0.03327730935247736
0.1378764585242665 -0.03428252298204812
0.14644660940672616 -0.03530178887384186
0.15522972763146647 -0.03633337052817021
0.16422052257649067 -0.037374898564435946
0.17341357852311146 -0.03842330080860441
0.18280335791817703 -0.03947473890490573
0.19238420470968637 -0.04052456193948914
0.20215034775378343 -0.04156728709643026
0.2120959042910774 -0.042596615930345756
0.2222148834901989 -0.04360549253030723
0.23250119005645137 -0.044586206835596096
0.2429486279033891 -0.045530542874734924
0.2535509038851079 -0.046429968008052824
0.26430163158700104 -0.04727585565600924
0.27519433517269654 -0.04805973078523475
0.28622245328485874 -0.04877352487278535
0.29737934299750524 -0.04940982540248843
0.30865828381745486 -0.04996210432839145
0.320052481732506 -0.050424910455509765
0.33155507330389 -0.05079401233922219
0.3431591298005543 -0.051066481007879666
0.35485766137276875 -0.051240705403727174
0.36664362126255073 -0.05131633768067009
0.3785099100483679 -0.05129417010602071
0.3904493799215649 -0.05117594996666872
0.4024548389919357 -0.050964143248002386
0.41451905561984914 -0.050661661620551385
0.42663476277231926 -0.05027157015631838
0.43879466240039156 -0.0497967949835935
0.4509914298352198 -0.04923985062942772
0.46321771820016633 -0.04860260603194249
0.475466162836291 -0.04788610615958313
0.4877293857385438 -0.04709046296935969
0.4999999999999999 -0.04621482526997361
0.512270614261456 -0.0452574321946571
0.5245338371637088 -0.04421574974750888
0.5367822817998334 -0.04308668460805621
0.54900857016478 -0.041866864407016424
0.5612053375996082 -0.04055296934665983
0.5733652372276805 -0.039142096614059776
0.5854809443801506 -0.03763213674546672
0.5975451610080642 -0.036022140089431894
0.6095506200784349 -0.0343126518441309
0.6214900899516319 -0.032505995781176335
0.6333563787374491 -0.0306064895992593
0.645142338627231 -0.028620578685040147
0.6568408701994456 -0.026556879642323714
0.6684449266961098 -0.024426129986033277
0.6799475182674938 -0.022241045563846564
0.691341716182545 -0.020016092243244746
0.7026206570024947 -0.017767182883089264
0.713777546715141 -0.015511314334554722
0.7248056648273034 -0.013266161980542621
0.7356983684129987 -0.011049650988209045
0.746449096114892 -0.008879523954056633
0.7570513720966108 -0.006772923980223368
0.7674988099435485 -0.004746010522463325
0.7777851165098009 -0.0028136227476664288
0.7879040957089227 -0.0009890018360653608
0.7978496522462164 0.0007164200992981387
0.8076157952903136 0.002293160767642046
0.8171966420818224 0.0037337583302592924
0.8265864214768883 0.005032775717857802
0.8357794774235092 0.006186745558198138
0.8447702723685334 0.007194065083109552
0.8535533905932737 0.008054852059480581
0.8621235414757333 0.008770773644795693
0.8704755626774794 0.009344860113622282
0.8786044232532422 0.009781314700457464
0.8865052266813687 0.010085329465830004
0.894173213813303 0.010262915261068893
0.9016037657403225 0.010320751709837282
0.9087924065757916 0.010266060817609654
0.9157348061512727 0.01010650553575666
0.9224267826248536 0.009850112500507675
0.928864305000136 0.009505216368164145
0.9350434955543556 0.009080421772227381
0.9409606321741775 0.008584577993328362
0.9466121505977576 0.008026760977760715
0.9519946465617215 0.0074162573468297185
0.9571048778517655 0.006762545456746751
0.9619397662556433 0.006075269321716393
0.9664963994173694 0.005364202208478932
0.9707720325915102 0.004639197848150213
0.9747640902965183 0.003910128390764456
0.9784701678661044 0.0031868093582217223
0.98188803289772 0.0024789128562465153
0.985015626597272 0.001795871129059828
0.9878510650192642 0.0011467731473553892
0.9903926402016152 0.0005402572986710583
0.9926388211944706 -1.559659251155641e-05
0.9945882549823906 -0.0005133727247327677
0.9962397672993549 -0.0009464192650139047
0.9975923633360985 -0.0013089400959924672
0.9986452283393451 -0.0015960760623401375
0.9993977281025862 -0.0018039738256660615
0.9998494093481021 -0.0019298408462645315
1.0 -0.0019719853947391926
