1.0 0.0022336152784874657
0.9998494093481021 0.0022793426497692898
0.9993977281025862 0.002416492271527214
0.9986452283393451 0.002644948010175162
0.9975923633360985 0.002964456109820172
0.9962397672993549 0.0033745416796542556
0.9945882549823906 0.0038744047120667603
0.9926388211944706 0.004462807133122203
0.9903926402016152 0.005137963764544737
0.9878510650192642 0.005897450254619815
0.985015626597272 0.006738139981533009
0.98188803289772 0.007656179721930801
0.9784701678661044 0.008647010687750773
0.9747640902965183 0.009705437631638602
0.9707720325915102 0.010825744437681334
0.9664963994173694 0.012001850320251712
0.9619397662556433 0.013227496827093633
0.9571048778517655 0.014496452635953658
0.9519946465617215 0.015802720944285517
0.9466121505977576 0.01714073329462936
0.9409606321741775 0.01850551406923101
0.9350434955543556 0.019892801629308034
0.928864305000136 0.021299115056165118
0.9224267826248536 0.022721759455719866
0.9157348061512727 0.02415876750762489
0.9087924065757916 0.025608780001979716
0.9016037657403225 0.027070873101690363
0.894173213813303 0.028544344585340782
0.8865052266813687 0.030028474983777167
0.8786044232532422 0.031522282006336035
0.8704755626774794 0.033024287732622275
0.8621235414757333 0.03453231760580849
0.8535533905932737 0.03604334830749811
0.8447702723685334 0.037553418248778225
0.8357794774235092 0.039057609917647576
0.8265864214768883 0.04055010801609331
0.8171966420818224 0.04202433160737289
0.8076157952903136 0.04347313282041307
0.7978496522462164 0.04488904947136873
0.7879040957089227 0.04626459467684065
0.7777851165098009 0.047592563496760554
0.7674988099435485 0.04886633510974014
0.7570513720966108 0.05008014912534187
0.746449096114892 0.0512293363831061
0.7356983684129987 0.05231048785370424
0.7248056648273034 0.053321549797973086
0.713777546715141 0.05426183880643484
0.7026206570024947 0.05513197631079284
0.691341716182545 0.055933748162784395
0.6799475182674938 0.056669900442148265
0.6684449266961098 0.057343887344171764
0.6568408701994456 0.05795959043608849
0.645142338627231 0.05852103048651743
0.6333563787374491 0.059032093310101764
0.6214900899516319 0.05949628961142404
0.6095506200784349 0.059916565775372105
0.5975451610080642 0.06029517818031973
0.5854809443801506 0.060633638259328465
0.5733652372276805 0.06093272963732543
0.5612053375996082 0.06119259270910031
0.54900857016478 0.06141286648151465
0.5367822817998334 0.06159287283872275
0.5245338371637088 0.06173182498705444
0.512270614261456 0.06182903998051322
0.4999999999999999 0.061884135077057506
0.4877293857385438 0.06189718924888165
0.475466162836291 0.06186885434343673
0.46321771820016633 0.061800404909075006
0.4509914298352198 0.06169372118942698
0.43879466240039156 0.061551205798906265
0.42663476277231926 0.06137564061509621
0.41451905561984914 0.061169995952014784
0.4024548389919357 0.06093720863588651
0.3904493799215649 0.060679948790844505
0.3785099100483679 0.06040039666304531
0.36664362126255073 0.06010005050908437
0.35485766137276875 0.05977958443859181
0.3431591298005543 0.05943877127403655
0.33155507330389 0.05907648025889126
0.320052481732506 0.05869075321654555
0.30865828381745486 0.05827895603600482
0.29737934299750524 0.057837995687856594
0.28622245328485874 0.057364586914732334
0.27519433517269654 0.05685554781676699
0.26430163158700104 0.056308100206117304
0.2535509038851079 0.05572014915919974
0.2429486279033891 0.055090516827979434
0.23250119005645137 0.054419108295152105
0.2222148834901989 0.053706991916224536
0.2120959042910774 0.0529563828678343
0.20215034775378343 0.05217052606101714
0.19238420470968637 0.05135348261979344
0.18280335791817703 0.05050983214515912
0.17341357852311146 0.049644310342554676
0.16422052257649067 0.0487614076819966
0.15522972763146647 0.04786495906217062
0.14644660940672616 0.04695775656679225
0.1378764585242665 0.046041217097166645
0.12952443732252045 0.0451151338848824
0.12139557674675777 0.04417753576910434
0.11349477331863145 0.04322467098434991
0.10582678618669683 0.04225112353094873
0.09839623425967753 0.04125006060566236
0.09120759342420814 0.04021359975408077
0.08426519384872727 0.039133275103542704
0.07757321737514639 0.03800057395859517
0.07113569499986394 0.03680750882803477
0.06495650444564427 0.035547186115682854
0.059039367825822475 0.03421433159215474
0.05338784940224234 0.0328057345223423
0.048005353438278275 0.031320576893043295
0.042895122148234655 0.0297606212973685
0.038060233744356575 0.02813024022432489
0.03350360058263052 0.02643628014853943
0.029227967408489597 0.02468776517363362
0.025235909703481607 0.022895456245664796
0.021529832133895532 0.0210712923066247
0.018111967102280024 0.019227748442369155
0.014984373402728013 0.01737715244512599
0.012148934980735715 0.01553100476790992
0.009607359798384785 0.013699347303966044
0.007361178805529334 0.011890223706632699
0.005411745017609493 0.010109268229757632
0.0037602327006450165 0.008359451690786708
0.0024076366639015356 0.006641002705986358
0.0013547716606548965 0.00495151054149469
0.0006022718974137975 0.0032862035886594026
0.00015059065189787502 0.00163838547399155
0.0 0.0
0.00015059065189787502 -0.00130004430965007
0.0006022718974137975 -0.0025946435489344784
0.0013547716606548965 -0.0038779904373458106
0.0024076366639015356 -0.005144881218881706
0.0037602327006450165 -0.0063909740421571335
0.005411745017609493 -0.007612998264275155
0.007361178805529334 -0.00880890344697794
0.009607359798384785 -0.009977940730475754
0.012148934980735715 -0.011120673611300097
0.014984373402728013 -0.012238919607670233
0.018111967102280024 -0.013335628555763911
0.021529832133895532 -0.014414707047147575
0.025235909703481607 -0.01548080153505811
0.029227967408489597 -0.016539054706987
0.03350360058263052 -0.01759485071717765
0.038060233744356575 -0.01865356475033789
0.042895122148234655 -0.01972033118575015
0.048005353438278275 -0.020799842467403972
0.05338784940224234 -0.021896187848997505
0.059039367825822475 -0.023012737715633502
0.06495650444564427 -0.024152075465339706
0.07113569499986394 -0.025315975255604025
0.07757321737514639 -0.026505420566585287
0.08426519384872727 -0.027720655756624933
0.09120759342420814 -0.028961260790380396
0.09839623425967753 -0.03022623824342619
0.10582678618669683 -0.03151410159233743
0.11349477331863145 -0.03282295466938766
0.12139557674675777 -0.03415055390184074
0.12952443732252045 -0.035494347403676636
0.1378764585242665 -0.036851487922689344
0.14644660940672616 -0.03821881981017526
0.15522972763146647 -0.03959284329828315
0.16422052257649067 -0.040969662170459074
0.17341357852311146 -0.04234492314845764
0.18280335791817703 -0.04371375679615295
0.19238420470968637 -0.045070730318859865
0.20215034775378343 -0.046409822253199486
0.2120959042910774 -0.04772442771150984
0.2222148834901989 -0.04900740065921237
0.23250119005645137 -0.050251136827439105
0.2429486279033891 -0.05144769751954786
0.2535509038851079 -0.05258897102366871
0.26430163158700104 -0.053666864880372755
0.27519433517269654 -0.054673519160399385
0.28622245328485874 -0.055601528444489956
0.29737934299750524 -0.05644415858432552
0.30865828381745486 -0.057195543717552616
0.320052481732506 -0.05785084949377315
0.33155507330389 -0.0584063900432272
0.3431591298005543 -0.05885968880368978
0.35485766137276875 -0.059209476753650216
0.36664362126255073 -0.05945562565373897
0.3785099100483679 -0.05959901829494964
0.3904493799215649 -0.05964136218156062
0.4024548389919357 -0.059584957220061976
0.41451905561984914 -0.0594324315385609
0.42663476277231926 -0.05918646225660936
0.43879466240039156 -0.05884949965234565
0.4509914298352198 -0.05842351359383019
0.46321771820016633 -0.05790978025909235
0.475466162836291 -0.057308725096932175
0.4877293857385438 -0.056619834796209606
0.4999999999999999 -0.05584164693163214
0.512270614261456 -0.05497182120012205
0.5245338371637088 -0.05400729106161982
0.5367822817998334 -0.05294448948498085
0.54900857016478 -0.05177963770909564
0.5612053375996082 -0.05050908177633096
0.5733652372276805 -0.04912965835226763
0.5854809443801506 -0.047639069224038884
0.5975451610080642 -0.04603624300592294
0.6095506200784349 -0.04432166302806463
0.6214900899516319 -0.04249764210862954
0.6333563787374491 -0.04056852779429264
0.645142338627231 -0.038540825507311215
0.6568408701994456 -0.03642323160761583
0.6684449266961098 -0.034226573370870206
0.6799475182674938 -0.03196365798169748
0.691341716182545 -0.02964903752815916
0.7026206570024947 -0.027298701362723835
0.713777546715141 -0.024929710809988282
0.7248056648273034 -0.02255979385200216
0.7356983684129987 -0.02020691897571604
0.746449096114892 -0.017888867766053917
0.7570513720966108 -0.015622825090730543
0.7674988099435485 -0.013425003939893841
0.7777851165098009 -0.011310319309344665
0.7879040957089227 -0.009292122155784937
0.7978496522462164 -0.007382000646755578
0.8076157952903136 -0.005589651934674416
0.8171966420818224 -0.00392282376116098
0.8265864214768883 -0.002387321584235997
0.8357794774235092 -0.0009870738234855304
0.8447702723685334 0.00027575460215465797
0.8535533905932737 0.0014006119056623803
0.8621235414757333 0.002388384497423659
0.8704755626774794 0.003241209730401156
0.8786044232532422 0.003962287791151202
0.8865052266813687 0.004555702774224681
0.894173213813303 0.005026261045459543
0.9016037657403225 0.005379352733553367
0.9087924065757916 0.0056208397682635265
0.9157348061512727 0.005756971483393275
0.9224267826248536 0.00579432658358035
0.928864305000136 0.005739778370259198
0.9350434955543556 0.00560047863511055
0.9409606321741775 0.00538385462203642
0.9466121505977576 0.0050976129550871175
0.9519946465617215 0.0047497444160622465
0.9571048778517655 0.004348523884684663
0.9619397662556433 0.0039025005525633767
0.9664963994173694 0.00342047459720253
0.9707720325915102 0.0029114577517719547
0.9747640902965183 0.002384616526761654
0.9784701678661044 0.0018491981343831303
0.98188803289772 0.001314440352505285
0.985015626597272 0.0007894675772115215
0.9878510650192642 0.0002831761080227726
0.9903926402016152 -0.00019588773447343655
0.9926388211944706 -0.0006396527438751133
0.9945882549823906 -0.0010406472111070787
0.9962397672993549 -0.0013921186555786893
0.9975923633360985 -0.0016881452673832504
0.9986452283393451 -0.0019237358033613332
0.9993977281025862 -0.0020949151371366295
0.9998494093481021 -0.00219879316388578
1.0 -0.0022336152784874657
