1.0 0.0019264405959189656
0.9998494093481021 0.001977148195818314
0.9993977281025862 0.002129194233363068
0.9986452283393451 0.0023823304747259853
0.9975923633360985 0.0027360853790910104
0.9962397672993549 0.0031896842108970996
0.9945882549823906 0.003741950225317382
0.9926388211944706 0.00439119849733285
0.9903926402016152 0.00513513533050612
0.9878510650192642 0.005970776329005624
0.985015626597272 0.0068943951128428126
0.98188803289772 0.007901512379185129
0.9784701678661044 0.008986931743882421
0.9747640902965183 0.010144824808562011
0.9707720325915102 0.011368863528536608
0.9664963994173694 0.012652393582897591
0.9619397662556433 0.013988638455043952
0.9571048778517655 0.015370920678204551
0.9519946465617215 0.016792884488231227
0.9466121505977576 0.018248703173873677
0.9409606321741775 0.01973325483886487
0.9350434955543556 0.021242252092202745
0.928864305000136 0.022772314248780682
0.9224267826248536 0.024320974729497617
0.9157348061512727 0.02588662118441042
0.9087924065757916 0.027468371044039163
0.9016037657403225 0.029065890316264654
0.894173213813303 0.03067916807094225
0.8865052266813687 0.032308262805376825
0.8786044232532422 0.033953039439825694
0.8704755626774794 0.03561291682382531
0.8621235414757333 0.037286645224099815
0.8535533905932737 0.03897213131897166
0.8447702723685334 0.040666324872845216
0.8357794774235092 0.04236517675310614
0.8265864214768883 0.04406367262319487
0.8171966420818224 0.045755940912428454
0.8076157952903136 0.04743542797572746
0.7978496522462164 0.049095128166667355
0.7879040957089227 0.05072785227211579
0.7777851165098009 0.0523265147439491
0.7674988099435485 0.05388441866279913
0.7570513720966108 0.0553955175112509
0.746449096114892 0.05685463461930308
0.7356983684129987 0.05825762444115524
0.7248056648273034 0.05960146437484929
0.713777546715141 0.06088427128732258
0.7026206570024947 0.06210524282437308
0.691341716182545 0.06326452949466287
0.6799475182674938 0.06436304894334945
0.6684449266961098 0.06540225833434145
0.6568408701994456 0.06638390397256726
0.645142338627231 0.06730976895344352
0.6333563787374491 0.06818143958520873
0.6214900899516319 0.06900010958752212
0.6095506200784349 0.06976643776208406
0.5975451610080642 0.070480470222321
0.5854809443801506 0.07114163273225711
0.5733652372276805 0.07174879269152527
0.5612053375996082 0.07230038430894023
0.54900857016478 0.07279458502893274
0.5367822817998334 0.07322952677335709
0.5245338371637088 0.07360352241977652
0.512270614261456 0.0739152864321297
0.4999999999999999 0.07416412883445575
0.4877293857385438 0.07435010377141743
0.475466162836291 0.07447409758190247
0.46321771820016633 0.07453784633831752
0.4509914298352198 0.07454387877337575
0.43879466240039156 0.07449538694320679
0.42663476277231926 0.07439603332998043
0.41451905561984914 0.07424970883568124
0.4024548389919357 0.0740602607688244
0.3904493799215649 0.07383121306723202
0.3785099100483679 0.0735655023387517
0.36664362126255073 0.07326525268703873
0.35485766137276875 0.0729316097279738
0.3431591298005543 0.07256464986068487
0.33155507330389 0.07216337505170671
0.320052481732506 0.07172579656441343
0.30865828381745486 0.07124910375464014
0.29737934299750524 0.07072990684521444
0.28622245328485874 0.07016453608010144
0.27519433517269654 0.06954937439374136
0.26430163158700104 0.0688811971760138
0.2535509038851079 0.0681574912044848
0.2429486279033891 0.06737672553318685
0.23250119005645137 0.06653855007695852
0.2222148834901989 0.06564390263963311
0.2120959042910774 0.0646950118616863
0.20215034775378343 0.06369529152146165
0.19238420470968637 0.06264913021676786
0.18280335791817703 0.06156158901787948
0.17341357852311146 0.060438027541321236
0.16422052257649067 0.0592836854067391
0.15522972763146647 0.058103250655958824
0.14644660940672616 0.05690044901712238
0.1378764585242665 0.05567768763987782
0.12952443732252045 0.054435784054474655
0.12139557674675777 0.05317380576345993
0.11349477331863145 0.05188903839849855
0.10582678618669683 0.05057709127762161
0.09839623425967753 0.04923213912729859
0.09120759342420814 0.0478472884262435
0.08426519384872727 0.046415047056312456
0.07757321737514639 0.044927867460114075
0.07113569499986394 0.04337872697500412
0.06495650444564427 0.04176170497684247
0.059039367825822475 0.040072515286971824
0.05338784940224234 0.03830895412943386
0.048005353438278275 0.036471228708497914
0.042895122148234655 0.03456213892505561
0.038060233744356575 0.03258709437765963
0.03350360058263052 0.030553959943632032
0.029227967408489597 0.028472735127849022
0.025235909703481607 0.02635508415398661
0.021529832133895532 0.02421374460164927
0.018111967102280024 0.022061851466193508
0.014984373402728013 0.019912220155662148
0.012148934980735715 0.01777663562803305
0.009607359798384785 0.01566519530593666
0.007361178805529334 0.013585750510644638
0.005411745017609493 0.011543485097309871
0.0037602327006450165 0.009540661143382641
0.0024076366639015356 0.007576550538751542
0.0013547716606548965 0.0056475589071308336
0.0006022718974137975 0.0037475353181230533
0.00015059065189787502 0.001868248637672856
0.0 0.0
0.00015059065189787502 -0.001161457092815031
0.0006022718974137975 -0.0023181392350258073
0.0013547716606548965 -0.0034649885198288093
0.0024076366639015356 -0.004597524508473588
0.0037602327006450165 -0.005712090827224297
0.005411745017609493 -0.006806054128363992
0.007361178805529334 -0.007877944524669243
0.009607359798384785 -0.00892753041640683
0.012148934980735715 -0.009955824850914896
0.014984373402728013 -0.010965024887359677
0.018111967102280024 -0.011958389578195049
0.021529832133895532 -0.012940065836484283
0.025235909703481607 -0.01391487438548548
0.029227967408489597 -0.014888069991534428
0.03350360058263052 -0.015865091141714822
0.038060233744356575 -0.016851314201589834
0.042895122148234655 -0.017851825914271247
0.048005353438278275 -0.018871225996753626
0.05338784940224234 -0.019913468736961898
0.059039367825822475 -0.020981749132526484
0.06495650444564427 -0.022078435511243784
0.07113569499986394 -0.023205047017727912
0.07757321737514639 -0.02436227111592866
0.08426519384872727 -0.025550013587553728
0.09120759342420814 -0.026767471597404023
0.09839623425967753 -0.028013219379686455
0.10582678618669683 -0.029285296032352293
0.11349477331863145 -0.030581285769735598
0.12139557674675777 -0.03189838268223886
0.12952443732252045 -0.03323343442330782
0.1378764585242665 -0.03458296207239919
0.14644660940672616 -0.03594315645573566
0.15522972763146647 -0.03730985417616466
0.16422052257649067 -0.038678499246970435
0.17341357852311146 -0.04004409830657531
0.18280335791817703 -0.041401178722295824
0.19238420470968637 -0.04274375934381141
0.20215034775378343 -0.04406534318506027
0.2120959042910774 -0.045358939918410904
0.2222148834901989 -0.046617123854816804
0.23250119005645137 -0.04783213022497514
0.2429486279033891 -0.04899598929257502
0.2535509038851079 -0.05010069438428474
0.26430163158700104 -0.05113839659414946
0.27519433517269654 -0.05210161599169855
0.28622245328485874 -0.05298345688766977
0.29737934299750524 -0.053777813298173084
0.30865828381745486 -0.054479550344568264
0.320052481732506 -0.05508464800502383
0.33155507330389 -0.05559029538591732
0.3431591298005543 -0.05599492641599851
0.35485766137276875 -0.056298191415822915
0.36664362126255073 -0.0565008631261561
0.3785099100483679 -0.05660468020939707
0.3904493799215649 -0.056612135656072676
0.4024548389919357 -0.056526221616045126
0.41451905561984914 -0.05635014562981239
0.42663476277231926 -0.056087035796538155
0.43879466240039156 -0.055739653877936494
0.4509914298352198 -0.05531013557030924
0.46321771820016633 -0.05479977613429555
0.475466162836291 -0.0542088772947463
0.4877293857385438 -0.05353666793909756
0.4999999999999999 -0.05278130685689587
0.512270614261456 -0.051939970844835544
0.5245338371637088 -0.05100902626539182
0.5367822817998334 -0.04998427693136964
0.54900857016478 -0.048861276332561425
0.5612053375996082 -0.04763568804072377
0.5733652372276805 -0.046303674897548906
0.5854809443801506 -0.04486229551693054
0.5975451610080642 -0.0433098858507948
0.6095506200784349 -0.04164640412522908
0.6214900899516319 -0.03987371931117335
0.6333563787374491 -0.03799582632802103
0.645142338627231 -0.0360189751907967
0.6568408701994456 -0.03395170604326762
0.6684449266961098 -0.03180478716917959
0.6799475182674938 -0.029591058318989772
0.691341716182545 -0.0273251867074785
0.7026206570024947 -0.025023347527600593
0.713777546715141 -0.022702844528106985
0.7248056648273034 -0.020381688914288487
0.7356983684129987 -0.018078156419138524
0.746449096114892 -0.015810342798638227
0.7570513720966108 -0.013595737249232798
0.7674988099435485 -0.011450831420718144
0.7777851165098009 -0.00939077896097946
0.7879040957089227 -0.007429117089175701
0.7978496522462164 -0.0055775577955089785
0.8076157952903136 -0.003845852170911321
0.8171966420818224 -0.0022417273406052703
0.8265864214768883 -0.0007708917553324941
0.8357794774235092 0.0005628986065016179
0.8447702723685334 0.0017577230889529037
0.8535533905932737 0.002813339946356093
0.8621235414757333 0.003731003231142319
0.8704755626774794 0.004513265583209515
0.8786044232532422 0.005163778786550446
0.8865052266813687 0.0056871025575122
0.894173213813303 0.006088530108306585
0.9016037657403225 0.006373936759152267
0.9087924065757916 0.006549655433025169
0.9157348061512727 0.006622380435767394
0.9224267826248536 0.0065990986633607755
0.928864305000136 0.006487045424103394
0.9350434955543556 0.006293680519618894
0.9409606321741775 0.006026679160608957
0.9466121505977576 0.005693931727205663
0.9519946465617215 0.005303546308103334
0.9571048778517655 0.004863848322294823
0.9619397662556433 0.004383372270179502
0.9664963994173694 0.003870841686050156
0.9707720325915102 0.0033351345702873755
0.9747640902965183 0.002785232864274875
0.9784701678661044 0.0022301557979001567
0.98188803289772 0.0016788781054720868
0.985015626597272 0.0011402351059757664
0.9878510650192642 0.0006228174336520118
0.9903926402016152 0.0001348587623903894
0.9926388211944706 -0.0003158798098600842
0.9945882549823906 -0.0007222249473446318
0.9962397672993549 -0.0010777021521688307
0.9975923633360985 -0.0013766392906042315
0.9986452283393451 -0.001614259488064049
0.9993977281025862 -0.001786760743194859
0.9998494093481021 -0.0018913800860162107
1.0 -0.0019264405959189656
