1.0 0.0019952944295049757
0.9998494093481021 0.0020478957632695085
0.9993977281025862 0.0022056361053884787
0.9986452283393451 0.0024683055058907066
0.9975923633360985 0.0028354928558554596
0.9962397672993549 0.0033065010842921543
0.9945882549823906 0.003880241747991936
0.9926388211944706 0.00455512085472198
0.9903926402016152 0.005328929181415514
0.9878510650192642 0.006198750537559202
0.985015626597272 0.007160900345669077
0.98188803289772 0.008210904642584059
0.9784701678661044 0.009343526329537152
0.9747640902965183 0.010552841488323462
0.9707720325915102 0.01183236417595441
0.9664963994173694 0.0131752136909198
0.9619397662556433 0.014574314257804933
0.9571048778517655 0.01602261376506547
0.9519946465617215 0.017513305918025173
0.9466121505977576 0.01904003915697982
0.9409606321741775 0.020597096056793315
0.9350434955543556 0.02217952867297148
0.928864305000136 0.02378323831677398
0.9224267826248536 0.025404992306528307
0.9157348061512727 0.027042375040229723
0.9087924065757916 0.028693675885041812
0.9016037657403225 0.030357721465462385
0.894173213813303 0.0320336645344669
0.8865052266813687 0.033720745344082655
0.8786044232532422 0.03541804397162012
0.8704755626774794 0.0371242431754508
0.8621235414757333 0.0388374209325172
0.8535533905932737 0.04055488985498052
0.8447702723685334 0.042273097326667806
0.8357794774235092 0.04398759568807114
0.8265864214768883 0.04569308647550715
0.8171966420818224 0.047383536999927194
0.8076157952903136 0.04905236188558821
0.7978496522462164 0.05069265703146198
0.7879040957089227 0.05229746922656629
0.7777851165098009 0.053860081692377326
0.7674988099435485 0.055374294390511045
0.7570513720966108 0.056834678151524744
0.746449096114892 0.05823678354894074
0.7356983684129987 0.059577288826697314
0.7248056648273034 0.06085407583026994
0.713777546715141 0.06206622843031429
0.7026206570024947 0.06321395392626279
0.691341716182545 0.06429843389866792
0.6799475182674938 0.06532161646367945
0.6684449266961098 0.06628596642774552
0.6568408701994456 0.06719419307496016
0.645142338627231 0.06804897697622435
0.6333563787374491 0.06885271714717875
0.6214900899516319 0.06960731809771233
0.6095506200784349 0.0703140329465992
0.5975451610080642 0.07097337408724493
0.5854809443801506 0.07158509726079075
0.5733652372276805 0.07214825877683918
0.5612053375996082 0.072661339519066
0.54900857016478 0.07312242378524718
0.5367822817998334 0.07352941640308268
0.5245338371637088 0.07388027832273467
0.512270614261456 0.07417325929352385
0.4999999999999999 0.07440710643227255
0.4877293857385438 0.07458122948457536
0.475466162836291 0.07469580722005476
0.46321771820016633 0.07475182440291774
0.4509914298352198 0.07475103473834109
0.43879466240039156 0.07469585162713206
0.42663476277231926 0.07458917493352413
0.41451905561984914 0.07443416774862757
0.4024548389919357 0.0742340018205002
0.3904493799215649 0.0739915935084968
0.3785099100483679 0.07370935350898812
0.36664362126255073 0.0733889730393114
0.35485766137276875 0.07303126666261611
0.3431591298005543 0.07263608765416242
0.33155507330389 0.07220232606550213
0.320052481732506 0.07172799287956659
0.30865828381745486 0.07121038640310609
0.29737934299750524 0.07064632990089773
0.28622245328485874 0.07003246303145833
0.27519433517269654 0.0693655644466395
0.26430163158700104 0.06864287942929824
0.2535509038851079 0.06786242499883374
0.2429486279033891 0.06702324569143732
0.23250119005645137 0.06612559622342633
0.2222148834901989 0.06517103229619792
0.2120959042910774 0.06416239755544431
0.20215034775378343 0.06310370268530577
0.19238420470968637 0.061999901200322255
0.18280335791817703 0.06085657502972733
0.17341357852311146 0.059679550791243895
0.16422052257649067 0.05847447408567272
0.15522972763146647 0.05724637365996117
0.14644660940672616 0.05599924947114416
0.1378764585242665 0.05473571829320668
0.12952443732252045 0.05345674749368295
0.12139557674675777 0.052161502118589956
0.11349477331863145 0.05084732280959596
0.10582678618669683 0.04950984285493066
0.09839623425967753 0.0481432425004958
0.09120759342420814 0.04674062826408726
0.08426519384872727 0.04529451518201421
0.07757321737514639 0.04379738142790695
0.07113569499986394 0.04224225825046291
0.06495650444564427 0.04062331421827708
0.059039367825822475 0.03893639169617439
0.05338784940224234 0.0371794554610494
0.048005353438278275 0.035352918325260434
0.042895122148234655 0.0334598162792345
0.038060233744356575 0.03150581549517014
0.03350360058263052 0.029499044883077058
0.029227967408489597 0.027449759967544597
0.025235909703481607 0.02536985580003553
0.021529832133895532 0.023272257573734353
0.018111967102280024 0.021170226761190934
0.014984373402728013 0.019076627262824733
0.012148934980735715 0.01700319972065542
0.009607359798384785 0.014959892510272821
0.007361178805529334 0.012954294903550377
0.005411745017609493 0.0109912116657112
0.0037602327006450165 0.009072409315922039
0.0024076366639015356 0.0071965530483548736
0.0013547716606548965 0.0053593406507140865
0.0006022718974137975 0.0035538265474681814
0.00015059065189787502 0.0017709162582997815
0.0 0.0
0.00015059065189787502 -0.0014439438974317251
0.0006022718974137975 -0.0028786612874007497
0.0013547716606548965 -0.0042947182793555624
0.0024076366639015356 -0.0056834474723814745
0.0037602327006450165 -0.007037280225270525
0.005411745017609493 -0.008350021188388908
0.007361178805529334 -0.009617051657079111
0.009607359798384785 -0.010835452753002475
0.012148934980735715 -0.012004044382256704
0.014984373402728013 -0.013123341014806292
0.018111967102280024 -0.014195430229141466
0.021529832133895532 -0.015223784337913457
0.025235909703481607 -0.016213018965716076
0.029227967408489597 -0.017168614963413497
0.03350360058263052 -0.01809662136756455
0.038060233744356575 -0.019003357190459348
0.042895122148234655 -0.01989512868984278
0.048005353438278275 -0.02077797653945902
0.05338784940224234 -0.021657464201770588
0.059039367825822475 -0.02253851505389023
0.06495650444564427 -0.023425301739233587
0.07113569499986394 -0.024321187130481103
0.07757321737514639 -0.025228712506839748
0.08426519384872727 -0.02614962535209323
0.09120759342420814 -0.02708493679914815
0.09839623425967753 -0.0280349973421882
0.10582678618669683 -0.028999579088937775
0.11349477331863145 -0.02997795352686244
0.12139557674675777 -0.03096895543804306
0.12952443732252045 -0.03197102605135079
0.1378764585242665 -0.03298223153855879
0.14644660940672616 -0.03400025627075154
0.15522972763146647 -0.03502237355896167
0.16422052257649067 -0.03604539961667136
0.17341357852311146 -0.03706563893550312
0.18280335791817703 -0.03807883093981099
0.19238420470968637 -0.03908010852616461
0.20215034775378343 -0.04006397882208601
0.2120959042910774 -0.041024335220525475
0.2222148834901989 -0.04195450755152556
0.23250119005645137 -0.042847354306181695
0.2429486279033891 -0.04369539736038562
0.2535509038851079 -0.04449099593334838
0.26430163158700104 -0.04522655285998477
0.27519433517269654 -0.045894742959835144
0.28622245328485874 -0.04648875062900246
0.29737934299750524 -0.047002502001861464
0.30865828381745486 -0.0474308762989544
0.320052481732506 -0.04776988139186026
0.33155507330389 -0.04801678018426966
0.3431591298005543 -0.048170157052498636
0.35485766137276875 -0.048229917146527246
0.36664362126255073 -0.04819721559051922
0.3785099100483679 -0.048074318250198325
0.3904493799215649 -0.04786440042913351
0.4024548389919357 -0.0475712942813279
0.41451905561984914 -0.04719919956113115
0.42663476277231926 -0.04675237528790881
0.43879466240039156 -0.04623483175460115
0.4509914298352198 -0.04565004290370471
0.46321771820016633 -0.04500069836523384
0.475466162836291 -0.044288512424590434
0.4877293857385438 -0.04351410398025338
0.4999999999999999 -0.042676957360767855
0.512270614261456 -0.041775468965669596
0.5245338371637088 -0.04080707939408117
0.5367822817998334 -0.03976848537436125
0.54900857016478 -0.03865592075909111
0.5612053375996082 -0.037465491432446915
0.5733652372276805 -0.03619354547941558
0.5854809443801506 -0.03483705761382435
0.5975451610080642 -0.03339400580293319
0.6095506200784349 -0.03186371832181736
0.6214900899516319 -0.030247171092434313
0.6333563787374491 -0.028547217994667327
0.645142338627231 -0.02676874068646783
0.6568408701994456 -0.024918709080619914
0.6684449266961098 -0.023006148694674645
0.6799475182674938 -0.021042016292456785
0.691341716182545 -0.019038990243033193
0.7026206570024947 -0.017011186529588867
0.713777546715141 -0.014973815080444179
0.7248056648273034 -0.012942793859112515
0.7356983684129987 -0.010934339801265052
0.746449096114892 -0.008964556162136521
0.7570513720966108 -0.0070490351551530375
0.7674988099435485 -0.005202493012925531
0.7777851165098009 -0.0034384519424224434
0.7879040957089227 -0.0017689800867863132
0.7978496522462164 -0.00020449679269982806
0.8076157952903136 0.0012463535218607887
0.8171966420818224 0.0025767595363402145
0.8265864214768883 0.00378173748480548
0.8357794774235092 0.004858069242564456
0.8447702723685334 0.00580419378318536
0.8535533905932737 0.006620063351184343
0.8621235414757333 0.007306976457315957
0.8704755626774794 0.007867399735387744
0.8786044232532422 0.008304789870106074
0.8865052266813687 0.008623425330050142
0.894173213813303 0.008828255669860475
0.9016037657403225 0.008924773875426383
0.9087924065757916 0.008918914798525591
0.9157348061512727 0.008816980341502368
0.9224267826248536 0.00862558986940075
0.928864305000136 0.008351652480114196
0.9350434955543556 0.008002356350980224
0.9409606321741775 0.0075851694616456975
0.9466121505977576 0.0071078455860881405
0.9519946465617215 0.0065784295309737565
0.9571048778517655 0.006005256118995865
0.9619397662556433 0.005396938293897333
0.9664963994173694 0.004762340860083282
0.9707720325915102 0.004110537657046973
0.9747640902965183 0.0034507513008009937
0.9784701678661044 0.002792275903537461
0.98188803289772 0.0021443843268301225
0.985015626597272 0.0015162224712411418
0.9878510650192642 0.0009166938175285818
0.9903926402016152 0.00035433789632474504
0.9926388211944706 -0.00016279341988515513
0.9945882549823906 -0.0006272579126418859
0.9962397672993549 -0.0010323395995982124
0.9975923633360985 -0.0013721565293878233
0.9986452283393451 -0.0016417568381140372
0.9993977281025862 -0.0018372005899159223
0.9998494093481021 -0.001955625413779926
1.0 -0.0019952944295049757
