1.0 0.0018405702702402437
0.9998494093481021 0.0018980936982293803
0.9993977281025862 0.0020706094590033077
0.9986452283393451 0.0023579347523567966
0.9975923633360985 0.0027597028449343813
0.9962397672993549 0.003275276910483175
0.9945882549823906 0.0039036426346747014
0.9926388211944706 0.004643291351197549
0.9903926402016152 0.005492106892217364
0.9878510650192642 0.006447269530255956
0.985015626597272 0.007505189326373325
0.98188803289772 0.008661478957833726
0.9784701678661044 0.009910972858193177
0.9747640902965183 0.01124779553471859
0.9707720325915102 0.012665477570270233
0.9664963994173694 0.014157113446278699
0.9619397662556433 0.015715551324387383
0.9571048778517655 0.01733360165526376
0.9519946465617215 0.01900424924610446
0.9466121505977576 0.020720852432626308
0.9409606321741775 0.02247731338341914
0.9350434955543556 0.024268205316999303
0.928864305000136 0.02608884542151732
0.9224267826248536 0.027935306312473367
0.9157348061512727 0.029804363632451522
0.9087924065757916 0.03169338250972682
0.9016037657403225 0.033600150634553044
0.894173213813303 0.03552267026579238
0.8865052266813687 0.037458925161420714
0.8786044232532422 0.03940664091405501
0.8704755626774794 0.04136305823857796
0.8621235414757333 0.043324738286819695
0.8535533905932737 0.045287417060839316
0.8447702723685334 0.04724592259281291
0.8357794774235092 0.04919416400245793
0.8265864214768883 0.05112519617586995
0.8171966420818224 0.05303135804654434
0.8076157952903136 0.05490447675187273
0.7978496522462164 0.05673612473988888
0.7879040957089227 0.05851791262990651
0.7777851165098009 0.06024179763628751
0.7674988099435485 0.0619003858981838
0.7570513720966108 0.06348720725173793
0.746449096114892 0.06499694283569851
0.7356983684129987 0.06642558930502546
0.7248056648273034 0.06777054808489998
0.713777546715141 0.06903063367089998
0.7026206570024947 0.07020600103534037
0.691341716182545 0.07129799825875464
0.6799475182674938 0.07230895608948681
0.6684449266961098 0.07324193079868517
0.6568408701994456 0.07410042006910839
0.645142338627231 0.07488807346232614
0.6333563787374491 0.07560841910288817
0.6214900899516319 0.0762646265898793
0.6095506200784349 0.07685932292511549
0.5975451610080642 0.07739447369181547
0.5854809443801506 0.07787133619625078
0.5733652372276805 0.07829048524643847
0.5612053375996082 0.07865190617979281
0.54900857016478 0.07895514416392903
0.5367822817998334 0.079199494143805
0.5245338371637088 0.07938421248250235
0.512270614261456 0.07950872962427866
0.4999999999999999 0.07957284314880118
0.4877293857385438 0.07957687239233766
0.475466162836291 0.07952175924660373
0.46321771820016633 0.07940910453400149
0.4509914298352198 0.07924113510883524
0.43879466240039156 0.07902060307275253
0.42663476277231926 0.07875062469742637
0.41451905561984914 0.0784344722922229
0.4024548389919357 0.0780753368519084
0.3904493799215649 0.07767608246136444
0.3785099100483679 0.07723901482700977
0.36664362126255073 0.07676568579451097
0.35485766137276875 0.07625675330088699
0.3431591298005543 0.07571191205548267
0.33155507330389 0.07512990465529222
0.320052481732506 0.0745086162478119
0.30865828381745486 0.0738452487835019
0.29737934299750524 0.07313656392609691
0.28622245328485874 0.0723791773942524
0.27519433517269654 0.07156988243284838
0.26430163158700104 0.0707059767112039
0.2535509038851079 0.06978556554840971
0.2429486279033891 0.06880781514893541
0.23250119005645137 0.06777313249900269
0.2222148834901989 0.06668325355447738
0.2120959042910774 0.06554122800651753
0.20215034775378343 0.06435129676103706
0.19238420470968637 0.06311866672296614
0.18280335791817703 0.061849195882835266
0.17341357852311146 0.06054900939377019
0.16422052257649067 0.059224073672030884
0.15522972763146647 0.05787976001257642
0.14644660940672616 0.056520431374431135
0.1378764585242665 0.055149085618194205
0.12952443732252045 0.053767085519546905
0.12139557674675777 0.05237400048634066
0.11349477331863145 0.05096757741272104
0.10582678618669683 0.04954384902150354
0.09839623425967753 0.048097378019856196
0.09120759342420814 0.04662162515554506
0.08426519384872727 0.04510941957799609
0.07757321737514639 0.04355350152322604
0.07113569499986394 0.04194710091708131
0.06495650444564427 0.04028451155806135
0.059039367825822475 0.038561619455631295
0.05338784940224234 0.03677634581407998
0.048005353438278275 0.03492896999761889
0.042895122148234655 0.03302230530288792
0.038060233744356575 0.03106171001265257
0.03350360058263052 0.0290549273534298
0.029227967408489597 0.02701175985205905
0.025235909703481607 0.024943595337314283
0.021529832133895532 0.022862812612833093
0.018111967102280024 0.020782103844525994
0.014984373402728013 0.018713757283113835
0.012148934980735715 0.0166689475716923
0.009607359798384785 0.014657081266885067
0.007361178805529334 0.012685242258645894
0.005411745017609493 0.01075777567489678
0.0037602327006450165 0.008876039998133472
0.0024076366639015356 0.007038346098769641
0.0013547716606548965 0.005240089461085014
0.0006022718974137975 0.003474068905154412
0.00015059065189787502 0.0017309724994172932
0.0 0.0
0.00015059065189787502 -0.0015005952573949625
0.0006022718974137975 -0.0029895782689192737
0.0013547716606548965 -0.004455219351826976
0.0024076366639015356 -0.005886640858935606
0.0037602327006450165 -0.007274189454602873
0.005411745017609493 -0.008609747466737159
0.007361178805529334 -0.009886969002273985
0.009607359798384785 -0.011101431109609771
0.012148934980735715 -0.012250695385268535
0.014984373402728013 -0.013334280702365572
0.018111967102280024 -0.014353552826515818
0.021529832133895532 -0.015311541240587763
0.025235909703481607 -0.016212697226104092
0.029227967408489597 -0.01706260991342581
0.03350360058263052 -0.01786769846291682
0.038060233744356575 -0.018634898713497466
0.042895122148234655 -0.01937136156563958
0.048005353438278275 -0.020084178175271982
0.05338784940224234 -0.020780143925107866
0.059039367825822475 -0.02146556937553549
0.06495650444564427 -0.022146142285485632
0.07113569499986394 -0.022826840659785373
0.07757321737514639 -0.023511892941648665
0.08426519384872727 -0.02420477821411605
0.09120759342420814 -0.024908256836547304
0.09839623425967753 -0.025624420485606994
0.10582678618669683 -0.026354750176551263
0.11349477331863145 -0.027100171504821836
0.12139557674675777 -0.027861097979154516
0.12952443732252045 -0.02863745574738376
0.1378764585242665 -0.029428686013481427
0.14644660940672616 -0.030233724733625927
0.15522972763146647 -0.03105096246313903
0.16422052257649067 -0.03187819021024252
0.17341357852311146 -0.03271253956823786
0.18280335791817703 -0.033550427024179985
0.19238420470968637 -0.03438751302434633
0.20215034775378343 -0.035218686038038044
0.2120959042910774 -0.036038080509529134
0.2222148834901989 -0.03683913531592743
0.23250119005645137 -0.03761469632668309
0.2429486279033891 -0.03835716312358879
0.2535509038851079 -0.03905867617005726
0.26430163158700104 -0.03971133702168561
0.27519433517269654 -0.0403074508538379
0.28622245328485874 -0.040839777930035334
0.29737934299750524 -0.04130177888524549
0.30865828381745486 -0.04168783802351937
0.320052481732506 -0.04199344932323396
0.33155507330389 -0.042215351511056515
0.3431591298005543 -0.04235160132374081
0.35485766137276875 -0.042401577756554634
0.36664362126255073 -0.04236591445705899
0.3785099100483679 -0.04224636216561959
0.3904493799215649 -0.042045587897303796
0.4024548389919357 -0.04176692206102448
0.41451905561984914 -0.041414068592769124
0.42663476277231926 -0.04099079615097917
0.43879466240039156 -0.040500630254207685
0.4509914298352198 -0.03994656678190385
0.46321771820016633 -0.03933082644524955
0.475466162836291 -0.03865466769714544
0.4877293857385438 -0.037918272211951806
0.4999999999999999 -0.037120712733905666
0.512270614261456 -0.036260008045730194
0.5245338371637088 -0.035333264374003935
0.5367822817998334 -0.03433689708144244
0.54900857016478 -0.03326692135758953
0.5612053375996082 -0.03211929614603804
0.5733652372276805 -0.030890302030822384
0.5854809443801506 -0.02957693147489873
0.5975451610080642 -0.028177268807562935
0.6095506200784349 -0.02669083775377354
0.6214900899516319 -0.02511889605271866
0.6333563787374491 -0.023464659702557577
0.645142338627231 -0.021733443390515077
0.6568408701994456 -0.019932708455200822
0.6684449266961098 -0.0180720149684587
0.6799475182674938 -0.01616287988095776
0.691341716182545 -0.01421854831241699
0.7026206570024947 -0.012253689669330851
0.713777546715141 -0.010284034068664596
0.7248056648273034 -0.008325967323490146
0.7356983684129987 -0.006396104366635125
0.746449096114892 -0.004510861391465112
0.7570513720966108 -0.0026860461962580585
0.7674988099435485 -0.0009364843284548408
0.7777851165098009 0.0007243041970254548
0.7879040957089227 0.0022843663659858175
0.7978496522462164 0.003733508571759632
0.8076157952903136 0.005063416887255974
0.8171966420818224 0.006267706214261601
0.8265864214768883 0.007341903066112537
0.8357794774235092 0.008283369926674819
0.8447702723685334 0.009091181591362654
0.8535533905932737 0.00976596552585655
0.8621235414757333 0.010309719028802344
0.8704755626774794 0.010725615871556717
0.8786044232532422 0.011017814183726082
0.8865052266813687 0.011191275779202281
0.894173213813303 0.011251605032069921
0.9016037657403225 0.011204912997058928
0.9087924065757916 0.011057709916055364
0.9157348061512727 0.010816826746261745
0.9224267826248536 0.010489364054480806
0.928864305000136 0.010082664684409258
0.9350434955543556 0.009604305121831306
0.9409606321741775 0.009062099517067872
0.9466121505977576 0.008464109893576755
0.9519946465617215 0.007818656154774187
0.9571048778517655 0.007134320041594314
0.9619397662556433 0.0064199381071377735
0.9664963994173694 0.005684579959523342
0.9707720325915102 0.004937509368361627
0.9747640902965183 0.004188127223276505
0.9784701678661044 0.003445896672926302
0.98188803289772 0.0027202519744534753
0.985015626597272 0.002020493581775342
0.9878510650192642 0.0013556727559102838
0.9903926402016152 0.000734469474990291
0.9926388211944706 0.00016506766130624444
0.9945882549823906 -0.0003449682482432471
0.9962397672993549 -0.0007888115459599725
0.9975923633360985 -0.0011604828007396916
0.9986452283393451 -0.001454947630237701
0.9993977281025862 -0.0016682001068936928
0.9998494093481021 -0.001797329714215558
1.0 -0.0018405702702402437
