1.0 0.0017497130387273733
0.9998494093481021 0.0017968650644037067
0.9993977281025862 0.0019382537746141884
0.9986452283393451 0.0021736586385195282
0.9975923633360985 0.002502652702851956
0.9962397672993549 0.0029245204177564188
0.9945882549823906 0.0034381557968833454
0.9926388211944706 0.004041952648735919
0.9903926402016152 0.004733700017361658
0.9878510650192642 0.005510496144880995
0.985015626597272 0.006368693182318218
0.98188803289772 0.007303882605666223
0.9784701678661044 0.008310928022794461
0.9747640902965183 0.00938404805550563
0.9707720325915102 0.010516947589097284
0.9664963994173694 0.011702991277674319
0.9619397662556433 0.012935409162853411
0.9571048778517655 0.014207520966401495
0.9519946465617215 0.015512963357147191
0.9466121505977576 0.016845903489425794
0.9409606321741775 0.018201222481723872
0.9350434955543556 0.0195746542531457
0.928864305000136 0.020962868148806872
0.9224267826248536 0.022363487841873576
0.9157348061512727 0.023775043786951094
0.9087924065757916 0.025196861637471774
0.9016037657403225 0.026628894113187286
0.894173213813303 0.02807150839527934
0.8865052266813687 0.029525244850837334
0.8786044232532422 0.030990565425101833
0.8704755626774794 0.03246761116051801
0.8621235414757333 0.033955987890004695
0.8535533905932737 0.03545459721478538
0.8447702723685334 0.03696152654586591
0.8357794774235092 0.038474007509212975
0.8265864214768883 0.039988446730990154
0.8171966420818224 0.04150052734386711
0.8076157952903136 0.04300537393866177
0.7978496522462164 0.0444977685786877
0.7879040957089227 0.045972401312876124
0.7777851165098009 0.04742413571404875
0.7674988099435485 0.048848268578085226
0.7570513720966108 0.05024076317597278
0.746449096114892 0.05159843735028572
0.7356983684129987 0.052919091154575035
0.7248056648273034 0.054201563389675696
0.713777546715141 0.05544571193318905
0.7026206570024947 0.05665231875061289
0.691341716182545 0.05782292644173841
0.6799475182674938 0.058959618634891665
0.6684449266961098 0.06006476105189813
0.6568408701994456 0.0611407232586306
0.645142338627231 0.06218960272337655
0.6333563787374491 0.06321297268767233
0.6214900899516319 0.06421167350974034
0.6095506200784349 0.06518566370714036
0.5975451610080642 0.0661339421705444
0.5854809443801506 0.06705454732191118
0.5733652372276805 0.067944632804783
0.5612053375996082 0.06880061312236042
0.54900857016478 0.0696183669839228
0.5367822817998334 0.07039348144769769
0.5245338371637088 0.07112151664792243
0.512270614261456 0.07179826924636201
0.4999999999999999 0.07242001290199057
0.4877293857385438 0.07298369600865248
0.475466162836291 0.07348708056298044
0.46321771820016633 0.07392881100947692
0.4509914298352198 0.074308407866026
0.43879466240039156 0.07462618737573898
0.42663476277231926 0.07488311482813695
0.41451905561984914 0.07508060500893682
0.4024548389919357 0.07522028797812116
0.3904493799215649 0.07530376162692956
0.3785099100483679 0.07533235392881053
0.36664362126255073 0.07530691732278791
0.35485766137276875 0.07522767525336968
0.3431591298005543 0.07509413670242815
0.33155507330389 0.07490508889843
0.320052481732506 0.07465867171689722
0.30865828381745486 0.07435253012643742
0.29737934299750524 0.07398403397244185
0.28622245328485874 0.07355054801645261
0.27519433517269654 0.07304973001181624
0.26430163158700104 0.07247983115662653
0.2535509038851079 0.07183997185754798
0.2429486279033891 0.07113036654103302
0.23250119005645137 0.07035247426567853
0.2222148834901989 0.06950905694658895
0.2120959042910774 0.06860413375659655
0.20215034775378343 0.06764282823178629
0.19238420470968637 0.06663111318187617
0.18280335791817703 0.06557546702636026
0.17341357852311146 0.06448246296731173
0.16422052257649067 0.06335831883032911
0.15522972763146647 0.062208439906750825
0.14644660940672616 0.061036989298042924
0.1378764585242665 0.0598465198521994
0.12952443732252045 0.05863769874008724
0.12139557674675777 0.05740915019628136
0.11349477331863145 0.0561574342878666
0.10582678618669683 0.054877170292116285
0.09839623425967753 0.05356130301269742
0.09120759342420814 0.05220149988668757
0.08426519384872727 0.05078865680899205
0.07757321737514639 0.04931348198142548
0.07113569499986394 0.047767120454891066
0.06495650444564427 0.0461417779159244
0.059039367825822475 0.04443130103836107
0.05338784940224234 0.04263167353530982
0.048005353438278275 0.04074139184198898
0.042895122148234655 0.038761691851081616
0.038060233744356575 0.036696607820179944
0.03350360058263052 0.034552855816121976
0.029227967408489597 0.032339546069733924
0.025235909703481607 0.030067740534637136
0.021529832133895532 0.02774988291699108
0.018111967102280024 0.025399137667710195
0.014984373402728013 0.023028681219524828
0.012148934980735715 0.02065099259084445
0.009607359798384785 0.018277191056875815
0.007361178805529334 0.01591646582822881
0.005411745017609493 0.0135756367407508
0.0037602327006450165 0.011258876240185914
0.0024076366639015356 0.0089676120375079
0.0013547716606548965 0.006700617472893433
0.0006022718974137975 0.004454283723216357
0.00015059065189787502 0.0022230554298370967
0.0 0.0
0.00015059065189787502 -0.0015123861112084167
0.0006022718974137975 -0.0030156050552514312
0.0013547716606548965 -0.004500350673245479
0.0024076366639015356 -0.005958072634584186
0.0037602327006450165 -0.007381304641554429
0.005411745017609493 -0.008763936341555947
0.007361178805529334 -0.010101415830120771
0.009607359798384785 -0.011390873952032322
0.012148934980735715 -0.012631166412625445
0.014984373402728013 -0.013822834663151958
0.018111967102280024 -0.01496799128252051
0.021529832133895532 -0.016070139820506826
0.025235909703481607 -0.017133942513969574
0.029227967408489597 -0.01816495171873751
0.03350360058263052 -0.01916932217383496
0.038060233744356575 -0.020153521276491164
0.042895122148234655 -0.02112405343050157
0.048005353438278275 -0.022087212357443153
0.05338784940224234 -0.02304887222611044
0.059039367825822475 -0.024014324816275166
0.06495650444564427 -0.024988165983995066
0.07113569499986394 -0.025974230749262146
0.07757321737514639 -0.026975572687283057
0.08426519384872727 -0.027994480245785894
0.09120759342420814 -0.029032520354570098
0.09839623425967753 -0.030090598394100977
0.10582678618669683 -0.031169023322115914
0.11349477331863145 -0.03226756751163401
0.12139557674675777 -0.03338551253866153
0.12952443732252045 -0.03452167460706995
0.1378764585242665 -0.03567440628486023
0.14644660940672616 -0.036841574481528534
0.15522972763146647 -0.03802051783140148
0.16422052257649067 -0.03920798957642225
0.17341357852311146 -0.040400094403620655
0.18280335791817703 -0.041592229273829016
0.19238420470968637 -0.042779038929520306
0.20215034775378343 -0.043954396417490785
0.2120959042910774 -0.04511141761540067
0.2222148834901989 -0.046242516500973385
0.23250119005645137 -0.04733950491544534
0.2429486279033891 -0.048393737078063465
0.2535509038851079 -0.04939629538074662
0.26430163158700104 -0.05033821033031913
0.27519433517269654 -0.05121070420979055
0.28622245328485874 -0.05200544537733566
0.29737934299750524 -0.05271479834495968
0.30865828381745486 -0.053332054048432026
0.320052481732506 -0.053851625129210656
0.33155507330389 -0.05426919260596934
0.3431591298005543 -0.054581792939367525
0.35485766137276875 -0.054787838028106835
0.36664362126255073 -0.05488706488520713
0.3785099100483679 -0.05488041634407986
0.3904493799215649 -0.0547698588134034
0.4024548389919357 -0.054558147506011435
0.41451905561984914 -0.05424855339113295
0.42663476277231926 -0.05384456907901582
0.43879466240039156 -0.05334961271715523
0.4509914298352198 -0.052766749606915894
0.46321771820016633 -0.052098450572524616
0.475466162836291 -0.05134640415599651
0.4877293857385438 -0.05051139658561189
0.4999999999999999 -0.049593269367684996
0.512270614261456 -0.04859095954522052
0.5245338371637088 -0.047502622465949405
0.5367822817998334 -0.046325831647345585
0.54900857016478 -0.04505784536284264
0.5612053375996082 -0.04369592522715417
0.5733652372276805 -0.04223768861283756
0.5854809443801506 -0.04068147440725696
0.5975451610080642 -0.039026700565149286
0.6095506200784349 -0.03727419218807856
0.6214900899516319 -0.03542646044078859
0.6333563787374491 -0.03348791538299279
0.645142338627231 -0.03146499956414997
0.6568408701994456 -0.029366233746488495
0.6684449266961098 -0.027202171091880004
0.6799475182674938 -0.024985261251608836
0.691341716182545 -0.022729630713696714
0.7026206570024947 -0.020450790189499645
0.713777546715141 -0.01816528349897213
0.7248056648273034 -0.015890295137801422
0.7356983684129987 -0.013643235343411593
0.746449096114892 -0.011441321959871409
0.7570513720966108 -0.009301177750081982
0.7674988099435485 -0.007238460106384239
0.7777851165098009 -0.00526753752122703
0.7879040957089227 -0.0034012239023536225
0.7978496522462164 -0.0016505780919311977
0.8076157952903136 -2.4772033391779304e-05
0.8171966420818224 0.0014689728201965528
0.8265864214768883 0.002825384808708515
0.8357794774235092 0.004041084069355241
0.8447702723685334 0.005114476605987872
0.8535533905932737 0.006045611388540133
0.8621235414757333 0.006836012234425632
0.8704755626774794 0.0074884962073866424
0.8786044232532422 0.008006989516378953
0.8865052266813687 0.008396350519438813
0.894173213813303 0.008662207581602561
0.9016037657403225 0.008810817370155958
0.9087924065757916 0.008848946871310926
0.9157348061512727 0.008783780151253777
0.9224267826248536 0.008622848815582743
0.928864305000136 0.008373983371490002
0.9350434955543556 0.008045281359286857
0.9409606321741775 0.007645087248199802
0.9466121505977576 0.007181978700670812
0.9519946465617215 0.006664753877570081
0.9571048778517655 0.0061024149296718625
0.9619397662556433 0.005504143619494268
0.9664963994173694 0.004879266046874239
0.9707720325915102 0.004237204608965974
0.9747640902965183 0.0035874165099611835
0.9784701678661044 0.0029393192567153275
0.98188803289772 0.002302204558731113
0.985015626597272 0.0016851428403064548
0.9878510650192642 0.0010968811375702682
0.9903926402016152 0.0005457374848252638
0.9926388211944706 3.9495004907060286e-05
0.9945882549823906 -0.00041470116425936605
0.9962397672993549 -0.0008104412097695535
0.9975923633360985 -0.0011421396946176133
0.9986452283393451 -0.0014051141642129471
0.9993977281025862 -0.0015956515718722598
0.9998494093481021 -0.0017110611898181237
1.0 -0.0017497130387273733
