1.0 0.0020484850207915456
0.9998494093481021 0.002098131375762245
0.9993977281025862 0.0022470140536949793
0.9986452283393451 0.0024949452606718493
0.9975923633360985 0.002841551908748714
0.9962397672993549 0.0032861923261293382
0.9945882549823906 0.0038278527188849113
0.9926388211944706 0.004465034998952132
0.9903926402016152 0.005195648978454323
0.9878510650192642 0.006016922101578356
0.985015626597272 0.006925338809507846
0.98188803289772 0.00791661938824718
0.9784701678661044 0.008985744914476748
0.9747640902965183 0.010127030961050016
0.9707720325915102 0.011334248388422626
0.9664963994173694 0.012600785206876257
0.9619397662556433 0.013919839529415189
0.9571048778517655 0.015284630403441947
0.9519946465617215 0.016688611111008507
0.9466121505977576 0.01812566857993902
0.9409606321741775 0.019590292966316362
0.9350434955543556 0.021077703253814292
0.928864305000136 0.0225839177527075
0.9224267826248536 0.024105762448853162
0.9157348061512727 0.025640814937422114
0.9087924065757916 0.0271872867983671
0.9016037657403225 0.028743852315555256
0.894173213813303 0.030309435992303214
0.8865052266813687 0.03188297498843535
0.8786044232532422 0.03346317507840584
0.8704755626774794 0.035048279778928014
0.8621235414757333 0.03663587180250017
0.8535533905932737 0.03822272396789473
0.8447702723685334 0.0398047132721815
0.8357794774235092 0.041376807248628696
0.8265864214768883 0.042933126345223824
0.8171966420818224 0.04446708027421635
0.8076157952903136 0.045971570556305935
0.7978496522462164 0.04743924626778107
0.7879040957089227 0.04886279571394585
0.7777851165098009 0.05023525374731085
0.7674988099435485 0.05155030297589819
0.7570513720966108 0.05280254729791678
0.746449096114892 0.053987738055001504
0.7356983684129987 0.05510293648559622
0.7248056648273034 0.0561466008279718
0.713777546715141 0.05711859200994755
0.7026206570024947 0.058020097934728294
0.691341716182545 0.058853482452759724
0.6799475182674938 0.05962207071777523
0.6684449266961098 0.06032988731574698
0.6568408701994456 0.06098136695373428
0.645142338627231 0.061581059328766556
0.6333563787374491 0.062133349916437874
0.6214900899516319 0.06264221681358595
0.6095506200784349 0.06311104056716763
0.5975451610080642 0.063542479379823
0.5854809443801506 0.06393841656900674
0.5733652372276805 0.06429998111902914
0.5612053375996082 0.06462763609686006
0.54900857016478 0.06492132410116623
0.5367822817998334 0.06518065424237626
0.5245338371637088 0.06540511179869142
0.512270614261456 0.0655942699420273
0.4999999999999999 0.06574798293197363
0.4877293857385438 0.06586654194423515
0.475466162836291 0.06595077809588432
0.46321771820016633 0.06600210197995647
0.4509914298352198 0.06602247473788324
0.43879466240039156 0.066014311906525
0.42663476277231926 0.06598032745670677
0.41451905561984914 0.06592333106696201
0.4024548389919357 0.06584599626279183
0.3904493799215649 0.06575062019028458
0.3785099100483679 0.06563889718931014
0.36664362126255073 0.06551172783138065
0.35485766137276875 0.06536908269117185
0.3431591298005543 0.06520993598669451
0.33155507330389 0.06503227865676016
0.320052481732506 0.06483321387659156
0.30865828381745486 0.0646091309667039
0.29737934299750524 0.06435594670186506
0.28622245328485874 0.06406939675750299
0.27519433517269654 0.0637453549808919
0.26430163158700104 0.06338015479875972
0.2535509038851079 0.06297088570232094
0.2429486279033891 0.06251563856216595
0.23250119005645137 0.062013676524501134
0.2222148834901989 0.06146551325661588
0.2120959042910774 0.06087288700639489
0.20215034775378343 0.06023862683784983
0.19238420470968637 0.05956641591274857
0.18280335791817703 0.058860465153246694
0.17341357852311146 0.05812511837278729
0.16422052257649067 0.057364416370449305
0.15522972763146647 0.05658165200290577
0.14644660940672616 0.05577895046576869
0.1378764585242665 0.054956908687021334
0.12952443732252045 0.05411432480413503
0.12139557674675777 0.0532480433065476
0.11349477331863145 0.0523529339116187
0.10582678618669683 0.051422013110629626
0.09839623425967753 0.05044670721301107
0.09120759342420814 0.04941724536238974
0.08426519384872727 0.04832316116371531
0.07757321737514639 0.04715387299160326
0.07113569499986394 0.04589930641285697
0.06495650444564427 0.04455051798777755
0.059039367825822475 0.04310027837958097
0.05338784940224234 0.041543574360337676
0.048005353438278275 0.03987799389817986
0.042895122148234655 0.03810396576914844
0.038060233744356575 0.036224834582279444
0.03350360058263052 0.034246763094181565
0.029227967408489597 0.032178465452076734
0.025235909703481607 0.03003078670655743
0.021529832133895532 0.027816154734283723
0.018111967102280024 0.025547939818228692
0.014984373402728013 0.023239763873824145
0.012148934980735715 0.02090480517238027
0.009607359798384785 0.018555145090489403
0.007361178805529334 0.01620120082534464
0.005411745017609493 0.013851282315995764
0.0037602327006450165 0.011511303180417482
0.0024076366639015356 0.009184664898576198
0.0013547716606548965 0.006872321481863735
0.0006022718974137975 0.004573019314583732
0.00015059065189787502 0.002283694623771128
0.0 0.0
0.00015059065189787502 -0.0012945125811360482
0.0006022718974137975 -0.002579809207938362
0.0013547716606548965 -0.0038464665673890513
0.0024076366639015356 -0.005085858959617699
0.0037602327006450165 -0.006290503753842653
0.005411745017609493 -0.00745434640454517
0.007361178805529334 -0.008572970935515494
0.009607359798384785 -0.00964372643895808
0.012148934980735715 -0.010665765296884113
0.014984373402728013 -0.011639994156748143
0.018111967102280024 -0.012568943819244163
0.021529832133895532 -0.01345656877864845
0.025235909703481607 -0.014307990893959439
0.029227967408489597 -0.015129204326303136
0.03350360058263052 -0.015926760300148207
0.038060233744356575 -0.016707450370168343
0.042895122148234655 -0.017478005734653402
0.048005353438278275 -0.018244827854188784
0.05338784940224234 -0.019013762415708346
0.059039367825822475 -0.019789924796087672
0.06495650444564427 -0.020577580938349237
0.07113569499986394 -0.021380083288296124
0.07757321737514639 -0.022199857474380347
0.08426519384872727 -0.023038432042031442
0.09120759342420814 -0.02389650101549999
0.09839623425967753 -0.02477400752461653
0.10582678618669683 -0.025670236286916906
0.11349477331863145 -0.02658390337509634
0.12139557674675777 -0.027513233336427863
0.12952443732252045 -0.02845601619638116
0.1378764585242665 -0.029409639940265596
0.14644660940672616 -0.030371097445789665
0.15522972763146647 -0.031336970234529395
0.16422052257649067 -0.03230339452131308
0.17341357852311146 -0.03326601759274477
0.18280335791817703 -0.034219954312181035
0.19238420470968637 -0.03515975436673073
0.20215034775378343 -0.03607939065916974
0.2120959042910774 -0.03697227800641927
0.2222148834901989 -0.03783132912437057
0.23250119005645137 -0.0386490519232587
0.2429486279033891 -0.03941768864157867
0.2535509038851079 -0.040129393590876715
0.26430163158700104 -0.0407764425760845
0.27519433517269654 -0.041351463706034965
0.28622245328485874 -0.04184767660392059
0.29737934299750524 -0.042259125210324364
0.30865828381745486 -0.042580888620272886
0.320052481732506 -0.04280925480967172
0.33155507330389 -0.04294184369683
0.3431591298005543 -0.042977668673019616
0.35485766137276875 -0.042917129358383814
0.36664362126255073 -0.042761932658226726
0.3785099100483679 -0.042514943914761745
0.3904493799215649 -0.04217997473975357
0.4024548389919357 -0.041761518631172743
0.41451905561984914 -0.04126444939212742
0.42663476277231926 -0.04069370039045705
0.43879466240039156 -0.04005394458901317
0.4509914298352198 -0.0393492958827927
0.46321771820016633 -0.0385830515310969
0.475466162836291 -0.03775749339604013
0.4877293857385438 -0.03687376241102964
0.4999999999999999 -0.03593181640708518
0.512270614261456 -0.03493047639475441
0.5245338371637088 -0.033867560960448226
0.5367822817998334 -0.032740102943042644
0.54900857016478 -0.0315446373689283
0.5612053375996082 -0.03027754508045234
0.5733652372276805 -0.02893543288948551
0.5854809443801506 -0.02751552865672098
0.5975451610080642 -0.02601606859137904
0.6095506200784349 -0.024436654349668206
0.6214900899516319 -0.022778559155961126
0.6333563787374491 -0.021044965061381173
0.645142338627231 -0.019241117393653837
0.6568408701994456 -0.017374387177570973
0.6684449266961098 -0.015454237508624553
0.6799475182674938 -0.013492095209825465
0.691341716182545 -0.01150113425807078
0.7026206570024947 -0.0094959821169645
0.713777546715141 -0.007492363984293459
0.7248056648273034 -0.005506702839441812
0.7356983684129987 -0.0035556949150494805
0.746449096114892 -0.001655880752924029
0.7570513720966108 0.00017676864841704434
0.7674988099435485 0.0019272328367510084
0.7777851165098009 0.003581774989599971
0.7879040957089227 0.005128215421192862
0.7978496522462164 0.006556137744571033
0.8076157952903136 0.007857024015637527
0.8171966420818224 0.0090243192192762
0.8265864214768883 0.010053429179342944
0.8357794774235092 0.01094165916924901
0.8447702723685334 0.011688103000600766
0.8535533905932737 0.01229349406302456
0.8621235414757333 0.012760030629025974
0.8704755626774794 0.013091187734475998
0.8786044232532422 0.01329152716543535
0.8865052266813687 0.013366515640951973
0.894173213813303 0.01332235933142308
0.9016037657403225 0.013165860568853556
0.9087924065757916 0.012904300173969433
0.9157348061512727 0.01254534642616447
0.9224267826248536 0.012096989498892596
0.928864305000136 0.011567498310772467
0.9350434955543556 0.010965395301223669
0.9409606321741775 0.010299443688791168
0.9466121505977576 0.009578641329247241
0.9519946465617215 0.008812215338973826
0.9571048778517655 0.008009612132990788
0.9619397662556433 0.0071804783656083775
0.9664963994173694 0.006334629356434961
0.9707720325915102 0.005482002828288533
0.9747640902965183 0.004632597070157169
0.9784701678661044 0.0037963938706442662
0.98188803289772 0.002983267664184784
0.985015626597272 0.002202883233392953
0.9878510650192642 0.0014645849791185815
0.9903926402016152 0.0007772811915631797
0.9926388211944706 0.0001493269390694051
0.9945882549823906 -0.00041159083831459383
0.9962397672993549 -0.0008985626471514946
0.9975923633360985 -0.0013055571198605015
0.9986452283393451 -0.0016275104180196785
0.9993977281025862 -0.0018604021755995442
0.9998494093481021 -0.0020013162544805243
1.0 -0.0020484850207915456
