1.0 0.0016716459355187183
0.9998494093481021 0.0017264009534940113
0.9993977281025862 0.0018905997836126617
0.9986452283393451 0.002164025093136156
0.9975923633360985 0.002546254460862074
0.9962397672993549 0.003036576909325829
0.9945882549823906 0.003633889070194287
0.9926388211944706 0.0043365825574389495
0.9903926402016152 0.005142435506155519
0.9878510650192642 0.006048521410142332
0.985015626597272 0.007051147326093454
0.98188803289772 0.008145831283312002
0.9784701678661044 0.009327325525411873
0.9747640902965183 0.01058968828355707
0.9707720325915102 0.011926402474811517
0.9664963994173694 0.013330535407861506
0.9619397662556433 0.014794929642088396
0.9571048778517655 0.01631241193919882
0.9519946465617215 0.017876005067381233
0.9466121505977576 0.019479126281565586
0.9409606321741775 0.021115756723014377
0.9350434955543556 0.022780567757040005
0.928864305000136 0.024468993284044616
0.9224267826248536 0.026177241094061943
0.9157348061512727 0.027902241076147947
0.9087924065757916 0.029641533163398712
0.9016037657403225 0.03139310287911087
0.894173213813303 0.033155176835392444
0.8865052266813687 0.034925994141153514
0.8786044232532422 0.03670357208571703
0.8704755626774794 0.03848548545327422
0.8621235414757333 0.04026867828013614
0.8535533905932737 0.042049324802168275
0.8447702723685334 0.04382275288890336
0.8357794774235092 0.04558343867333183
0.8265864214768883 0.04732507570817574
0.8171966420818224 0.049040716225897785
0.8076157952903136 0.05072297640286343
0.7978496522462164 0.05236429238068504
0.7879040957089227 0.05395720959662101
0.7777851165098009 0.055494685066768364
0.7674988099435485 0.05697038089857924
0.7570513720966108 0.058378927610940344
0.746449096114892 0.05971613780695105
0.7356983684129987 0.060979154240134364
0.7248056648273034 0.06216652107931431
0.713777546715141 0.06327817284733965
0.7026206570024947 0.06431534164521854
0.691341716182545 0.0652803893960341
0.6799475182674938 0.06617657746933464
0.6684449266961098 0.06700779072950347
0.6568408701994456 0.06777823641595475
0.645142338627231 0.06849214003669474
0.6333563787374491 0.06915346049318034
0.6214900899516319 0.0697656449451096
0.6095506200784349 0.07033144060045413
0.5975451610080642 0.07085277594082415
0.5854809443801506 0.07133071823759446
0.5733652372276805 0.07176550803362035
0.5612053375996082 0.0721566650573249
0.54900857016478 0.07250315430389596
0.5367822817998334 0.07280359622989624
0.5245338371637088 0.07305650155629698
0.512270614261456 0.07326050934759586
0.4999999999999999 0.07341460698713329
0.4877293857385438 0.07351831241196811
0.475466162836291 0.07357180236863531
0.46321771820016633 0.07357597523026516
0.4509914298352198 0.07353244268595013
0.43879466240039156 0.07344345089914044
0.42663476277231926 0.07331173800968882
0.41451905561984914 0.0731403405949799
0.4024548389919357 0.07293236641826607
0.3904493799215649 0.07269075406449978
0.3785099100483679 0.07241804159687008
0.36664362126255073 0.07211616600204475
0.35485766137276875 0.07178631292501657
0.3431591298005543 0.07142883217961941
0.33155507330389 0.07104322906041083
0.320052481732506 0.07062823500383614
0.30865828381745486 0.07018195417282158
0.29737934299750524 0.06970207564312651
0.28622245328485874 0.06918613463269374
0.27519433517269654 0.06863180117736188
0.26430163158700104 0.06803717127317567
0.2535509038851079 0.0674010341089837
0.2429486279033891 0.06672308978166253
0.23250119005645137 0.06600409482769362
0.2222148834901989 0.06524591785089266
0.2120959042910774 0.06445149414254078
0.20215034775378343 0.06362467599921871
0.19238420470968637 0.06276998385862394
0.18280335791817703 0.061892271742905486
0.17341357852311146 0.06099632815585453
0.16422052257649067 0.06008643989500077
0.15522972763146647 0.059165950669940875
0.14644660940672616 0.05823684855358209
0.1378764585242665 0.057299415889792114
0.12952443732252045 0.0563519722853226
0.12139557674675777 0.05539073587020046
0.11349477331863145 0.054409820455123624
0.10582678618669683 0.05340137705300167
0.09839623425967753 0.05235587810608253
0.09120759342420814 0.05126253240070625
0.08426519384872727 0.05010980882475901
0.07757321737514639 0.04888603857266319
0.07113569499986394 0.0475800587950403
0.06495650444564427 0.04618185656067421
0.059039367825822475 0.04468317070986773
0.05338784940224234 0.043078010890380075
0.048005353438278275 0.041363057720878026
0.042895122148234655 0.03953791534536941
0.038060233744356575 0.037605197147758555
0.03350360058263052 0.03557043644237076
0.029227967408489597 0.03344182577486541
0.025235909703481607 0.031229800221259357
0.021529832133895532 0.028946490916551073
0.018111967102280024 0.026605084189319977
0.014984373402728013 0.02421912844888505
0.012148934980735715 0.02180183485571206
0.009607359798384785 0.019365418495833404
0.007361178805529334 0.016920524196083583
0.005411745017609493 0.014475775414724504
0.0037602327006450165 0.012037476203519006
0.0024076366639015356 0.009609485644548579
0.0013547716606548965 0.00719327215898694
0.0006022718974137975 0.004788142512500771
0.00015059065189787502 0.0023916280946893547
0.0 0.0
0.00015059065189787502 -0.0010987096646997133
0.0006022718974137975 -0.0021902264879060085
0.0013547716606548965 -0.003267214717566997
0.0024076366639015356 -0.004323039750878428
0.0037602327006450165 -0.005352069509245437
0.005411745017609493 -0.0063499202032998815
0.007361178805529334 -0.007313633694390377
0.009607359798384785 -0.00824177805024095
0.012148934980735715 -0.009134467764126464
0.014984373402728013 -0.009993305116102273
0.018111967102280024 -0.010821248952111314
0.021529832133895532 -0.01162242141183359
0.025235909703481607 -0.012401866561855154
0.029227967408489597 -0.013165277264108348
0.03350360058263052 -0.013918707787499277
0.038060233744356575 -0.014668289599869603
0.042895122148234655 -0.015419966497323065
0.048005353438278275 -0.016179262866573035
0.05338784940224234 -0.016951095639438776
0.059039367825822475 -0.01773963665456196
0.06495650444564427 -0.018548227997945095
0.07113569499986394 -0.019379348775701327
0.07757321737514639 -0.020234627995675363
0.08426519384872727 -0.021114895082970417
0.09120759342420814 -0.022020257257458587
0.09839623425967753 -0.022950191717421724
0.10582678618669683 -0.023903640378194743
0.11349477331863145 -0.024879095795909783
0.12139557674675777 -0.025874668766012646
0.12952443732252045 -0.026888130748415083
0.1378764585242665 -0.027916927497112713
0.14644660940672616 -0.028958163779135862
0.15522972763146647 -0.03000856255189742
0.16422052257649067 -0.031064405128450642
0.17341357852311146 -0.032121461422904105
0.18280335791817703 -0.03317492110802648
0.19238420470968637 -0.03421933727539444
0.20215034775378343 -0.03524859388624725
0.2120959042910774 -0.036255906945526356
0.2222148834901989 -0.037233867015339255
0.23250119005645137 -0.03817452757933668
0.2429486279033891 -0.03906954011440382
0.2535509038851079 -0.039910332806720586
0.26430163158700104 -0.04068832597770521
0.27519433517269654 -0.04139517377553351
0.28622245328485874 -0.04202301883123562
0.29737934299750524 -0.042564744620935034
0.30865828381745486 -0.04301420939896753
0.320052481732506 -0.04336644587235026
0.33155507330389 -0.043617812289166655
0.3431591298005543 -0.04376608323546516
0.35485766137276875 -0.043810472015217886
0.36664362126255073 -0.04375158078930417
0.3785099100483679 -0.043591279378214234
0.3904493799215649 -0.04333251845850948
0.4024548389919357 -0.04297908746173596
0.41451905561984914 -0.04253533148558696
0.42663476277231926 -0.04200584465637924
0.43879466240039156 -0.0413951594032996
0.4509914298352198 -0.04070745185795726
0.46321771820016633 -0.0399462830047156
0.475466162836291 -0.03911439329844306
0.4877293857385438 -0.038213565349240385
0.4999999999999999 -0.03724456514529402
0.512270614261456 -0.03620716741289949
0.5245338371637088 -0.03510026541644349
0.5367822817998334 -0.03392206012984704
0.54900857016478 -0.03267031861897737
0.5612053375996082 -0.03134268699678939
0.5733652372276805 -0.02993703974201548
0.5854809443801506 -0.028451844738413026
0.5975451610080642 -0.0268865222477244
0.6095506200784349 -0.025241776241239095
0.6214900899516319 -0.02351987805721959
0.6333563787374491 -0.021724885111789164
0.645142338627231 -0.019862781177851483
0.6568408701994456 -0.017941529304520892
0.6684449266961098 -0.01597103347687181
0.6799475182674938 -0.013963010286587195
0.691341716182545 -0.01193077687044134
0.7026206570024947 -0.009888965867952865
0.713777546715141 -0.007853181885009487
0.7248056648273034 -0.005839616717267522
0.7356983684129987 -0.003864642245987381
0.746449096114892 -0.0019444004071123406
0.7570513720966108 -9.4408967913067e-05
0.7674988099435485 0.0016707998847059794
0.7777851165098009 0.0033379937774463114
0.7879040957089227 0.004895496173800141
0.7978496522462164 0.006333376943354848
0.8076157952903136 0.007643574210660744
0.8171966420818224 0.008819948121759113
0.8265864214768883 0.009858270755325698
0.8357794774235092 0.0107561594699105
0.8447702723685334 0.0115129633577051
0.8535533905932737 0.0121296140632076
0.8621235414757333 0.012608452976722716
0.8704755626774794 0.01295304674213801
0.8786044232532422 0.013168002195255005
0.8865052266813687 0.013258790389250477
0.894173213813303 0.013231587419190225
0.9016037657403225 0.013093137501790805
0.9087924065757916 0.012850641381967015
0.9157348061512727 0.012511670800784663
0.9224267826248536 0.012084107629020843
0.928864305000136 0.011576104477204214
0.9350434955543556 0.010996062231757557
0.9409606321741775 0.01035261909288912
0.9466121505977576 0.009654645317751473
0.9519946465617215 0.008911237978421813
0.9571048778517655 0.008131710571687406
0.9619397662556433 0.00732557318396329
0.9664963994173694 0.006502500020542595
0.9707720325915102 0.005672282346944366
0.9747640902965183 0.004844766156284738
0.9784701678661044 0.004029775075304647
0.98188803289772 0.0032370200745385587
0.985015626597272 0.002475998398010517
0.9878510650192642 0.0017558847412639648
0.9903926402016152 0.001085418073525074
0.9926388211944706 0.00047278763181328974
0.9945882549823906 -7.447845922031304e-05
0.9962397672993549 -0.0005496187268017073
0.9975923633360985 -0.0009467351899790259
0.9986452283393451 -0.0012608790660084814
0.9993977281025862 -0.0014881233594817736
0.9998494093481021 -0.0016256207915526734
1.0 -0.0016716459355187183
