1.0 0.00221826744264564
0.9998494093481021 0.0022638253121966706
0.9993977281025862 0.002400455657598791
0.9986452283393451 0.0026280099833741384
0.9975923633360985 0.0029461804767586
0.9962397672993549 0.0033544164538730267
0.9945882549823906 0.0038518205848624486
0.9926388211944706 0.0044370366330335285
0.9903926402016152 0.005108141845546334
0.9878510650192642 0.005862557310456521
0.985015626597272 0.0066969885133080186
0.98188803289772 0.007607406063093652
0.9784701678661044 0.008589073293996606
0.9747640902965183 0.009636623457660903
0.9707720325915102 0.010744184840008615
0.9664963994173694 0.011905547745066395
0.9619397662556433 0.013114363271205557
0.9571048778517655 0.014364360522198093
0.9519946465617215 0.015649566649409023
0.9466121505977576 0.016964513131916846
0.9409606321741775 0.018304412085094375
0.9350434955543556 0.019665288147594544
0.928864305000136 0.021044054518091507
0.9224267826248536 0.02243852577451758
0.9157348061512727 0.023847364896616846
0.9087924065757916 0.02526996704756839
0.9016037657403225 0.026706287736473697
0.894173213813303 0.02815662756297125
0.8865052266813687 0.029621389453059775
0.8786044232532422 0.03110082681120868
0.8704755626774794 0.03259480211001573
0.8621235414757333 0.03410257499936164
0.8535533905932737 0.035622637049831464
0.8447702723685334 0.03715260688223032
0.8357794774235092 0.03868919492372823
0.8265864214768883 0.04022824171565956
0.8171966420818224 0.04176482799233711
0.8076157952903136 0.04329344910564673
0.7978496522462164 0.04480824123886758
0.7879040957089227 0.046303242651629814
0.7777851165098009 0.04777267027284947
0.7674988099435485 0.04921119055779145
0.7570513720966108 0.05061416377720866
0.746449096114892 0.05197784280731543
0.7356983684129987 0.05329951090313875
0.7248056648273034 0.05457754760549772
0.713777546715141 0.05581141749119426
0.7026206570024947 0.057001582489640504
0.691341716182545 0.05814934447941376
0.6799475182674938 0.05925663036527417
0.6684449266961098 0.06032573637676522
0.6568408701994456 0.06135905155320464
0.645142338627231 0.06235878201959913
0.6333563787374491 0.06332669757267229
0.6214900899516319 0.06426392028310876
0.6095506200784349 0.06517077141652233
0.5975451610080642 0.06604668824876389
0.5854809443801506 0.0668902166776562
0.5733652372276805 0.06769907936956086
0.5612053375996082 0.06847031302525902
0.54900857016478 0.06920046270853145
0.5367822817998334 0.06988581651781471
0.5245338371637088 0.07052266058557294
0.512270614261456 0.07110753274211694
0.4999999999999999 0.07163745332845743
0.4877293857385438 0.0721101135881625
0.475466162836291 0.07252400566496083
0.46321771820016633 0.07287848319715379
0.4509914298352198 0.0731737474318699
0.43879466240039156 0.07341076019708391
0.42663476277231926 0.07359109143624151
0.41451905561984914 0.07371671479507062
0.4024548389919357 0.0737897694589477
0.3904493799215649 0.07381230965975645
0.3785099100483679 0.0737860647078046
0.36664362126255073 0.07371223190397715
0.35485766137276875 0.07359132225439301
0.3431591298005543 0.07342307470883125
0.33155507330389 0.0732064489889181
0.320052481732506 0.07293970040288693
0.30865828381745486 0.07262053289411306
0.29737934299750524 0.07224631952556287
0.28622245328485874 0.0718143732518125
0.27519433517269654 0.07132224572170943
0.26430163158700104 0.07076802844747024
0.2535509038851079 0.07015062930250338
0.2429486279033891 0.06946999814642914
0.23250119005645137 0.06872727842330713
0.2222148834901989 0.06792486666126146
0.2120959042910774 0.06706636857335742
0.20215034775378343 0.06615644843068086
0.19238420470968637 0.06520057694963557
0.18280335791817703 0.06420469144246041
0.17341357852311146 0.06317478974513427
0.16422052257649067 0.06211648582172164
0.15522972763146647 0.06103455940059139
0.14644660940672616 0.05993253411289333
0.1378764585242665 0.05881231813484449
0.12952443732252045 0.05767393823386677
0.12139557674675777 0.0565153925372413
0.11349477331863145 0.05533263962808975
0.10582678618669683 0.05411973224685597
0.09839623425967753 0.05286909359309295
0.09120759342420814 0.05157192372757875
0.08426519384872727 0.05021871364841692
0.07757321737514639 0.04879983601272033
0.07113569499986394 0.04730617487208701
0.06495650444564427 0.045729752725720225
0.059039367825822475 0.04406431203288852
0.05338784940224234 0.04230581022192332
0.048005353438278275 0.04045279211847582
0.042895122148234655 0.03850661130172398
0.038060233744356575 0.03647148168993558
0.03350360058263052 0.034354351991755266
0.029227967408489597 0.03216460774804675
0.025235909703481607 0.02991361767449352
0.021529832133895532 0.02761415203517541
0.018111967102280024 0.025279710027354445
0.014984373402728013 0.022923799950494806
0.012148934980735715 0.02055921974997291
0.009607359798384785 0.018197386058726815
0.007361178805529334 0.01584775703248724
0.005411745017609493 0.013517388251743697
0.0037602327006450165 0.011210652142988959
0.0024076366639015356 0.008929140354097604
0.0013547716606548965 0.006671756066984086
0.0006022718974137975 0.004434990215751902
0.00015059065189787502 0.002213362916406901
0.0 0.0
0.00015059065189787502 -0.0014052986622770007
0.0006022718974137975 -0.0028029058958068923
0.0013547716606548965 -0.0041848208262395764
0.0024076366639015356 -0.005543740594321984
0.0037602327006450165 -0.006873361585195113
0.005411745017609493 -0.008168626533372225
0.007361178805529334 -0.009425904952356918
0.009607359798384785 -0.010643098541109883
0.012148934980735715 -0.011819667889159167
0.014984373402728013 -0.012956581613259709
0.018111967102280024 -0.014056193679781422
0.021529832133895532 -0.01512205878476738
0.025235909703481607 -0.01615869900464311
0.029227967408489597 -0.017171337281793753
0.03350360058263052 -0.018165614532674162
0.038060233744356575 -0.019147307208207003
0.042895122148234655 -0.02012206103064015
0.048005353438278275 -0.02109515449502755
0.05338784940224234 -0.022071302747898768
0.059039367825822475 -0.023054508889471487
0.06495650444564427 -0.024047965876358986
0.07113569499986394 -0.02505400833256519
0.07757321737514639 -0.026074110003663418
0.08426519384872727 -0.027108919578384082
0.09120759342420814 -0.02815832536920656
0.09839623425967753 -0.029221538038573112
0.10582678618669683 -0.030297180252654658
0.11349477331863145 -0.03138337283115172
0.12139557674675777 -0.03247780855037863
0.12952443732252045 -0.03357780708675707
0.1378764585242665 -0.034680347439222194
0.14644660940672616 -0.03578207728181615
0.15522972763146647 -0.0368793017924809
0.16422052257649067 -0.037967957304608606
0.17341357852311146 -0.03904357738366199
0.18280335791817703 -0.040101260437329284
0.19238420470968637 -0.04113564858182692
0.20215034775378343 -0.04214092714079243
0.2120959042910774 -0.04311085285837014
0.2222148834901989 -0.04403881675575896
0.23250119005645137 -0.04491794471466432
0.2429486279033891 -0.045741235556167555
0.2535509038851079 -0.046501732866963796
0.26430163158700104 -0.04719272339656037
0.27519433517269654 -0.04780795179837811
0.28622245328485874 -0.04834183908113512
0.29737934299750524 -0.04878969059642855
0.30865828381745486 -0.04914787887371527
0.320052481732506 -0.04941398720883076
0.33155507330389 -0.04958690161720858
0.3431591298005543 -0.04966684149360245
0.35485766137276875 -0.04965532291193793
0.36664362126255073 -0.04955505271863246
0.3785099100483679 -0.04936975613441993
0.3904493799215649 -0.04910394516533268
0.4024548389919357 -0.04876263940573573
0.41451905561984914 -0.04835105448249357
0.42663476277231926 -0.04787427616435794
0.43879466240039156 -0.047336939827295844
0.4509914298352198 -0.04674293538169803
0.46321771820016633 -0.04609515687337124
0.475466162836291 -0.04539531379909709
0.4877293857385438 -0.04464381785001561
0.4999999999999999 -0.0438397545134031
0.512270614261456 -0.042980943993759346
0.5245338371637088 -0.04206409057422495
0.5367822817998334 -0.04108501417268936
0.54900857016478 -0.04003895280009831
0.5612053375996082 -0.038920920227347604
0.5733652372276805 -0.03772609969482825
0.5854809443801506 -0.036450252176334554
0.5975451610080642 -0.03509011668133146
0.6095506200784349 -0.03364378040551168
0.6214900899516319 -0.03211099818942925
0.6333563787374491 -0.030493443603320507
0.645142338627231 -0.028794877850806342
0.6568408701994456 -0.02702122732010155
0.6684449266961098 -0.02518056570916746
0.6799475182674938 -0.023283001887777585
0.691341716182545 -0.021340479709920746
0.7026206570024947 -0.01936650054956997
0.713777546715141 -0.01737578313662995
0.7248056648273034 -0.015383878109214088
0.7356983684129987 -0.013406756433189903
0.746449096114892 -0.011460391405791246
0.7570513720966108 -0.00956035337002443
0.7674988099435485 -0.007721434607379138
0.7777851165098009 -0.005957319299920301
0.7879040957089227 -0.004280310163478274
0.7978496522462164 -0.0027011195921295087
0.8076157952903136 -0.001228729179880393
0.8171966420818224 0.00012968244182352817
0.8265864214768883 0.0013687471499650944
0.8357794774235092 0.0024848570970437715
0.8447702723685334 0.003476066012342242
0.8535533905932737 0.004341953051558749
0.8621235414757333 0.00508346108453902
0.8704755626774794 0.005702721367473312
0.8786044232532422 0.006202875844947988
0.8865052266813687 0.0065879069767482415
0.894173213813303 0.006862483128542074
0.9016037657403225 0.007031825372344126
0.9087924065757916 0.0071015991898247845
0.9157348061512727 0.007077832233658267
0.9224267826248536 0.006966857138223719
0.928864305000136 0.006775276514363875
0.9350434955543556 0.006509945813490486
0.9409606321741775 0.006177968766148325
0.9466121505977576 0.005786699612031901
0.9519946465617215 0.005343746327744625
0.9571048778517655 0.004856969477663424
0.9619397662556433 0.004334472088162277
0.9664963994173694 0.003784576984014209
0.9707720325915102 0.00321578922658001
0.9747640902965183 0.002636742554413692
0.9784701678661044 0.002056129953672788
0.98188803289772 0.0014826195977752313
0.985015626597272 0.0009247583314976509
0.9878510650192642 0.00039086559402150755
0.9903926402016152 -0.00011107883986137893
0.9926388211944706 -0.0005735496688070714
0.9945882549823906 -0.0009895897531379764
0.9962397672993549 -0.001352919152143221
0.9975923633360985 -0.0016580362620352278
0.9986452283393451 -0.0019003081860906761
0.9993977281025862 -0.0020760479068860933
0.9998494093481021 -0.0021825762938062717
1.0 -0.00221826744264564
