1.0 0.0018084692123730135
0.9998494093481021 0.0018500882890568218
0.9993977281025862 0.001974895704133395
0.9986452283393451 0.0021827237217700163
0.9975923633360985 0.0024732338172378365
0.9962397672993549 0.0028458350626759162
0.9945882549823906 0.0032995828902632708
0.9926388211944706 0.0038330698111882404
0.9903926402016152 0.004444321053907556
0.9878510650192642 0.0051307082616807494
0.985015626597272 0.0058888933236128415
0.98188803289772 0.006714812180711344
0.9784701678661044 0.007603705227215184
0.9747640902965183 0.008550196984895918
0.9707720325915102 0.009548423398005415
0.9664963994173694 0.010592200751641174
0.9619397662556433 0.011675226236451917
0.9571048778517655 0.012791296922784435
0.9519946465617215 0.01393453166713139
0.9466121505977576 0.015099579471057799
0.9409606321741775 0.016281798164594522
0.9350434955543556 0.017477388996948808
0.928864305000136 0.018683475677575
0.9224267826248536 0.01989812040363886
0.9157348061512727 0.021120274128936998
0.9087924065757916 0.022349663401596637
0.9016037657403225 0.023586621114542405
0.894173213813303 0.024831873062224882
0.8865052266813687 0.02608629589914198
0.8786044232532422 0.027350664632962353
0.8704755626774794 0.02862540893025116
0.8621235414757333 0.02991039714849152
0.8535533905932737 0.031204765137826426
0.8447702723685334 0.03250680360561234
0.8357794774235092 0.03381391344600312
0.8265864214768883 0.03512263324053003
0.8171966420818224 0.03642873753872437
0.8076157952903136 0.03772739897252123
0.7978496522462164 0.03901340218889719
0.7879040957089227 0.040281393412508144
0.7777851165098009 0.04152614651714665
0.7674988099435485 0.04274282503881086
0.7570513720966108 0.04392721973435369
0.746449096114892 0.04507594307962513
0.7356983684129987 0.04618656538123875
0.7248056648273034 0.04725768169704312
0.713777546715141 0.048288904170512466
0.7026206570024947 0.049280780257398495
0.691341716182545 0.050234643192028215
0.6799475182674938 0.05115240643493288
0.6684449266961098 0.05203631832680518
0.6568408701994456 0.05288869637981484
0.645142338627231 0.0537116622999218
0.6333563787374491 0.054506898809430625
0.6214900899516319 0.05527544761924304
0.6095506200784349 0.05601756461377472
0.5975451610080642 0.05673264371480903
0.5854809443801506 0.05741921534831671
0.5733652372276805 0.05807501939466161
0.5612053375996082 0.05869714644601435
0.54900857016478 0.059282235618534344
0.5367822817998334 0.05982671252916801
0.5245338371637088 0.0603270477332871
0.512270614261456 0.060780014210608
0.4999999999999999 0.0611829225349908
0.4877293857385438 0.06153381417851557
0.475466162836291 0.06183159684669085
0.46321771820016633 0.0620761105495087
0.4509914298352198 0.06226811889732438
0.43879466240039156 0.06240922640152243
0.42663476277231926 0.06250172884061303
0.41451905561984914 0.0625484095000543
0.4024548389919357 0.06255229882291823
0.3904493799215649 0.06251641830986132
0.3785099100483679 0.06244353108375268
0.36664362126255073 0.062335921227350446
0.35485766137276875 0.06219522180500419
0.3431591298005543 0.062022307540655006
0.33155507330389 0.06181726273983792
0.320052481732506 0.06157942863310052
0.30865828381745486 0.061307527395179175
0.29737934299750524 0.06099985322416034
0.28622245328485874 0.06065451462138662
0.27519433517269654 0.060269706931304276
0.26430163158700104 0.05984399073361851
0.2535509038851079 0.05937655016011947
0.2429486279033891 0.058867405817481296
0.23250119005645137 0.058317559749462
0.2222148834901989 0.05772905460882933
0.2120959042910774 0.05710493560873246
0.20215034775378343 0.05644911142101382
0.19238420470968637 0.05576611841280172
0.18280335791817703 0.05506080082498496
0.17341357852311146 0.05433792704269778
0.16422052257649067 0.05360176836920392
0.15522972763146647 0.05285567115497915
0.14644660940672616 0.05210165534558329
0.1378764585242665 0.051340072249718635
0.12952443732252045 0.05056935153249883
0.12139557674675777 0.0497858622421455
0.11349477331863145 0.04898390540272174
0.10582678618669683 0.04815584683999367
0.09839623425967753 0.04729238907433376
0.09120759342420814 0.046382971024601934
0.08426519384872727 0.04541627466737389
0.07757321737514639 0.044380809414255915
0.07113569499986394 0.04326553845879433
0.06495650444564427 0.04206050723040124
0.059039367825822475 0.04075743273488595
0.05338784940224234 0.03935021412120893
0.048005353438278275 0.037835329240605446
0.042895122148234655 0.03621208899332924
0.038060233744356575 0.03448273042976665
0.03350360058263052 0.032652340261441454
0.029227967408489597 0.030728611897392465
0.025235909703481607 0.028721450539124824
0.021529832133895532 0.02664245142125882
0.018111967102280024 0.02450428520591999
0.014984373402728013 0.022320031167216144
0.012148934980735715 0.020102502637430374
0.009607359798384785 0.017863609925953268
0.007361178805529334 0.01561380348411966
0.005411745017609493 0.013361634622001253
0.0037602327006450165 0.011113462955064936
0.0024076366639015356 0.008873329532594992
0.0013547716606548965 0.006643002994012919
0.0006022718974137975 0.00442219393533216
0.00015059065189787502 0.0022089208116753294
0.0 0.0
0.00015059065189787502 -0.0012663719276036444
0.0006022718974137975 -0.0025278380852053746
0.0013547716606548965 -0.0037792384141316104
0.0024076366639015356 -0.005015976948761623
0.0037602327006450165 -0.006234262627539751
0.005411745017609493 -0.007431303507935392
0.007361178805529334 -0.008605443753600242
0.009607359798384785 -0.009756236503136792
0.012148934980735715 -0.010884449873310359
0.014984373402728013 -0.011992007599873974
0.018111967102280024 -0.013081869876046951
0.021529832133895532 -0.014157863528997052
0.025235909703481607 -0.01522447353354899
0.029227967408489597 -0.016286609811111043
0.03350360058263052 -0.017349364181588826
0.038060233744356575 -0.01841777218601098
0.042895122148234655 -0.019496593317187245
0.048005353438278275 -0.020590121100872532
0.05338784940224234 -0.021702031643314666
0.059039367825822475 -0.022835275937500725
0.06495650444564427 -0.023992017668154748
0.07113569499986394 -0.025173614755312063
0.07757321737514639 -0.026380639699449433
0.08426519384872727 -0.02761293117868131
0.09120759342420814 -0.02886966749260608
0.09839623425967753 -0.030149451476772626
0.10582678618669683 -0.031450396482268946
0.11349477331863145 -0.03277020390571488
0.12139557674675777 -0.03410622447059032
0.12952443732252045 -0.035455497839539954
0.1378764585242665 -0.03681476796412879
0.14644660940672616 -0.038180474602818676
0.15522972763146647 -0.0395487243935444
0.16422052257649067 -0.04091524749398422
0.17341357852311146 -0.04227534786715405
0.18280335791817703 -0.04362385660481643
0.19238420470968637 -0.04495509812001148
0.20215034775378343 -0.04626287854804824
0.2120959042910774 -0.047540504294396935
0.2222148834901989 -0.04878083645545711
0.23250119005645137 -0.04997638397999327
0.2429486279033891 -0.05111943515707085
0.2535509038851079 -0.052202223571638826
0.26430163158700104 -0.05321712134160814
0.27519433517269654 -0.05415684951771629
0.28622245328485874 -0.0550146932424884
0.29737934299750524 -0.05578470783543324
0.30865828381745486 -0.05646190154498944
0.320052481732506 -0.05704238135658054
0.33155507330389 -0.057523449962684596
0.3431591298005543 -0.05790364469586078
0.35485766137276875 -0.05818271273384893
0.36664362126255073 -0.05836152097685378
0.3785099100483679 -0.05844190339173408
0.3904493799215649 -0.05842645300786424
0.4024548389919357 -0.05831826982002089
0.41451905561984914 -0.05812067930606303
0.42663476277231926 -0.05783693884085686
0.43879466240039156 -0.057469950779729946
0.4509914298352198 -0.05702200126430506
0.46321771820016633 -0.05649454282325393
0.475466162836291 -0.05588803663965839
0.4877293857385438 -0.055201867059526746
0.4999999999999999 -0.054434336723577864
0.512270614261456 -0.05358274588083697
0.5245338371637088 -0.05264355429705404
0.5367822817998334 -0.05161261903639807
0.54900857016478 -0.05048549660505267
0.5612053375996082 -0.04925779381192891
0.5733652372276805 -0.047925548493056226
0.5854809443801506 -0.04648561916920448
0.5975451610080642 -0.0449360618926557
0.6095506200784349 -0.043276473036968514
0.6214900899516319 -0.04150827855523668
0.6333563787374491 -0.039634953157328956
0.645142338627231 -0.037662156741099344
0.6568408701994456 -0.03559778000337381
0.6684449266961098 -0.03345189615898312
0.6799475182674938 -0.031236620794514516
0.691341716182545 -0.02896588676252923
0.7026206570024947 -0.026655145387894135
0.713777546715141 -0.02432100885722558
0.7248056648273034 -0.021980851298129902
0.7356983684129987 -0.01965238759758819
0.746449096114892 -0.01735324940348338
0.7570513720966108 -0.01510057702044329
0.7674988099435485 -0.01291064414305163
0.7777851165098009 -0.010798529721052153
0.7879040957089227 -0.008777847927481418
0.7978496522462164 -0.0068605434410500266
0.8076157952903136 -0.005056755314646206
0.8171966420818224 -0.0033747488374714623
0.8265864214768883 -0.0018209112455961792
0.8357794774235092 -0.0003998040978367562
0.8447702723685334 0.0008857372315397411
0.8535533905932737 0.0020344680807447345
0.8621235414757333 0.0030465749530481467
0.8704755626774794 0.003923503753867923
0.8786044232532422 0.004667786882541916
0.8865052266813687 0.005282878824583502
0.894173213813303 0.005773007977043257
0.9016037657403225 0.006143050206035406
0.9087924065757916 0.006398427259143536
0.9157348061512727 0.006545030809921
0.9224267826248536 0.006589170754659001
0.928864305000136 0.0065375445445999296
0.9350434955543556 0.006397222917955161
0.9409606321741775 0.0061756464557418175
0.9466121505977576 0.005880626944785849
0.9519946465617215 0.005520347574164168
0.9571048778517655 0.005103356468976443
0.9619397662556433 0.004638548902554919
0.9664963994173694 0.0041351346318281475
0.9707720325915102 0.0036025880680094933
0.9747640902965183 0.0030505803229042105
0.9784701678661044 0.00248889346406207
0.98188803289772 0.0019273184877375749
0.985015626597272 0.0013755395137779434
0.9878510650192642 0.0008430074790397202
0.9903926402016152 0.00033880713550907184
0.9926388211944706 -0.0001284785538236252
0.9945882549823906 -0.0005509024665267556
0.9962397672993549 -0.0009212817976289394
0.9975923633360985 -0.0012333172282158
0.9986452283393451 -0.0014816994545991927
0.9993977281025862 -0.001662200223630267
0.9998494093481021 -0.001771745536313741
1.0 -0.0018084692123730135
