1.0 0.0017495671502646567
0.9998494093481021 0.0018034892775662796
0.9993977281025862 0.001965214518285011
0.9986452283393451 0.002234600251696727
0.9975923633360985 0.0026113468173616116
0.9962397672993549 0.0030949115013587532
0.9945882549823906 0.0036844013187610257
0.9926388211944706 0.004378456338133491
0.9903926402016152 0.005175136711575963
0.9878510650192642 0.006071826773038699
0.985015626597272 0.007065168513979365
0.98188803289772 0.008151034514206176
0.9784701678661044 0.00932454717616797
0.9747640902965183 0.010580147151639808
0.9707720325915102 0.011911709496524418
0.9664963994173694 0.013312701717323652
0.9619397662556433 0.01477637386428185
0.9571048778517655 0.01629596753889646
0.9519946465617215 0.017864928419493557
0.9466121505977576 0.01947710588801475
0.9409606321741775 0.021126923682655042
0.9350434955543556 0.022809507210102286
0.928864305000136 0.024520756118449477
0.9224267826248536 0.026257354740387095
0.9157348061512727 0.028016717758086385
0.9087924065757916 0.029796873541585923
0.9016037657403225 0.0315962926602324
0.894173213813303 0.03341367364741938
0.8865052266813687 0.03524770182913929
0.8786044232532422 0.037096799586348116
0.8704755626774794 0.038958887579593315
0.8621235414757333 0.04083117610182943
0.8535533905932737 0.042710003843364784
0.8447702723685334 0.04459073807602644
0.8357794774235092 0.04646774583086948
0.8265864214768883 0.04833444039053797
0.8171966420818224 0.050183401749540064
0.8076157952903136 0.05200656405742604
0.7978496522462164 0.0537954578981935
0.7879040957089227 0.05554149098797889
0.7777851165098009 0.057236247839024056
0.7674988099435485 0.05887178739211224
0.7570513720966108 0.06044091769643116
0.746449096114892 0.06193742842058126
0.7356983684129987 0.06335626518632213
0.7248056648273034 0.06469363418127176
0.713777546715141 0.06594703087921261
0.7026206570024947 0.0671151925526878
0.691341716182545 0.0681979801363538
0.6799475182674938 0.06919620042092327
0.6684449266961098 0.07011138408997732
0.6568408701994456 0.07094553838817265
0.645142338627231 0.07170089496162058
0.6333563787374491 0.07237967349363969
0.6214900899516319 0.07298388016054454
0.6095506200784349 0.07351515677814519
0.5975451610080642 0.07397469205323051
0.5854809443801506 0.0743632009564591
0.5733652372276805 0.07468097233418967
0.5612053375996082 0.07492797896142789
0.54900857016478 0.07510403879586418
0.5367822817998334 0.075209011678602
0.5245338371637088 0.07524301252287366
0.512270614261456 0.07520662041561009
0.4999999999999999 0.07510106317771255
0.4877293857385438 0.07492835879487811
0.475466162836291 0.07469139860533457
0.46321771820016633 0.07439396194261261
0.4509914298352198 0.07404065769521673
0.43879466240039156 0.07363679449140781
0.42663476277231926 0.07318818743030839
0.41451905561984914 0.07270091493918467
0.4024548389919357 0.07218104395765793
0.3904493799215649 0.07163434482712464
0.3785099100483679 0.07106601870441825
0.36664362126255073 0.0704804598673439
0.35485766137276875 0.06988107293389308
0.3431591298005543 0.06927016093036988
0.33155507330389 0.06864889461626619
0.320052481732506 0.06801736692999694
0.30865828381745486 0.06737472937647439
0.29737934299750524 0.06671940020419001
0.28622245328485874 0.06604932789247242
0.27519433517269654 0.06536228832619269
0.26430163158700104 0.06465619052935062
0.2535509038851079 0.06392936429301395
0.2429486279033891 0.06318080364838863
0.23250119005645137 0.062410342915015016
0.2222148834901989 0.06161874683640071
0.2120959042910774 0.060807702775486354
0.20215034775378343 0.059979710612536145
0.19238420470968637 0.059137874292204046
0.18280335791817703 0.05828560726307698
0.17341357852311146 0.05742627168400101
0.16422052257649067 0.05656277761396833
0.15522972763146647 0.05569717291775231
0.14644660940672616 0.05483025689776055
0.1378764585242665 0.053961250456822
0.12952443732252045 0.053087552845891534
0.12139557674675777 0.052204609888729776
0.11349477331863145 0.05130591132490867
0.10582678618669683 0.05038312606329237
0.09839623425967753 0.049426374314573855
0.09120759342420814 0.04842462548654954
0.08426519384872727 0.047366201129067864
0.07757321737514639 0.04623935383670817
0.07113569499986394 0.045032886510588045
0.06495650444564427 0.04373677227446022
0.059039367825822475 0.04234273399443309
0.05338784940224234 0.04084474392806113
0.048005353438278275 0.03923940847539856
0.042895122148234655 0.03752621005684823
0.038060233744356575 0.035707587338422206
0.03350360058263052 0.03378884573710618
0.029227967408489597 0.0317779016189104
0.025235909703481607 0.029684875033977307
0.021529832133895532 0.02752155639287836
0.018111967102280024 0.025300781404723537
0.014984373402728013 0.023035755209774036
0.012148934980735715 0.020739370445616436
0.009607359798384785 0.01842356468364736
0.007361178805529334 0.01609876018098877
0.005411745017609493 0.01377342336154347
0.0037602327006450165 0.011453773239248061
0.0024076366639015356 0.00914365769280034
0.0013547716606548965 0.00684460481579374
0.0006022718974137975 0.004556044324633756
0.00015059065189787502 0.0022756820783488875
0.0 0.0
0.00015059065189787502 -0.0014657608780060279
0.0006022718974137975 -0.0029225677407714685
0.0013547716606548965 -0.004361310186699142
0.0024076366639015356 -0.0057735998121878
0.0037602327006450165 -0.007152084052042514
0.005411745017609493 -0.008490706607388508
0.007361178805529334 -0.00978490201510444
0.009607359798384785 -0.011031716013961117
0.012148934980735715 -0.012229847917881547
0.014984373402728013 -0.01337961589880463
0.018111967102280024 -0.014482850587149692
0.021529832133895532 -0.015542726411030558
0.025235909703481607 -0.016563543350216738
0.029227967408489597 -0.01755047407054026
0.03350360058263052 -0.01850929259584363
0.038060233744356575 -0.0194461007172215
0.042895122148234655 -0.02036706726817405
0.048005353438278275 -0.021278193325950184
0.05338784940224234 -0.022185113522105303
0.059039367825822475 -0.02309294020387062
0.06495650444564427 -0.02400615346406811
0.07113569499986394 -0.024928536347676278
0.07757321737514639 -0.02586315113631601
0.08426519384872727 -0.026812349766134752
0.09120759342420814 -0.02777780935809324
0.09839623425967753 -0.028760582675152566
0.10582678618669683 -0.029761153134926496
0.11349477331863145 -0.030779484785146364
0.12139557674675777 -0.03181505930035447
0.12952443732252045 -0.032866894418626884
0.1378764585242665 -0.03393354108687201
0.14644660940672616 -0.0350130596633682
0.15522972763146647 -0.03610297855967358
0.16422052257649067 -0.03720024141819613
0.17341357852311146 -0.038301151070245724
0.18280335791817703 -0.03940131990230772
0.19238420470968637 -0.040495636738217045
0.20215034775378343 -0.04157825985855138
0.2120959042910774 -0.04264264434225085
0.2222148834901989 -0.04368160962460983
0.23250119005645137 -0.04468745018798071
0.2429486279033891 -0.04565208886409524
0.2535509038851079 -0.04656726859953781
0.26430163158700104 -0.047424775010002154
0.27519433517269654 -0.048216678915032694
0.28622245328485874 -0.048935585569910706
0.29737934299750524 -0.049574875717426733
0.30865828381745486 -0.05012892302915247
0.320052481732506 -0.05059327307734028
0.33155507330389 -0.05096477067511704
0.3431591298005543 -0.05124162515974941
0.35485766137276875 -0.051423406807095604
0.36664362126255073 -0.0515109718217469
0.3785099100483679 -0.0515063179609988
0.3904493799215649 -0.051412377503565684
0.4024548389919357 -0.051232758638279474
0.41451905561984914 -0.05097145011052796
0.42663476277231926 -0.05063250684859128
0.43879466240039156 -0.05021973607933471
0.4509914298352198 -0.04973640398743265
0.46321771820016633 -0.049184982213448344
0.475466162836291 -0.04856695145207972
0.4877293857385438 -0.047882676219059575
0.4999999999999999 -0.047131360700093376
0.512270614261456 -0.04631109074111518
0.5245338371637088 -0.04541896179789788
0.5367822817998334 -0.04445128737357936
0.54900857016478 -0.043403877477547266
0.5612053375996082 -0.042272372261136455
0.5733652372276805 -0.04105261250571968
0.5854809443801506 -0.039741026277353084
0.5975451610080642 -0.038335009964390106
0.6095506200784349 -0.03683328214137804
0.6214900899516319 -0.0352361902277479
0.6333563787374491 -0.03354595262249805
0.645142338627231 -0.031766822709813035
0.6568408701994456 -0.029905165597046313
0.6684449266961098 -0.027969443373416027
0.6799475182674938 -0.02597010974930516
0.691341716182545 -0.02391941983459884
0.7026206570024947 -0.02183116524190876
0.713777546715141 -0.019720348397641013
0.7248056648273034 -0.01760281270665519
0.7356983684129987 -0.015494846907865002
0.746449096114892 -0.013412782515850222
0.7570513720966108 -0.011372602680437533
0.7674988099435485 -0.009389579197494557
0.7777851165098009 -0.007477951918718026
0.7879040957089227 -0.005650661635857929
0.7978496522462164 -0.003919143890840906
0.8076157952903136 -0.0022931873407169064
0.8171966420818224 -0.000780856538182435
0.8265864214768883 0.0006115244898474482
0.8357794774235092 0.0018793344685743756
0.8447702723685334 0.003019571843987186
0.8535533905932737 0.004030737009899334
0.8621235414757333 0.004912691084752202
0.8704755626774794 0.005666502511730484
0.8786044232532422 0.006294292007946397
0.8865052266813687 0.006799085019492175
0.894173213813303 0.007184678992702
0.9016037657403225 0.007455530614087232
0.9087924065757916 0.007616665877253235
0.9157348061512727 0.00767361357571405
0.9224267826248536 0.00763236075081862
0.928864305000136 0.007499326872820025
0.9350434955543556 0.007281352195812886
0.9409606321741775 0.006985694861414997
0.9466121505977576 0.006620030950327533
0.9519946465617215 0.006192451776911316
0.9571048778517655 0.005711453238888024
0.9619397662556433 0.005185912895769006
0.9664963994173694 0.004625051561698311
0.9707720325915102 0.004038377458520045
0.9747640902965183 0.0034356122806156407
0.9784701678661044 0.0028265997800619117
0.98188803289772 0.002221198609157401
0.985015626597272 0.0016291620968243753
0.9878510650192642 0.001060008347039642
0.9903926402016152 0.0005228845146658129
0.9926388211944706 2.6429340746227147e-05
0.9945882549823906 -0.00042136196338398184
0.9962397672993549 -0.0008132665721109745
0.9975923633360985 -0.0011429530531897973
0.9986452283393451 -0.0014050873618743
0.9993977281025862 -0.0015954231396501457
0.9998494093481021 -0.0017108741446303318
1.0 -0.0017495671502646567
