1.0 0.0017619071057666136
0.9998494093481021 0.0018104651439664816
0.9993977281025862 0.0019560940227894507
0.9986452283393451 0.002198639174383435
0.9975923633360985 0.0025377821448418505
0.9962397672993549 0.002972956244226551
0.9945882549823906 0.0035032416280494066
0.9926388211944706 0.0041272515200310115
0.9903926402016152 0.004843022686495415
0.9878510650192642 0.005647923451483098
0.985015626597272 0.006538591465330835
0.98188803289772 0.0075109111852092545
0.9784701678661044 0.008560037775539922
0.9747640902965183 0.009680470160721011
0.9707720325915102 0.010866171600792288
0.9664963994173694 0.012110731790062059
0.9619397662556433 0.013407560483749113
0.9571048778517655 0.014750099396964785
0.9519946465617215 0.01613203689574654
0.9466121505977576 0.01754750903000663
0.9409606321741775 0.01899127085896643
0.9350434955543556 0.02045882379247063
0.928864305000136 0.021946487702116775
0.9224267826248536 0.023451410621799403
0.9157348061512727 0.024971513644324934
0.9087924065757916 0.026505373749084994
0.9016037657403225 0.028052052349511084
0.894173213813303 0.02961088191051236
0.8865052266813687 0.03118122667040576
0.8786044232532422 0.03276223598911013
0.8704755626774794 0.03435260990702234
0.8621235414757333 0.03595039602189651
0.8535533905932737 0.03755283478249576
0.8447702723685334 0.039156266890677735
0.8357794774235092 0.04075611194622988
0.8265864214768883 0.042346922106354774
0.8171966420818224 0.043922508779424545
0.8076157952903136 0.04547613468296034
0.7978496522462164 0.047000758422295695
0.7879040957089227 0.04848931450697478
0.7777851165098009 0.049935008764732294
0.7674988099435485 0.051331607687242445
0.7570513720966108 0.05267370047715509
0.746449096114892 0.05395691445998737
0.7356983684129987 0.0551780679421576
0.7248056648273034 0.05633524927948672
0.713777546715141 0.057427816506905226
0.7026206570024947 0.05845631793251843
0.691341716182545 0.059422340139398275
0.6799475182674938 0.060328295385651876
0.6684449266961098 0.06117716500275728
0.6568408701994456 0.06197221869149066
0.645142338627231 0.06271673133461021
0.6333563787374491 0.06341371894205627
0.6214900899516319 0.06406571361224256
0.6095506200784349 0.06467459406633702
0.5975451610080642 0.06524148365557722
0.5854809443801506 0.06576672212859412
0.5733652372276805 0.06624991133055624
0.5612053375996082 0.06669002888671857
0.54900857016478 0.06708559830144176
0.5367822817998334 0.06743489924456607
0.5245338371637088 0.0677361984894649
0.512270614261456 0.06798798029254102
0.4999999999999999 0.06818915511182314
0.4877293857385438 0.0683392274565805
0.475466162836291 0.06843840719701211
0.46321771820016633 0.06848765356226906
0.4509914298352198 0.06848864691964154
0.43879466240039156 0.06844368977618306
0.42663476277231926 0.06835554474850075
0.41451905561984914 0.06822722297539341
0.4024548389919357 0.0680617411098565
0.3904493799215649 0.06786186821094628
0.3785099100483679 0.06762988526717867
0.36664362126255073 0.0673673795684525
0.35485766137276875 0.06707509370669311
0.3431591298005543 0.0667528447894647
0.33155507330389 0.06639952380748002
0.320052481732506 0.0660131784440957
0.30865828381745486 0.06559117548322188
0.29737934299750524 0.06513043194373021
0.28622245328485874 0.06462769773073214
0.27519433517269654 0.0640798674919667
0.26430163158700104 0.06348429595852617
0.2535509038851079 0.06283908966453328
0.2429486279033891 0.06214334875564367
0.23250119005645137 0.06139733561344634
0.2222148834901989 0.06060255206645988
0.2120959042910774 0.05976171368529916
0.20215034775378343 0.05887861758228933
0.19238420470968637 0.05795790865799733
0.18280335791817703 0.057004757698230095
0.17341357852311146 0.05602447245080776
0.16422052257649067 0.055022069166797104
0.15522972763146647 0.05400183653071756
0.14644660940672616 0.05296692601807278
0.1378764585242665 0.0519190022658263
0.12952443732252045 0.05085798397413811
0.12139557674675777 0.049781900328583775
0.11349477331863145 0.04868688028757834
0.10582678618669683 0.0475672828375885
0.09839623425967753 0.04641596613221288
0.09120759342420814 0.045224683042183335
0.08426519384872727 0.04398458082759976
0.07757321737514639 0.04268677415282665
0.07113569499986394 0.04132295416836104
0.06495650444564427 0.03988599241868584
0.059039367825822475 0.038370497259826775
0.05338784940224234 0.03677328243703976
0.048005353438278275 0.03509371241134872
0.042895122148234655 0.03333389664197443
0.038060233744356575 0.031498714835215776
0.03350360058263052 0.02959566649433253
0.029227967408489597 0.0276345501612941
0.025235909703481607 0.02562698967471322
0.021529832133895532 0.023585835718680646
0.018111967102280024 0.02152448010254253
0.014984373402728013 0.019456126907705307
0.012148934980735715 0.01739306834944077
0.009607359798384785 0.01534601362346595
0.007361178805529334 0.013323516066331562
0.005411745017609493 0.011331537824018014
0.0037602327006450165 0.009373182294248437
0.0024076366639015356 0.0074486134884750544
0.0013547716606548965 0.0055551689145235325
0.0006022718974137975 0.0036876594831057588
0.00015059065189787502 0.0018388372083087614
0.0 0.0
0.00015059065189787502 -0.0013774752015458486
0.0006022718974137975 -0.0027454211800378853
0.0013547716606548965 -0.0040941598917188125
0.0024076366639015356 -0.005414757120640017
0.0037602327006450165 -0.006699345445118516
0.005411745017609493 -0.007941391786197249
0.007361178805529334 -0.009135896650520073
0.009607359798384785 -0.010279516455332977
0.012148934980735715 -0.011370605072462124
0.014984373402728013 -0.012409175620527539
0.018111967102280024 -0.013396788233176799
0.021529832133895532 -0.014336373716725593
0.025235909703481607 -0.015232006405546016
0.029227967408489597 -0.016088641911460762
0.03350360058263052 -0.016911836704463775
0.038060233744356575 -0.017707466502506944
0.042895122148234655 -0.018481459322973928
0.048005353438278275 -0.019239556878003057
0.05338784940224234 -0.01998711497509373
0.059039367825822475 -0.020728949967613233
0.06495650444564427 -0.02146923438007328
0.07113569499986394 -0.02221144091962799
0.07757321737514639 -0.022958330479609275
0.08426519384872727 -0.0237119767136284
0.09120759342420814 -0.024473817529035463
0.09839623425967753 -0.02524472256782916
0.10582678618669683 -0.02602506548427578
0.11349477331863145 -0.02681479058093409
0.12139557674675777 -0.027613465036255603
0.12952443732252045 -0.028420310381692748
0.1378764585242665 -0.029234209838906827
0.14644660940672616 -0.030053691341623053
0.15522972763146647 -0.030876889255748982
0.16422052257649067 -0.03170149069287508
0.17341357852311146 -0.032524674629784915
0.18280335791817703 -0.03334305359060409
0.19238420470968637 -0.03415262827305677
0.20215034775378343 -0.034948765136108374
0.2120959042910774 -0.035726205624932374
0.2222148834901989 -0.03647911348384334
0.23250119005645137 -0.037201163666222205
0.2429486279033891 -0.03788567292191127
0.2535509038851079 -0.03852576850054396
0.26430163158700104 -0.03911458785020185
0.27519433517269654 -0.03964549901085341
0.28622245328485874 -0.040112328873940784
0.29737934299750524 -0.04050958483083674
0.30865828381745486 -0.040832654727800975
0.320052481732506 -0.04107797057051136
0.33155507330389 -0.04124312307921621
0.3431591298005543 -0.04132691690157718
0.35485766137276875 -0.04132935987845431
0.36664362126255073 -0.041251583992186786
0.3785099100483679 -0.04109570021774656
0.3904493799215649 -0.040864594122095324
0.4024548389919357 -0.04056167338432731
0.41451905561984914 -0.04019058212168903
0.42663476277231926 -0.03975489972539065
0.43879466240039156 -0.03925784361510225
0.4509914298352198 -0.03870199576724255
0.46321771820016633 -0.038089072001084176
0.475466162836291 -0.03741975085102467
0.4877293857385438 -0.03669357553542714
0.4999999999999999 -0.035908938256024696
0.512270614261456 -0.03506315109840244
0.5245338371637088 -0.03415260247373816
0.5367822817998334 -0.03317299269168765
0.54900857016478 -0.03211963723358665
0.5612053375996082 -0.03098782193212215
0.5733652372276805 -0.029773190842509956
0.5854809443801506 -0.028472145332075482
0.5975451610080642 -0.027082231963227933
0.6095506200784349 -0.025602497155458117
0.6214900899516319 -0.024033788351609364
0.6333563787374491 -0.022378984362083392
0.645142338627231 -0.020643141520338654
0.6568408701994456 -0.018833546993632932
0.6684449266961098 -0.016959675749753364
0.6799475182674938 -0.015033052955733974
0.691341716182545 -0.013067028649941352
0.7026206570024947 -0.011076476077446528
0.713777546715141 -0.009077428844695644
0.7248056648273034 -0.007086674825555039
0.7356983684129987 -0.00512132639942914
0.746449096114892 -0.003198387063167506
0.7570513720966108 -0.001334333750370781
0.7674988099435485 0.0004552675923348943
0.7777851165098009 0.002156098323622818
0.7879040957089227 0.003755363878943867
0.7978496522462164 0.0052420034192550025
0.8076157952903136 0.006606828840113049
0.8171966420818224 0.00784259361256947
0.8265864214768883 0.008943995599557261
0.8357794774235092 0.00990762113676857
0.8447702723685334 0.010731840121653837
0.8535533905932737 0.011416663510122514
0.8621235414757333 0.011963575429880972
0.8704755626774794 0.012375352094020166
0.8786044232532422 0.012655878905799535
0.8865052266813687 0.012809975700137956
0.894173213813303 0.012843238119843439
0.9016037657403225 0.012761900848939012
0.9087924065757916 0.012572726004630037
0.9157348061512727 0.012282917602083991
0.9224267826248536 0.01190006081388788
0.928864305000136 0.011432082883132114
0.9350434955543556 0.010887231114955325
0.9409606321741775 0.010274062426131183
0.9466121505977576 0.009601438495467083
0.9519946465617215 0.008878520610550746
0.9571048778517655 0.008114758796246407
0.9619397662556433 0.007319870658261136
0.9664963994173694 0.006503806483985505
0.9707720325915102 0.005676698406762137
0.9747640902965183 0.004848792753108118
0.9784701678661044 0.004030365958098671
0.98188803289772 0.0032316255702035755
0.985015626597272 0.00246259881150164
0.9878510650192642 0.0017330118731141498
0.9903926402016152 0.0010521635925978305
0.9926388211944706 0.00042879738481472205
0.9945882549823906 -0.000129024696932887
0.9962397672993549 -0.0006140420713633432
0.9975923633360985 -0.001019906532601392
0.9986452283393451 -0.00134128098299777
0.9993977281025862 -0.0015739235007628423
0.9998494093481021 -0.0017147547354501764
1.0 -0.0017619071057666136
