1.0 0.001996030748378472
0.9998494093481021 0.0020527382027060613
0.9993977281025862 0.002222820756749482
0.9986452283393451 0.0025061390198951525
0.9975923633360985 0.002902396207942151
0.9962397672993549 0.0034110485331306207
0.9945882549823906 0.004031193267927737
0.9926388211944706 0.0047614465143021615
0.9903926402016152 0.005599824169868118
0.9878510650192642 0.006543639798745039
0.985015626597272 0.007589432053586203
0.98188803289772 0.008732932033255324
0.9784701678661044 0.009969077681342533
0.9747640902965183 0.011292078308510766
0.9707720325915102 0.012695527899259386
0.9664963994173694 0.014172561423407977
0.9619397662556433 0.015716044304052684
0.9571048778517655 0.01731878186061868
0.9519946465617215 0.018973733254414777
0.9466121505977576 0.020674213437232976
0.9409606321741775 0.02241406695952743
0.9350434955543556 0.02418779923656438
0.928864305000136 0.02599065388440227
0.9224267826248536 0.027818628798927107
0.9157348061512727 0.029668428444502258
0.9087924065757916 0.031537354960940234
0.9016037657403225 0.03342314576905575
0.894173213813303 0.035323769934670984
0.8865052266813687 0.03723719925024209
0.8786044232532422 0.0391611724895003
0.8704755626774794 0.041092972354039276
0.8621235414757333 0.04302923414552292
0.8535533905932737 0.04496580317158689
0.8447702723685334 0.046897654461766414
0.8357794774235092 0.048818883782548256
0.8265864214768883 0.050722773546203616
0.8171966420818224 0.052601931425244296
0.8076157952903136 0.05444849376940974
0.7978496522462164 0.05625438073213342
0.7879040957089227 0.05801158576933828
0.7777851165098009 0.05971247922535026
0.7674988099435485 0.06135010431895649
0.7570513720966108 0.06291844411626818
0.746449096114892 0.06441264002214354
0.7356983684129987 0.06582914580057335
0.7248056648273034 0.0671658058844106
0.713777546715141 0.06842185238963414
0.7026206570024947 0.0695978213667208
0.691341716182545 0.07069539491868966
0.6799475182674938 0.07171718140689765
0.6684449266961098 0.07266645060367925
0.6568408701994456 0.07354684396100206
0.645142338627231 0.0743620818764677
0.6333563787374491 0.07511568980945309
0.6214900899516319 0.07581076332795483
0.6095506200784349 0.07644978878895672
0.5975451610080642 0.07703453164118412
0.5854809443801506 0.07756599866855796
0.5733652372276805 0.07804447432549451
0.5612053375996082 0.07846962515498905
0.54900857016478 0.07884066063365473
0.5367822817998334 0.07915653412264848
0.5245338371637088 0.07941616431076601
0.512270614261456 0.07961865589723512
0.4999999999999999 0.07976349842427272
0.4877293857385438 0.07985072413325954
0.475466162836291 0.07988100933434603
0.46321771820016633 0.0798557087597539
0.4509914298352198 0.0797768183117054
0.43879466240039156 0.07964686802755513
0.42663476277231926 0.0794687534322605
0.41451905561984914 0.07924551919420558
0.4024548389919357 0.07898011364862824
0.3904493799215649 0.07867513589054738
0.3785099100483679 0.0783325984714976
0.36664362126255073 0.07795372811134572
0.35485766137276875 0.07753882426708746
0.3431591298005543 0.07708719105533962
0.33155507330389 0.07659715222530038
0.320052481732506 0.07606615207248468
0.30865828381745486 0.07549093791195417
0.29737934299750524 0.07486781258542242
0.28622245328485874 0.07419293905580593
0.27519433517269654 0.07346267399738905
0.26430163158700104 0.07267390388164835
0.2535509038851079 0.07182435572045745
0.2429486279033891 0.07091285553334967
0.23250119005645137 0.06993951075055505
0.2222148834901989 0.06890579796494928
0.2120959042910774 0.06781454435003134
0.20215034775378343 0.06666979916781332
0.19238420470968637 0.06547660049054416
0.18280335791817703 0.06424065087985288
0.17341357852311146 0.06296792362008236
0.16422052257649067 0.0616642275444155
0.15522972763146647 0.06033476297078505
0.14644660940672616 0.058983703365683024
0.1378764585242665 0.057613836837766205
0.12952443732252045 0.056226298386106155
0.12139557674675777 0.05482041815112824
0.11349477331863145 0.05339370309770475
0.10582678618669683 0.05194196013139108
0.09839623425967753 0.050459558279363166
0.09120759342420814 0.04893981701514114
0.08426519384872727 0.04737549786177012
0.07757321737514639 0.045759367836651625
0.07113569499986394 0.04408479678284457
0.06495650444564427 0.0423463467087388
0.059039367825822475 0.040540310291440056
0.05338784940224234 0.03866515783779501
0.048005353438278275 0.036721857162225355
0.042895122148234655 0.03471403872827048
0.038060233744356575 0.03264798849973424
0.03350360058263052 0.030532462573670906
0.029227967408489597 0.02837833001225096
0.025235909703481607 0.02619806247772694
0.021529832133895532 0.024005100424462317
0.018111967102280024 0.02181313489533338
0.014984373402728013 0.01963535070954602
0.012148934980735715 0.017483680492086782
0.009607359798384785 0.015368119273303544
0.007361178805529334 0.013296146211597476
0.005411745017609493 0.011272293541047834
0.0037602327006450165 0.009297893533581075
0.0024076366639015356 0.0073710227152147785
0.0013547716606548965 0.005486649576255738
0.0006022718974137975 0.0036369784638427094
0.00015059065189787502 0.0018119691849839922
0.0 0.0
0.00015059065189787502 -0.0013182040258378584
0.0006022718974137975 -0.002626809151544229
0.0013547716606548965 -0.003916033856937647
0.0024076366639015356 -0.005176912025958893
0.0037602327006450165 -0.0064016470891194175
0.005411745017609493 -0.007583905471481624
0.007361178805529334 -0.008719035153456572
0.009607359798384785 -0.009804199779218389
0.012148934980735715 -0.010838423894032487
0.014984373402728013 -0.01182255020244028
0.018111967102280024 -0.012759114851702742
0.021529832133895532 -0.013652151315713323
0.025235909703481607 -0.01450693718396064
0.029227967408489597 -0.015329700813389935
0.03350360058263052 -0.016127306225027917
0.038060233744356575 -0.016906934760609275
0.042895122148234655 -0.017675780890803714
0.048005353438278275 -0.01844077731079612
0.05338784940224234 -0.019208361276217965
0.059039367825822475 -0.01998429029195119
0.06495650444564427 -0.02077351107989735
0.07113569499986394 -0.021580081549508332
0.07757321737514639 -0.02240714159966147
0.08426519384872727 -0.02325692528352449
0.09120759342420814 -0.02413080440688509
0.09839623425967753 -0.025029352171191965
0.10582678618669683 -0.02595241509819518
0.11349477331863145 -0.026899182177861414
0.12139557674675777 -0.02786824187234163
0.12952443732252045 -0.028857620114526857
0.1378764585242665 -0.029864795524067896
0.14644660940672616 -0.030886691445493504
0.15522972763146647 -0.03191964778877223
0.16422052257649067 -0.032959378720991764
0.17341357852311146 -0.034000924743763185
0.18280335791817703 -0.03503860936787884
0.19238420470968637 -0.036066011304696846
0.20215034775378343 -0.03707596275237891
0.2120959042910774 -0.03806058297058638
0.2222148834901989 -0.03901135400208967
0.23250119005645137 -0.03991924228616191
0.2429486279033891 -0.04077486625546703
0.2535509038851079 -0.041568706102601556
0.26430163158700104 -0.04229134805794541
0.27519433517269654 -0.04293375205236102
0.28622245328485874 -0.043487528839206244
0.29737934299750524 -0.04394521076703437
0.30865828381745486 -0.04430049960876154
0.320052481732506 -0.04454847526626238
0.33155507330389 -0.044685750793468565
0.3431591298005543 -0.044710561937000376
0.35485766137276875 -0.044622783115478785
0.36664362126255073 -0.04442386620595472
0.3785099100483679 -0.0441167033789517
0.3904493799215649 -0.04370542018607454
0.4024548389919357 -0.043195109806888544
0.41451905561984914 -0.042591523468357574
0.42663476277231926 -0.04190073526124987
0.43879466240039156 -0.04112880165340563
0.4509914298352198 -0.04028143677623865
0.46321771820016633 -0.03936372396396869
0.475466162836291 -0.03837988207526141
0.4877293857385438 -0.03733310193837678
0.4999999999999999 -0.03622546403374301
0.512270614261456 -0.03505794353436554
0.5245338371637088 -0.03383050339003281
0.5367822817998334 -0.032542270621723365
0.54900857016478 -0.03119178574947901
0.5612053375996082 -0.02977731065253674
0.5733652372276805 -0.028297176454231226
0.5854809443801506 -0.0267501504726516
0.5975451610080642 -0.025135800039236277
0.6095506200784349 -0.023454831130828226
0.6214900899516319 -0.021709381263434684
0.6333563787374491 -0.019903248845879535
0.645142338627231 -0.01804204499619676
0.6568408701994456 -0.016133258424525964
0.6684449266961098 -0.014186229077769391
0.6799475182674938 -0.012212031492113988
0.691341716182545 -0.010223273875838431
0.7026206570024947 -0.008233823532686271
0.713777546715141 -0.006258473062161055
0.7248056648273034 -0.004312564621941159
0.7356983684129987 -0.0024115912644202845
0.746449096114892 -0.0005707948975670501
0.7570513720966108 0.0011952202167398738
0.7674988099435485 0.002872841236325731
0.7777851165098009 0.004449753244857707
0.7879040957089227 0.0059151873198293545
0.7978496522462164 0.007260102829652986
0.8076157952903136 0.008477300666959888
0.8171966420818224 0.009561468099833631
0.8265864214768883 0.010509159583467112
0.8357794774235092 0.011318721007536179
0.8447702723685334 0.011990167292876764
0.8535533905932737 0.012525024884710002
0.8621235414757333 0.012926151469533917
0.8704755626774794 0.013197545180558105
0.8786044232532422 0.013344154720264857
0.8865052266813687 0.013371700334516247
0.894173213813303 0.013286513573617743
0.9016037657403225 0.013095401448491702
0.9087924065757916 0.01280553812058686
0.9157348061512727 0.012424384833734885
0.9224267826248536 0.011959636568924525
0.928864305000136 0.011419192015050317
0.9350434955543556 0.010811142000597719
0.9409606321741775 0.010143770583248142
0.9466121505977576 0.009425562565507363
0.9519946465617215 0.008665211274448404
0.9571048778517655 0.007871620958048607
0.9619397662556433 0.007053899027926466
0.9664963994173694 0.006221334518839715
0.9707720325915102 0.005383360430610028
0.9747640902965183 0.004549498960226831
0.9784701678661044 0.0037292899217711136
0.98188803289772 0.0029322038063119434
0.985015626597272 0.0021675418906184824
0.9878510650192642 0.0014443265232318074
0.9903926402016152 0.0007711851835998499
0.9926388211944706 0.000156232130763784
0.9945882549823906 -0.0003930485432378742
0.9962397672993549 -0.0008699148260881005
0.9975923633360985 -0.0012684703606408983
0.9986452283393451 -0.0015837567985095304
0.9993977281025862 -0.0018118325157619245
0.9998494093481021 -0.0019498357573427825
1.0 -0.001996030748378472
