1.0 0.0020236335444458664
0.9998494093481021 0.002080036505791044
0.9993977281025862 0.002249157774820452
0.9986452283393451 0.0025307160235813505
0.9975923633360985 0.0029241827760383733
0.9962397672993549 0.0034286998777334986
0.9945882549823906 0.0040429770344750475
0.9926388211944706 0.004765181049798891
0.9903926402016152 0.005592829782127296
0.9878510650192642 0.006522704020297214
0.985015626597272 0.00755078940729404
0.98188803289772 0.008672258303028818
0.9784701678661044 0.00988149824796818
0.9747640902965183 0.011172189739631392
0.9707720325915102 0.012537431699427375
0.9664963994173694 0.013969908662664022
0.9619397662556433 0.015462089751414164
0.9571048778517655 0.017006446244257598
0.9519946465617215 0.018595672338478784
0.9466121505977576 0.020222892726284643
0.9409606321741775 0.021881840992187828
0.9350434955543556 0.02356699458573056
0.928864305000136 0.025273655119024192
0.9224267826248536 0.026997966761628692
0.9157348061512727 0.02873687024516561
0.9087924065757916 0.030487995069952464
0.9016037657403225 0.03224949751360209
0.894173213813303 0.034019856562905175
0.8865052266813687 0.03579764354384468
0.8786044232532422 0.03758128369323416
0.8704755626774794 0.039368828973728086
0.8621235414757333 0.04115776096785612
0.8535533905932737 0.04294484070470118
0.8447702723685334 0.044726018906856534
0.8357794774235092 0.046496415641766486
0.8265864214768883 0.04825037306285657
0.8171966420818224 0.04998157924373782
0.8076157952903136 0.05168325549180376
0.7978496522462164 0.05334839442521072
0.7879040957089227 0.05497003192351255
0.7777851165098009 0.05654153316166551
0.7674988099435485 0.05805687155612709
0.7570513720966108 0.059510879717672834
0.746449096114892 0.0608994534148898
0.7356983684129987 0.062219692969832485
0.7248056648273034 0.06346997117547012
0.713777546715141 0.06464992238301781
0.7026206570024947 0.06576035342101136
0.691341716182545 0.0668030830017356
0.6799475182674938 0.067780721766652
0.6684449266961098 0.06869640967926854
0.6568408701994456 0.06955353072205049
0.645142338627231 0.07035542652665673
0.6333563787374491 0.07110513052222586
0.6214900899516319 0.07180514242039618
0.6095506200784349 0.07245725950309533
0.5975451610080642 0.07306247650407742
0.5854809443801506 0.07362096025096428
0.5733652372276805 0.07413209911410107
0.5612053375996082 0.07459462118841181
0.54900857016478 0.07500676951482442
0.5367822817998334 0.07536651799187098
0.5245338371637088 0.07567180832379891
0.512270614261456 0.07592078667950597
0.4999999999999999 0.07611201884593853
0.4877293857385438 0.07624466455434478
0.475466162836291 0.07631859519510743
0.46321771820016633 0.076334444037003
0.4509914298352198 0.07629358393422703
0.43879466240039156 0.07619803385921219
0.42663476277231926 0.07605030191449583
0.41451905561984914 0.07585317822200681
0.4024548389919357 0.07560949577188696
0.3904493799215649 0.07532188052431256
0.3785099100483679 0.07499251350081286
0.36664362126255073 0.0746229271215219
0.35485766137276875 0.07421385564304726
0.3431591298005543 0.07376515538832294
0.33155507330389 0.0732758048435785
0.320052481732506 0.07274398806313133
0.30865828381745486 0.07216725769792942
0.29737934299750524 0.07154276692850772
0.28622245328485874 0.0708675532231797
0.27519433517269654 0.0701388517025074
0.26430163158700104 0.06935441242987778
0.2535509038851079 0.06851279449891125
0.2429486279033891 0.0676136105305091
0.23250119005645137 0.06665769813238204
0.2222148834901989 0.06564719984201114
0.2120959042910774 0.06458553973313687
0.20215034775378343 0.06347729273489805
0.19238420470968637 0.06232795120121492
0.18280335791817703 0.061143601720378825
0.17341357852311146 0.05993053290061972
0.16422052257649067 0.05869480127365137
0.15522972763146647 0.05744178697971292
0.14644660940672616 0.056175773121851146
0.1378764585242665 0.0548995823591767
0.12952443732252045 0.0536143013941508
0.12139557674675777 0.05231911864217175
0.11349477331863145 0.051011292889647224
0.10582678618669683 0.049686261656766456
0.09839623425967753 0.048337887926114265
0.09120759342420814 0.046958833610011026
0.08426519384872727 0.0455410383751964
0.07757321737514639 0.04407627396804768
0.07113569499986394 0.042556737652640446
0.06495650444564427 0.04097564432236632
0.059039367825822475 0.039327775634561274
0.05338784940224234 0.03760994630373059
0.048005353438278275 0.035821352410169094
0.042895122148234655 0.033963773956267
0.038060233744356575 0.032041613450597375
0.03350360058263052 0.030061763369487546
0.029227967408489597 0.02803330716379194
0.025235909703481607 0.025967070204174696
0.021529832133895532 0.02387504784423813
0.018111967102280024 0.021769746836174983
0.014984373402728013 0.019663482982050735
0.012148934980735715 0.017567681634958563
0.009607359798384785 0.015492228172830837
0.007361178805529334 0.01344491277781164
0.005411745017609493 0.011431007927187499
0.0037602327006450165 0.00945300832680303
0.0024076366639015356 0.007510552184541328
0.0013547716606548965 0.005600530479229597
0.0006022718974137975 0.00371737808480562
0.00015059065189787502 0.0018535281609951325
0.0 0.0
0.00015059065189787502 -0.0013590579562471298
0.0006022718974137975 -0.002707456271330075
0.0013547716606548965 -0.004034355237770945
0.0024076366639015356 -0.0053297517608424504
0.0037602327006450165 -0.00658484282131965
0.005411745017609493 -0.007792326810206643
0.007361178805529334 -0.008946628240677823
0.009607359798384785 -0.010044036105288527
0.012148934980735715 -0.011082751444069887
0.014984373402728013 -0.012062845156288693
0.018111967102280024 -0.01298613235231724
0.021529832133895532 -0.013855974248200878
0.025235909703481607 -0.014677022444682943
0.029227967408489597 -0.01545492316183187
0.03350360058263052 -0.016196000460731545
0.038060233744356575 -0.016906937609839596
0.042895122148234655 -0.017594474578151723
0.048005353438278275 -0.018265137286690124
0.05338784940224234 -0.018925010933636643
0.059039367825822475 -0.01957956570247748
0.06495650444564427 -0.02023353878720199
0.07113569499986394 -0.020890872264052295
0.07757321737514639 -0.021554702239452703
0.08426519384872727 -0.022227391210939817
0.09120759342420814 -0.022910592940461827
0.09839623425967753 -0.023605337533325724
0.10582678618669683 -0.024312123932597237
0.11349477331863145 -0.02503100767858935
0.12139557674675777 -0.025761673457563968
0.12952443732252045 -0.026503484503057978
0.1378764585242665 -0.027255504080633278
0.14644660940672616 -0.028016487798237767
0.15522972763146647 -0.02878484903124686
0.16422052257649067 -0.029558603025482758
0.17341357852311146 -0.03033529795986643
0.18280335791817703 -0.03111194317707715
0.19238420470968637 -0.03188494575606758
0.20215034775378343 -0.032650066514504916
0.2120959042910774 -0.03340240538896795
0.2222148834901989 -0.03413642402996566
0.23250119005645137 -0.03484601053215522
0.2429486279033891 -0.035524587730006316
0.2535509038851079 -0.036165262707762304
0.26430163158700104 -0.036761011409728435
0.27519433517269654 -0.0373048888058464
0.28622245328485874 -0.03779025226003666
0.29737934299750524 -0.03821098381231248
0.30865828381745486 -0.0385616962033265
0.320052481732506 -0.03883790774572399
0.33155507330389 -0.03903617259615181
0.3431591298005543 -0.03915415553025328
0.35485766137276875 -0.03919064380980131
0.36664362126255073 -0.03914549292091172
0.3785099100483679 -0.03901950756177237
0.3904493799215649 -0.03881426393773066
0.4024548389919357 -0.03853188383877508
0.41451905561984914 -0.038174774800208075
0.42663476277231926 -0.037745353589789005
0.43879466240039156 -0.03724577209113296
0.4509914298352198 -0.036677665207669144
0.46321771820016633 -0.03604193962667024
0.475466162836291 -0.03533862018562694
0.4877293857385438 -0.034566767293382705
0.4999999999999999 -0.03372447458065156
0.512270614261456 -0.03280895096429149
0.5245338371637088 -0.031816685933980696
0.5367822817998334 -0.030743691464391844
0.54900857016478 -0.02958580888000982
0.5612053375996082 -0.028339064591575713
0.5733652372276805 -0.027000055176287653
0.5854809443801506 -0.025566340017112946
0.5975451610080642 -0.024036818798476762
0.6095506200784349 -0.022412071635000815
0.6214900899516319 -0.02069464145268102
0.6333563787374491 -0.018889241323963895
0.645142338627231 -0.01700287357545845
0.6568408701994456 -0.015044852370073754
0.6684449266961098 -0.013026726798746004
0.6799475182674938 -0.010962106961226637
0.691341716182545 -0.008866400730643724
0.7026206570024947 -0.006756473564980335
0.713777546715141 -0.00465024757556395
0.7248056648273034 -0.0025662588738637297
0.7356983684129987 -0.0005231938521502986
0.746449096114892 0.0014605745498873727
0.7570513720966108 0.0033674303605696213
0.7674988099435485 0.005180919579615363
0.7777851165098009 0.006886101264083417
0.7879040957089227 0.008469832909408911
0.7978496522462164 0.009920982426518274
0.8076157952903136 0.011230563297889413
0.8171966420818224 0.012391793694972508
0.8265864214768883 0.01340008420075338
0.8357794774235092 0.014252962084852439
0.8447702723685334 0.014949942654283344
0.8535533905932737 0.015492359939061312
0.8621235414757333 0.015883169819290784
0.8704755626774794 0.016126738672686186
0.8786044232532422 0.01622862978997637
0.8865052266813687 0.01619539829076
0.894173213813303 0.016034403232074345
0.9016037657403225 0.015753643218021886
0.9087924065757916 0.015361619282370242
0.9157348061512727 0.014867226313191068
0.9224267826248536 0.014279671987429762
0.928864305000136 0.013608420223123512
0.9350434955543556 0.01286315464052249
0.9409606321741775 0.012053756512166584
0.9466121505977576 0.011190291195374326
0.9519946465617215 0.010282997057995544
0.9571048778517655 0.009342271374265045
0.9619397662556433 0.008378648499454598
0.9664963994173694 0.0074027667287150985
0.9707720325915102 0.006425321497367671
0.9747640902965183 0.005457003878139211
0.9784701678661044 0.004508424576125217
0.98188803289772 0.0035900247316609695
0.985015626597272 0.002711975753191464
0.9878510650192642 0.0018840710788786928
0.9903926402016152 0.0011156131933607477
0.9926388211944706 0.00041529941307400084
0.9945882549823906 -0.00020889007365125045
0.9962397672993549 -0.0007497986273965764
0.9975923633360985 -0.0012011910849274113
0.9986452283393451 -0.0015578406484284997
0.9993977281025862 -0.001815602638343223
0.9998494093481021 -0.00197147345834839
1.0 -0.0020236335444458664
