1.0 0.0015786092430794868
0.9998494093481021 0.0016330423165316302
0.9993977281025862 0.0017962737773868608
0.9986452283393451 0.0020680814011262085
0.9975923633360985 0.002448033708611631
0.9962397672993549 0.0029354052916261957
0.9945882549823906 0.0035290715788516007
0.9926388211944706 0.004227394880344236
0.9903926402016152 0.0050281149713542195
0.9878510650192642 0.005928257667586883
0.985015626597272 0.006924073769460849
0.98188803289772 0.008011018489247264
0.9784701678661044 0.0091837782039245
0.9747640902965183 0.010436347370251653
0.9707720325915102 0.01176215403681513
0.9664963994173694 0.013154227969845503
0.9619397662556433 0.014605401361974468
0.9571048778517655 0.01610852877676972
0.9519946465617215 0.01765671070124584
0.9466121505977576 0.019243504054821083
0.9409606321741775 0.020863103354670752
0.9350434955543556 0.022510477968018847
0.928864305000136 0.024181453879306404
0.9224267826248536 0.025872732443548287
0.9157348061512727 0.027581843374203854
0.9087924065757916 0.029307034345393966
0.9016037657403225 0.031047104658959178
0.894173213813303 0.032801195019088396
0.8865052266813687 0.03456854918575975
0.8786044232532422 0.03634826582232749
0.8704755626774794 0.03813905998342192
0.8621235414757333 0.03993905329010002
0.8535533905932737 0.04174560991610399
0.8447702723685334 0.04355523219261698
0.8357794774235092 0.04536352517461309
0.8265864214768883 0.047165234241915835
0.8171966420818224 0.04895435414437842
0.8076157952903136 0.05072430229229794
0.7978496522462164 0.052468143990429775
0.7879040957089227 0.054178853131395324
0.7777851165098009 0.055849588946902985
0.7674988099435485 0.05747396800963952
0.7570513720966108 0.05904631091217536
0.746449096114892 0.06056184491793903
0.7356983684129987 0.06201684724746395
0.7248056648273034 0.06340871827253425
0.713777546715141 0.06473597938081382
0.7026206570024947 0.06599819620894073
0.691341716182545 0.06719583384804745
0.6799475182674938 0.06833005602574387
0.6684449266961098 0.06940248472331091
0.6568408701994456 0.07041493982977744
0.645142338627231 0.07136918000272946
0.6333563787374491 0.07226666576196707
0.6214900899516319 0.0731083639874103
0.6095506200784349 0.07389460956721239
0.5975451610080642 0.07462503521532604
0.5854809443801506 0.07529857482772911
0.5733652372276805 0.07591353962983943
0.5612053375996082 0.07646776028326704
0.54900857016478 0.07695878256887306
0.5367822817998334 0.07738409970707379
0.5245338371637088 0.07774140120028822
0.512270614261456 0.07802881656174428
0.4999999999999999 0.07824513257167341
0.4877293857385438 0.07838996477189224
0.475466162836291 0.07846386762066071
0.46321771820016633 0.07846837279194525
0.4509914298352198 0.07840595111185455
0.43879466240039156 0.07827990009128968
0.42663476277231926 0.07809416540409851
0.41451905561984914 0.07785311043874786
0.4024548389919357 0.07756125272524632
0.3904493799215649 0.07722298919742362
0.3785099100483679 0.07684233360145463
0.36664362126255073 0.07642268875650732
0.35485766137276875 0.07596667382309863
0.3431591298005543 0.07547602241042244
0.33155507330389 0.07495156157663366
0.320052481732506 0.07439327499345394
0.30865828381745486 0.0738004462987787
0.29737934299750524 0.07317187153914874
0.28622245328485874 0.07250612320273575
0.27519433517269654 0.0718018432133612
0.26430163158700104 0.07105803885781416
0.2535509038851079 0.07027435428432353
0.2429486279033891 0.06945129111299328
0.23250119005645137 0.0685903548368263
0.2222148834901989 0.06769410888220677
0.2120959042910774 0.06676612508828406
0.20215034775378343 0.06581082745779286
0.19238420470968637 0.0648332347198784
0.18280335791817703 0.06383861585645843
0.17341357852311146 0.06283208059246205
0.16422052257649067 0.061818133292231174
0.15522972763146647 0.060800223186451514
0.14644660940672616 0.05978032596029788
0.1378764585242665 0.058758591220667726
0.12952443732252045 0.05773308718061154
0.12139557674675777 0.056699668208229075
0.11349477331863145 0.055651983037689326
0.10582678618669683 0.05458163195781097
0.09839623425967753 0.053478470842501756
0.09120759342420814 0.05233104922098551
0.08426519384872727 0.05112715949256732
0.07757321737514639 0.04985446563493854
0.07113569499986394 0.04850117301863946
0.06495650444564427 0.0470566967700654
0.059039367825822475 0.045512284889382526
0.05338784940224234 0.04386155418649295
0.048005353438278275 0.04210090198134977
0.042895122148234655 0.04022976413420061
0.038060233744356575 0.038250699830536625
0.03350360058263052 0.03616929497605928
0.029227967408489597 0.03399388826472717
0.025235909703481607 0.031735136105046385
0.021529832133895532 0.029405443757193023
0.018111967102280024 0.027018299434860386
0.014984373402728013 0.024587555067239617
0.012148934980735715 0.02212670137444011
0.009607359798384785 0.019648185569998214
0.007361178805529334 0.017162817287751715
0.005411745017609493 0.014679302400757373
0.0037602327006450165 0.012203935653207508
0.0024076366639015356 0.009740472064129334
0.0013547716606548965 0.00729018464880282
0.0006022718974137975 0.004852103013663577
0.00015059065189787502 0.002423414732060159
0.0 0.0
0.00015059065189787502 -0.0013159677275464655
0.0006022718974137975 -0.0026219090509256304
0.0013547716606548965 -0.003907741549421085
0.0024076366639015356 -0.005164199994512633
0.0037602327006450165 -0.006383191580386313
0.005411745017609493 -0.007558090716859089
0.007361178805529334 -0.008683959244181647
0.009607359798384785 -0.00975768253226116
0.012148934980735715 -0.010778017047627719
0.014984373402728013 -0.011745550257634822
0.018111967102280024 -0.012662578833001615
0.021529832133895532 -0.013532915665449953
0.025235909703481607 -0.014361639938544593
0.029227967408489597 -0.01515480714297969
0.03350360058263052 -0.015919137359208427
0.038060233744356575 -0.016661700278124927
0.042895122148234655 -0.017389614326322685
0.048005353438278275 -0.018109775028615896
0.05338784940224234 -0.018828624579382135
0.059039367825822475 -0.019551970771893024
0.06495650444564427 -0.02028485925983035
0.07113569499986394 -0.021031498925009683
0.07757321737514639 -0.02179523622084872
0.08426519384872727 -0.022578571042374197
0.09120759342420814 -0.023383204177995175
0.09839623425967753 -0.024210104893206533
0.10582678618669683 -0.025059586767102127
0.11349477331863145 -0.02593138054682679
0.12139557674675777 -0.026824694414457596
0.12952443732252045 -0.02773825450869302
0.1378764585242665 -0.02867032157946477
0.14644660940672616 -0.029618683001332517
0.15522972763146647 -0.03058062273265488
0.16422052257649067 -0.031552874884682044
0.17341357852311146 -0.032531569085596714
0.18280335791817703 -0.03351217756371545
0.19238420470968637 -0.034489474671047037
0.20215034775378343 -0.03545751934051295
0.2120959042910774 -0.03640966971933944
0.2222148834901989 -0.03733863703420029
0.23250119005645137 -0.03823658278569396
0.2429486279033891 -0.03909525987143333
0.2535509038851079 -0.039906194476983896
0.26430163158700104 -0.040660901856922727
0.27519433517269654 -0.04135112576165569
0.28622245328485874 -0.04196908853492707
0.29737934299750524 -0.04250773705357421
0.30865828381745486 -0.04296096888288223
0.320052481732506 -0.04332382337765625
0.33155507330389 -0.043592623983828585
0.3431591298005543 -0.043765060612098824
0.35485766137276875 -0.04384020450341412
0.36664362126255073 -0.04381845225229229
0.3785099100483679 -0.04370140030746829
0.3904493799215649 -0.043491656003588744
0.4024548389919357 -0.043192595653983215
0.41451905561984914 -0.042808084126784135
0.42663476277231926 -0.04234217334530274
0.43879466240039156 -0.041798799067034965
0.4509914298352198 -0.04118149594762949
0.46321771820016633 -0.040493150217349914
0.475466162836291 -0.039735807311343026
0.4877293857385438 -0.03891054861622089
0.4999999999999999 -0.03801744732263807
0.512270614261456 -0.03705560847529468
0.5245338371637088 -0.036023293008012616
0.5367822817998334 -0.03491812019109885
0.54900857016478 -0.03373733785469124
0.5612053375996082 -0.03247814531892129
0.5733652372276805 -0.031138050450476698
0.5854809443801506 -0.029715239903883268
0.5975451610080642 -0.028208940545142044
0.6095506200784349 -0.026619750358410667
0.6214900899516319 -0.02494991877557041
0.6333563787374491 -0.023203559228252464
0.645142338627231 -0.021386780607895974
0.6568408701994456 -0.01950772897291646
0.6684449266961098 -0.017576535958465294
0.6799475182674938 -0.01560517559452746
0.691341716182545 -0.013607236291444632
0.7026206570024947 -0.011597619298110755
0.713777546715141 -0.009592178707698545
0.7248056648273034 -0.00760732086736269
0.7356983684129987 -0.005659582700861821
0.746449096114892 -0.003765208913161269
0.7570513720966108 -0.0019397473299517893
0.7674988099435485 -0.00019767982442298894
0.7777851165098009 0.00144789644300898
0.7879040957089227 0.0029855261871692368
0.7978496522462164 0.004405584184225063
0.8076157952903136 0.005700391207284236
0.8171966420818224 0.006864258473012808
0.8265864214768883 0.007893465079295028
0.8357794774235092 0.008786176101373975
0.8447702723685334 0.009542311503676171
0.8535533905932737 0.010163377706209155
0.8621235414757333 0.010652274468273047
0.8704755626774794 0.011013089729001361
0.8786044232532422 0.01125089424084838
0.8865052266813687 0.011371546363428325
0.894173213813303 0.011381515402744166
0.9016037657403225 0.011287729560135875
0.9087924065757916 0.011097452081145463
0.9157348061512727 0.01081818674760473
0.9224267826248536 0.010457611600393055
0.928864305000136 0.010023537851890967
0.9350434955543556 0.009523889447465956
0.9409606321741775 0.008966697726020266
0.9466121505977576 0.0083601051315383
0.9519946465617215 0.007712371922725045
0.9571048778517655 0.007031880264318217
0.9619397662556433 0.006327130882736559
0.9664963994173694 0.005606728533410634
0.9707720325915102 0.004879353751529878
0.9747640902965183 0.004153719636373581
0.9784701678661044 0.0034385136548061813
0.98188803289772 0.0027423255601760396
0.985015626597272 0.002073563447236723
0.9878510650192642 0.0014403606630355257
0.9903926402016152 0.0008504767523147042
0.9926388211944706 0.00031119583945248344
0.9945882549823906 -0.00017077413932750857
0.9962397672993549 -0.0005893981035966799
0.9975923633360985 -0.0009394034421460097
0.9986452283393451 -0.0012163600005828336
0.9993977281025862 -0.0014167482986563147
0.9998494093481021 -0.0015380142703146971
1.0 -0.0015786092430794868
