1.0 0.001856582576102429
0.9998494093481021 0.0018936685750666903
0.9993977281025862 0.0020048800360825936
0.9986452283393451 0.002190059538823447
0.9975923633360985 0.0024488873248009334
0.9962397672993549 0.0027808019731936787
0.9945882549823906 0.0031849022310520042
0.9926388211944706 0.0036598414419249407
0.9903926402016152 0.004203727370491694
0.9878510650192642 0.004814040370924016
0.985015626597272 0.005487581761033497
0.98188803289772 0.006220462019194156
0.9784701678661044 0.007008135196058869
0.9747640902965183 0.007845481996235923
0.9707720325915102 0.00872693967070941
0.9664963994173694 0.009646672541576399
0.9619397662556433 0.010598773036197873
0.9571048778517655 0.011577479892187935
0.9519946465617215 0.01257739800588394
0.9466121505977576 0.013593703451017633
0.9409606321741775 0.014622317605674645
0.9350434955543556 0.015660036095961557
0.928864305000136 0.016704601281245117
0.9224267826248536 0.017754711048661997
0.9157348061512727 0.018809961444001728
0.9087924065757916 0.019870725766527243
0.9016037657403225 0.020937977785816284
0.894173213813303 0.022013071286297686
0.8865052266813687 0.023097491828938013
0.8786044232532422 0.02419259912261381
0.8704755626774794 0.02529937949413652
0.8621235414757333 0.026418227520591326
0.8535533905932737 0.02754877394730204
0.8447702723685334 0.02868977368904716
0.8357794774235092 0.029839063244892203
0.8265864214768883 0.030993591587719305
0.8171966420818224 0.03214952292720004
0.8076157952903136 0.033302404135677935
0.7978496522462164 0.034447384517752255
0.7879040957089227 0.035579471409074644
0.7777851165098009 0.03669380215225607
0.7674988099435485 0.03778591156496882
0.7570513720966108 0.03885197421637562
0.746449096114892 0.03988900266217263
0.7356983684129987 0.040894986124047114
0.7248056648273034 0.04186895868274246
0.713777546715141 0.0428109915292961
0.7026206570024947 0.04372210975576806
0.691341716182545 0.04460414009366615
0.6799475182674938 0.045459501451068904
0.6684449266961098 0.04629095461917592
0.6568408701994456 0.047101330747728126
0.645142338627231 0.047893259859826315
0.6333563787374491 0.04866892064730844
0.6214900899516319 0.049429831051550376
0.6095506200784349 0.05017669582292052
0.5975451610080642 0.05090932262529448
0.5854809443801506 0.05162661267874855
0.5733652372276805 0.05232662586212764
0.5612053375996082 0.053006714119847254
0.54900857016478 0.05366371143054615
0.5367822817998334 0.05429416395948771
0.5245338371637088 0.054894580718461615
0.512270614261456 0.05546168337677265
0.4999999999999999 0.05599263395509469
0.4877293857385438 0.056485220997177496
0.475466162836291 0.05693798831350259
0.46321771820016633 0.057350295250763655
0.4509914298352198 0.0577223032711103
0.43879466240039156 0.058054889950336766
0.42663476277231926 0.05834949780264022
0.41451905561984914 0.058607931084397026
0.4024548389919357 0.05883211843200075
0.3904493799215649 0.05902386243929308
0.3785099100483679 0.059184598782063697
0.36664362126255073 0.059315187093502
0.35485766137276875 0.05941575348291891
0.3431591298005543 0.059485600525434966
0.33155507330389 0.05952319503506393
0.320052481732506 0.05952623739562021
0.30865828381745486 0.059491809184129725
0.29737934299750524 0.05941658885342198
0.28622245328485874 0.0592971189248973
0.27519433517269654 0.05913010301988191
0.26430163158700104 0.05891270758501689
0.2535509038851079 0.058642841677430765
0.2429486279033891 0.05831938885036695
0.23250119005645137 0.05794236803062012
0.2222148834901989 0.05751300514187649
0.2120959042910774 0.05703370377342022
0.20215034775378343 0.05650791094895883
0.19238420470968637 0.055939882433791104
0.18280335791817703 0.05533436038287397
0.17341357852311146 0.05469618381419162
0.16422052257649067 0.05402985876353927
0.15522972763146647 0.0533391194963933
0.14644660940672616 0.05262651440789049
0.1378764585242665 0.05189304998589296
0.12952443732252045 0.05113792338528423
0.12139557674675777 0.05035836890114553
0.11349477331863145 0.04954963626167891
0.10582678618669683 0.0487051096852638
0.09839623425967753 0.04781656669122192
0.09120759342420814 0.04687456544146271
0.08426519384872727 0.0458689396773114
0.07757321737514639 0.04478937183924533
0.07113569499986394 0.0436260083772905
0.06495650444564427 0.04237007710908017
0.059039367825822475 0.04101446512359684
0.05338784940224234 0.03955421732371883
0.048005353438278275 0.03798692019640825
0.042895122148234655 0.0363129425269521
0.038060233744356575 0.03453551406571616
0.03350360058263052 0.03266063397813547
0.029227967408489597 0.03069681250468268
0.025235909703481607 0.028654660802968947
0.021529832133895532 0.026546354606734386
0.018111967102280024 0.02438500633745138
0.014984373402728013 0.022183986976132754
0.012148934980735715 0.019956242839818384
0.009607359798384785 0.017713653103563345
0.007361178805529334 0.015466471383585931
0.005411745017609493 0.013222889102021745
0.0037602327006450165 0.01098875006308208
0.0024076366639015356 0.008767435256383184
0.0013547716606548965 0.006559925094758013
0.0006022718974137975 0.0043650339246740135
0.00015059065189787502 0.002179799595669589
0.0 0.0
0.00015059065189787502 -0.001181460396471112
0.0006022718974137975 -0.002357443465514948
0.0013547716606548965 -0.0035222397394842147
0.0024076366639015356 -0.0046707751223677065
0.0037602327006450165 -0.005798882443150577
0.005411745017609493 -0.0069035208613264605
0.007361178805529334 -0.007982931169098078
0.009607359798384785 -0.00903671918370727
0.012148934980735715 -0.010065864025076466
0.014984373402728013 -0.011072652804118847
0.018111967102280024 -0.012060547775109648
0.021529832133895532 -0.013033996019001877
0.025235909703481607 -0.013998194952141314
0.029227967408489597 -0.014958829185844732
0.03350360058263052 -0.015921795361815382
0.038060233744356575 -0.016892931506405626
0.042895122148234655 -0.017877766221027085
0.048005353438278275 -0.01888130077814277
0.05338784940224234 -0.01990783411751856
0.059039367825822475 -0.020960837089052494
0.06495650444564427 -0.022042878357892065
0.07113569499986394 -0.023155600481453816
0.07757321737514639 -0.02429974108487625
0.08426519384872727 -0.025475191068788955
0.09120759342420814 -0.026681079597171982
0.09839623425967753 -0.027915874382161834
0.10582678618669683 -0.02917748557735902
0.11349477331863145 -0.03046336239905202
0.12139557674675777 -0.03177057332230074
0.12952443732252045 -0.03309586317960209
0.1378764585242665 -0.03443568349835295
0.14644660940672616 -0.03578619568319125
0.15522972763146647 -0.0371432498948646
0.16422052257649067 -0.038502345416464454
0.17341357852311146 -0.03985858067474169
0.18280335791817703 -0.04120660268950594
0.19238420470968637 -0.042540566411991776
0.20215034775378343 -0.043854114113021016
0.2120959042910774 -0.04514038370449502
0.2222148834901989 -0.04639205271469668
0.23250119005645137 -0.04760142175453702
0.2429486279033891 -0.04876053793515741
0.2535509038851079 -0.04986135509800518
0.26430163158700104 -0.05089592419044012
0.27519433517269654 -0.05185660395693435
0.28622245328485874 -0.05273627958881387
0.29737934299750524 -0.053528575310603885
0.30865828381745486 -0.05422804624203899
0.320052481732506 -0.05483033534914173
0.33155507330389 -0.055332282888857436
0.3431591298005543 -0.0557319783774471
0.35485766137276875 -0.05602874861048817
0.36664362126255073 -0.05622307939978189
0.3785099100483679 -0.05631647318451915
0.3904493799215649 -0.056311249202977906
0.4024548389919357 -0.05621029714963317
0.41451905561984914 -0.056016798878171715
0.42663476277231926 -0.055733935468396986
0.43879466240039156 -0.05536459863725931
0.4509914298352198 -0.05491112589841263
0.46321771820016633 -0.05437507800323106
0.475466162836291 -0.0537570750616587
0.4877293857385438 -0.05305670446463359
0.4999999999999999 -0.052272509512566574
0.512270614261456 -0.05140206276459347
0.5245338371637088 -0.05044212287729306
0.5367822817998334 -0.04938886844171493
0.54900857016478 -0.04823819739878406
0.5612053375996082 -0.04698607633896869
0.5733652372276805 -0.04562892065246935
0.5854809443801506 -0.04416398430847932
0.5975451610080642 -0.042589737146589854
0.6095506200784349 -0.040906208014406385
0.6214900899516319 -0.03911527384823443
0.6333563787374491 -0.037220877747950715
0.645142338627231 -0.03522916304617748
0.6568408701994456 -0.03314851505683568
0.6684449266961098 -0.030989507306638242
0.6799475182674938 -0.028764754280125534
0.691341716182545 -0.02648867771914539
0.7026206570024947 -0.024177198007409025
0.713777546715141 -0.02184736587733278
0.7248056648273034 -0.0195169523949657
0.7356983684129987 -0.01720401677432456
0.746449096114892 -0.01492647198657361
0.7570513720966108 -0.012701667381937037
0.7674988099435485 -0.010546005726909662
0.7777851165098009 -0.008474609335239573
0.7879040957089227 -0.006501046549253212
0.7978496522462164 -0.004637125955015697
0.8076157952903136 -0.002892761654743403
0.8171966420818224 -0.0012759089359440342
0.8265864214768883 0.000207433986748419
0.8357794774235092 0.001553165614256458
0.8447702723685334 0.0027589720874538794
0.8535533905932737 0.003824180929896618
0.8621235414757333 0.004749589936942435
0.8704755626774794 0.005537283494916925
0.8786044232532422 0.006190447801211559
0.8865052266813687 0.006713194989640564
0.894173213813303 0.007110404195751227
0.9016037657403225 0.007387585297959175
0.9087924065757916 0.007550768625566448
0.9157348061512727 0.0076064215128035
0.9224267826248536 0.0075613903611459945
0.928864305000136 0.007422864985329625
0.9350434955543556 0.007198360562019493
0.9409606321741775 0.006895711535080295
0.9466121505977576 0.006523071378519558
0.9519946465617215 0.006088912159660244
0.9571048778517655 0.005602018329437326
0.9619397662556433 0.0050714700156232655
0.9664963994173694 0.004506612211648574
0.9707720325915102 0.003917007532688536
0.9747640902965183 0.003312371545871674
0.9784701678661044 0.0027024909749458256
0.98188803289772 0.0020971262484242945
0.985015626597272 0.0015059008407070135
0.9878510650192642 0.0009381806068088274
0.9903926402016152 0.00040294681478652986
0.9926388211944706 -9.133316146681938e-05
0.9945882549823906 -0.0005368334920992435
0.9962397672993549 -0.0009264920430920914
0.9975923633360985 -0.001254123494258129
0.9986452283393451 -0.0015145202975134536
0.9993977281025862 -0.001703538822428445
0.9998494093481021 -0.0018181685371292918
1.0 -0.001856582576102429
