1.0 0.0017877315070155212
0.9998494093481021 0.0018383499542226056
0.9993977281025862 0.001990154275823838
0.9986452283393451 0.002242972023072034
0.9975923633360985 0.002596453193475144
0.9962397672993549 0.003049983308618157
0.9945882549823906 0.0036025749960312556
0.9926388211944706 0.004252749896231085
0.9903926402016152 0.004998424160327589
0.9878510650192642 0.005836811031504135
0.985015626597272 0.006764352979848144
0.98188803289772 0.00777669365802357
0.9784701678661044 0.0088686967420539
0.9747640902965183 0.010034514782961511
0.9707720325915102 0.011267706854108618
0.9664963994173694 0.012561399407955075
0.9619397662556433 0.013908480734647998
0.9571048778517655 0.015301816099132481
0.9519946465617215 0.01673446832434497
0.9466121505977576 0.01819990750565782
0.9409606321741775 0.019692193805835714
0.9350434955543556 0.021206118898265774
0.928864305000136 0.022737294493205593
0.9224267826248536 0.024282180284742286
0.9157348061512727 0.025838048292357294
0.9087924065757916 0.027402885571479046
0.9016037657403225 0.028975242226733252
0.894173213813303 0.030554036170947912
0.8865052266813687 0.03213832975389892
0.8786044232532422 0.033727095920899036
0.8704755626774794 0.035318992725122914
0.8621235414757333 0.036912164690350156
0.8535533905932737 0.03850408770383079
0.8447702723685334 0.04009147093493777
0.8357794774235092 0.04167022495978467
0.8265864214768883 0.04323550015584159
0.8171966420818224 0.04478179391393095
0.8076157952903136 0.046303119735652355
0.7978496522462164 0.04779322628262724
0.7879040957089227 0.0492458503271511
0.7777851165098009 0.0506549846625247
0.7674988099435485 0.05201514061120591
0.7570513720966108 0.053321584949914125
0.746449096114892 0.05457053285525978
0.7356983684129987 0.05575928173467679
0.7248056648273034 0.05688627529856402
0.713777546715141 0.0579510926024019
0.7026206570024947 0.05895436261977562
0.691341716182545 0.05989761073548206
0.6799475182674938 0.06078304890522651
0.6684449266961098 0.06161332568175152
0.6568408701994456 0.06239125549274085
0.645142338627231 0.06311954820889877
0.6333563787374491 0.06380056001815931
0.6214900899516319 0.06443608491512344
0.6095506200784349 0.0650272028507425
0.5975451610080642 0.06557419602012078
0.5854809443801506 0.06607653925778471
0.5733652372276805 0.06653296450070743
0.5612053375996082 0.06694159325475747
0.54900857016478 0.06730012545020769
0.5367822817998334 0.06760606845205046
0.5245338371637088 0.06785698668474777
0.512270614261456 0.06805075061849392
0.4999999999999999 0.06818576389724491
0.4877293857385438 0.06826114917849722
0.475466162836291 0.06827687666818574
0.46321771820016633 0.06823382410375152
0.4509914298352198 0.06813376268287064
0.43879466240039156 0.06797926968857937
0.42663476277231926 0.06777357481023083
0.41451905561984914 0.06752035288442294
0.4024548389919357 0.0672234804975277
0.3904493799215649 0.06688677719468529
0.3785099100483679 0.06651375363258442
0.36664362126255073 0.06610738873482545
0.35485766137276875 0.06566995575049447
0.3431591298005543 0.06520291322472024
0.33155507330389 0.06470687155572037
0.320052481732506 0.06418163945152226
0.30865828381745486 0.0636263477190384
0.29737934299750524 0.06303964097928737
0.28622245328485874 0.06241992167456352
0.27519433517269654 0.061765625648065814
0.26430163158700104 0.06107550508452472
0.2535509038851079 0.0603488930331431
0.2429486279033891 0.05958592427481122
0.23250119005645137 0.05878768996102168
0.2222148834901989 0.05795630808809709
0.2120959042910774 0.057094898160672404
0.20215034775378343 0.0562074558854655
0.19238420470968637 0.055298631855261945
0.18280335791817703 0.054373426303544935
0.17341357852311146 0.05343681948523905
0.16422052257649067 0.05249336345521722
0.15522972763146647 0.05154676544273334
0.14644660940672616 0.050599495252013994
0.1378764585242665 0.04965244891246236
0.12952443732252045 0.0487046980948759
0.12139557674675777 0.047753349733099935
0.11349477331863145 0.04679353315984652
0.10582678618669683 0.04581852336275859
0.09839623425967753 0.04481999930600934
0.09120759342420814 0.04378842634546046
0.08426519384872727 0.04271354232946211
0.07757321737514639 0.041584918741312184
0.07113569499986394 0.04039256184765573
0.06495650444564427 0.03912751478996178
0.059039367825822475 0.03778242024821254
0.05338784940224234 0.036352004876353115
0.048005353438278275 0.03483345110655488
0.042895122148234655 0.03322662888239506
0.038060233744356575 0.031534168954030974
0.03350360058263052 0.02976136993262627
0.029227967408489597 0.027915942618396583
0.025235909703481607 0.026007606381917285
0.021529832133895532 0.024047562779151887
0.018111967102280024 0.022047880356407125
0.014984373402728013 0.020020831100163557
0.012148934980735715 0.01797822271433834
0.009607359798384785 0.01593077156560269
0.007361178805529334 0.013887558646945112
0.005411745017609493 0.011855605418977063
0.0037602327006450165 0.009839598263892548
0.0024076366639015356 0.007841780087913941
0.0013547716606548965 0.005862016047305446
0.0006022718974137975 0.0038980282658461047
0.00015059065189787502 0.0019457826168075862
0.0 0.0
0.00015059065189787502 -0.001474903573305119
0.0006022718974137975 -0.0029423793892915063
0.0013547716606548965 -0.004394800552809941
0.0024076366639015356 -0.00582520055289923
0.0037602327006450165 -0.007227558496099364
0.005411745017609493 -0.008597033460673953
0.007361178805529334 -0.00993013620593224
0.009607359798384785 -0.011224830442873004
0.012148934980735715 -0.01248056027988886
0.014984373402728013 -0.013698204990862313
0.018111967102280024 -0.014879966597443409
0.021529832133895532 -0.016029199614839673
0.025235909703481607 -0.01715019542252174
0.029227967408489597 -0.018247935887319326
0.03350360058263052 -0.01932783195817739
0.038060233744356575 -0.020395462922125837
0.042895122148234655 -0.02145633089612904
0.048005353438278275 -0.022515643045593926
0.05338784940224234 -0.023578131153615168
0.059039367825822475 -0.024647914756706916
0.06495650444564427 -0.02572841038987225
0.07113569499986394 -0.026822285837649375
0.07757321737514639 -0.027931454951092227
0.08426519384872727 -0.029057105816156392
0.09120759342420814 -0.030199753049886095
0.09839623425967753 -0.031359303895607295
0.10582678618669683 -0.032535127650594305
0.11349477331863145 -0.03372611877380164
0.12139557674675777 -0.03493074569443947
0.12952443732252045 -0.03614707971238132
0.1378764585242665 -0.03737280123075442
0.14644660940672616 -0.038605183633569816
0.15522972763146647 -0.03984105814346054
0.16422052257649067 -0.041076765697662346
0.17341357852311146 -0.042308104021684334
0.18280335791817703 -0.04353027946291808
0.19238420470968637 -0.04473787363583641
0.20215034775378343 -0.04592483446459772
0.2120959042910774 -0.04708449980450178
0.2222148834901989 -0.048209659575411165
0.23250119005645137 -0.04929265941360856
0.2429486279033891 -0.05032554546799058
0.2535509038851079 -0.05130024639800921
0.26430163158700104 -0.05220878516162576
0.27519433517269654 -0.0530435100979752
0.28622245328485874 -0.05379733237430921
0.29737934299750524 -0.054463955298820685
0.30865828381745486 -0.05503808045713677
0.320052481732506 -0.05551557619284007
0.33155507330389 -0.05589359562129764
0.3431591298005543 -0.056170634057740906
0.35485766137276875 -0.05634651929265663
0.36664362126255073 -0.05642233233008621
0.3785099100483679 -0.056400260735597035
0.3904493799215649 -0.05628339130697605
0.4024548389919357 -0.056075453059386764
0.41451905561984914 -0.05578052519927068
0.42663476277231926 -0.055402727575752576
0.43879466240039156 -0.05494591282944695
0.4509914298352198 -0.05441337996362867
0.46321771820016633 -0.053807628282388005
0.475466162836291 -0.05313016860347522
0.4877293857385438 -0.052381405475651
0.4999999999999999 -0.05156060000614375
0.512270614261456 -0.05066591809374616
0.5245338371637088 -0.049694563675492354
0.5367822817998334 -0.048642991364704374
0.54900857016478 -0.04750718792399259
0.5612053375996082 -0.04628300769741194
0.5733652372276805 -0.04496654369895746
0.5854809443801506 -0.04355451373751237
0.5975451610080642 -0.04204463989456139
0.6095506200784349 -0.04043599992049781
0.6214900899516319 -0.03872933065187054
0.6333563787374491 -0.03692726626559917
0.645142338627231 -0.03503449789233008
0.6568408701994456 -0.03305784556374919
0.6684449266961098 -0.031006238378185745
0.6799475182674938 -0.028890603822221472
0.691341716182545 -0.026723672068273082
0.7026206570024947 -0.024519705483363418
0.713777546715141 -0.022294167274998482
0.7248056648273034 -0.02006334596313792
0.7356983684129987 -0.01784395406591618
0.746449096114892 -0.015652719957642988
0.7570513720966108 -0.013505991312287476
0.7674988099435485 -0.01141936696730496
0.7777851165098009 -0.00940737157766971
0.7879040957089227 -0.00748318427553034
0.7978496522462164 -0.005658428939611071
0.8076157952903136 -0.003943029861077534
0.8171966420818224 -0.0023451328201610855
0.8265864214768883 -0.0008710880947587426
0.8357794774235092 0.0004745110888818456
0.8447702723685334 0.0016887435237941718
0.8535533905932737 0.0027702388922607917
0.8621235414757333 0.0037190318493333404
0.8704755626774794 0.0045364026691175965
0.8786044232532422 0.005224715111884447
0.8865052266813687 0.0057872608550970294
0.894173213813303 0.006228118032925424
0.9016037657403225 0.006552029309732211
0.9087924065757916 0.006764302645910649
0.9157348061512727 0.006870735668508979
0.9224267826248536 0.0068775624881736485
0.928864305000136 0.0067914200368093475
0.9350434955543556 0.006619329633149642
0.9409606321741775 0.006368688575409677
0.9466121505977576 0.006047266132406517
0.9519946465617215 0.005663198341583074
0.9571048778517655 0.0052249764767881325
0.9619397662556433 0.0047414248474176085
0.9664963994173694 0.004221664642967896
0.9707720325915102 0.003675061743583209
0.9747640902965183 0.0031111576777776723
0.9784701678661044 0.0025395841305740395
0.98188803289772 0.001969962510027033
0.985015626597272 0.0014117910071632656
0.9878510650192642 0.0008743222944567902
0.9903926402016152 0.0003664354832717952
0.9926388211944706 -0.00010349379654574372
0.9945882549823906 -0.0005277213024517473
0.9962397672993549 -0.0008992563303879585
0.9975923633360985 -0.0012119746664859118
0.9986452283393451 -0.0014607192904663412
0.9993977281025862 -0.0016413862395938156
0.9998494093481021 -0.0017509935281126191
1.0 -0.0017877315070155212
