1.0 0.0018377023335930031
0.9998494093481021 0.0018907434980266324
0.9993977281025862 0.002049804511297979
0.9986452283393451 0.0023146789895647875
0.9975923633360985 0.0026849618398718817
0.9962397672993549 0.0031599644870134776
0.9945882549823906 0.003738609357364313
0.9926388211944706 0.004419315332776466
0.9903926402016152 0.0051998872997943415
0.9878510650192642 0.006077423115399695
0.985015626597272 0.007048250255960576
0.98188803289772 0.008107902186154904
0.9784701678661044 0.009251141258206641
0.9747640902965183 0.010472030996922352
0.9707720325915102 0.011764056277940553
0.9664963994173694 0.013120285539627012
0.9619397662556433 0.014533565165092237
0.9571048778517655 0.015996732886973876
0.9519946465617215 0.01750283480559813
0.9466121505977576 0.01904532959085552
0.9409606321741775 0.020618263778209946
0.9350434955543556 0.022216403775501815
0.928864305000136 0.02383531316059804
0.9224267826248536 0.02547136785402959
0.9157348061512727 0.027121706488203782
0.9087924065757916 0.028784118391528245
0.9016037657403225 0.03045687665111381
0.894173213813303 0.0321385282976443
0.8865052266813687 0.03382765738732155
0.8786044232532422 0.03552263931808428
0.8704755626774794 0.03722140587998592
0.8621235414757333 0.03892124018217125
0.8535533905932737 0.04061861872204112
0.8447702723685334 0.04230911458957078
0.8357794774235092 0.043987371369324846
0.8265864214768883 0.045647152048979456
0.8171966420818224 0.04728146157116958
0.8076157952903136 0.04888273601890474
0.7978496522462164 0.050443086250537957
0.7879040957089227 0.051954579512422654
0.7777851165098009 0.05340953950353473
0.7674988099435485 0.05480084379883218
0.7570513720966108 0.0561221975929769
0.746449096114892 0.057368364410778576
0.7356983684129987 0.05853533762277636
0.7248056648273034 0.05962044105977958
0.713777546715141 0.06062235239230001
0.7026206570024947 0.06154104880738451
0.691341716182545 0.062377680412044945
0.6799475182674938 0.06313438224993477
0.6684449266961098 0.06381404039963672
0.6568408701994456 0.06442003096073178
0.645142338627231 0.06495595255808378
0.6333563787374491 0.06542537315691334
0.6214900899516319 0.06583161046654264
0.6095506200784349 0.06617756214045771
0.5975451610080642 0.06646559760291117
0.5854809443801506 0.06669751800379484
0.5733652372276805 0.0668745849596014
0.5612053375996082 0.06699761285922423
0.54900857016478 0.06706711408511543
0.5367822817998334 0.0670834819749805
0.5245338371637088 0.06704719310755375
0.512270614261456 0.06695900881581265
0.4999999999999999 0.06682015586316777
0.4877293857385438 0.06663246797313585
0.475466162836291 0.06639847324839247
0.46321771820016633 0.06612141718498735
0.4509914298352198 0.06580521660278621
0.43879466240039156 0.0654543459113166
0.42663476277231926 0.06507366320216068
0.41451905561984914 0.06466818919067324
0.4024548389919357 0.06424285654397188
0.3904493799215649 0.06380225022855986
0.3785099100483679 0.06335036090031085
0.36664362126255073 0.06289037288913045
0.35485766137276875 0.06242450599916799
0.3431591298005543 0.06195392630599553
0.33155507330389 0.06147873568233205
0.320052481732506 0.06099804334434272
0.30865828381745486 0.060510115793115625
0.29737934299750524 0.060012594693749956
0.28622245328485874 0.059502766057336134
0.27519433517269654 0.058977859099268344
0.26430163158700104 0.058435349787892506
0.2535509038851079 0.05787324269640472
0.2429486279033891 0.05729030550402526
0.23250119005645137 0.05668623336798641
0.2222148834901989 0.05606172524182993
0.2120959042910774 0.055418460720847024
0.20215034775378343 0.05475897368424384
0.19238420470968637 0.05408642730068596
0.18280335791817703 0.05340430322996262
0.17341357852311146 0.05271602543395816
0.16422052257649067 0.052024545285940575
0.15522972763146647 0.051331919104312854
0.14644660940672616 0.05063891142995815
0.1378764585242665 0.04994465707269009
0.12952443732252045 0.049246412115214834
0.12139557674675777 0.04853941881964613
0.11349477331863145 0.0478169020570837
0.10582678618669683 0.04707020596719342
0.09839623425967753 0.0462890696772189
0.09120759342420814 0.04546203078161916
0.08426519384872727 0.0445769356535223
0.07757321737514639 0.043621527256055045
0.07113569499986394 0.04258407459827881
0.06495650444564427 0.041454003863540374
0.059039367825822475 0.040222489885954144
0.05338784940224234 0.03888296822393422
0.048005353438278275 0.03743153252535386
0.042895122148234655 0.03586718893138159
0.038060233744356575 0.034191948463343995
0.03350360058263052 0.032410749052164914
0.029227967408489597 0.030531210355264512
0.025235909703481607 0.02856323594636034
0.021529832133895532 0.02651848803662713
0.018111967102280024 0.024409768821051076
0.014984373402728013 0.022250349181392893
0.012148934980735715 0.02005328931634881
0.009607359798384785 0.017830796607528183
0.007361178805529334 0.015593663585811128
0.005411745017609493 0.013350823385181163
0.0037602327006450165 0.011109051929350942
0.0024076366639015356 0.008872835854580909
0.0013547716606548965 0.006644413549238104
0.0006022718974137975 0.0044239845095798876
0.00015059065189787502 0.002210070338754696
0.0 0.0
0.00015059065189787502 -0.0015981755635717059
0.0006022718974137975 -0.0031847252001512847
0.0013547716606548965 -0.0047478884060348685
0.0024076366639015356 -0.006276721922907921
0.0037602327006450165 -0.0077614575825316195
0.005411745017609493 -0.009193802566211011
0.007361178805529334 -0.01056716853173565
0.009607359798384785 -0.011876820389142503
0.012148934980735715 -0.013119940321899807
0.014984373402728013 -0.014295607620809158
0.018111967102280024 -0.015404699686084152
0.021529832133895532 -0.016449723838489493
0.025235909703481607 -0.01743459308386358
0.029227967408489597 -0.018364361478492148
0.03350360058263052 -0.019244936103510392
0.038060233744356575 -0.020082782818295064
0.042895122148234655 -0.020884641957735598
0.048005353438278275 -0.0216572680832479
0.05338784940224234 -0.022407204984040977
0.059039367825822475 -0.023140603604167448
0.06495650444564427 -0.023863086732081124
0.07113569499986394 -0.024579660438953627
0.07757321737514639 -0.025294668688641785
0.08426519384872727 -0.02601178453440845
0.09120759342420814 -0.026734029083069644
0.09839623425967753 -0.027463808097054395
0.10582678618669683 -0.028202955792018276
0.11349477331863145 -0.028952776062742217
0.12139557674675777 -0.02971407294294101
0.12952443732252045 -0.030487164412519134
0.1378764585242665 -0.03127187648709686
0.14644660940672616 -0.03206751759707681
0.15522972763146647 -0.03287283630582291
0.16422052257649067 -0.0336859681511758
0.17341357852311146 -0.034504379570364674
0.18280335791817703 -0.035324818281017634
0.19238420470968637 -0.03614327999956253
0.20215034775378343 -0.03695500091722595
0.2120959042910774 -0.03775448393848879
0.2222148834901989 -0.03853556441308293
0.23250119005645137 -0.039291518129708485
0.2429486279033891 -0.040015210917599596
0.2535509038851079 -0.04069928559384293
0.26430163158700104 -0.04133637849479948
0.27519433517269654 -0.04191935473272767
0.28622245328485874 -0.04244154889300754
0.29737934299750524 -0.04289699635660704
0.30865828381745486 -0.0432806399559238
0.320052481732506 -0.043588497331701906
0.33155507330389 -0.04381777615099783
0.3431591298005543 -0.04396692718138361
0.35485766137276875 -0.044035628923779734
0.36664362126255073 -0.04402470184486551
0.3785099100483679 -0.043935954926340635
0.3904493799215649 -0.04377197193681163
0.4024548389919357 -0.043535849198598965
0.41451905561984914 -0.04323090034791673
0.42663476277231926 -0.04286034639338527
0.43879466240039156 -0.04242701104521555
0.4509914298352198 -0.04193304167238735
0.46321771820016633 -0.04137967529175923
0.475466162836291 -0.04076706673736357
0.4877293857385438 -0.040094192726510464
0.4999999999999999 -0.039358841140092846
0.512270614261456 -0.03855768974393033
0.5245338371637088 -0.03768647312135851
0.5367822817998334 -0.03674023111645036
0.54900857016478 -0.03571362695656151
0.5612053375996082 -0.03460131876480325
0.5733652372276805 -0.0333983646755772
0.5854809443801506 -0.032100639453617505
0.5975451610080642 -0.030705239534604606
0.6095506200784349 -0.029210853811001233
0.6214900899516319 -0.027618079247134893
0.6333563787374491 -0.025929663401918348
0.645142338627231 -0.02415065996687942
0.6568408701994456 -0.022288488228491186
0.6684449266961098 -0.020352892629138856
0.6799475182674938 -0.018355803998684195
0.691341716182545 -0.01631110922557966
0.7026206570024947 -0.014234340820927081
0.713777546715141 -0.012142301730027064
0.7248056648273034 -0.010052643651103239
0.7356983684129987 -0.007983418887672332
0.746449096114892 -0.00595262632477859
0.7570513720966108 -0.003977771494552631
0.7674988099435485 -0.0020754589732775146
0.7777851165098009 -0.00026103268684674226
0.7879040957089227 0.0014517236959461395
0.7978496522462164 0.0030508179855030654
0.8076157952903136 0.004526208114228682
0.8171966420818224 0.005869888061086974
0.8265864214768883 0.0070759046802772105
0.8357794774235092 0.008140312309030444
0.8447702723685334 0.009061074605614242
0.8535533905932737 0.009837924855535569
0.8621235414757333 0.010472196928791807
0.8704755626774794 0.010966639180686353
0.8786044232532422 0.011325222925556194
0.8865052266813687 0.01155295578663685
0.894173213813303 0.01165570838272025
0.9016037657403225 0.011640060623498705
0.9087924065757916 0.011513171530757284
0.9157348061512727 0.011282674158472247
0.9224267826248536 0.01095659501195135
0.928864305000136 0.010543295498586581
0.9350434955543556 0.010051431480743236
0.9409606321741775 0.0094899260064328
0.9466121505977576 0.008867949787630043
0.9519946465617215 0.00819490396349793
0.9571048778517655 0.00748040007735354
0.9619397662556433 0.006734232936685987
0.9664963994173694 0.00596634302180171
0.9707720325915102 0.005186766258811713
0.9747640902965183 0.004405570174912054
0.9784701678661044 0.0036327766147360684
0.98188803289772 0.002878272237310268
0.985015626597272 0.0021517088747552925
0.9878510650192642 0.0014623964793335944
0.9903926402016152 0.0008191918001577709
0.9926388211944706 0.00023038612085176215
0.9945882549823906 -0.0002964046221357664
0.9962397672993549 -0.0007543441984500493
0.9975923633360985 -0.001137472078857382
0.9986452283393451 -0.0014407886055364258
0.9993977281025862 -0.0016603272957286244
0.9998494093481021 -0.0017932126612815304
1.0 -0.0018377023335930031
