1.0 0.0019222166639649787
0.9998494093481021 0.0019679162760921696
0.9993977281025862 0.002104978124731305
0.9986452283393451 0.002333272168326002
0.9975923633360985 0.0026525201283539935
0.9962397672993549 0.0030622101698529365
0.9945882549823906 0.0035614907859235186
0.9926388211944706 0.004149055742714171
0.9903926402016152 0.00482303336537132
0.9878510650192642 0.005580893635428139
0.985015626597272 0.006419385491883372
0.98188803289772 0.00733451445878777
0.9784701678661044 0.00832156744383774
0.9747640902965183 0.00937518753817126
0.9707720325915102 0.010489497238088398
0.9664963994173694 0.011658264085015805
0.9619397662556433 0.012875098668252177
0.9571048778517655 0.01413367161773729
0.9519946465617215 0.0154279339363723
0.9466121505977576 0.016752324004915834
0.9409606321741775 0.018101944955541672
0.9350434955543556 0.01947269785634335
0.928864305000136 0.020861359165365412
0.9224267826248536 0.022265594977186588
0.9157348061512727 0.02368390938388946
0.9087924065757916 0.025115529424579595
0.9016037657403225 0.0265602341862858
0.894173213813303 0.028018140224645553
0.8865052266813687 0.029489459208235595
0.8786044232532422 0.030974246233588073
0.8704755626774794 0.03247215837894946
0.8621235414757333 0.03398224264634975
0.8535533905932737 0.03550277048984689
0.8447702723685334 0.03703113277409641
0.8357794774235092 0.03856380449864811
0.8265864214768883 0.04009638330378214
0.8171966420818224 0.04162370005785109
0.8076157952903136 0.04313999416616096
0.7978496522462164 0.04463914109087326
0.7879040957089227 0.04611491534825001
0.7777851165098009 0.04756126930206239
0.7674988099435485 0.04897260664963671
0.7570513720966108 0.05034402972934893
0.746449096114892 0.051671541663108125
0.7356983684129987 0.052952187749293514
0.7248056648273034 0.05418412518212788
0.713777546715141 0.055366615730317335
0.7026206570024947 0.056499942023272715
0.691341716182545 0.057585254088920894
0.6799475182674938 0.05862435828212594
0.6684449266961098 0.059619465292592065
0.6568408701994456 0.06057291715403071
0.645142338627231 0.061486914823971575
0.6333563787374491 0.06236326782360375
0.6214900899516319 0.06320318561585972
0.6095506200784349 0.06400712699426296
0.5975451610080642 0.06477471902189343
0.5854809443801506 0.06550475137612011
0.5733652372276805 0.0661952457777087
0.5612053375996082 0.06684359401357846
0.54900857016478 0.06744675240540421
0.5367822817998334 0.06800147589843404
0.5245338371637088 0.06850457163738514
0.512270614261456 0.06895315024153718
0.4999999999999999 0.06934485313887322
0.4877293857385438 0.06967803627259969
0.475466162836291 0.06995189410760676
0.46321771820016633 0.07016651285622565
0.4509914298352198 0.07032284781219048
0.43879466240039156 0.07042262614377044
0.42663476277231926 0.07046818291957353
0.41451905561984914 0.07046224398758258
0.4024548389919357 0.0704076741034954
0.3904493799215649 0.07030721199338072
0.3785099100483679 0.07016321553920402
0.36664362126255073 0.0699774398375169
0.35485766137276875 0.06975086850266082
0.3431591298005543 0.06948361442733719
0.33155507330389 0.06917490058613562
0.320052481732506 0.06882312480930829
0.30865828381745486 0.06842600529611731
0.29737934299750524 0.0679807965629968
0.28622245328485874 0.06748455912090752
0.27519433517269654 0.06693446099605796
0.26430163158700104 0.06632808570900818
0.2535509038851079 0.06566371984334693
0.2429486279033891 0.06494059404520676
0.23250119005645137 0.0641590542039356
0.2222148834901989 0.06332064449964599
0.2120959042910774 0.06242809062461285
0.20215034775378343 0.061485179307603686
0.19238420470968637 0.06049653869907612
0.18280335791817703 0.05946733255215424
0.17341357852311146 0.05840288878699239
0.16422052257649067 0.05730828932115912
0.15522972763146647 0.056187952442390214
0.14644660940672616 0.05504524108348395
0.1378764585242665 0.05388212989299713
0.12952443732252045 0.052698960932975665
0.12139557674675777 0.051494312330030746
0.11349477331863145 0.050264996605814904
0.10582678618669683 0.049006196235538806
0.09839623425967753 0.047711733881803456
0.09120759342420814 0.04637446446687071
0.08426519384872727 0.04498676655398494
0.07757321737514639 0.04354110215686144
0.07113569499986394 0.04203060775283761
0.06495650444564427 0.04044967547156051
0.059039367825822475 0.038794482521890473
0.05338784940224234 0.037063429051444684
0.048005353438278275 0.03525744972942778
0.042895122148234655 0.033380172106147105
0.038060233744356575 0.03143790473060499
0.03350360058263052 0.029439449429843518
0.029227967408489597 0.02739574427650152
0.025235909703481607 0.02531935573438619
0.021529832133895532 0.023223849412032847
0.018111967102280024 0.021123077967160033
0.014984373402728013 0.019030431306062717
0.012148934980735715 0.016958097797935463
0.009607359798384785 0.014916385472315328
0.007361178805529334 0.012913149021017504
0.005411745017609493 0.010953362059618787
0.0037602327006450165 0.009038864925652437
0.0024076366639015356 0.0071683069141725364
0.0013547716606548965 0.0053372890515152194
0.0006022718974137975 0.0035387001677983304
0.00015059065189787502 0.0017632260754172264
0.0 0.0
0.00015059065189787502 -0.0011210255631627568
0.0006022718974137975 -0.00223722262189107
0.0013547716606548965 -0.0033435094913582147
0.0024076366639015356 -0.004435437103769344
0.0037602327006450165 -0.005509458648634513
0.005411745017609493 -0.006563146449465297
0.007361178805529334 -0.007595343971691279
0.009607359798384785 -0.008606245049618847
0.012148934980735715 -0.009597397073015136
0.014984373402728013 -0.010571629659516102
0.018111967102280024 -0.011532914924249415
0.021529832133895532 -0.012486169527616942
0.025235909703481607 -0.013437011961945348
0.029227967408489597 -0.01439149081443366
0.03350360058263052 -0.015355800880252917
0.038060233744356575 -0.016336003943912575
0.042895122148234655 -0.01733776983544852
0.048005353438278275 -0.018366151121409546
0.05338784940224234 -0.0194254017041431
0.059039367825822475 -0.020518845930308418
0.06495650444564427 -0.021648800843383453
0.07113569499986394 -0.022816550263683122
0.07757321737514639 -0.024022365743813362
0.08426519384872727 -0.02526556639759878
0.09120759342420814 -0.026544607355313804
0.09839623425967753 -0.027857185309127914
0.10582678618669683 -0.029200349353339657
0.11349477331863145 -0.030570606084390453
0.12139557674675777 -0.03196400961454115
0.12952443732252045 -0.03337622960571968
0.1378764585242665 -0.03480259342189902
0.14644660940672616 -0.03623810176341384
0.15522972763146647 -0.03767742039878251
0.16422052257649067 -0.039114853565642586
0.17341357852311146 -0.040544307014619474
0.18280335791817703 -0.041959250306729194
0.19238420470968637 -0.04335268869775045
0.20215034775378343 -0.04471715467845709
0.2120959042910774 -0.046044727995467265
0.2222148834901989 -0.04732709084251458
0.23250119005645137 -0.04855562204934731
0.2429486279033891 -0.0497215307303855
0.2535509038851079 -0.050816026257509174
0.26430163158700104 -0.051830517884501194
0.27519433517269654 -0.05275683416920062
0.28622245328485874 -0.05358744978562324
0.29737934299750524 -0.05431570562075259
0.30865828381745486 -0.05493600737591003
0.320052481732506 -0.055443988331325716
0.33155507330389 -0.055836623491670366
0.3431591298005543 -0.056112284931247265
0.35485766137276875 -0.05627073164079833
0.36664362126255073 -0.05631303131400052
0.3785099100483679 -0.05624141601746094
0.3904493799215649 -0.05605907824663997
0.4024548389919357 -0.055769918154434744
0.41451905561984914 -0.05537825643532529
0.42663476277231926 -0.05488853017869217
0.43879466240039156 -0.05430499074982931
0.4509914298352198 -0.053631423269424675
0.46321771820016633 -0.052870906479678056
0.475466162836291 -0.0520256297353349
0.4877293857385438 -0.051096780656761244
0.4999999999999999 -0.050084512826491984
0.512270614261456 -0.04898799806447118
0.5245338371637088 -0.047805562593462865
0.5367822817998334 -0.046534901145167534
0.54900857016478 -0.045173358103474635
0.5612053375996082 -0.043718260458069945
0.5733652372276805 -0.04216728393114911
0.5854809443801506 -0.0405188313628315
0.5975451610080642 -0.0387724014416505
0.6095506200784349 -0.03692892620467056
0.6214900899516319 -0.034991057378476034
0.6333563787374491 -0.03296338447320987
0.645142338627231 -0.030852571386225585
0.6568408701994456 -0.02866740286643614
0.6684449266961098 -0.026418737237334518
0.6799475182674938 -0.02411936695453482
0.691341716182545 -0.021783793559527066
0.7026206570024947 -0.019427928082166958
0.713777546715141 -0.017068731677020738
0.7248056648273034 -0.014723814046144658
0.7356983684129987 -0.012411008864747301
0.746449096114892 -0.010147945923674566
0.7570513720966108 -0.007951639048261887
0.7674988099435485 -0.005838107134993984
0.7777851165098009 -0.0038220430187797206
0.7879040957089227 -0.0019165415498724751
0.7978496522462164 -0.00013289446219853004
0.8076157952903136 0.001519544385825823
0.8171966420818224 0.0030334237608528295
0.8265864214768883 0.004403393802013419
0.8357794774235092 0.005626045909395996
0.8447702723685334 0.00669980337983017
0.8535533905932737 0.007624774076946202
0.8621235414757333 0.008402577270213834
0.8704755626774794 0.00903615680049387
0.8786044232532422 0.009529591990405133
0.8865052266813687 0.009887916326289123
0.894173213813303 0.01011695204074507
0.9016037657403225 0.010223166490178957
0.9087924065757916 0.010213553830114169
0.9157348061512727 0.010095543118257546
0.9224267826248536 0.00987693178186853
0.928864305000136 0.009565841506187405
0.9350434955543556 0.00917069213522524
0.9409606321741775 0.008700188187568677
0.9466121505977576 0.0081633121009045
0.9519946465617215 0.007569318314808925
0.9571048778517655 0.006927722733753922
0.9619397662556433 0.006248282906430113
0.9664963994173694 0.0055409653201305845
0.9707720325915102 0.004815897437355358
0.9747640902965183 0.004083303392603375
0.9784701678661044 0.003353423524590334
0.98188803289772 0.002636419061007027
0.985015626597272 0.0019422642364813588
0.9878510650192642 0.0012806288682749808
0.9903926402016152 0.0006607549192318484
0.9926388211944706 9.133084503485647e-05
0.9945882549823906 -0.0004196324281841575
0.9962397672993549 -0.0008649201874731986
0.9975923633360985 -0.0012382238539828572
0.9986452283393451 -0.0015342391060869905
0.9993977281025862 -0.0017487496226371822
0.9998494093481021 -0.0018786943474259003
1.0 -0.0019222166639649787
