1.0 0.001984160188866452
0.9998494093481021 0.0020340191926916562
0.9993977281025862 0.0021835446702228468
0.9986452283393451 0.0024325631026817403
0.9975923633360985 0.0027807242655815655
0.9962397672993549 0.0032274166085386447
0.9945882549823906 0.0037716619752664908
0.9926388211944706 0.004412001390607348
0.9903926402016152 0.005146385047054205
0.9878510650192642 0.0059720798069237855
0.985015626597272 0.006885606464699504
0.98188803289772 0.007882716763915944
0.9784701678661044 0.008958416915577125
0.9747640902965183 0.010107040391524522
0.9707720325915102 0.011322368404687826
0.9664963994173694 0.012597792115999498
0.9619397662556433 0.013926506609231818
0.9571048778517655 0.015301723408717667
0.9519946465617215 0.01671688608287149
0.9466121505977576 0.018165872497608933
0.9409606321741775 0.01964316767444072
0.9350434955543556 0.021143992970355015
0.928864305000136 0.022664380316889197
0.9224267826248536 0.024201184312138933
0.9157348061512727 0.025752029738792207
0.9087924065757916 0.027315197204039732
0.9016037657403225 0.028889454647904107
0.894173213813303 0.030473847027635427
0.8865052266813687 0.03206746017231313
0.8786044232532422 0.03366917729341896
0.8704755626774794 0.03527744770569733
0.8621235414757333 0.0368900868421248
0.8535533905932737 0.03850412464457098
0.8447702723685334 0.04011571600960082
0.8357794774235092 0.04172012241416714
0.8265864214768883 0.04331176848299148
0.8171966420818224 0.04488437150284983
0.8076157952903136 0.046431136191006715
0.7978496522462164 0.047945001839390516
0.7879040957089227 0.04941892470131192
0.7777851165098009 0.050846175512760695
0.7674988099435485 0.052220630596363615
0.7570513720966108 0.053537035214154205
0.746449096114892 0.05479121971507607
0.7356983684129987 0.0559802524315564
0.7248056648273034 0.057102517960069175
0.713777546715141 0.058157715052979314
0.7026206570024947 0.05914677441685403
0.691341716182545 0.060071702778142534
0.6799475182674938 0.060935365159607804
0.6684449266961098 0.061741221964453245
0.6568408701994456 0.06249304081559404
0.645142338627231 0.06319460487312306
0.6333563787374491 0.0638494394068902
0.6214900899516319 0.06446057672424149
0.6095506200784349 0.06503037627595648
0.5975451610080642 0.06556041214697299
0.5854809443801506 0.06605143455326853
0.5733652372276805 0.06650340586368833
0.5612053375996082 0.06691560554172486
0.54900857016478 0.0672867927581583
0.5367822817998334 0.06761541072597625
0.5245338371637088 0.06789981344484657
0.512270614261456 0.06813849379763577
0.4999999999999999 0.06833029196917176
0.4877293857385438 0.068474564966072
0.475466162836291 0.06857130146758957
0.46321771820016633 0.06862117105557639
0.4509914298352198 0.06862550266533239
0.43879466240039156 0.06858619339150132
0.42663476277231926 0.0685055550502979
0.41451905561984914 0.06838611161238789
0.4024548389919357 0.0682303652894027
0.3904493799215649 0.06804055227037188
0.3785099100483679 0.06781841056556999
0.36664362126255073 0.06756498196800428
0.35485766137276875 0.06728046778611338
0.3431591298005543 0.0669641538924711
0.33155507330389 0.06661441507778268
0.320052481732506 0.06622880212846148
0.30865828381745486 0.06580420798387226
0.29737934299750524 0.06533710235235402
0.28622245328485874 0.06482381785612111
0.27519433517269654 0.06426086567594827
0.26430163158700104 0.06364525523341441
0.2535509038851079 0.06297479101330578
0.2429486279033891 0.062248320369644096
0.23250119005645137 0.06146590908221
0.2222148834901989 0.060628926366926746
0.2120959042910774 0.059740027657160966
0.20215034775378343 0.058803031284519934
0.19238420470968637 0.057822693609032826
0.18280335791817703 0.05680439552703034
0.17341357852311146 0.05575376095341339
0.16422052257649067 0.05467623420386898
0.15522972763146647 0.0535766476505178
0.14644660940672616 0.052458813182582324
0.1378764585242665 0.051325170630543246
0.12952443732252045 0.0501765233567212
0.12139557674675777 0.04901188582462202
0.11349477331863145 0.04782846047273491
0.10582678618669683 0.04662175214467006
0.09839623425967753 0.04538581831003155
0.09120759342420814 0.044113643080948575
0.08426519384872727 0.042797613353767576
0.07757321737514639 0.04143006702681841
0.07113569499986394 0.04000387682613154
0.06495650444564427 0.03851302934245435
0.059039367825822475 0.036953157801424524
0.05338784940224234 0.03532198900632331
0.048005353438278275 0.03361966974172634
0.042895122148234655 0.031848945420263716
0.038060233744356575 0.030015173406198064
0.03350360058263052 0.028126164603050625
0.029227967408489597 0.026191858770204902
0.025235909703481607 0.024223850790839732
0.021529832133895532 0.022234795900983876
0.018111967102280024 0.0202377309144524
0.014984373402728013 0.018245355064659047
0.012148934980735715 0.01626931772275579
0.009607359798384785 0.01431956063964029
0.007361178805529334 0.012403759425269268
0.005411745017609493 0.010526902888970777
0.0037602327006450165 0.008691040014032652
0.0024076366639015356 0.00689521332544975
0.0013547716606548965 0.005135584987951439
0.0006022718974137975 0.0034057490051600105
0.00015059065189787502 0.0016972102872351235
0.0 0.0
0.00015059065189787502 -0.0015819553926947401
0.0006022718974137975 -0.003152689793395551
0.0013547716606548965 -0.004700819374138553
0.0024076366639015356 -0.0062158078471449205
0.0037602327006450165 -0.007688335976165492
0.005411745017609493 -0.009110609558824588
0.007361178805529334 -0.010476591416499698
0.009607359798384785 -0.0117821475662646
0.012148934980735715 -0.013025102913531822
0.014984373402728013 -0.014205207141520659
0.018111967102280024 -0.015324016623945294
0.021529832133895532 -0.01638470280795405
0.025235909703481607 -0.017391801305692053
0.029227967408489597 -0.018350918659251488
0.03350360058263052 -0.019268415249859453
0.038060233744356575 -0.020151083043148377
0.042895122148234655 -0.021005835827415477
0.048005353438278275 -0.021839427430416232
0.05338784940224234 -0.02265821029195139
0.059039367825822475 -0.023467942987594845
0.06495650444564427 -0.024273651149614266
0.07113569499986394 -0.02507954203983608
0.07757321737514639 -0.025888969115411276
0.08426519384872727 -0.026704439581531937
0.09120759342420814 -0.027527655382731005
0.09839623425967753 -0.028359576514824295
0.10582678618669683 -0.029200495030018953
0.11349477331863145 -0.030050108658714568
0.12139557674675777 -0.03090758449812578
0.12952443732252045 -0.03177160555754563
0.1378764585242665 -0.032640395876651324
0.14644660940672616 -0.03351172317556215
0.15522972763146647 -0.03438288125940046
0.16422052257649067 -0.03525065739286161
0.17341357852311146 -0.03611129231331163
0.18280335791817703 -0.036960442241898886
0.19238420470968637 -0.03779315302281081
0.20215034775378343 -0.03860385628967958
0.2120959042910774 -0.03938639632735418
0.2222148834901989 -0.04013409415264337
0.23250119005645137 -0.040839852442292525
0.2429486279033891 -0.04149630151824968
0.2535509038851079 -0.04209598293412605
0.26430163158700104 -0.04263156359326922
0.27519433517269654 -0.04309607007076253
0.28622245328485874 -0.0434831301899269
0.29737934299750524 -0.043787207155474954
0.30865828381745486 -0.04400381084415524
0.320052481732506 -0.0441296712958431
0.33155507330389 -0.04416286104384698
0.3431591298005543 -0.044102855594902825
0.35485766137276875 -0.043950524955635076
0.36664362126255073 -0.04370805336940408
0.3785099100483679 -0.04337878908566015
0.3904493799215649 -0.04296703070823311
0.4024548389919357 -0.04247776112285404
0.41451905561984914 -0.04191634386407767
0.42663476277231926 -0.04128819976087493
0.43879466240039156 -0.04059848356971849
0.4509914298352198 -0.03985178091024574
0.46321771820016633 -0.03905184509454966
0.475466162836291 -0.03820139141191335
0.4877293857385438 -0.03730196321238667
0.4999999999999999 -0.036353879924117004
0.512270614261456 -0.0353562722093336
0.5245338371637088 -0.03430720413160803
0.5367822817998334 -0.03320387682026695
0.54900857016478 -0.032042903028754836
0.5612053375996082 -0.03082063752447124
0.5733652372276805 -0.029533544707480944
0.5854809443801506 -0.02817858246144523
0.5975451610080642 -0.02675358014161407
0.6095506200784349 -0.02525758886424457
0.6214900899516319 -0.023691183851626035
0.6333563787374491 -0.022056701391998525
0.645142338627231 -0.020358396800897266
0.6568408701994456 -0.018602514362852905
0.6684449266961098 -0.016797265287626026
0.6799475182674938 -0.014952714906951665
0.691341716182545 -0.013080585338325979
0.7026206570024947 -0.011193984344530237
0.713777546715141 -0.009307074854997365
0.7248056648273034 -0.0074347023790447
0.7356983684129987 -0.005591999192636986
0.746449096114892 -0.0037939846580923413
0.7570513720966108 -0.0020551803570670844
0.7674988099435485 -0.000389256973146323
0.7777851165098009 0.0011912727908969844
0.7879040957089227 0.002675304324406722
0.7978496522462164 0.004053327110919049
0.8076157952903136 0.005317543468709315
0.8171966420818224 0.006461920786342178
0.8265864214768883 0.007482181597691756
0.8357794774235092 0.008375738898410614
0.8447702723685334 0.009141586470802406
0.8535533905932737 0.009780155550379437
0.8621235414757333 0.010293149889296235
0.8704755626774794 0.010683371163597192
0.8786044232532422 0.010954545802571105
0.8865052266813687 0.011111162806452158
0.894173213813303 0.01115833011621905
0.9016037657403225 0.011101654782106481
0.9087924065757916 0.010947149730202851
0.9157348061512727 0.01070116752866338
0.9224267826248536 0.0103703593685175
0.928864305000136 0.009961655632682268
0.9350434955543556 0.009482263028884256
0.9409606321741775 0.008939672366004634
0.9466121505977576 0.008341670676112854
0.9519946465617215 0.007696351504474934
0.9571048778517655 0.007012117751552931
0.9619397662556433 0.006297672372221738
0.9664963994173694 0.005561993417928055
0.9707720325915102 0.004814291238557538
0.9747640902965183 0.00406394703428123
0.9784701678661044 0.003320433264597128
0.98188803289772 0.0025932175989620858
0.985015626597272 0.0018916530683098726
0.9878510650192642 0.0012248578100751274
0.9903926402016152 0.0006015882753299434
0.9926388211944706 3.0109991196256534e-05
0.9945882549823906 -0.000481930031197576
0.9962397672993549 -0.0009276253461360981
0.9975923633360985 -0.0013009230217772014
0.9986452283393451 -0.0015967243669516035
0.9993977281025862 -0.0018109708087247634
0.9998494093481021 -0.00194071280576089
1.0 -0.001984160188866452
