1.0 0.0020199376798198648
0.9998494093481021 0.002060334188759776
0.9993977281025862 0.002181487882983969
0.9986452283393451 0.002383273347608875
0.9975923633360985 0.0026654238113799737
0.9962397672993549 0.003027451265116595
0.9945882549823906 0.0034685474639565804
0.9926388211944706 0.003987477213505935
0.9903926402016152 0.004582476685936719
0.9878510650192642 0.005251169657846702
0.985015626597272 0.005990513475105109
0.98188803289772 0.006796784307416764
0.9784701678661044 0.007665608036275874
0.9747640902965183 0.008592039192096342
0.9707720325915102 0.009570686053585195
0.9664963994173694 0.01059587571718986
0.9619397662556433 0.01166184901591517
0.9571048778517655 0.012762971968773107
0.9519946465617215 0.01389394827252152
0.9466121505977576 0.015050016422075251
0.9409606321741775 0.016227115479485684
0.9350434955543556 0.017422005305402055
0.928864305000136 0.018632330108602973
0.9224267826248536 0.019856618238664654
0.9157348061512727 0.02109421593394652
0.9087924065757916 0.022345157865658754
0.9016037657403225 0.023609982376808836
0.894173213813303 0.024889503887899674
0.8865052266813687 0.02618455864667649
0.8786044232532422 0.027495742517954273
0.8704755626774794 0.028823160613275223
0.8621235414757333 0.030166208131302587
0.8535533905932737 0.03152339982280564
0.8447702723685334 0.0328922621365356
0.8357794774235092 0.034269297586567035
0.8265864214768883 0.03565002554670391
0.8171966420818224 0.03702909793266265
0.8076157952903136 0.03840048252556934
0.7978496522462164 0.03975770147113451
0.7879040957089227 0.04109410817445691
0.7777851165098009 0.04240318275012416
0.7674988099435485 0.04367882463428664
0.7570513720966108 0.04491562105541989
0.746449096114892 0.04610907179975571
0.7356983684129987 0.04725575397091003
0.7248056648273034 0.048353414983765025
0.713777546715141 0.04940098749937607
0.7026206570024947 0.05039852597353785
0.691341716182545 0.051347070487094665
0.6799475182674938 0.052248449076382535
0.6684449266961098 0.05310503444555297
0.6568408701994456 0.053919474345847186
0.645142338627231 0.05469441677622283
0.6333563787374491 0.05543225134305959
0.6214900899516319 0.056134886596896943
0.6095506200784349 0.056803580061429014
0.5975451610080642 0.05743883323282806
0.5854809443801506 0.05804035841355509
0.5733652372276805 0.058607118292680865
0.5612053375996082 0.059137433178767684
0.54900857016478 0.05962914522275607
0.5367822817998334 0.060079824295164064
0.5245338371637088 0.06048699679170259
0.512270614261456 0.06084837681877762
0.4999999999999999 0.061162079113043735
0.4877293857385438 0.06142679469404252
0.475466162836291 0.06164191350930172
0.46321771820016633 0.061807582945795615
0.4509914298352198 0.0619246966745797
0.43879466240039156 0.06199481440595879
0.42663476277231926 0.06202001925190622
0.41451905561984914 0.06200272500491651
0.4024548389919357 0.06194545026772689
0.3904493799215649 0.06185057960138742
0.3785099100483679 0.061720133404660336
0.36664362126255073 0.06155556793585301
0.35485766137276875 0.06135762472986849
0.3431591298005543 0.06112624479333582
0.33155507330389 0.060860557668681994
0.320052481732506 0.06055894915694353
0.30865828381745486 0.06021920468401922
0.29737934299750524 0.05983871854346737
0.28622245328485874 0.059414753116504994
0.27519433517269654 0.05894472718448083
0.26430163158700104 0.05842650905733752
0.2535509038851079 0.0578586887707749
0.2429486279033891 0.05724080423406879
0.23250119005645137 0.0565734989529463
0.2222148834901989 0.05585859365005555
0.2120959042910774 0.05509906043995394
0.20215034775378343 0.05429889572664494
0.19238420470968637 0.05346289611327628
0.18280335791817703 0.05259634971519546
0.17341357852311146 0.05170466270286157
0.16422052257649067 0.05079294705868666
0.15522972763146647 0.0498655998839734
0.14644660940672616 0.04892590673807277
0.1378764585242665 0.0479757011923168
0.12952443732252045 0.04701510998049645
0.12139557674675777 0.04604240796214775
0.11349477331863145 0.04505399990716234
0.10582678618669683 0.044044537348023265
0.09839623425967753 0.04300716904850016
0.09120759342420814 0.0419339137109987
0.08426519384872727 0.04081613412984634
0.07757321737514639 0.03964508381465936
0.07113569499986394 0.03841249080072553
0.06495650444564427 0.03711113945010024
0.059039367825822475 0.0357354098782794
0.05338784940224234 0.034281736370229104
0.048005353438278275 0.03274895071741837
0.042895122148234655 0.031138483544060156
0.038060233744356575 0.02945440593091053
0.03350360058263052 0.02770330436020628
0.029227967408489597 0.025893993447859344
0.025235909703481607 0.024037082285432866
0.021529832133895532 0.022144420664769265
0.018111967102280024 0.02022846023636733
0.014984373402728013 0.018301572103582835
0.012148934980735715 0.016375365983656937
0.009607359798384785 0.0144600565770637
0.007361178805529334 0.012563920104431811
0.005411745017609493 0.010692878250750628
0.0037602327006450165 0.008850238375461148
0.0024076366639015356 0.007036608374871383
0.0013547716606548965 0.005249992745246981
0.0006022718974137975 0.0034860640189942143
0.00015059065189787502 0.0017385917040665217
0.0 0.0
0.00015059065189787502 -0.0011836520379770955
0.0006022718974137975 -0.002361049846121879
0.0013547716606548965 -0.0035256699183798053
0.0024076366639015356 -0.004671647911681429
0.0037602327006450165 -0.005794061211793308
0.005411745017609493 -0.006889158315515138
0.007361178805529334 -0.007954522795664247
0.009607359798384785 -0.008989163816942073
0.012148934980735715 -0.00999352983280364
0.014984373402728013 -0.010969446888254259
0.018111967102280024 -0.011919987547187937
0.021529832133895532 -0.01284928053983619
0.025235909703481607 -0.013762274511818816
0.029227967408489597 -0.01466447153809528
0.03350360058263052 -0.015561647206046464
0.038060233744356575 -0.016459574020879435
0.042895122148234655 -0.017363763680899237
0.048005353438278275 -0.018279241531869793
0.05338784940224234 -0.01921036343495639
0.059039367825822475 -0.020160681626418327
0.06495650444564427 -0.021132862202556203
0.07113569499986394 -0.022128652939259343
0.07757321737514639 -0.02314889655243641
0.08426519384872727 -0.024193581492976412
0.09120759342420814 -0.025261920165343347
0.09839623425967753 -0.026352443212208435
0.10582678618669683 -0.027463098289633003
0.11349477331863145 -0.02859134255574251
0.12139557674675777 -0.02973421981648195
0.12952443732252045 -0.030888415747411777
0.1378764585242665 -0.03205028761359286
0.14644660940672616 -0.03321586817240548
0.15522972763146647 -0.03438084667926851
0.16422052257649067 -0.03554053284001863
0.17341357852311146 -0.0366898119090029
0.18280335791817703 -0.03782310070868719
0.19238420470968637 -0.03893431499880997
0.20215034775378343 -0.04001685828079816
0.2120959042910774 -0.04106364079820869
0.2222148834901989 -0.042067135279709233
0.23250119005645137 -0.04301947303546814
0.2429486279033891 -0.04391258059054144
0.2535509038851079 -0.04473835339383504
0.26430163158700104 -0.04548885957539917
0.27519433517269654 -0.046156563534944274
0.28622245328485874 -0.04673455660387506
0.29737934299750524 -0.047216780360070355
0.30865828381745486 -0.047598227553863275
0.320052481732506 -0.04787510611287932
0.33155507330389 -0.04804495333523623
0.3431591298005543 -0.04810669007130116
0.35485766137276875 -0.0480606082684821
0.36664362126255073 -0.047908289475952194
0.3785099100483679 -0.047652456487685825
0.3904493799215649 -0.04729676492076495
0.4024548389919357 -0.046845545850083374
0.41451905561984914 -0.04630351433349884
0.42663476277231926 -0.04567546148429389
0.43879466240039156 -0.04496594946028749
0.4509914298352198 -0.044179029195984466
0.46321771820016633 -0.043317999846917796
0.475466162836291 -0.04238522677611135
0.4877293857385438 -0.04138203161318938
0.4999999999999999 -0.04030866366030927
0.512270614261456 -0.03916435697657983
0.5245338371637088 -0.0379474721635416
0.5367822817998334 -0.0366557165449015
0.54900857016478 -0.0352864314330022
0.5612053375996082 -0.03383693083005541
0.5733652372276805 -0.03230487250773551
0.5854809443801506 -0.030688640165009443
0.5975451610080642 -0.028987714424033154
0.6095506200784349 -0.027203010843655725
0.6214900899516319 -0.02533716487582167
0.6333563787374491 -0.023394746641644985
0.645142338627231 -0.02138239236357329
0.6568408701994456 -0.01930884399743114
0.6684449266961098 -0.01718489375849346
0.6799475182674938 -0.015023235501330598
0.691341716182545 -0.012838229965614139
0.7026206570024947 -0.010645595432383663
0.713777546715141 -0.008462039081838084
0.7248056648273034 -0.006304847096958614
0.7356983684129987 -0.004191453179849211
0.746449096114892 -0.002139005579570043
0.7570513720966108 -0.00016395199015137524
0.7674988099435485 0.0017183401410453788
0.7777851165098009 0.0034939130920813967
0.7879040957089227 0.005150486774622267
0.7978496522462164 0.006677657617857328
0.8076157952903136 0.008067025071596585
0.8171966420818224 0.00931224639703133
0.8265864214768883 0.010409024120102039
0.8357794774235092 0.011355033698222498
0.8447702723685334 0.012149801431362666
0.8535533905932737 0.01279454432408043
0.8621235414757333 0.01329198442712497
0.8704755626774794 0.013646150166838542
0.8786044232532422 0.013862176374550457
0.8865052266813687 0.013946113270807718
0.894173213813303 0.013904752691420594
0.9016037657403225 0.013745477538182073
0.9087924065757916 0.013476137980563326
0.9157348061512727 0.013104955505349571
0.9224267826248536 0.01264045367205756
0.928864305000136 0.012091412518980002
0.9350434955543556 0.011466842078994868
0.9409606321741775 0.01077596946773869
0.9466121505977576 0.010028233520761052
0.9519946465617215 0.009233280963688709
0.9571048778517655 0.008400958549265135
0.9619397662556433 0.0075412964095926275
0.9664963994173694 0.006664478954817303
0.9707720325915102 0.00578080089551009
0.9747640902965183 0.004900607269620383
0.9784701678661044 0.004034217618766173
0.98188803289772 0.003191835600268879
0.985015626597272 0.002383446277974328
0.9878510650192642 0.0016187040660856147
0.9903926402016152 0.0009068147883290818
0.9926388211944706 0.0002564155632478523
0.9945882549823906 -0.00032454374353443525
0.9962397672993549 -0.0008289139133495589
0.9975923633360985 -0.0012504513244078834
0.9986452283393451 -0.0015839115615117732
0.9993977281025862 -0.0018251292403636884
0.9998494093481021 -0.0019710820741419594
1.0 -0.0020199376798198648
