1.0 0.0020216252899908226
0.9998494093481021 0.0020701746074983617
0.9993977281025862 0.002215773424565815
0.9986452283393451 0.0024582554632024568
0.9975923633360985 0.0027972827189234888
0.9962397672993549 0.0032322610717757977
0.9945882549823906 0.0037622353358108566
0.9926388211944706 0.00438577547837269
0.9903926402016152 0.005100867145868248
0.9878510650192642 0.005904819815258511
0.985015626597272 0.006794204817039715
0.98188803289772 0.007764833223087783
0.9784701678661044 0.00881178034304865
0.9747640902965183 0.009929459597404405
0.9707720325915102 0.011111744172595486
0.9664963994173694 0.012352130491158013
0.9619397662556433 0.013643933532181662
0.9571048778517655 0.014980500773047314
0.9519946465617215 0.016355429294111504
0.9466121505977576 0.017762769612230077
0.9409606321741775 0.019197200202305573
0.9350434955543556 0.020654158429695226
0.928864305000136 0.022129916635664465
0.9224267826248536 0.023621596170296334
0.9157348061512727 0.02512711693850889
0.9087924065757916 0.02664508513497356
0.9016037657403225 0.028174626877081627
0.894173213813303 0.029715179984414357
0.8865052266813687 0.03126625981416319
0.8786044232532422 0.032827217525641814
0.8704755626774794 0.03439701018699541
0.8621235414757333 0.035974001639661024
0.8535533905932737 0.037555811010856664
0.8447702723685334 0.03913922234585509
0.8357794774235092 0.0407201642699302
0.8265864214768883 0.042293763231279445
0.8171966420818224 0.04385446813738236
0.8076157952903136 0.045396238531556755
0.7978496522462164 0.04691278331796356
0.7879040957089227 0.048397832849897564
0.7777851165098009 0.04984542429540753
0.7674988099435485 0.05125017883426157
0.7570513720966108 0.05260754954865624
0.746449096114892 0.053914020842218524
0.7356983684129987 0.05516724371985197
0.7248056648273034 0.05636609602322719
0.713777546715141 0.057510662377764206
0.7026206570024947 0.058602134725832894
0.691341716182545 0.05964264041590723
0.6799475182674938 0.060635010404484393
0.6684449266961098 0.061582504759242915
0.6568408701994456 0.06248851595364409
0.645142338627231 0.06335627214419935
0.6333563787374491 0.06418856257765125
0.6214900899516319 0.06498750548122012
0.6095506200784349 0.0657543753804959
0.5975451610080642 0.06648950203310015
0.5854809443801506 0.06719224743899338
0.5733652372276805 0.06786106114824023
0.5612053375996082 0.06849360783661554
0.54900857016478 0.06908695536521038
0.5367822817998334 0.06963780675177583
0.5245338371637088 0.07014275605311383
0.512270614261456 0.07059854637540128
0.4999999999999999 0.07100230824653092
0.4877293857385438 0.07135175840876623
0.475466162836291 0.07164534258043118
0.46321771820016633 0.0718823106129237
0.4509914298352198 0.07206271833813002
0.43879466240039156 0.07218735677957136
0.42663476277231926 0.072257615759268
0.41451905561984914 0.07227529473769849
0.4024548389919357 0.0722423784818331
0.3904493799215649 0.0721607984516931
0.3785099100483679 0.07203220233023412
0.36664362126255073 0.07185775373711978
0.35485766137276875 0.07163798186338383
0.3431591298005543 0.07137269669959405
0.33155507330389 0.07106098001246994
0.320052481732506 0.07070125568797207
0.30865828381745486 0.07029143603001087
0.29737934299750524 0.06982913366247208
0.28622245328485874 0.06931192241342887
0.27519433517269654 0.06873762550771034
0.26430163158700104 0.0681046060142314
0.2535509038851079 0.0674120331188561
0.2429486279033891 0.06666009859810947
0.23250119005645137 0.06585016085696097
0.2222148834901989 0.06498479889129245
0.2120959042910774 0.06406776520140262
0.20215034775378343 0.063103834531937
0.19238420470968637 0.06209855375225389
0.18280335791817703 0.061057906561622244
0.17341357852311146 0.059987914334450734
0.16422052257649067 0.05889420067978369
0.15522972763146647 0.057781551634204266
0.14644660940672616 0.056653505430302814
0.1378764585242665 0.05551200524590134
0.12952443732252045 0.054357145196524626
0.12139557674675777 0.053187034239901995
0.11349477331863145 0.051997794964564394
0.10582678618669683 0.05078370495385885
0.09839623425967753 0.049537478206010926
0.09120759342420814 0.04825067369241927
0.08426519384872727 0.046914208325865084
0.07757321737514639 0.04551894313873796
0.07113569499986394 0.04405630500758653
0.06495650444564427 0.04251890233885334
0.059039367825822475 0.04090109210883972
0.05338784940224234 0.03919945767853777
0.048005353438278275 0.03741316180804586
0.042895122148234655 0.03554414698162475
0.038060233744356575 0.0335971650254857
0.03350360058263052 0.03157962938870045
0.029227967408489597 0.029501295572508697
0.025235909703481607 0.027373787177319236
0.021529832133895532 0.025209996027775308
0.018111967102280024 0.023023394030953746
0.014984373402728013 0.02082730113601034
0.012148934980735715 0.018634157480214103
0.009607359798384785 0.016454848220727326
0.007361178805529334 0.014298126592149114
0.005411745017609493 0.012170174566870933
0.0037602327006450165 0.010074331530281486
0.0024076366639015356 0.008011010221725352
0.0013547716606548965 0.005977806602693983
0.0006022718974137975 0.003969797171325415
0.00015059065189787502 0.001980004467059444
0.0 0.0
0.00015059065189787502 -0.001311465285586504
0.0006022718974137975 -0.002614683955869848
0.0013547716606548965 -0.0039011886116085224
0.0024076366639015356 -0.005163267590480518
0.0037602327006450165 -0.00639429230864382
0.005411745017609493 -0.007588987362495343
0.007361178805529334 -0.008743630058906552
0.009607359798384785 -0.009856170444652812
0.012148934980735715 -0.010926267798916586
0.014984373402728013 -0.01195524459757141
0.018111967102280024 -0.012945963808416174
0.021529832133895532 -0.013902639704888411
0.025235909703481607 -0.014830595906337745
0.029227967408489597 -0.015735986842532496
0.03350360058263052 -0.01662550015373258
0.038060233744356575 -0.017506057618355143
0.042895122148234655 -0.018384531081907268
0.048005353438278275 -0.019267487664563147
0.05338784940224234 -0.020160975448461793
0.059039367825822475 -0.021070357148269266
0.06495650444564427 -0.022000195248908474
0.07113569499986394 -0.02295418806876932
0.07757321737514639 -0.023935152483972835
0.08426519384872727 -0.024945045907238658
0.09120759342420814 -0.025985017779559277
0.09839623425967753 -0.02705547946150457
0.10582678618669683 -0.028156181080877175
0.11349477331863145 -0.02928628459693735
0.12139557674675777 -0.030444423987509
0.12952443732252045 -0.031628745887742386
0.1378764585242665 -0.03283692698068474
0.14644660940672616 -0.034066167690061114
0.15522972763146647 -0.03531316496410991
0.16422052257649067 -0.03657406987808598
0.17341357852311146 -0.03784443816024796
0.18280335791817703 -0.03911918334694088
0.19238420470968637 -0.04039254294632385
0.20215034775378343 -0.04165806766356445
0.2120959042910774 -0.0429086424220118
0.2222148834901989 -0.04413654569665229
0.23250119005645137 -0.04533355072554592
0.2429486279033891 -0.04649106871252629
0.2535509038851079 -0.04760033045608477
0.26430163158700104 -0.04865259923484008
0.27519433517269654 -0.04963940454959181
0.28622245328485874 -0.05055278374283655
0.29737934299750524 -0.05138551682086017
0.30865828381745486 -0.05213133915937473
0.320052481732506 -0.05278511727167717
0.33155507330389 -0.0533429744631176
0.3431591298005543 -0.05380235590443175
0.35485766137276875 -0.05416202626377805
0.36664362126255073 -0.05442199730639792
0.3785099100483679 -0.05458338751029836
0.3904493799215649 -0.054648220431124286
0.4024548389919357 -0.054619172944158585
0.41451905561984914 -0.05449928827519509
0.42663476277231926 -0.05429167162182234
0.43879466240039156 -0.053999187938262236
0.4509914298352198 -0.05362418196176126
0.46321771820016633 -0.05316823973505251
0.475466162836291 -0.05263200875802541
0.4877293857385438 -0.052015090603398935
0.4999999999999999 -0.05131601555925815
0.512270614261456 -0.050532303887654194
0.5245338371637088 -0.04966061293461851
0.5367822817998334 -0.04869696394180235
0.54900857016478 -0.04763703734559751
0.5612053375996082 -0.046476520936984976
0.5733652372276805 -0.04521149178165307
0.5854809443801506 -0.04383881048905809
0.5975451610080642 -0.04235650541690226
0.6095506200784349 -0.04076412476245477
0.6214900899516319 -0.03906303619231999
0.6333563787374491 -0.03725665657855338
0.645142338627231 -0.03535059834444547
0.6568408701994456 -0.03335272361743553
0.6684449266961098 -0.03127310253432419
0.6799475182674938 -0.02912387731670292
0.691341716182545 -0.026919038802958723
0.7026206570024947 -0.024674126679286725
0.713777546715141 -0.022405868429179382
0.7248056648273034 -0.02013177481032867
0.7356983684129987 -0.017869711331605326
0.746449096114892 -0.01563746568007178
0.7570513720966108 -0.013452330357006534
0.7674988099435485 -0.011330718015739401
0.7777851165098009 -0.009287824311565837
0.7879040957089227 -0.007337349686442132
0.7978496522462164 -0.005491287665894027
0.8076157952903136 -0.0037597832076128167
0.8171966420818224 -0.00215106067449078
0.8265864214768883 -0.0006714173542520332
0.8357794774235092 0.0006747246764669589
0.8447702723685334 0.0018847179809725343
0.8535533905932737 0.002957551760989811
0.8621235414757333 0.003893688498141765
0.8704755626774794 0.004694887279065931
0.8786044232532422 0.005364025051075184
0.8865052266813687 0.005904925616021358
0.894173213813303 0.006322204236505501
0.9016037657403225 0.0066211334747125
0.9087924065757916 0.006807533492523926
0.9157348061512727 0.006887687689736923
0.9224267826248536 0.006868282405241099
0.928864305000136 0.006756367586146731
0.9350434955543556 0.006559333939075015
0.9409606321741775 0.006284901173492797
0.9466121505977576 0.005941111545924863
0.9519946465617215 0.005536322994616888
0.9571048778517655 0.00507919666197062
0.9619397662556433 0.004578674455989071
0.9664963994173694 0.004043943403840447
0.9707720325915102 0.003484384794234784
0.9747640902965183 0.0029095073854859656
0.9784701678661044 0.0023288651771671675
0.98188803289772 0.0017519613254559536
0.985015626597272 0.0011881406666473058
0.9878510650192642 0.0006464739640592606
0.9903926402016152 0.00013563739812603786
0.9926388211944706 -0.00033620901339278197
0.9945882549823906 -0.0007615404221686484
0.9962397672993549 -0.001133580156418771
0.9975923633360985 -0.001446403644669798
0.9986452283393451 -0.0016950305950629
0.9993977281025862 -0.001875503228566193
0.9998494093481021 -0.001984948826133435
1.0 -0.0020216252899908226
