1.0 0.002251204646732569
0.9998494093481021 0.0023023489472302583
0.9993977281025862 0.0024557400625050615
0.9986452283393451 0.0027112336359085307
0.9975923633360985 0.003068527762054785
0.9962397672993549 0.0035270778918270558
0.9945882549823906 0.004085990797930621
0.9926388211944706 0.004743909252742878
0.9903926402016152 0.005498900473556182
0.9878510650192642 0.006348361583418934
0.985015626597272 0.007288954285050839
0.98188803289772 0.008316578726208628
0.9784701678661044 0.009426393326180324
0.9747640902965183 0.010612883402404006
0.9707720325915102 0.011869977117791934
0.9664963994173694 0.013191202936139406
0.9619397662556433 0.014569878805161564
0.9571048778517655 0.01599932003922246
0.9519946465617215 0.017473050646023496
0.9466121505977576 0.01898500185086175
0.9409606321741775 0.020529681934685615
0.9350434955543556 0.022102303221545425
0.928864305000136 0.023698855016159957
0.9224267826248536 0.025316115285236678
0.9157348061512727 0.02695159858868608
0.9087924065757916 0.028603442824791853
0.9016037657403225 0.030270242346752692
0.894173213813303 0.031950839524436454
0.8865052266813687 0.0336440904840015
0.8786044232532422 0.03534862324213843
0.8704755626774794 0.037062607534503966
0.8621235414757333 0.03878355520344321
0.8535533905932737 0.04050816806383954
0.8447702723685334 0.04223224683630848
0.8357794774235092 0.043950670266429535
0.8265864214768883 0.04565744827567748
0.8171966420818224 0.047345847322240606
0.8076157952903136 0.0490085805335689
0.7978496522462164 0.050638050054740126
0.7879040957089227 0.052226624850760246
0.7777851165098009 0.05376693425190601
0.7674988099435485 0.05525215608765975
0.7570513720966108 0.05667627844747846
0.746449096114892 0.05803431593679669
0.7356983684129987 0.05932246463460174
0.7248056648273034 0.0605381845531125
0.713777546715141 0.06168020389631275
0.7026206570024947 0.06274844538290872
0.691341716182545 0.06374388086999531
0.6799475182674938 0.06466832601183722
0.6684449266961098 0.06552419127361375
0.6568408701994456 0.06631420892278085
0.645142338627231 0.06704115737140219
0.6333563787374491 0.06770760429497062
0.6214900899516319 0.0683156882962479
0.6095506200784349 0.06886695564358603
0.5975451610080642 0.06936226404765136
0.5854809443801506 0.06980175991286783
0.5733652372276805 0.07018492945478953
0.5612053375996082 0.07051071800131424
0.54900857016478 0.07077770618884921
0.5367822817998334 0.07098432708417148
0.5245338371637088 0.07112910489626
0.512270614261456 0.07121089417265153
0.4999999999999999 0.07122909835609412
0.4877293857385438 0.07118384832123738
0.475466162836291 0.07107612488485125
0.46321771820016633 0.07090781401827394
0.4509914298352198 0.070681689204302
0.43879466240039156 0.07040132160460946
0.42663476277231926 0.07007092492268381
0.41451905561984914 0.06969514754008779
0.4024548389919357 0.0692788291863871
0.3904493799215649 0.06882674266820231
0.3785099100483679 0.0683433427350361
0.36664362126255073 0.067832543840719
0.35485766137276875 0.06729754636404188
0.3431591298005543 0.06674072693040763
0.33155507330389 0.0661636031240147
0.320052481732506 0.06556687651727425
0.30865828381745486 0.06495055108313949
0.29737934299750524 0.06431411726119174
0.28622245328485874 0.0636567857912665
0.27519433517269654 0.06297775044153057
0.26430163158700104 0.06227645539047112
0.2535509038851079 0.06155284160211393
0.2429486279033891 0.060807547238350274
0.23250119005645137 0.06004203999076445
0.2222148834901989 0.0592586640233564
0.2120959042910774 0.0584605906699636
0.20215034775378343 0.057651669657619004
0.19238420470968637 0.0568361858537939
0.18280335791817703 0.0560185347214926
0.17341357852311146 0.05520283715638032
0.16422052257649067 0.05439252055555653
0.15522972763146647 0.05358989729483208
0.14644660940672616 0.05279577386645495
0.1378764585242665 0.05200912351210433
0.12952443732252045 0.05122685222308088
0.12139557674675777 0.050443682612365884
0.11349477331863145 0.04965217272154571
0.10582678618669683 0.048842877806909206
0.09839623425967753 0.04800465318381716
0.09120759342420814 0.0471250860150663
0.08426519384872727 0.04619103426089189
0.07757321737514639 0.04518924259762406
0.07113569499986394 0.04410699861393455
0.06495650444564427 0.04293278853527175
0.059039367825822475 0.04165691046571932
0.05338784940224234 0.04027200482958634
0.048005353438278275 0.03877346628493633
0.042895122148234655 0.03715970859600055
0.038060233744356575 0.03543226332139272
0.03350360058263052 0.03359570406482909
0.029227967408489597 0.03165739968801353
0.025235909703481607 0.02962711147781933
0.021529832133895532 0.027516459961054812
0.018111967102280024 0.02533829609297466
0.014984373402728013 0.02310601824490757
0.012148934980735715 0.020832880278102473
0.009607359798384785 0.018531336711458443
0.007361178805529334 0.01621246849066749
0.005411745017609493 0.013885527297864637
0.0037602327006450165 0.011557628079091525
0.0024076366639015356 0.009233609083536017
0.0013547716606548965 0.006916066931770545
0.0006022718974137975 0.004605561892533012
0.00015059065189787502 0.0023009765256638832
0.0 0.0
0.00015059065189787502 -0.0014341406202965196
0.0006022718974137975 -0.0028587808966502224
0.0013547716606548965 -0.004264153571477464
0.0024076366639015356 -0.005641292148062904
0.0037602327006450165 -0.006982378203495598
0.005411745017609493 -0.00828102855079628
0.007361178805529334 -0.009532508208863153
0.009607359798384785 -0.01073385974442936
0.012148934980735715 -0.01188394467340675
0.014984373402728013 -0.012983397897045657
0.018111967102280024 -0.014034501240875087
0.021529832133895532 -0.015040986719502419
0.025235909703481607 -0.01600778386925871
0.029227967408489597 -0.01694072813900238
0.03350360058263052 -0.01784624875348834
0.038060233744356575 -0.01873105460088664
0.042895122148234655 -0.019601835577903244
0.048005353438278275 -0.02046499457472238
0.05338784940224234 -0.021326422099997088
0.059039367825822475 -0.02219132169948778
0.06495650444564427 -0.02306409011960628
0.07113569499986394 -0.023948251936800485
0.07757321737514639 -0.02484644443681048
0.08426519384872727 -0.025760445175024904
0.09120759342420814 -0.026691232118666943
0.09839623425967753 -0.027639064731548528
0.10582678618669683 -0.028603573898915536
0.11349477331863145 -0.02958384920229805
0.12139557674675777 -0.030578513654994966
0.12952443732252045 -0.03158577843245348
0.1378764585242665 -0.03260347314884623
0.14644660940672616 -0.03362905056689764
0.15522972763146647 -0.03465956798489088
0.16422052257649067 -0.03569165062633806
0.17341357852311146 -0.03672144489245373
0.18280335791817703 -0.037744571100392504
0.19238420470968637 -0.0387560861608909
0.20215034775378343 -0.03975046646468903
0.2120959042910774 -0.04072162004938335
0.2222148834901989 -0.04166293499308437
0.23250119005645137 -0.04256736809224409
0.2429486279033891 -0.04342757445741692
0.2535509038851079 -0.044236074979142385
0.26430163158700104 -0.04498545497916262
0.27519433517269654 -0.04566858407460415
0.28622245328485874 -0.04627884462756976
0.29737934299750524 -0.04681035436857191
0.30865828381745486 -0.04725816804470359
0.320052481732506 -0.04761844334980346
0.33155507330389 -0.04788855795504009
0.3431591298005543 -0.04806716709670164
0.35485766137276875 -0.04815419473200225
0.36664362126255073 -0.04815075550905222
0.3785099100483679 -0.04805900942316995
0.3904493799215649 -0.04788195572253
0.4024548389919357 -0.04762317704425063
0.41451905561984914 -0.04728654858307693
0.42663476277231926 -0.046875930031525646
0.43879466240039156 -0.04639485985380716
0.4509914298352198 -0.04584627201260927
0.46321771820016633 -0.04523225449170796
0.475466162836291 -0.04455386687475047
0.4877293857385438 -0.04381103096916643
0.4999999999999999 -0.04300250420519494
0.512270614261456 -0.04212594056431467
0.5245338371637088 -0.04117803842059783
0.5367822817998334 -0.04015476926281769
0.54900857016478 -0.03905167615879397
0.5612053375996082 -0.03786422636037652
0.5733652372276805 -0.03658819891827322
0.5854809443801506 -0.035220085808259
0.5975451610080642 -0.03375748401367928
0.6095506200784349 -0.03219945632545348
0.6214900899516319 -0.030546840280976005
0.6333563787374491 -0.02880248755051735
0.645142338627231 -0.02697141999840593
0.6568408701994456 -0.025060893336639786
0.6684449266961098 -0.023080364445287275
0.6799475182674938 -0.02104136372762274
0.691341716182545 -0.01895727896748805
0.7026206570024947 -0.016843061751765948
0.713777546715141 -0.014714871343069095
0.7248056648273034 -0.012589673725771222
0.7356983684129987 -0.010484815261713699
0.746449096114892 -0.008417590917357404
0.7570513720966108 -0.006404826378024407
0.7674988099435485 -0.004462491638696479
0.7777851165098009 -0.0026053610123241916
0.7879040957089227 -0.0008467311363803239
0.7978496522462164 0.0008017952664807386
0.8076157952903136 0.0023304561422279628
0.8171966420818224 0.00373140760200246
0.8265864214768883 0.0049987360392308635
0.8357794774235092 0.006128411873671115
0.8447702723685334 0.007118194372846053
0.8535533905932737 0.007967498653411991
0.8621235414757333 0.008677236777850346
0.8704755626774794 0.009249644848122497
0.8786044232532422 0.009688107225648685
0.8865052266813687 0.009996987591281894
0.894173213813303 0.010181474650791516
0.9016037657403225 0.01024744806434259
0.9087924065757916 0.010201367814765654
0.9157348061512727 0.0100501879061299
0.9224267826248536 0.00980129316070186
0.928864305000136 0.00946245609030515
0.9350434955543556 0.0090418094534772
0.9409606321741775 0.008547829229044795
0.9466121505977576 0.00798932235561665
0.9519946465617215 0.007375413682529131
0.9571048778517655 0.006715527095302136
0.9619397662556433 0.006019356636111573
0.9664963994173694 0.005296824538495311
0.9707720325915102 0.004558024329113813
0.9747640902965183 0.003813148413004128
0.9784701678661044 0.0030724007572963665
0.98188803289772 0.002345896343113317
0.985015626597272 0.0016435499087483693
0.9878510650192642 0.0009749571250142136
0.9903926402016152 0.00034927171514851415
0.9926388211944706 -0.00022491783252816602
0.9945882549823906 -0.0007397083827649959
0.9962397672993549 -0.0011879957647449332
0.9975923633360985 -0.0015635788979202854
0.9986452283393451 -0.001861251884628241
0.9993977281025862 -0.002076881981726982
0.9998494093481021 -0.0022074718176740738
1.0 -0.002251204646732569
