1.0 0.0018332150485497946
0.9998494093481021 0.0018799390090077322
0.9993977281025862 0.002020070670874869
0.9986452283393451 0.00225347044065264
0.9975923633360985 0.0025798445683089186
0.9962397672993549 0.0029986604000460096
0.9945882549823906 0.003509040872739023
0.9926388211944706 0.004109649936731977
0.9903926402016152 0.004798581997787841
0.9878510650192642 0.005573268657422957
0.985015626597272 0.0064304149702521934
0.98188803289772 0.007365975203659599
0.9784701678661044 0.008375174859273131
0.9747640902965183 0.009452581766794185
0.9707720325915102 0.010592224725009097
0.9664963994173694 0.0117877538172877
0.9619397662556433 0.01303263255153892
0.9571048778517655 0.014320348723837147
0.9519946465617215 0.015644628680867138
0.9466121505977576 0.016999638676467737
0.9409606321741775 0.0183801573972672
0.9350434955543556 0.019781705473650376
0.928864305000136 0.02120062078187014
0.9224267826248536 0.022634072360341914
0.9157348061512727 0.024080010496844165
0.9087924065757916 0.02553705561634266
0.9016037657403225 0.027004333598793225
0.894173213813303 0.028481269668104756
0.8865052266813687 0.029967356635533828
0.8786044232532422 0.03146191573582243
0.8704755626774794 0.032963869336770854
0.8621235414757333 0.03447154431876829
0.8535533905932737 0.03598252291881877
0.8447702723685334 0.037493554446342774
0.8357794774235092 0.03900053675273062
0.8265864214768883 0.04049857101670544
0.8171966420818224 0.04198208770601383
0.8076157952903136 0.043445035942769855
0.7978496522462164 0.044881123385858354
0.7879040957089227 0.04628408956454333
0.7777851165098009 0.04764799269865136
0.7674988099435485 0.048967488669845904
0.7570513720966108 0.05023808109358335
0.746449096114892 0.051456323379141196
0.7356983684129987 0.05261995712012462
0.7248056648273034 0.05372797587169665
0.713777546715141 0.054780608981748705
0.7026206570024947 0.055779226214375116
0.691341716182545 0.05672616995757035
0.6799475182674938 0.057624527362498706
0.6684449266961098 0.058477859374352466
0.6568408701994456 0.059289906912084675
0.645142338627231 0.06006429616618858
0.6333563787374491 0.06080426496550601
0.6214900899516319 0.061512430409088575
0.6095506200784349 0.062190614600430016
0.5975451610080642 0.062839740622073
0.5854809443801506 0.06345980522173836
0.5733652372276805 0.06404992850046479
0.5612053375996082 0.0646084746971128
0.54900857016478 0.06513323245490223
0.5367822817998334 0.06562163820115237
0.5245338371637088 0.0660710228634193
0.512270614261456 0.06647886036913157
0.4999999999999999 0.06684299638577974
0.4877293857385438 0.06716183756385771
0.475466162836291 0.06743448500700941
0.46321771820016633 0.06766080053763109
0.4509914298352198 0.06784140015949104
0.43879466240039156 0.06797757546394717
0.42663476277231926 0.06807115005758554
0.41451905561984914 0.06812428387578243
0.4024548389919357 0.06813924299611471
0.3904493799215649 0.06811815586395847
0.3785099100483679 0.06806277839024383
0.36664362126255073 0.06797429001859183
0.35485766137276875 0.0678531405818513
0.3431591298005543 0.06769896373062291
0.33155507330389 0.06751056722141305
0.320052481732506 0.06728600382866361
0.30865828381745486 0.06702271961584501
0.29737934299750524 0.06671776934178059
0.28622245328485874 0.06636808247227596
0.27519433517269654 0.06597075815686569
0.26430163158700104 0.06552336407422235
0.2535509038851079 0.06502421258209348
0.2429486279033891 0.06447258830995552
0.23250119005645137 0.06386890421514588
0.2222148834901989 0.06321476802052436
0.2120959042910774 0.06251294753162931
0.20215034775378343 0.06176723111785142
0.19238420470968637 0.06098218804998402
0.18280335791817703 0.060162841764681486
0.17341357852311146 0.059314276808244575
0.16422052257649067 0.05844120656753988
0.15522972763146647 0.05754753338120354
0.14644660940672616 0.0566359348272592
0.1378764585242665 0.055707509657893756
0.12952443732252045 0.05476151394166108
0.12139557674675777 0.05379521261902918
0.11349477331863145 0.0528038642116387
0.10582678618669683 0.051780847351706766
0.09839623425967753 0.05071792775379455
0.09120759342420814 0.049605653964179076
0.08426519384872727 0.048433860456773434
0.07757321737514639 0.04719224814105082
0.07113569499986394 0.04587100577099826
0.06495650444564427 0.04446143162952618
0.059039367825822475 0.042956513572618184
0.05338784940224234 0.041351427212012924
0.048005353438278275 0.039643916636610745
0.042895122148234655 0.037834529346032986
0.038060233744356575 0.035926686519472284
0.03350360058263052 0.03392658072571334
0.029227967408489597 0.03184290492966684
0.025235909703481607 0.02968642833273422
0.021529832133895532 0.02746944535737101
0.018111967102280024 0.02520513316358017
0.014984373402728013 0.02290685979317831
0.012148934980735715 0.020587488866865237
0.009607359798384785 0.018258727402691535
0.007361178805529334 0.01593056070310811
0.005411745017609493 0.013610812527252457
0.0037602327006450165 0.011304860307015347
0.0024076366639015356 0.00901552456087196
0.0013547716606548965 0.006743139648106785
0.0006022718974137975 0.0044858004332548294
0.00015059065189787502 0.002239767186420739
0.0 0.0
0.00015059065189787502 -0.0012420522261824755
0.0006022718974137975 -0.0024755888578826776
0.0013547716606548965 -0.0036919167335786192
0.0024076366639015356 -0.004883071876568787
0.0037602327006450165 -0.006042134876158005
0.005411745017609493 -0.007163490583489431
0.007361178805529334 -0.008243019234876256
0.009607359798384785 -0.009278210457298099
0.012148934980735715 -0.010268196431107006
0.014984373402728013 -0.01121370544679829
0.018111967102280024 -0.012116941852140217
0.021529832133895532 -0.012981402617769325
0.025235909703481607 -0.013811644170535639
0.029227967408489597 -0.014613015534106436
0.03350360058263052 -0.01539137503355668
0.038060233744356575 -0.016152807810773717
0.042895122148234655 -0.016903360197249962
0.048005353438278275 -0.01764880472401764
0.05338784940224234 -0.018394446415475874
0.059039367825822475 -0.019144977275557903
0.06495650444564427 -0.019904381831909325
0.07113569499986394 -0.020675892573872427
0.07757321737514639 -0.021461990412562894
0.08426519384872727 -0.02226444218411525
0.09120759342420814 -0.023084364935652673
0.09839623425967753 -0.023922305433775964
0.10582678618669683 -0.02477832309281153
0.11349477331863145 -0.025652065324561817
0.12139557674675777 -0.026542826068828417
0.12952443732252045 -0.02744958080480486
0.1378764585242665 -0.028370994436236748
0.14644660940672616 -0.029305401813875236
0.15522972763146647 -0.0302507640123181
0.16422052257649067 -0.03120460652282967
0.17341357852311146 -0.03216394799334058
0.18280335791817703 -0.03312522982317068
0.19238420470968637 -0.03408425764964396
0.20215034775378343 -0.03503616547054837
0.2120959042910774 -0.035975411837895696
0.2222148834901989 -0.03689581532571216
0.23250119005645137 -0.03779063348544052
0.2429486279033891 -0.038652685988817645
0.2535509038851079 -0.039474518897853764
0.26430163158700104 -0.040248603297629235
0.27519433517269654 -0.04096755818410904
0.28622245328485874 -0.04162438479762536
0.29737934299750524 -0.04221269776998597
0.30865828381745486 -0.042726937682636426
0.320052481732506 -0.04316255001050562
0.33155507330389 -0.04351611696055955
0.3431591298005543 -0.04378543132719301
0.35485766137276875 -0.043969505016692625
0.36664362126255073 -0.04406850910627953
0.3785099100483679 -0.04408364691024769
0.3904493799215649 -0.04401696620223852
0.4024548389919357 -0.04387112115326467
0.41451905561984914 -0.04364909836748223
0.42663476277231926 -0.04335392434658621
0.43879466240039156 -0.04298837356171641
0.4509914298352198 -0.042554696906430996
0.46321771820016633 -0.04205438957959455
0.475466162836291 -0.0414880154285881
0.4877293857385438 -0.04085510158717051
0.4999999999999999 -0.04015411306726734
0.512270614261456 -0.03938251207751036
0.5245338371637088 -0.03853690156132477
0.5367822817998334 -0.0376132471197423
0.54900857016478 -0.03660716645896143
0.5612053375996082 -0.03551427110991823
0.5733652372276805 -0.03433054169392379
0.5854809443801506 -0.03305271567968122
0.5975451610080642 -0.03167866554044665
0.6095506200784349 -0.03020774553690066
0.6214900899516319 -0.028641086992820308
0.6333563787374491 -0.026981824781490072
0.645142338627231 -0.025235241607877
0.6568408701994456 -0.023408821298413495
0.6684449266961098 -0.021512207395276633
0.6799475182674938 -0.019557068570024518
0.691341716182545 -0.017556877395622724
0.7026206570024947 -0.015526613540106687
0.713777546715141 -0.01348240620379949
0.7248056648273034 -0.011441133406858666
0.7356983684129987 -0.009419997406217203
0.746449096114892 -0.007436096018685525
0.7570513720966108 -0.005506008966273814
0.7674988099435485 -0.0036454166312542245
0.7777851165098009 -0.001868765968119246
0.7879040957089227 -0.00018899497572305796
0.7978496522462164 0.0013826766701268121
0.8076157952903136 0.0028368872232901357
0.8171966420818224 0.004166203048119023
0.8265864214768883 0.005365123337233671
0.8357794774235092 0.006430026440335588
0.8447702723685334 0.007359067310969013
0.8535533905932737 0.008152037225574048
0.8621235414757333 0.00881019774389586
0.8704755626774794 0.009336100873736862
0.8786044232532422 0.009733406642880795
0.8865052266813687 0.010006707880111378
0.894173213813303 0.010161370114472509
0.9016037657403225 0.01020339228871364
0.9087924065757916 0.010139291629397858
0.9157348061512727 0.009976013697727677
0.9224267826248536 0.009720866519875406
0.928864305000136 0.009381475894209798
0.9350434955543556 0.008965757591178835
0.9409606321741775 0.00848190125655573
0.9466121505977576 0.007938360417072757
0.9519946465617215 0.007343843048135694
0.9571048778517655 0.006707297642481996
0.9619397662556433 0.006037890536803941
0.9664963994173694 0.005344971313928747
0.9707720325915102 0.00463802429674632
0.9747640902965183 0.0039266053835512685
0.9784701678661044 0.0032202646490772555
0.98188803289772 0.0025284561734616132
0.985015626597272 0.001860437405496494
0.9878510650192642 0.0012251609825137365
0.9903926402016152 0.0006311623058484557
0.9926388211944706 8.644631773659702e-05
0.9945882549823906 -0.00040162313034158934
0.9962397672993549 -0.0008264281473008785
0.9975923633360985 -0.0011821930768322981
0.9986452283393451 -0.0014640697519254006
0.9993977281025862 -0.0016682097426230637
0.9998494093481021 -0.0017918220429806251
1.0 -0.0018332150485497946
