1.0 0.0018244343054389684
0.9998494093481021 0.001877492517247242
0.9993977281025862 0.0020365955900620496
0.9986452283393451 0.0023015097088295976
0.9975923633360985 0.0026717834767257783
0.9962397672993549 0.0031466623545768576
0.9945882549823906 0.003724982215883133
0.9926388211944706 0.004405053888352001
0.9903926402016152 0.005184551989149334
0.9878510650192642 0.00606042156815513
0.985015626597272 0.007028815016801552
0.98188803289772 0.008085069455600925
0.9784701678661044 0.009223731561986621
0.9747640902965183 0.010438632812409148
0.9707720325915102 0.011723013727131677
0.9664963994173694 0.013069691300480265
0.9619397662556433 0.014471259758398573
0.9571048778517655 0.015920311468578724
0.9519946465617215 0.01740966253942313
0.9466121505977576 0.01893256660305658
0.9409606321741775 0.020482900602494854
0.9350434955543556 0.02205530809793115
0.928864305000136 0.02364528856028232
0.9224267826248536 0.0252492251119882
0.9157348061512727 0.026864347894880066
0.9087924065757916 0.02848863531561327
0.9016037657403225 0.03012066042768312
0.894173213813303 0.03175939424034015
0.8865052266813687 0.033403981416070275
0.8786044232532422 0.03505350631151815
0.8704755626774794 0.03670676840530916
0.8621235414757333 0.03836208572541515
0.8535533905932737 0.04001714294642308
0.8447702723685334 0.04166889750503715
0.8357794774235092 0.043313552626751066
0.8265864214768883 0.0449466009103392
0.8171966420818224 0.04656293649147301
0.8076157952903136 0.048157028250910644
0.7978496522462164 0.04972314149549491
0.7879040957089227 0.051255591434878685
0.7777851165098009 0.052749008946807396
0.7674988099435485 0.05419859781355642
0.7570513720966108 0.05560036294674976
0.746449096114892 0.056951291091011505
0.7356983684129987 0.0582494689703016
0.7248056648273034 0.059494128553420046
0.713777546715141 0.06068561470338319
0.7026206570024947 0.061825276501093755
0.691341716182545 0.06291528951906061
0.6799475182674938 0.06395842178639229
0.6684449266961098 0.06495776068953936
0.6568408701994456 0.06591642122520258
0.645142338627231 0.06683725759714718
0.6333563787374491 0.06772259998833459
0.6214900899516319 0.06857403644345672
0.6095506200784349 0.06939225630436456
0.5975451610080642 0.07017696682183082
0.5854809443801506 0.07092688880085671
0.5733652372276805 0.0716398308823879
0.5612053375996082 0.07231283582424483
0.54900857016478 0.07294238642368854
0.5367822817998334 0.07352465399072806
0.5245338371637088 0.07405576892608232
0.512270614261456 0.07453209126278448
0.4999999999999999 0.0749504591449396
0.4877293857385438 0.07530839514376657
0.475466162836291 0.07560425390411177
0.46321771820016633 0.07583729959033353
0.4509914298352198 0.07600770755853217
0.43879466240039156 0.07611649113697763
0.42663476277231926 0.07616536081609557
0.41451905561984914 0.07615652899761803
0.4024548389919357 0.07609247823364068
0.3904493799215649 0.07597571418570859
0.3785099100483679 0.07580852605334487
0.36664362126255073 0.07559277680480117
0.35485766137276875 0.07532974319196716
0.3431591298005543 0.07502002140805658
0.33155507330389 0.07466350866223159
0.320052481732506 0.07425946433794829
0.30865828381745486 0.07380664730325681
0.29737934299750524 0.07330351893535826
0.28622245328485874 0.07274849509783018
0.27519433517269654 0.07214022521440995
0.26430163158700104 0.07147787317810429
0.2535509038851079 0.07076137345233237
0.2429486279033891 0.06999163653941327
0.23250119005645137 0.06917068101471581
0.2222148834901989 0.06830167437778427
0.2120959042910774 0.06738887171197946
0.20215034775378343 0.06643744908386318
0.19238420470968637 0.06545323715527718
0.18280335791817703 0.06444236896238995
0.17341357852311146 0.06341086356022178
0.16422052257649067 0.062364173600264215
0.15522972763146647 0.061306729354271707
0.14644660940672616 0.060241513805211123
0.1378764585242665 0.05916970295271782
0.12952443732252045 0.05809040237415968
0.12139557674675777 0.05700050549379868
0.11349477331863145 0.05589469128620245
0.10582678618669683 0.05476556979297069
0.09839623425967753 0.05360397351759896
0.09120759342420814 0.052399382225282336
0.08426519384872727 0.05114045869125931
0.07757321737514639 0.049815664268496
0.07113569499986394 0.04841391645817431
0.06495650444564427 0.046925246506770386
0.059039367825822475 0.0453414137875729
0.05338784940224234 0.04365643551170584
0.048005353438278275 0.04186699509126757
0.042895122148234655 0.0399726999609767
0.038060233744356575 0.03797616936686179
0.03350360058263052 0.035882943892442024
0.029227967408489597 0.03370122053135113
0.025235909703481607 0.03144142907879315
0.021529832133895532 0.029115676644246313
0.018111967102280024 0.026737096382445334
0.014984373402728013 0.024319143412753028
0.012148934980735715 0.02187488482985722
0.009607359798384785 0.01941633138967348
0.007361178805529334 0.016953855803558134
0.005411745017609493 0.01449573675126967
0.0037602327006450165 0.012047859118253316
0.0024076366639015356 0.009613590168663538
0.0013547716606548965 0.007193839136297862
0.0006022718974137975 0.00478729491298334
0.00015059065189787502 0.0023908240450307328
0.0 0.0
0.00015059065189787502 -0.0012100876510243216
0.0006022718974137975 -0.0024134086055967096
0.0013547716606548965 -0.00360299105310465
0.0024076366639015356 -0.004772532679656339
0.0037602327006450165 -0.005916687918387469
0.005411745017609493 -0.0070313014933971575
0.007361178805529334 -0.008113575904893849
0.009607359798384785 -0.009162164746935167
0.012148934980735715 -0.010177188457673233
0.014984373402728013 -0.011160173944219417
0.018111967102280024 -0.012113924162694549
0.021529832133895532 -0.013042327849750937
0.025235909703481607 -0.013950122917611312
0.029227967408489597 -0.014842629325094722
0.03350360058263052 -0.015725468383960817
0.038060233744356575 -0.016604285401581948
0.042895122148234655 -0.017484491335268
0.048005353438278275 -0.018371036863902276
0.05338784940224234 -0.01926822916749459
0.059039367825822475 -0.020179598002704868
0.06495650444564427 -0.021107813669194436
0.07113569499986394 -0.022054655490556734
0.07757321737514639 -0.023021025789057473
0.08426519384872727 -0.024007001288438874
0.09120759342420814 -0.025011911654379174
0.09839623425967753 -0.026034433629925312
0.10582678618669683 -0.027072689015666365
0.11349477331863145 -0.028124335569371984
0.12139557674675777 -0.029186641662320732
0.12952443732252045 -0.03025653806008203
0.1378764585242665 -0.0313306432640607
0.14644660940672616 -0.032405262184744356
0.15522972763146647 -0.0334763612263797
0.16422052257649067 -0.034539525857175686
0.17341357852311146 -0.035589909156935155
0.18280335791817703 -0.036622181460488866
0.19238420470968637 -0.037630491900311536
0.20215034775378343 -0.03860845232192165
0.2120959042910774 -0.03954915271078667
0.2222148834901989 -0.04044521502187057
0.23250119005645137 -0.041288889310987925
0.2429486279033891 -0.04207219256233082
0.2535509038851079 -0.042787086865951195
0.26430163158700104 -0.04342568992384697
0.27519433517269654 -0.043980507555658147
0.28622245328485874 -0.04444467521413002
0.29737934299750524 -0.0448121937410318
0.30865828381745486 -0.04507814386726866
0.320052481732506 -0.045238864380197676
0.33155507330389 -0.045292080454672715
0.3431591298005543 -0.04523697129266671
0.35485766137276875 -0.04507416977732006
0.36664362126255073 -0.04480569108719042
0.3785099100483679 -0.04443479184640333
0.3904493799215649 -0.04396576608295287
0.4024548389919357 -0.0434036886961439
0.41451905561984914 -0.042754120973969544
0.42663476277231926 -0.04202279566776091
0.43879466240039156 -0.041215300998174983
0.4509914298352198 -0.040336783581496824
0.46321771820016633 -0.03939168956236778
0.475466162836291 -0.038383561243731025
0.4877293857385438 -0.03731490333235533
0.4999999999999999 -0.03618712876632307
0.512270614261456 -0.03500058922555993
0.5245338371637088 -0.033754690164153694
0.5367822817998334 -0.032448084888302635
0.54900857016478 -0.031078937184893247
0.5612053375996082 -0.029645237611698266
0.5733652372276805 -0.02814515507735686
0.5854809443801506 -0.026577402992190538
0.5975451610080642 -0.024941598207372326
0.6095506200784349 -0.023238591241762047
0.6214900899516319 -0.021470747895283818
0.6333563787374491 -0.019642165151096284
0.645142338627231 -0.017758808084628756
0.6568408701994456 -0.01582855907118841
0.6684449266961098 -0.013861175615666863
0.6799475182674938 -0.011868158294346084
0.691341716182545 -0.009862535274713514
0.7026206570024947 -0.007858574359547899
0.713777546715141 -0.00587143722150557
0.7248056648273034 -0.003916793246047778
0.7356983684129987 -0.002010412044941447
0.746449096114892 -0.0001677541772075906
0.7570513720966108 0.0015964210653256566
0.7674988099435485 0.003268413695178274
0.7777851165098009 0.004835892430623908
0.7879040957089227 0.006288144359483876
0.7978496522462164 0.007616257578763361
0.8076157952903136 0.0088132335357613
0.8171966420818224 0.009874029743797696
0.8265864214768883 0.010795537185115634
0.8357794774235092 0.011576499835108
0.8447702723685334 0.012217386182420081
0.8535533905932737 0.012720224270271474
0.8621235414757333 0.013088412596504163
0.8704755626774794 0.013326519193623678
0.8786044232532422 0.013440080430664175
0.8865052266813687 0.013435409648244623
0.894173213813303 0.0133194238049118
0.9016037657403225 0.01309949404819324
0.9087924065757916 0.012783323708551762
0.9157348061512727 0.01237885482536085
0.9224267826248536 0.011894202111351768
0.928864305000136 0.011337611379192425
0.9350434955543556 0.010717437990095143
0.9409606321741775 0.010042139899991484
0.9466121505977576 0.009320279394310649
0.9519946465617215 0.008560527600247472
0.9571048778517655 0.007771666294892879
0.9619397662556433 0.0069625823117391685
0.9664963994173694 0.006142250892023779
0.9707720325915102 0.005319705527554014
0.9747640902965183 0.004503993094688704
0.9784701678661044 0.003704114290049562
0.98188803289772 0.0029289504672767304
0.985015626597272 0.00218717888046279
0.9878510650192642 0.0014871790257658187
0.9903926402016152 0.0008369332226786244
0.9926388211944706 0.00024392479589164097
0.9945882549823906 -0.0002849627696398442
0.9962397672993549 -0.0007435424885718848
0.9975923633360985 -0.0011264134287628745
0.9986452283393451 -0.001429040613528806
0.9993977281025862 -0.001647823148234576
0.9998494093481021 -0.001780148878433987
1.0 -0.0018244343054389684
