1.0 0.0017499707754870034
0.9998494093481021 0.0017947893096706637
0.9993977281025862 0.001929186576415748
0.9986452283393451 0.0021529699041411216
0.9975923633360985 0.0024657612505859707
0.9962397672993549 0.002866918489719309
0.9945882549823906 0.0033554379230014064
0.9926388211944706 0.0039298493033425586
0.9903926402016152 0.0045881159942174074
0.9878510650192642 0.005327553033040308
0.985015626597272 0.0061447747953082
0.98188803289772 0.007035681739900563
0.9784701678661044 0.007995492533788085
0.9747640902965183 0.00901882397117283
0.9707720325915102 0.010099816848154738
0.9664963994173694 0.011232301697606768
0.9619397662556433 0.01240999440495463
0.9571048778517655 0.013626708563622594
0.9519946465617215 0.01487656928323526
0.9466121505977576 0.01615421224720667
0.9409606321741775 0.01745495224160792
0.9350434955543556 0.0187749071451358
0.928864305000136 0.020111066368279626
0.9224267826248536 0.021461296740343517
0.9157348061512727 0.022824283558653857
0.9087924065757916 0.024199409562911944
0.9016037657403225 0.025586579571999658
0.894173213813303 0.026986003011452358
0.8865052266813687 0.02839795018995067
0.8786044232532422 0.02982250063865343
0.8704755626774794 0.031259302884236236
0.8621235414757333 0.03270736457127046
0.8535533905932737 0.034164889889001335
0.8447702723685334 0.03562917792065357
0.8357794774235092 0.03709659106234149
0.8265864214768883 0.0385625973909289
0.8171966420818224 0.040021885202332186
0.8076157952903136 0.041468542337504834
0.7978496522462164 0.042896287808171805
0.7879040957089227 0.04429873903964247
0.7777851165098009 0.04566969510737924
0.7674988099435485 0.04700341490491455
0.7570513720966108 0.04829486937358177
0.746449096114892 0.049539948750823744
0.7356983684129987 0.050735609124738894
0.7248056648273034 0.051879947167853165
0.713777546715141 0.05297219741032918
0.7026206570024947 0.054012652374317204
0.691341716182545 0.055002511857884594
0.6799475182674938 0.05594367315575332
0.6684449266961098 0.05683847859556869
0.6568408701994456 0.057689440082654524
0.645142338627231 0.058498962112870624
0.6333563787374491 0.05926908478418903
0.6214900899516319 0.06000126669988516
0.6095506200784349 0.060696224433892526
0.5975451610080642 0.06135384067415402
0.5854809443801506 0.061973147633775066
0.5733652372276805 0.06255238626396652
0.5612053375996082 0.06308913570407869
0.54900857016478 0.06358050175575641
0.5367822817998334 0.06402334843013566
0.5245338371637088 0.06441455317774591
0.512270614261456 0.06475126455588308
0.4999999999999999 0.06503114097594866
0.4877293857385438 0.06525255082067799
0.475466162836291 0.06541471750151169
0.46321771820016633 0.06551779767792897
0.4509914298352198 0.0655628865068639
0.43879466240039156 0.06555194996957653
0.42663476277231926 0.06548769052532633
0.41451905561984914 0.06537335804839668
0.4024548389919357 0.06521252273493137
0.3904493799215649 0.06500883001109393
0.3785099100483679 0.06476575913596185
0.36664362126255073 0.06448640700827417
0.35485766137276875 0.06417331664318036
0.3431591298005543 0.06382836602487763
0.33155507330389 0.06345272784964306
0.320052481732506 0.06304690446120949
0.30865828381745486 0.06261083554911327
0.29737934299750524 0.06214406948609927
0.28622245328485874 0.06164598308732686
0.27519433517269654 0.061116029609529755
0.26430163158700104 0.06055399141956182
0.2535509038851079 0.059960212277699154
0.2429486279033891 0.059335784783041114
0.23250119005645137 0.058682671232493475
0.2222148834901989 0.058003740797058674
0.2120959042910774 0.05730271220374294
0.20215034775378343 0.05658399857240001
0.19238420470968637 0.0558524591312847
0.18280335791817703 0.05511307059511005
0.17341357852311146 0.05437053839040719
0.16422052257649067 0.053628874044109674
0.15522972763146647 0.05289096938412587
0.14644660940672616 0.052158200332646766
0.1378764585242665 0.051430092761567445
0.12952443732252045 0.050704080064854246
0.12139557674675777 0.049975376916590805
0.11349477331863145 0.04923698644301667
0.10582678618669683 0.04847984922470031
0.09839623425967753 0.047693132775599265
0.09120759342420814 0.0468646501215318
0.08426519384872727 0.04598138656015975
0.07757321737514639 0.04503010534755503
0.07113569499986394 0.043997996568597875
0.06495650444564427 0.042873329331786676
0.059039367825822475 0.04164606604013398
0.05338784940224234 0.04030839899034227
0.048005353438278275 0.03885517389373223
0.042895122148234655 0.037284171835696184
0.038060233744356575 0.035596230242980385
0.03350360058263052 0.03379519399379758
0.029227967408489597 0.03188769914868112
0.025235909703481607 0.029882803097114243
0.021529832133895532 0.02779148539473188
0.018111967102280024 0.02562605244784242
0.014984373402728013 0.023399485833377837
0.012148934980735715 0.021124777927083824
0.009607359798384785 0.01881429934936703
0.007361178805529334 0.016479240443656
0.005411745017609493 0.014129163719571791
0.0037602327006450165 0.011771696283126777
0.0024076366639015356 0.009412381291500216
0.0013547716606548965 0.007054696116676986
0.0006022718974137975 0.004700232988745313
0.00015059065189787502 0.002349026268086853
0.0 0.0
0.00015059065189787502 -0.001574153770366609
0.0006022718974137975 -0.003139784077772985
0.0013547716606548965 -0.004688217250020929
0.0024076366639015356 -0.006211513748967163
0.0037602327006450165 -0.0077027869458188595
0.005411745017609493 -0.009156467179979779
0.007361178805529334 -0.010568498311287882
0.009607359798384785 -0.011936458149074684
0.012148934980735715 -0.013259598781105013
0.014984373402728013 -0.01453880761024755
0.018111967102280024 -0.015776494509310367
0.021529832133895532 -0.01697641461491185
0.025235909703481607 -0.018143439629514316
0.029227967408489597 -0.019283292876110438
0.03350360058263052 -0.020402264615876447
0.038060233744356575 -0.021506924241997637
0.042895122148234655 -0.022603844935464766
0.048005353438278275 -0.023699354325931354
0.05338784940224234 -0.02479932183019201
0.059039367825822475 -0.025908989887201295
0.06495650444564427 -0.027032852554280052
0.07113569499986394 -0.02817458117236796
0.07757321737514639 -0.029336993339515963
0.08426519384872727 -0.03052205851212767
0.09120759342420814 -0.031730931394040957
0.09839623425967753 -0.03296400302033315
0.10582678618669683 -0.03422095916578319
0.11349477331863145 -0.03550083639682263
0.12139557674675777 -0.03680206765147427
0.12952443732252045 -0.03812251151435256
0.1378764585242665 -0.03945946213611792
0.14644660940672616 -0.04080963977221625
0.15522972763146647 -0.04216916490915884
0.16422052257649067 -0.04353352163667745
0.17341357852311146 -0.04489751806527749
0.18280335791817703 -0.04625525298117578
0.19238420470968637 -0.04760009843654134
0.20215034775378343 -0.048924707528000884
0.2120959042910774 -0.050221055235278415
0.2222148834901989 -0.05148051796789086
0.23250119005645137 -0.05269399456604608
0.2429486279033891 -0.05385206814663679
0.2535509038851079 -0.05494520464292153
0.26430163158700104 -0.05596398044507399
0.27519433517269654 -0.056899328495236656
0.28622245328485874 -0.057742789788448545
0.29737934299750524 -0.05848675569875606
0.30865828381745486 -0.059124686044623544
0.320052481732506 -0.0596512884107458
0.33155507330389 -0.060062645952932585
0.3431591298005543 -0.0603562836431631
0.35485766137276875 -0.060531166498354494
0.36664362126255073 -0.06058762754604586
0.3785099100483679 -0.060527227828514794
0.3904493799215649 -0.06035255531785335
0.4024548389919357 -0.06006697388363181
0.41451905561984914 -0.05967433711236026
0.42663476277231926 -0.059178684552095295
0.43879466240039156 -0.05858393963209461
0.4509914298352198 -0.05789362894603479
0.46321771820016633 -0.05711064173216038
0.475466162836291 -0.05623704626820424
0.4877293857385438 -0.05527397664390799
0.4999999999999999 -0.05422159917987121
0.512270614261456 -0.05307916289454737
0.5245338371637088 -0.05184513319526135
0.5367822817998334 -0.050517402723791315
0.54900857016478 -0.04909356836437458
0.5612053375996082 -0.04757125914288186
0.5733652372276805 -0.04594849638824276
0.5854809443801506 -0.04422406530707593
0.5975451610080642 -0.042397876179858726
0.6095506200784349 -0.040471293776844997
0.6214900899516319 -0.038447415281449224
0.6333563787374491 -0.036331279880465465
0.645142338627231 -0.0341299970412364
0.6568408701994456 -0.031852785091254235
0.6684449266961098 -0.029510916747866142
0.6799475182674938 -0.02711757339445922
0.691341716182545 -0.024687614843750698
0.7026206570024947 -0.022237275768486126
0.713777546715141 -0.019783803655175448
0.7248056648273034 -0.017345055844322117
0.7356983684129987 -0.014939074826275952
0.746449096114892 -0.012583661406165354
0.7570513720966108 -0.010295964651956294
0.7674988099435485 -0.008092105787191233
0.7777851165098009 -0.005986850539229751
0.7879040957089227 -0.003993341111007852
0.7978496522462164 -0.0021228951509814718
0.8076157952903136 -0.00038487511110794274
0.8171966420818224 0.0012133725351552464
0.8265864214768883 0.002666512353562164
0.8357794774235092 0.003971156524021835
0.8447702723685334 0.00512575258733517
0.8535533905932737 0.00613043366202301
0.8621235414757333 0.006986843241065767
0.8704755626774794 0.007697946671199775
0.8786044232532422 0.008267840656257804
0.8865052266813687 0.008701570721892564
0.894173213813303 0.009004964678388192
0.9016037657403225 0.009184487890495014
0.9087924065757916 0.009247123786962765
0.9157348061512727 0.009200280692294123
0.9224267826248536 0.009051723897565207
0.928864305000136 0.008809530037981971
0.9350434955543556 0.008482059410350814
0.9409606321741775 0.008077940903817995
0.9466121505977576 0.007606063752660788
0.9519946465617215 0.007075570333695863
0.9571048778517655 0.006495844673255283
0.9619397662556433 0.005876492123856385
0.9664963994173694 0.0052273067250386655
0.9707720325915102 0.004558223973875128
0.9747640902965183 0.003879257995855134
0.9784701678661044 0.0032004233316395105
0.98188803289772 0.00253164265958704
0.985015626597272 0.0018826426971844277
0.9878510650192642 0.0012628412276001635
0.9903926402016152 0.0006812286637532499
0.9926388211944706 0.00014624779531192348
0.9945882549823906 -0.00033432461507873555
0.9962397672993549 -0.0007534908776191057
0.9975923633360985 -0.0011051368494410213
0.9986452283393451 -0.0013841250122493308
0.9993977281025862 -0.0015863737716244378
0.9998494093481021 -0.001708921058943076
1.0 -0.0017499707754870034
