1.0 0.0021030903465413648
0.9998494093481021 0.002157500762195714
0.9993977281025862 0.0023206968001811363
0.9986452283393451 0.002592552880437579
0.9975923633360985 0.0029727952722861358
0.9962397672993549 0.003460912540114219
0.9945882549823906 0.004056043690160967
0.9926388211944706 0.004756856058579203
0.9903926402016152 0.005561426447121173
0.9878510650192642 0.006467139237727397
0.985015626597272 0.007470614165665915
0.98188803289772 0.008567674178862629
0.9784701678661044 0.009753360540526331
0.9747640902965183 0.011021998315878988
0.9707720325915102 0.012367310962816354
0.9664963994173694 0.013782578301502285
0.9619397662556433 0.015260828057762195
0.9571048778517655 0.016795047822837222
0.9519946465617215 0.018378401954226013
0.9466121505977576 0.020004436882329567
0.9409606321741775 0.021667258605602424
0.9350434955543556 0.023361667858284047
0.928864305000136 0.02508324140820199
0.9224267826248536 0.02682835196714925
0.9157348061512727 0.02859412396034361
0.9087924065757916 0.030378327524438614
0.9016037657403225 0.0321792181686712
0.894173213813303 0.03399533412148525
0.8865052266813687 0.03582526710782235
0.8786044232532422 0.03766742483714926
0.8704755626774794 0.039519804598076046
0.8621235414757333 0.04137979693333902
0.8535533905932737 0.04324403641376841
0.8447702723685334 0.045108313171414685
0.8357794774235092 0.0469675543360589
0.8265864214768883 0.04881587918925499
0.8171966420818224 0.05064672612010948
0.8076157952903136 0.05245304378961752
0.7978496522462164 0.05422753373989686
0.7879040957089227 0.0559629274405907
0.7777851165098009 0.0576522777973704
0.7674988099435485 0.05928924370883696
0.7570513720966108 0.06086834648049966
0.746449096114892 0.062385178788441055
0.7356983684129987 0.06383655029825105
0.7248056648273034 0.06522055873050907
0.713777546715141 0.06653658076190318
0.7026206570024947 0.0677851832241234
0.691341716182545 0.06896796113233074
0.6799475182674938 0.07008731465910399
0.6684449266961098 0.07114618182138469
0.6568408701994456 0.07214774699177247
0.645142338627231 0.0730951471087043
0.6333563787374491 0.07399119749506486
0.6214900899516319 0.07483815749231132
0.6095506200784349 0.0756375528080502
0.5975451610080642 0.07639006682056476
0.5854809443801506 0.07709550745592839
0.5733652372276805 0.07775285010511943
0.5612053375996082 0.07836035087813643
0.54900857016478 0.07891571880264858
0.5367822817998334 0.079416330833457
0.5245338371637088 0.0798594701389928
0.512270614261456 0.08024256635828945
0.4999999999999999 0.08056341653110614
0.4877293857385438 0.0808203672047097
0.475466162836291 0.08101244167536394
0.46321771820016633 0.08113940115520347
0.4509914298352198 0.081201734473595
0.43879466240039156 0.08120057724808831
0.42663476277231926 0.08113756776768362
0.41451905561984914 0.08101465258919029
0.4024548389919357 0.0808338595629873
0.3904493799215649 0.08059705926381261
0.3785099100483679 0.08030573730592384
0.36664362126255073 0.07996079961131639
0.35485766137276875 0.07956243037179855
0.3431591298005543 0.07911001835646206
0.33155507330389 0.0786021616700683
0.320052481732506 0.07803675449625254
0.30865828381745486 0.07741115228711017
0.29737934299750524 0.07672240486533574
0.28622245328485874 0.07596754057113403
0.27519433517269654 0.07514387945766639
0.26430163158700104 0.07424935007451608
0.2535509038851079 0.07328278291299148
0.2429486279033891 0.07224415430056924
0.23250119005645137 0.07113475743312452
0.2222148834901989 0.06995728215516461
0.2120959042910774 0.06871579170550138
0.20215034775378343 0.0674155924600173
0.19238420470968637 0.06606300113646578
0.18280335791817703 0.06466502232541313
0.17341357852311146 0.06322895690822718
0.16422052257649067 0.0617619682864189
0.15522972763146647 0.06027063783327737
0.14644660940672616 0.058760543177542465
0.1378764585242665 0.057235892596170616
0.12952443732252045 0.05569924587566381
0.12139557674675777 0.054151346644279626
0.11349477331863145 0.052591083718030444
0.10582678618669683 0.051015589949310304
0.09839623425967753 0.04942047706088741
0.09120759342420814 0.04780019472123726
0.08426519384872727 0.04614849243594709
0.07757321737514639 0.04445895443757168
0.07113569499986394 0.04272557131657122
0.06495650444564427 0.040943308181044996
0.059039367825822475 0.03910862802090513
0.05338784940224234 0.03721993083649621
0.048005353438278275 0.03527787390630199
0.042895122148234655 0.03328554602841197
0.038060233744356575 0.031248478189731508
0.03350360058263052 0.02917448424096365
0.029227967408489597 0.027073337007080155
0.025235909703481607 0.024956296998347272
0.021529832133895532 0.022835521656456602
0.018111967102280024 0.020723392081378668
0.014984373402728013 0.01863180076066111
0.012148934980735715 0.016571447454557953
0.009607359798384785 0.014551190774467218
0.007361178805529334 0.012577500056261869
0.005411745017609493 0.01065404604019101
0.0037602327006450165 0.008781460019539588
0.0024076366639015356 0.006957280107398058
0.0013547716606548965 0.0051760908509518805
0.0006022718974137975 0.0034298494582428378
0.00015059065189787502 0.0017083793004852752
0.0 0.0
0.00015059065189787502 -0.001524695258375249
0.0006022718974137975 -0.0030391956186002116
0.0013547716606548965 -0.004533075750240163
0.0024076366639015356 -0.005996695597982095
0.0037602327006450165 -0.007421541880216132
0.005411745017609493 -0.008800511629256037
0.007361178805529334 -0.010128124242063821
0.009607359798384785 -0.011400652944732418
0.012148934980735715 -0.01261617150417485
0.014984373402728013 -0.013774517105664602
0.018111967102280024 -0.014877175207139982
0.021529832133895532 -0.015927096550814132
0.025235909703481607 -0.016928460071976178
0.029227967408489597 -0.017886397968959803
0.03350360058263052 -0.018806700540533725
0.038060233744356575 -0.01969551849912806
0.042895122148234655 -0.02055907936339033
0.048005353438278275 -0.021403432342238512
0.05338784940224234 -0.022234233042845903
0.059039367825822475 -0.0230565756261864
0.06495650444564427 -0.023874875996056505
0.07113569499986394 -0.024692805558511315
0.07757321737514639 -0.025513271339053747
0.08426519384872727 -0.02633843507467116
0.09120759342420814 -0.02716976153513734
0.09839623425967753 -0.028008084932433508
0.10582678618669683 -0.0288536819281133
0.11349477331863145 -0.029706340440096707
0.12139557674675777 -0.03056541509312076
0.12952443732252045 -0.03142986258554102
0.1378764585242665 -0.0322982532321428
0.14644660940672616 -0.03316875821759652
0.15522972763146647 -0.03403911536635269
0.16422052257649067 -0.03490657921244457
0.17341357852311146 -0.035767863572570696
0.18280335791817703 -0.03661908647026893
0.19238420470968637 -0.03745572797436008
0.20215034775378343 -0.03827261122406035
0.2120959042910774 -0.03906391562213644
0.2222148834901989 -0.039823228975030905
0.23250119005645137 -0.04054364241016272
0.2429486279033891 -0.04121788843455496
0.2535509038851079 -0.041838518790628186
0.26430163158700104 -0.04239811511438738
0.27519433517269654 -0.0428895221097774
0.28622245328485874 -0.04330609030004041
0.29737934299750524 -0.04364191363765904
0.30865828381745486 -0.043892046521079864
0.320052481732506 -0.04405268517391271
0.33155507330389 -0.04412129990020489
0.3431591298005543 -0.04409670735978943
0.35485766137276875 -0.04397907554992595
0.36664362126255073 -0.04376985840102352
0.3785099100483679 -0.04347166150728854
0.3904493799215649 -0.043088045195094286
0.4024548389919357 -0.04262327554881508
0.41451905561984914 -0.04208203784493686
0.42663476277231926 -0.04146912980618735
0.43879466240039156 -0.040789153951546815
0.4509914298352198 -0.04004622893307816
0.46321771820016633 -0.03924373905031585
0.475466162836291 -0.038384139142505554
0.4877293857385438 -0.03746882889337698
0.4999999999999999 -0.03649810643971577
0.512270614261456 -0.035471206319827614
0.5245338371637088 -0.03438642154725621
0.5367822817998334 -0.033241304293167157
0.54900857016478 -0.032032934656167286
0.5612053375996082 -0.030758242619579466
0.5733652372276805 -0.02941436482940787
0.5854809443801506 -0.027999015495548073
0.5975451610080642 -0.026510849671520478
0.6095506200784349 -0.02494979746519488
0.6214900899516319 -0.02331734934623375
0.6333563787374491 -0.021616775530424213
0.645142338627231 -0.01985326624435875
0.6568408701994456 -0.018033984250475
0.6684449266961098 -0.016168026041815817
0.6799475182674938 -0.01426629327382649
0.691341716182545 -0.012341280961475725
0.7026206570024947 -0.010406793428934542
0.713777546715141 -0.008477602691508053
0.7248056648273034 -0.006569066668302359
0.7356983684129987 -0.004696726231583967
0.746449096114892 -0.0028759005340497842
0.7570513720966108 -0.0011212993356428012
0.7674988099435485 0.0005533307310297551
0.7777851165098009 0.002135511705805891
0.7879040957089227 0.003614280789726975
0.7978496522462164 0.0049803707444260915
0.8076157952903136 0.006226321188984896
0.8171966420818224 0.00734652172381931
0.8265864214768883 0.00833719143224142
0.8357794774235092 0.009196302399645468
0.8447702723685334 0.009923457284684689
0.8535533905932737 0.010519732568938064
0.8621235414757333 0.010987499854131071
0.8704755626774794 0.011330237481613215
0.8786044232532422 0.011552343885713827
0.8865052266813687 0.011658962576423126
0.894173213813303 0.011655826629556382
0.9016037657403225 0.011549128219446007
0.9087924065757916 0.011345416244929796
0.9157348061512727 0.011051522654246174
0.9224267826248536 0.010674515831778884
0.928864305000136 0.010221677505415833
0.9350434955543556 0.009700498168538641
0.9409606321741775 0.009118685046671121
0.9466121505977576 0.008484176196092024
0.9519946465617215 0.007805154381889175
0.9571048778517655 0.007090054893524092
0.9619397662556433 0.006347562337414233
0.9664963994173694 0.005586592600168126
0.9707720325915102 0.004816257495436255
0.9747640902965183 0.004045810984162309
0.9784701678661044 0.0032845771927589185
0.98188803289772 0.002541861661728349
0.985015626597272 0.001826848273716881
0.9878510650192642 0.0011484850926944934
0.9903926402016152 0.00051536287572038
0.9926388211944706 -6.440970214659225e-05
0.9945882549823906 -0.0005833300204481345
0.9962397672993549 -0.0010346207418103427
0.9975923633360985 -0.0014123406570004918
0.9986452283393451 -0.001711483919612712
0.9993977281025862 -0.0019280649237160684
0.9998494093481021 -0.002059186590289711
1.0 -0.0021030903465413648
