1.0 0.0020907522986604275
0.9998494093481021 0.0021439743265530735
0.9993977281025862 0.0023035813517572877
0.9986452283393451 0.0025693779532016086
0.9975923633360985 0.0029409796050161876
0.9962397672993549 0.003417731238465763
0.9945882549823906 0.003998606179864979
0.9926388211944706 0.00468209696801967
0.9903926402016152 0.005466110915348273
0.9878510650192642 0.006347883428304037
0.985015626597272 0.0073239210129924116
0.98188803289772 0.008389983638488528
0.9784701678661044 0.009541112894514087
0.9747640902965183 0.0107717084320654
0.9707720325915102 0.012075650852103508
0.9664963994173694 0.013446464883694418
0.9619397662556433 0.014877512750792332
0.9571048778517655 0.01636220442194425
0.9519946465617215 0.017894209268596774
0.9466121505977576 0.019467652741403565
0.9409606321741775 0.021077282123441246
0.9350434955543556 0.022718587234242825
0.928864305000136 0.024387865023331384
0.9224267826248536 0.02608222108313298
0.9157348061512727 0.027799505914850982
0.9087924065757916 0.02953818891730192
0.9016037657403225 0.03129717812273552
0.894173213813303 0.03307559825871355
0.8865052266813687 0.03487254338757136
0.8786044232532422 0.03668682284631868
0.8704755626774794 0.038516720253782756
0.8621235414757333 0.040359784854387216
0.8535533905932737 0.042212672438395944
0.8447702723685334 0.04407104965026862
0.8357794774235092 0.04592957091862886
0.8265864214768883 0.04778193185846029
0.8171966420818224 0.04962099722355095
0.8076157952903136 0.05143899577705072
0.7978496522462164 0.05322776925342832
0.7879040957089227 0.05497905832365169
0.7777851165098009 0.05668480549490677
0.7674988099435485 0.05833745342586598
0.7570513720966108 0.05993021734802551
0.746449096114892 0.061457312151103644
0.7356983684129987 0.0629141180815848
0.7248056648273034 0.06429727366079026
0.713777546715141 0.06560468999152419
0.7026206570024947 0.06683548665420655
0.691341716182545 0.06798985541744468
0.6799475182674938 0.06906886352443112
0.6684449266961098 0.07007421292150241
0.6568408701994456 0.07100797509678158
0.645142338627231 0.07187232292576459
0.6333563787374491 0.07266928093290476
0.6214900899516319 0.07340051366737885
0.6095506200784349 0.07406716859037615
0.5975451610080642 0.07466978524320997
0.5854809443801506 0.07520827688249072
0.5733652372276805 0.07568198468274742
0.5612053375996082 0.07608979851439938
0.54900857016478 0.07643033270593183
0.5367822817998334 0.0767021405567651
0.5245338371637088 0.0769039480699475
0.512270614261456 0.07703488570238291
0.4999999999999999 0.07709469703441861
0.4877293857385438 0.07708390514488053
0.475466162836291 0.07700392099982069
0.46321771820016633 0.07685708304423942
0.4509914298352198 0.0766466230312294
0.43879466240039156 0.07637655945312875
0.42663476277231926 0.07605152622880992
0.41451905561984914 0.07567655002082271
0.4024548389919357 0.07525679421601014
0.3904493799215649 0.07479729079410843
0.3785099100483679 0.07430268273668622
0.36664362126255073 0.07377699914075753
0.35485766137276875 0.07322348280090259
0.3431591298005543 0.07264448587271612
0.33155507330389 0.07204144363911702
0.320052481732506 0.07141492980538358
0.30865828381745486 0.07076478967717094
0.29737934299750524 0.07009034060797034
0.28622245328485874 0.06939062282346181
0.27519433517269654 0.06866467868278563
0.26430163158700104 0.06791183507664614
0.2535509038851079 0.06713196231924097
0.2429486279033891 0.06632568373986573
0.23250119005645137 0.06549451322232112
0.2222148834901989 0.06464090300048671
0.2120959042910774 0.06376819075383997
0.20215034775378343 0.06288044297051591
0.19238420470968637 0.061982200062113364
0.18280335791817703 0.06107813716391396
0.17341357852311146 0.060172662262711604
0.16422052257649067 0.05926947962706529
0.15522972763146647 0.05837115092593196
0.14644660940672616 0.05747868849998742
0.1378764585242665 0.05659121475354869
0.12952443732252045 0.05570571851410432
0.12139557674675777 0.05481693361178593
0.11349477331863145 0.05391735720697236
0.10582678618669683 0.05299741605646246
0.09839623425967753 0.05204577860911062
0.09120759342420814 0.05104980030160004
0.08426519384872727 0.04999607946021903
0.07757321737514639 0.048871092558140136
0.07113569499986394 0.04766187090253729
0.06495650444564427 0.04635667667224013
0.059039367825822475 0.04494563495939019
0.05338784940224234 0.04342128024670557
0.048005353438278275 0.04177898051309308
0.042895122148234655 0.040017209621649105
0.038060233744356575 0.03813764831977827
0.03350360058263052 0.036145105415343874
0.029227967408489597 0.03404726270544848
0.025235909703481607 0.03185425917732699
0.021529832133895532 0.029578141018882294
0.018111967102280024 0.027232213270556548
0.014984373402728013 0.02483033583674699
0.012148934980735715 0.02238621053665703
0.009607359798384785 0.019912706600243097
0.007361178805529334 0.017421269424396764
0.005411745017609493 0.014921451655877225
0.0037602327006450165 0.012420597147786728
0.0024076366639015356 0.009923697634872612
0.0013547716606548965 0.007433429839570742
0.0006022718974137975 0.004950368012451528
0.00015059065189787502 0.002473354529836112
0.0 0.0
0.00015059065189787502 -0.0011252548651352597
0.0006022718974137975 -0.0022450821272316317
0.0013547716606548965 -0.003353729602847535
0.0024076366639015356 -0.004446037861356239
0.0037602327006450165 -0.005517693341213134
0.005411745017609493 -0.006565432578034102
0.007361178805529334 -0.007587186415447242
0.009607359798384785 -0.008582157013537926
0.012148934980735715 -0.009550824836316337
0.014984373402728013 -0.010494887276909748
0.018111967102280024 -0.011417134849665193
0.021529832133895532 -0.012321274642834272
0.025235909703481607 -0.01321171372517653
0.029227967408489597 -0.014093317235249134
0.03350360058263052 -0.014971156827739007
0.038060233744356575 -0.015850264963923385
0.042895122148234655 -0.01673540925521954
0.048005353438278275 -0.01763089882282433
0.05338784940224234 -0.018540431616513465
0.059039367825822475 -0.019466988090983517
0.06495650444564427 -0.020412772853605897
0.07113569499986394 -0.02137920217152171
0.07757321737514639 -0.02236693184737852
0.08426519384872727 -0.02337591719851916
0.09120759342420814 -0.024405494909341394
0.09839623425967753 -0.025454475509004863
0.10582678618669683 -0.02652123521744436
0.11349477331863145 -0.027603796880960124
0.12139557674675777 -0.028699891584312125
0.12952443732252045 -0.029806995108024346
0.1378764585242665 -0.030922336469160566
0.14644660940672616 -0.032042879074017455
0.15522972763146647 -0.033165278237403284
0.16422052257649067 -0.03428582170611775
0.17341357852311146 -0.03540036211217898
0.18280335791817703 -0.03650425177027015
0.19238420470968637 -0.03759229078404311
0.20215034775378343 -0.03865869897326915
0.2120959042910774 -0.039697120695648416
0.2222148834901989 -0.0407006693112672
0.23250119005645137 -0.041662014995698174
0.2429486279033891 -0.04257351608188859
0.2535509038851079 -0.043427390376796604
0.26430163158700104 -0.04421591925394191
0.27519433517269654 -0.04493167406460109
0.28622245328485874 -0.04556775181145858
0.29737934299750524 -0.04611800531706739
0.30865828381745486 -0.04657725246003195
0.320052481732506 -0.04694144953209118
0.33155507330389 -0.04720781539228095
0.3431591298005543 -0.04737489577700529
0.35485766137276875 -0.04744256070290568
0.36664362126255073 -0.04741193213862818
0.3785099100483679 -0.047285243734029626
0.3904493799215649 -0.0470656390599964
0.4024548389919357 -0.046756919197778475
0.41451905561984914 -0.04636325430641955
0.42663476277231926 -0.04588887671039052
0.43879466240039156 -0.04533777486439364
0.4509914298352198 -0.04471340812000283
0.46321771820016633 -0.044018461476048605
0.475466162836291 -0.043254657468383695
0.4877293857385438 -0.04242263916069816
0.4999999999999999 -0.041521934033302815
0.512270614261456 -0.04055100369581897
0.5245338371637088 -0.03950737908637331
0.5367822817998334 -0.03838787550571074
0.54900857016478 -0.03718887681517573
0.5612053375996082 -0.03590667372866913
0.5733652372276805 -0.03453783763449123
0.5854809443801506 -0.033079609016490576
0.5975451610080642 -0.031530278452569366
0.6095506200784349 -0.02988953841484498
0.6214900899516319 -0.02815878565398762
0.6333563787374491 -0.02634135670948829
0.645142338627231 -0.02444268286037883
0.6568408701994456 -0.02247035536706066
0.6684449266961098 -0.020434096859496414
0.6799475182674938 -0.018345639881094413
0.691341716182545 -0.016218518579971135
0.7026206570024947 -0.014067784048005882
0.713777546715141 -0.011909657580242336
0.7248056648273034 -0.009761138955172975
0.7356983684129987 -0.007639588580222138
0.746449096114892 -0.0055623029410187055
0.7570513720966108 -0.0035461022489491805
0.7674988099435485 -0.0016069475830859288
0.7777851165098009 0.00024039768159448858
0.7879040957089227 0.0019826505774038993
0.7978496522462164 0.003608227474824177
0.8076157952903136 0.005107395229888882
0.8171966420818224 0.00647235438793103
0.8265864214768883 0.007697257854667032
0.8357794774235092 0.008778171530522112
0.8447702723685334 0.009712985841351201
0.8535533905932737 0.010501288779936137
0.8621235414757333 0.011144211947168199
0.8704755626774794 0.011644261156600954
0.8786044232532422 0.012005142501623635
0.8865052266813687 0.012231593487292223
0.894173213813303 0.012329227040647225
0.9016037657403225 0.012304394098824972
0.9087924065757916 0.012164068207664934
0.9157348061512727 0.011915753315441112
0.9224267826248536 0.01156741387176644
0.928864305000136 0.011127424569926669
0.9350434955543556 0.01060453569811687
0.9409606321741775 0.01000784915007031
0.9466121505977576 0.009346799708566915
0.9519946465617215 0.008631136239719405
0.9571048778517655 0.007870897873008278
0.9619397662556433 0.0070763810175358335
0.9664963994173694 0.006258094087312854
0.9707720325915102 0.0054266979774776096
0.9747640902965183 0.004592931549237367
0.9784701678661044 0.0037675225521662504
0.98188803289772 0.002961085460928273
0.985015626597272 0.0021840085712909133
0.9878510650192642 0.0014463333507746872
0.9903926402016152 0.0007576294576813478
0.9926388211944706 0.00012686903397795754
0.9945882549823906 -0.0004376961351504132
0.9962397672993549 -0.0009286511848062117
0.9975923633360985 -0.0013395253575538692
0.9986452283393451 -0.00166488711086394
0.9993977281025862 -0.0019004248824779568
0.9998494093481021 -0.0020430117044641653
1.0 -0.0020907522986604275
