1.0 0.0019766085015338855
0.9998494093481021 0.0020299259275343875
0.9993977281025862 0.002189819868528346
0.9986452283393451 0.0024560962269314485
0.9975923633360985 0.002828369928556256
0.9962397672993549 0.003305979522213934
0.9945882549823906 0.0038878808998677626
0.9926388211944706 0.004572531951609662
0.9903926402016152 0.005357781393344033
0.9878510650192642 0.006240775201961311
0.985015626597272 0.007217893028845536
0.98188803289772 0.008284724714177526
0.9784701678661044 0.009436093772705618
0.9747640902965183 0.010666130737476997
0.9707720325915102 0.011968394869934684
0.9664963994173694 0.01333603835041077
0.9619397662556433 0.014762003037246115
0.9571048778517655 0.0162392365848551
0.9519946465617215 0.017760912443921414
0.9466121505977576 0.019320637250517598
0.9409606321741775 0.02091262946265913
0.9350434955543556 0.022531854826004578
0.928864305000136 0.02417410723268862
0.9224267826248536 0.025836027558123167
0.9157348061512727 0.027515057808419507
0.9087924065757916 0.029209333007811162
0.9016037657403225 0.030917518287126
0.894173213813303 0.03263860318495353
0.8865052266813687 0.03437166885906665
0.8786044232532422 0.03611564640788613
0.8704755626774794 0.03786908559312115
0.8621235414757333 0.039629952819882595
0.8535533905932737 0.04139547527707892
0.8447702723685334 0.04316204480033487
0.8357794774235092 0.0449251905384463
0.8265864214768883 0.04667962422526385
0.8171966420818224 0.04841935619425242
0.8076157952903136 0.05013787467211317
0.7978496522462164 0.051828375800934606
0.7879040957089227 0.05348402767980664
0.7777851165098009 0.05509824883137943
0.7674988099435485 0.05666498013259882
0.7570513720966108 0.05817892952837335
0.746449096114892 0.059635770767553296
0.7356983684129987 0.061032280825472844
0.7248056648273034 0.062366405346951564
0.713777546715141 0.0636372469957646
0.7026206570024947 0.06484497759422635
0.691341716182545 0.06599068090272772
0.6799475182674938 0.06707613834499684
0.6684449266961098 0.06810357448854562
0.6568408701994456 0.06907538227222429
0.645142338627231 0.0699938495685366
0.6333563787374491 0.07086090853789234
0.6214900899516319 0.07167792737426451
0.6095506200784349 0.07244556059563584
0.5975451610080642 0.07316366926694039
0.5854809443801506 0.07383131683608243
0.5733652372276805 0.07444684007291788
0.5612053375996082 0.07500798842800402
0.54900857016478 0.07551211947667062
0.5367822817998334 0.07595643345079561
0.5245338371637088 0.07633822657557245
0.512270614261456 0.0766551413026917
0.4999999999999999 0.0769053917129917
0.4877293857385438 0.07708794435255488
0.475466162836291 0.07720263841995828
0.46321771820016633 0.07725023425432881
0.4509914298352198 0.07723238508287761
0.43879466240039156 0.07715153348623102
0.42663476277231926 0.07701074049699015
0.41451905561984914 0.07681346112456278
0.4024548389919357 0.07656328490039695
0.3904493799215649 0.0762636633463895
0.3785099100483679 0.07591764778578167
0.36664362126255073 0.07552766048311516
0.35485766137276875 0.07509531971823168
0.3431591298005543 0.07462133522944198
0.33155507330389 0.0741054848132812
0.320052481732506 0.07354667618032983
0.30865828381745486 0.07294309097000251
0.29737934299750524 0.07229240070615195
0.28622245328485874 0.07159203802021204
0.27519433517269654 0.07083950122841343
0.26430163158700104 0.07003266678678158
0.2535509038851079 0.069170082598975
0.2429486279033891 0.06825121579900771
0.23250119005645137 0.06727663148178033
0.2222148834901989 0.06624808373979203
0.2120959042910774 0.06516850694715522
0.20215034775378343 0.06404190303007751
0.19238420470968637 0.06287312888468309
0.18280335791817703 0.06166759649160515
0.17341357852311146 0.06043090596073425
0.16422052257649067 0.0591684380853651
0.15522972763146647 0.057884937447923786
0.14644660940672616 0.05658411928815512
0.1378764585242665 0.05526833297642384
0.12952443732252045 0.05393831197845079
0.12139557674675777 0.052593034801979126
0.11349477331863145 0.05122971392198746
0.10582678618669683 0.0498439206013705
0.09839623425967753 0.048429843505896124
0.09120759342420814 0.04698066879156984
0.08426519384872727 0.04548905968926098
0.07757321737514639 0.043947705271640033
0.07113569499986394 0.042349901726139685
0.06495650444564427 0.04069012560665698
0.059039367825822475 0.03896455755194415
0.05338784940224234 0.03717151698976711
0.048005353438278275 0.03531177332122037
0.042895122148234655 0.03338870670722732
0.038060233744356575 0.03140830136508183
0.03350360058263052 0.029378965563737498
0.029227967408489597 0.027311184496619522
0.025235909703481607 0.025217024057789927
0.021529832133895532 0.02310951439455889
0.018111967102280024 0.021001951158795787
0.014984373402728013 0.018907158949873774
0.012148934980735715 0.016836765023310305
0.009607359798384785 0.014800531628446913
0.007361178805529334 0.012805792266847355
0.005411745017609493 0.010857030902129076
0.0037602327006450165 0.008955634103905624
0.0024076366639015356 0.007099834879147971
0.0013547716606548965 0.0052848543005392205
0.0006022718974137975 0.0035032338572377397
0.00015059065189787502 0.0017453386473215155
0.0 0.0
0.00015059065189787502 -0.0015119380548624553
0.0006022718974137975 -0.0030139244401969976
0.0013547716606548965 -0.004495825204241785
0.0024076366639015356 -0.005948311213588463
0.0037602327006450165 -0.0073632080731995155
0.005411745017609493 -0.008733786553756609
0.007361178805529334 -0.010054979599939388
0.009607359798384785 -0.011323516519338293
0.012148934980735715 -0.01253796998725257
0.014984373402728013 -0.013698716701405642
0.018111967102280024 -0.014807817528929542
0.021529832133895532 -0.015868827470315698
0.025235909703481607 -0.016886549428232697
0.029227967408489597 -0.01786674838325903
0.03350360058263052 -0.018815843992999775
0.038060233744356575 -0.019740599784372675
0.042895122148234655 -0.02064782603221186
0.048005353438278275 -0.021544111230780982
0.05338784940224234 -0.02243559396692447
0.059039367825822475 -0.023327783255533578
0.06495650444564427 -0.024225431302751517
0.07113569499986394 -0.0251324585411906
0.07757321737514639 -0.026051926949295087
0.08426519384872727 -0.026986054408440648
0.09120759342420814 -0.027936260399307106
0.09839623425967753 -0.02890323185752975
0.10582678618669683 -0.02988699758110497
0.11349477331863145 -0.030887000206071304
0.12139557674675777 -0.031902156355632254
0.12952443732252045 -0.03293089795750945
0.1378764585242665 -0.033971190688493635
0.14644660940672616 -0.035020528773296346
0.15522972763146647 -0.03607590864411086
0.16422052257649067 -0.03713378696640931
0.17341357852311146 -0.03819003098888887
0.18280335791817703 -0.0392398708607836
0.19238420470968637 -0.04027786432151216
0.20215034775378343 -0.04129788392588434
0.2120959042910774 -0.04229313572602807
0.2222148834901989 -0.04325621617523663
0.23250119005645137 -0.044179211112240005
0.2429486279033891 -0.045053837254435125
0.2535509038851079 -0.04587162294949764
0.26430163158700104 -0.046624121306086445
0.27519433517269654 -0.04730314554757364
0.28622245328485874 -0.047901013787716815
0.29737934299750524 -0.04841078864991091
0.30865828381745486 -0.04882649641526719
0.320052481732506 -0.049143310785357434
0.33155507330389 -0.04935768789357165
0.3431591298005543 -0.049467441817652134
0.35485766137276875 -0.04947175337508848
0.36664362126255073 -0.049371109190643594
0.3785099100483679 -0.049167172623606994
0.3904493799215649 -0.048862592808741445
0.4024548389919357 -0.04846076246506121
0.41451905561984914 -0.04796553893920179
0.42663476277231926 -0.047380945890398055
0.43879466240039156 -0.046710874864791314
0.4509914298352198 -0.045958806595317384
0.46321771820016633 -0.04512757113338763
0.475466162836291 -0.04421916389512642
0.4877293857385438 -0.04323463150364788
0.4999999999999999 -0.04217403712796993
0.512270614261456 -0.04103651012598095
0.5245338371637088 -0.039820379511187935
0.5367822817998334 -0.03852338542700915
0.54900857016478 -0.03714295777871681
0.5612053375996082 -0.035676546772515444
0.5733652372276805 -0.034121986631812845
0.5854809443801506 -0.032477871428533506
0.5975451610080642 -0.03074392093120677
0.6095506200784349 -0.028921314693709867
0.6214900899516319 -0.02701297426113388
0.6333563787374491 -0.025023776237318267
0.645142338627231 -0.022960682849101056
0.6568408701994456 -0.02083278129825405
0.6684449266961098 -0.01865122831088729
0.6799475182674938 -0.016429101548959782
0.691341716182545 -0.014181164610677395
0.7026206570024947 -0.011923556907434893
0.713777546715141 -0.00967342349635435
0.7248056648273034 -0.0074485027583923846
0.7356983684129987 -0.005266691501090441
0.746449096114892 -0.0031456075679944322
0.7570513720966108 -0.0011021693679349842
0.7674988099435485 0.0008477900138552075
0.7777851165098009 0.0026898591387859603
0.7879040957089227 0.004411323384056828
0.7978496522462164 0.006001371238020674
0.8076157952903136 0.007451228077786878
0.8171966420818224 0.008754217804173417
0.8265864214768883 0.009905756424701815
0.8357794774235092 0.010903284874407313
0.8447702723685334 0.01174615088030429
0.8535533905932737 0.01243545139714856
0.8621235414757333 0.012973848018256209
0.8704755626774794 0.013365367803934035
0.8786044232532422 0.013615201235490395
0.8865052266813687 0.013729507606351868
0.894173213813303 0.013715236251692062
0.9016037657403225 0.013579969766109408
0.9087924065757916 0.013331792947108172
0.9157348061512727 0.012979188808531307
0.9224267826248536 0.012530960794539567
0.928864305000136 0.011996178426472817
0.9350434955543556 0.011384142132903518
0.9409606321741775 0.010704362009474588
0.9466121505977576 0.009966544751670268
0.9519946465617215 0.009180582984252039
0.9571048778517655 0.008356541625938674
0.9619397662556433 0.007504636700655826
0.9664963994173694 0.00663520304277063
0.9707720325915102 0.005758648539548192
0.9747640902965183 0.004885393805939571
0.9784701678661044 0.00402579739921037
0.98188803289772 0.0031900677731241923
0.985015626597272 0.0023881640823325834
0.9878510650192642 0.001629688638411166
0.9903926402016152 0.0009237742733517892
0.9926388211944706 0.00027897008888088867
0.9945882549823906 -0.00029687091720130955
0.9962397672993549 -0.0007966990185356033
0.9975923633360985 -0.0012143666871974029
0.9986452283393451 -0.0015447166290933597
0.9993977281025862 -0.0017836567075347257
0.9998494093481021 -0.0019282199792797995
1.0 -0.0019766085015338855
