1.0 0.0019452255325696354
0.9998494093481021 0.001992621578013454
0.9993977281025862 0.002134740418968086
0.9986452283393451 0.002371355440641025
0.9975923633360985 0.002702028548770854
0.9962397672993549 0.0031260264720213743
0.9945882549823906 0.0036422167525139793
0.9926388211944706 0.004248955140094301
0.9903926402016152 0.004943977520634096
0.9878510650192642 0.005724309707952979
0.985015626597272 0.0065862073780987886
0.98188803289772 0.0075251361982332406
0.9784701678661044 0.008535798978225767
0.9747640902965183 0.009612212718405667
0.9707720325915102 0.01074783407595186
0.9664963994173694 0.011935727398501707
0.9619397662556433 0.013168765457914173
0.9571048778517655 0.014439849716369616
0.9519946465617215 0.015742134672723763
0.9466121505977576 0.017069239789558537
0.9409606321741775 0.018415432810119616
0.9350434955543556 0.019775769946385434
0.928864305000136 0.021146181347564245
0.9224267826248536 0.02252349422794732
0.9157348061512727 0.023905390739166893
0.9087924065757916 0.025290302742784404
0.9016037657403225 0.026677250666282147
0.894173213813303 0.028065638196952382
0.8865052266813687 0.029455018302277633
0.8786044232532422 0.030844848642810823
0.8704755626774794 0.03223425563416526
0.8621235414757333 0.03362182609773246
0.8535533905932737 0.035005443614945904
0.8447702723685334 0.03638218348931262
0.8357794774235092 0.03774827585981232
0.8265864214768883 0.03909914133042826
0.8171966420818224 0.04042949788557372
0.8076157952903136 0.041733532290547284
0.7978496522462164 0.04300512407366641
0.7879040957089227 0.0442381059635788
0.7777851165098009 0.04542654165646634
0.7674988099435485 0.04656500026375189
0.7570513720966108 0.047648806876023415
0.746449096114892 0.04867425037990354
0.7356983684129987 0.04963873285875116
0.7248056648273034 0.05054084935182024
0.713777546715141 0.051380392094095395
0.7026206570024947 0.052158279189566795
0.691341716182545 0.05287641352146298
0.6799475182674938 0.053537483106348045
0.6684449266961098 0.05414471862029944
0.6568408701994456 0.0547016270981412
0.645142338627231 0.05521172256281162
0.6333563787374491 0.055678274434119095
0.6214900899516319 0.05610409298074921
0.6095506200784349 0.056491367938588576
0.5975451610080642 0.05684157197129929
0.5854809443801506 0.05715543525238946
0.5733652372276805 0.05743299153812944
0.5612053375996082 0.05767369015865645
0.54900857016478 0.05787656286756047
0.5367822817998334 0.05804042991156227
0.5245338371637088 0.05816412639409717
0.512270614261456 0.05824672828944137
0.4999999999999999 0.058287757470626894
0.4877293857385438 0.058287346857587324
0.475466162836291 0.05824635014171671
0.46321771820016633 0.05816638523549754
0.4509914298352198 0.05804980625359923
0.43879466240039156 0.05789960499327487
0.42663476277231926 0.05771924903808366
0.41451905561984914 0.05751246924476033
0.4024548389919357 0.05728301400911425
0.3904493799215649 0.05703439093944602
0.3785099100483679 0.05676961810116692
0.36664362126255073 0.056491006675609676
0.35485766137276875 0.05619999469153288
0.3431591298005543 0.0558970475853222
0.33155507330389 0.05558163601553904
0.320052481732506 0.05525229501265651
0.30865828381745486 0.054906761690733503
0.29737934299750524 0.05454218194198415
0.28622245328485874 0.05415537034338601
0.27519433517269654 0.0537431024547124
0.26430163158700104 0.05330241522666369
0.2535509038851079 0.052830889694223705
0.2429486279033891 0.052326890684316396
0.23250119005645137 0.051789740933161355
0.2222148834901989 0.05121981163210364
0.2120959042910774 0.05061851768427711
0.20215034775378343 0.04998821340160105
0.19238420470968637 0.04933199243907046
0.18280335791817703 0.048653403823540727
0.17341357852311146 0.047956103343608274
0.16422052257649067 0.04724346571645871
0.15522972763146647 0.046518187310420865
0.14644660940672616 0.045781911378380315
0.1378764585242665 0.04503490750743022
0.12952443732252045 0.04427583425708835
0.12139557674675777 0.04350160887618459
0.11349477331863145 0.04270740087626928
0.10582678618669683 0.0418867575807752
0.09839623425967753 0.04103186017872305
0.09120759342420814 0.04013389899059654
0.08426519384872727 0.039183547338040074
0.07757321737514639 0.03817150531359966
0.07113569499986394 0.03708907851187925
0.06495650444564427 0.03592875292400151
0.059039367825822475 0.0346847260613615
0.05338784940224234 0.03335335611468724
0.048005353438278275 0.031933495511825595
0.042895122148234655 0.030426682343706237
0.038060233744356575 0.028837172320143257
0.03350360058263052 0.02717180457063271
0.029227967408489597 0.02543970597665731
0.025235909703481607 0.023651850002544057
0.021529832133895532 0.021820496366583446
0.018111967102280024 0.01995854660150445
0.014984373402728013 0.018078856942500412
0.012148934980735715 0.016193553560342036
0.009607359798384785 0.014313395632614094
0.007361178805529334 0.012447229044659997
0.005411745017609493 0.010601567788801298
0.0037602327006450165 0.008780331760374788
0.0024076366639015356 0.006984759200384029
0.0013547716606548965 0.005213500229149825
0.0006022718974137975 0.003462885577689932
0.00015059065189787502 0.0017273526212064315
0.0 0.0
0.00015059065189787502 -0.001402923358145392
0.0006022718974137975 -0.0027976340658254486
0.0013547716606548965 -0.0041756959391582825
0.0024076366639015356 -0.0055293784119396176
0.0037602327006450165 -0.0068519622673776604
0.005411745017609493 -0.008137992064223902
0.007361178805529334 -0.009383462894694898
0.009607359798384785 -0.010585933247991399
0.012148934980735715 -0.011744560345866198
0.014984373402728013 -0.012860059044633623
0.018111967102280024 -0.013934589934048794
0.021529832133895532 -0.014971586298166608
0.025235909703481607 -0.015975532867486503
0.029227967408489597 -0.016951711576042562
0.03350360058263052 -0.017905930706819395
0.038060233744356575 -0.01884425381290606
0.042895122148234655 -0.01977274367555875
0.048005353438278275 -0.02069723442197059
0.05338784940224234 -0.02162314196591525
0.059039367825822475 -0.022555319401746078
0.06495650444564427 -0.023497960162404456
0.07113569499986394 -0.024454547946425678
0.07757321737514639 -0.025427848920836695
0.08426519384872727 -0.026419938779354297
0.09120759342420814 -0.027432255091146066
0.09839623425967753 -0.028465664161148364
0.10582678618669683 -0.02952053140826287
0.11349477331863145 -0.03059678504098516
0.12139557674675777 -0.031693964479861336
0.12952443732252045 -0.03281124737968798
0.1378764585242665 -0.03394745202058185
0.14644660940672616 -0.0351010150049254
0.15522972763146647 -0.036269947336801604
0.16422052257649067 -0.037451774795556204
0.17341357852311146 -0.03864347079506716
0.18280335791817703 -0.03984139144063213
0.19238420470968637 -0.041041223114064634
0.20215034775378343 -0.04223795256666023
0.2120959042910774 -0.04342586819109454
0.2222148834901989 -0.044598598968392224
0.23250119005645137 -0.04574919470889451
0.2429486279033891 -0.04687024785095364
0.2535509038851079 -0.04795405351518253
0.26430163158700104 -0.04899280102511255
0.27519433517269654 -0.04997878698641512
0.28622245328485874 -0.050904637532790724
0.29737934299750524 -0.05176352571947885
0.30865828381745486 -0.05254936943532284
0.320052481732506 -0.053256995696348765
0.33155507330389 -0.05388225877979662
0.3431591298005543 -0.05442210227500464
0.35485766137276875 -0.05487455860455021
0.36664362126255073 -0.055238683675240305
0.3785099100483679 -0.05551442877133899
0.3904493799215649 -0.055702456287314885
0.4024548389919357 -0.05580391009076183
0.41451905561984914 -0.05582015489890407
0.42663476277231926 -0.05575250177244972
0.43879466240039156 -0.05560193846418991
0.4509914298352198 -0.05536888376587653
0.46321771820016633 -0.0550529841191654
0.475466162836291 -0.05465296862751824
0.4877293857385438 -0.054166575346150075
0.4999999999999999 -0.0535905575361607
0.512270614261456 -0.05292077371261347
0.5245338371637088 -0.05215236010782195
0.5367822817998334 -0.05127997894971455
0.54900857016478 -0.05029813106256002
0.5612053375996082 -0.04920151705416398
0.5733652372276805 -0.04798542803745343
0.5854809443801506 -0.04664614466087782
0.5975451610080642 -0.045181322330815774
0.6095506200784349 -0.04359034095462907
0.6214900899516319 -0.04187459928163234
0.6333563787374491 -0.040037736852750236
0.645142338627231 -0.038085770494047544
0.6568408701994456 -0.03602713694911517
0.6684449266961098 -0.03387263834156098
0.6799475182674938 -0.03163529237008912
0.691341716182545 -0.029330094142713488
0.7026206570024947 -0.026973701052268508
0.713777546715141 -0.02458405582171725
0.7248056648273034 -0.022179965600723345
0.7356983684129987 -0.019780656639127023
0.746449096114892 -0.017405324538552387
0.7570513720966108 -0.015072699407599886
0.7674988099435485 -0.012800643509404007
0.7777851165098009 -0.010605796347618228
0.7879040957089227 -0.008503278794481001
0.7978496522462164 -0.006506464064391381
0.8076157952903136 -0.0046268193379416424
0.8171966420818224 -0.0028738179035900325
0.8265864214768883 -0.0012549180479790945
0.8357794774235092 0.00022439820125390612
0.8447702723685334 0.001560535832931289
0.8535533905932737 0.002751658141600107
0.8621235414757333 0.0037975304325297337
0.8704755626774794 0.004699348062155341
0.8786044232532422 0.005459560016933278
0.8865052266813687 0.006081697874612067
0.894173213813303 0.006570218136580888
0.9016037657403225 0.006930363736908203
0.9087924065757916 0.007168048200878052
0.9157348061512727 0.007289763617165046
0.9224267826248536 0.007302511460916208
0.928864305000136 0.007213753491243955
0.9350434955543556 0.007031378543482626
0.9409606321741775 0.006763680103369388
0.9466121505977576 0.006419339107108632
0.9519946465617215 0.0060074064407259755
0.9571048778517655 0.005537280064161691
0.9619397662556433 0.005018672484252421
0.9664963994173694 0.004461565352549197
0.9707720325915102 0.0038761491666056257
0.9747640902965183 0.003272747304892993
0.9784701678661044 0.0026617248319971932
0.98188803289772 0.00205338359306756
0.985015626597272 0.0014578460148609793
0.9878510650192642 0.0008849307072789899
0.9903926402016152 0.000344023398401818
0.9926388211944706 -0.0001560530574167612
0.9945882549823906 -0.0006071658627565884
0.9962397672993549 -0.0010019930958185194
0.9975923633360985 -0.0013341349226370749
0.9986452283393451 -0.0015982123650641832
0.9993977281025862 -0.0017899512406499454
0.9998494093481021 -0.0019062493604339779
1.0 -0.0019452255325696354
