1.0 0.0020221271458825663
0.9998494093481021 0.0020736740089363306
0.9993977281025862 0.0022282462500050203
0.9986452283393451 0.0024856202712729572
0.9975923633360985 0.002845363571733089
0.9962397672993549 0.003306751832173989
0.9945882549823906 0.0038686658749074888
0.9926388211944706 0.0045294800949394615
0.9903926402016152 0.00528695535062494
0.9878510650192642 0.006138149485398186
0.985015626597272 0.007079357594513554
0.98188803289772 0.008106091927360053
0.9784701678661044 0.009213108105437792
0.9747640902965183 0.010394480405809748
0.9707720325915102 0.011643724543573066
0.9664963994173694 0.01295396205703431
0.9619397662556433 0.014318116435379858
0.9571048778517655 0.01572912788509827
0.9519946465617215 0.017180171407008702
0.9466121505977576 0.018664861867481744
0.9409606321741775 0.02017743011112371
0.9350434955543556 0.021712855881173224
0.928864305000136 0.02326694627718822
0.9224267826248536 0.024836352469592076
0.9157348061512727 0.026418522099560197
0.9087924065757916 0.0280115898470477
0.9016037657403225 0.029614213640288888
0.894173213813303 0.031225368495360385
0.8865052266813687 0.032844113634616964
0.8786044232532422 0.03446935102173862
0.8704755626774794 0.03609959454294852
0.8621235414757333 0.03773276864320743
0.8535533905932737 0.0393660532986655
0.8447702723685334 0.0409957889007499
0.8357794774235092 0.04261745018507966
0.8265864214768883 0.04422569309757723
0.8171966420818224 0.04581447285765569
0.8076157952903136 0.04737722589834092
0.7978496522462164 0.048907103281390356
0.7879040957089227 0.05039723901318831
0.7777851165098009 0.05184103376760558
0.7674988099435485 0.053232433101616634
0.7570513720966108 0.05456617945721928
0.746449096114892 0.05583801907873402
0.7356983684129987 0.057044848306985856
0.7248056648273034 0.058184788288951225
0.713777546715141 0.05925718260881162
0.7026206570024947 0.06026251827505629
0.691341716182545 0.06120227641874709
0.6799475182674938 0.06207872449758841
0.6684449266961098 0.06289466632130628
0.6568408701994456 0.0636531694489375
0.645142338627231 0.06435729119172467
0.6333563787374491 0.0650098244434426
0.6214900899516319 0.06561308284601128
0.6095506200784349 0.06616874151263633
0.5975451610080642 0.06667774493207884
0.5854809443801506 0.06714028813292051
0.5733652372276805 0.06755587114225314
0.5612053375996082 0.06792342071940499
0.54900857016478 0.06824146777692254
0.5367822817998334 0.06850836427712106
0.5245338371637088 0.06872252009875916
0.512270614261456 0.06888263868486898
0.4999999999999999 0.06898793036014676
0.4877293857385438 0.06903828405215644
0.475466162836291 0.06903438162727334
0.46321771820016633 0.06897774388652399
0.4509914298352198 0.06887070307014968
0.43879466240039156 0.0687163030201716
0.42663476277231926 0.0685181344278895
0.41451905561984914 0.06828011832345157
0.4024548389919357 0.06800625566053112
0.3904493799215649 0.0677003641020082
0.3785099100483679 0.06736582462639386
0.36664362126255073 0.0670053601921979
0.35485766137276875 0.0666208664149313
0.3431591298005543 0.06621331018192347
0.33155507330389 0.06578270665342394
0.320052481732506 0.06532817859933059
0.30865828381745486 0.06484809501688721
0.29737934299750524 0.06434027903579463
0.28622245328485874 0.06380226882061064
0.27519433517269654 0.06323161006393285
0.26430163158700104 0.06262615518191317
0.2535509038851079 0.061984342808389346
0.2429486279033891 0.061305431816269136
0.23250119005645137 0.060589666886586464
0.2222148834901989 0.059838357434926374
0.2120959042910774 0.05905385816506676
0.20215034775378343 0.05823944718171669
0.19238420470968637 0.05739910588083292
0.18280335791817703 0.05653721310474619
0.17341357852311146 0.05565817364196558
0.16422052257649067 0.054766007445371384
0.15522972763146647 0.053863930400102976
0.14644660940672616 0.052953959685602035
0.1378764585242665 0.0520365765007283
0.12952443732252045 0.05111047609904478
0.12139557674675777 0.05017242985096377
0.11349477331863145 0.0492172767371134
0.10582678618669683 0.048238052777644466
0.09839623425967753 0.047226257043489164
0.09120759342420814 0.04617224279444855
0.08426519384872727 0.04506571269769549
0.07757321737514639 0.04389628873026656
0.07113569499986394 0.042654120915169506
0.06495650444564427 0.04133049501006118
0.059039367825822475 0.03991839801757902
0.05338784940224234 0.03841300207526405
0.048005353438278275 0.036812031853591935
0.042895122148234655 0.03511598777162497
0.038060233744356575 0.033328206662350444
0.03350360058263052 0.031454752349242464
0.029227967408489597 0.029504140176170916
0.025235909703481607 0.027486911041735812
0.021529832133895532 0.025415081096613123
0.018111967102280024 0.023301502192748246
0.014984373402728013 0.021159174762172682
0.012148934980735715 0.019000558548575314
0.009607359798384785 0.016836927214601897
0.007361178805529334 0.014677810224648152
0.005411745017609493 0.012530559711253386
0.0037602327006450165 0.010400071650425106
0.0024076366639015356 0.008288680171632989
0.0013547716606548965 0.006196231942526615
0.0006022718974137975 0.004120335131645844
0.00015059065189787502 0.0020567653436042712
0.0 0.0
0.00015059065189787502 -0.0015586633726656428
0.0006022718974137975 -0.003107880531976515
0.0013547716606548965 -0.004637970653455337
0.0024076366639015356 -0.006139982804155175
0.0037602327006450165 -0.007606014032985627
0.005411745017609493 -0.009029474366785853
0.007361178805529334 -0.010405286346320182
0.009607359798384785 -0.011730010816306757
0.012148934980735715 -0.013001895213471842
0.014984373402728013 -0.014220845259989522
0.018111967102280024 -0.015388325444008847
0.021529832133895532 -0.01650719764944998
0.025235909703481607 -0.017581510518973904
0.029227967408489597 -0.018616254391243665
0.03350360058263052 -0.019617097814249994
0.038060233744356575 -0.020590121651227127
0.042895122148234655 -0.021541565700529237
0.048005353438278275 -0.022477600663325062
0.05338784940224234 -0.023404135402245615
0.059039367825822475 -0.024326665985641555
0.06495650444564427 -0.025250169288166646
0.07113569499986394 -0.026179040216039905
0.07757321737514639 -0.027117068233286183
0.08426519384872727 -0.028067446041734476
0.09120759342420814 -0.029032801220603487
0.09839623425967753 -0.030015240503341485
0.10582678618669683 -0.03101639622599799
0.11349477331863145 -0.03203746530813568
0.12139557674675777 -0.03307923283077096
0.12952443732252045 -0.03414207469201984
0.1378764585242665 -0.03522593672889036
0.14644660940672616 -0.03633029083276647
0.15522972763146647 -0.03745407167824392
0.16422052257649067 -0.038595600456104225
0.17341357852311146 -0.039752504203696394
0.18280335791817703 -0.04092164075850463
0.19238420470968637 -0.04209903988454478
0.20215034775378343 -0.043279870671860836
0.2120959042910774 -0.044458443901931995
0.2222148834901989 -0.04562825580052573
0.23250119005645137 -0.04678207663101858
0.2429486279033891 -0.04791208414187748
0.2535509038851079 -0.04901003824078992
0.26430163158700104 -0.05006748971570215
0.27519433517269654 -0.05107601264994258
0.28622245328485874 -0.052027447651519024
0.29737934299750524 -0.052914141358053814
0.30865828381745486 -0.053729167048907886
0.320052481732506 -0.05446651167964832
0.33155507330389 -0.05512121625286869
0.3431591298005543 -0.055689459070794485
0.35485766137276875 -0.056168574916920476
0.36664362126255073 -0.05655700735552213
0.3785099100483679 -0.05685419583635503
0.3904493799215649 -0.057060403832277215
0.4024548389919357 -0.057176498495685395
0.41451905561984914 -0.05720369598564334
0.42663476277231926 -0.05714328941851373
0.43879466240039156 -0.05699637811504346
0.4509914298352198 -0.05676361731364146
0.46321771820016633 -0.05644500673451774
0.475466162836291 -0.05603973434270295
0.4877293857385438 -0.05554608848726583
0.4999999999999999 -0.05496144748617806
0.512270614261456 -0.054282350944025
0.5245338371637088 -0.053504651943575614
0.5367822817998334 -0.05262374407872816
0.54900857016478 -0.05163485243499937
0.5612053375996082 -0.05053337339343199
0.5733652372276805 -0.049315244811069456
0.5854809443801506 -0.04797732593141064
0.5975451610080642 -0.04651776544155933
0.6095506200784349 -0.04493633647489918
0.6214900899516319 -0.04323471902766304
0.6333563787374491 -0.041416713099290896
0.645142338627231 -0.03948836968947455
0.6568408701994456 -0.03745803133767136
0.6684449266961098 -0.035336278878906814
0.6799475182674938 -0.033135786195645216
0.691341716182545 -0.030871089651371773
0.7026206570024947 -0.028558283299811367
0.713777546715141 -0.02621465461682344
0.7248056648273034 -0.023858278198435952
0.7356983684129987 -0.021507586474540357
0.746449096114892 -0.01918093694453538
0.7570513720966108 -0.016896194765852367
0.7674988099435485 -0.01467034780833025
0.7777851165098009 -0.012519168679917035
0.7879040957089227 -0.01045693493602773
0.7978496522462164 -0.008496214944915089
0.8076157952903136 -0.006647722950744238
0.8171966420818224 -0.004920243010061359
0.8265864214768883 -0.003320617913273555
0.8357794774235092 -0.0018537961446335447
0.8447702723685334 -0.0005229275405510176
0.8535533905932737 0.000670503318430568
0.8621235414757333 0.0017265177552384784
0.8704755626774794 0.0026464694604159383
0.8786044232532422 0.003432867813119968
0.8865052266813687 0.0040892077323566815
0.894173213813303 0.0046198138795673855
0.9016037657403225 0.005029704863265622
0.9087924065757916 0.005324480783901584
0.9157348061512727 0.00551023517415539
0.9224267826248536 0.005593490291686774
0.928864305000136 0.005581152936892089
0.9350434955543556 0.005480486592646978
0.9409606321741775 0.005299094773651455
0.9466121505977576 0.005044910048188607
0.9519946465617215 0.004726183236273877
0.9571048778517655 0.004351467744501935
0.9619397662556433 0.003929594793207898
0.9664963994173694 0.0034696363325513813
0.9707720325915102 0.002980853629313453
0.9747640902965183 0.002472630734645521
0.9784701678661044 0.001954393222311932
0.98188803289772 0.0014355136396488918
0.985015626597272 0.0009252059815713629
0.9878510650192642 0.00043241214545821196
0.9903926402016152 -3.4316262231929694e-05
0.9926388211944706 -0.0004669372117139369
0.9945882549823906 -0.0008580350916102498
0.9962397672993549 -0.001200931758702859
0.9975923633360985 -0.0014897887625479553
0.9986452283393451 -0.001719698108959078
0.9993977281025862 -0.001886759365301362
0.9998494093481021 -0.001988141358040732
1.0 -0.0020221271458825663
