1.0 0.0018573104519693069
0.9998494093481021 0.0019036859361095397
0.9993977281025862 0.0020427817469466695
0.9986452283393451 0.002274486302228341
0.9975923633360985 0.002598550173047068
0.9962397672993549 0.003014497942058455
0.9945882549823906 0.0035215182402569527
0.9926388211944706 0.004118343923148513
0.9903926402016152 0.004803135801642844
0.9878510650192642 0.005573383563194804
0.985015626597272 0.0064258364695885
0.98188803289772 0.007356474175106546
0.9784701678661044 0.008360524753550232
0.9747640902965183 0.00943253302595616
0.9707720325915102 0.01056647788204002
0.9664963994173694 0.011755932866046969
0.9619397662556433 0.01299426023801204
0.9571048778517655 0.01427482538534911
0.9519946465617215 0.01559121615184905
0.9466121505977576 0.016937450593386007
0.9409606321741775 0.01830815698110594
0.9350434955543556 0.01969871155870269
0.928864305000136 0.021105322509692496
0.9224267826248536 0.022525052584138748
0.9157348061512727 0.02395577756137606
0.9087924065757916 0.025396082808428828
0.9016037657403225 0.02684510521920176
0.894173213813303 0.028302332370886068
0.8865052266813687 0.02976737442715255
0.8786044232532422 0.031239726832658632
0.8704755626774794 0.03271854295179787
0.8621235414757333 0.03420243538980427
0.8535533905932737 0.03568932280239203
0.8447702723685334 0.037176335681207845
0.8357794774235092 0.038659790141628556
0.8265864214768883 0.040135233478523206
0.8171966420818224 0.04159755960607626
0.8076157952903136 0.04304118690848003
0.7978496522462164 0.04446028594930679
0.7879040957089227 0.04584904033339149
0.7777851165098009 0.04720192113141974
0.7674988099435485 0.04851395391118309
0.7570513720966108 0.049780957698369495
0.746449096114892 0.05099973711043449
0.7356983684129987 0.052168212334016605
0.7248056648273034 0.053285476291288006
0.713777546715141 0.054351773902296605
0.7026206570024947 0.05536840436254292
0.691341716182545 0.05633755334111353
0.6799475182674938 0.057262067485714684
0.6684449266961098 0.058145188154332034
0.6568408701994456 0.058990264508886815
0.645142338627231 0.059800467737123005
0.6333563787374491 0.060578528073632905
0.6214900899516319 0.06132651446618544
0.6095506200784349 0.06204567331586678
0.5975451610080642 0.0627363379754079
0.5854809443801506 0.06339791499541696
0.5733652372276805 0.06402894691904454
0.5612053375996082 0.06462724524165485
0.54900857016478 0.06519008147671622
0.5367822817998334 0.06571441956843405
0.5245338371637088 0.0661971695561681
0.512270614261456 0.06663544070783091
0.4999999999999999 0.06702677244950431
0.4877293857385438 0.06736932333082651
0.475466162836291 0.06766200183691354
0.46321771820016633 0.06790452780655043
0.4509914298352198 0.06809741914561201
0.43879466240039156 0.06824190495130365
0.42663476277231926 0.06833977255709489
0.41451905561984914 0.06839316183616839
0.4024548389919357 0.06840432486822694
0.3904493799215649 0.06837537236638659
0.3785099100483679 0.06830802977889436
0.36664362126255073 0.06820342556742426
0.35485766137276875 0.06806193181937156
0.3431591298005543 0.06788307323486263
0.33155507330389 0.06766551494823975
0.320052481732506 0.06740713303329345
0.30865828381745486 0.06710516442979508
0.29737934299750524 0.06675642599654284
0.28622245328485874 0.06635758603001755
0.27519433517269654 0.06590546643341541
0.26430163158700104 0.06539735023761148
0.2535509038851079 0.06483126769766767
0.2429486279033891 0.0642062348952292
0.23250119005645137 0.06352242167538572
0.2222148834901989 0.06278123066622203
0.2120959042910774 0.061985275732980384
0.20215034775378343 0.061138256024975184
0.19238420470968637 0.0602447301914996
0.18280335791817703 0.05930980371748455
0.17341357852311146 0.058338749990759095
0.16422052257649067 0.057336592028622506
0.15522972763146647 0.056307676218920244
0.14644660940672616 0.05525527156009862
0.1378764585242665 0.054181227474385175
0.12952443732252045 0.05308572026807687
0.12139557674675777 0.0519671128721613
0.11349477331863145 0.05082194495690007
0.10582678618669683 0.049645061387850284
0.09839623425967753 0.04842987692534304
0.09120759342420814 0.04716876480029549
0.08426519384872727 0.04585354709615379
0.07757321737514639 0.044476056475748184
0.07113569499986394 0.043028732378048065
0.06495650444564427 0.04150521090560588
0.059039367825822475 0.03990086658564389
0.05338784940224234 0.038213266167233376
0.048005353438278275 0.03644249954381165
0.042895122148234655 0.03459136047454566
0.038060233744356575 0.0326653595279038
0.03350360058263052 0.030672562925439132
0.029227967408489597 0.028623262939736903
0.025235909703481607 0.026529497347605603
0.021529832133895532 0.024404446302832797
0.018111967102280024 0.02226174407503843
0.014984373402728013 0.020114749722440917
0.012148934980735715 0.017975824415315866
0.009607359798384785 0.01585566350011346
0.007361178805529334 0.013762728420477814
0.005411745017609493 0.011702817459580631
0.0037602327006450165 0.009678805336896476
0.0024076366639015356 0.007690570583406408
0.0013547716606548965 0.005735117094656887
0.0006022718974137975 0.003806883190360575
0.00015059065189787502 0.0018982188061196878
0.0 0.0
0.00015059065189787502 -0.0012609663636608563
0.0006022718974137975 -0.0025143124438959034
0.0013547716606548965 -0.0037522384139509466
0.0024076366639015356 -0.004967683254467642
0.0037602327006450165 -0.006154642646439864
0.005411745017609493 -0.0073084285725921305
0.007361178805529334 -0.0084258571217555
0.009607359798384785 -0.009505355529383041
0.012148934980735715 -0.010546984532461655
0.014984373402728013 -0.011552377319249692
0.018111967102280024 -0.012524601356524195
0.021529832133895532 -0.013467953840838912
0.025235909703481607 -0.0143877051500423
0.029227967408489597 -0.015289807235368907
0.03350360058263052 -0.0161805852413812
0.038060233744356575 -0.017066430709840034
0.042895122148234655 -0.01795351354680424
0.048005353438278275 -0.01884752763245437
0.05338784940224234 -0.01975348173241576
0.059039367825822475 -0.0206755434931561
0.06495650444564427 -0.021616940080245572
0.07113569499986394 -0.022579914773427995
0.07757321737514639 -0.023565734886738517
0.08426519384872727 -0.024574743024911864
0.09120759342420814 -0.025606441156428406
0.09839623425967753 -0.026659595446472086
0.10582678618669683 -0.02773234933602361
0.11349477331863145 -0.028822332975454782
0.12139557674675777 -0.029926758735756072
0.12952443732252045 -0.031042494963502695
0.1378764585242665 -0.03216611318849233
0.14644660940672616 -0.033293907362126195
0.15522972763146647 -0.03442188710347973
0.16422052257649067 -0.03554575006284222
0.17341357852311146 -0.036660841107934536
0.18280335791817703 -0.037762107870713026
0.19238420470968637 -0.038844063101264835
0.20215034775378343 -0.03990076417522173
0.2120959042910774 -0.0409258189913957
0.2222148834901989 -0.04191242545981772
0.23250119005645137 -0.04285344897733155
0.2429486279033891 -0.04374153894367586
0.2535509038851079 -0.04456928175829784
0.26430163158700104 -0.04532938415580834
0.27519433517269654 -0.04601487748745806
0.28622245328485874 -0.04661933091756822
0.29737934299750524 -0.047137059714357804
0.30865828381745486 -0.04756331404846504
0.320052481732506 -0.04789443406724559
0.33155507330389 -0.04812795850085441
0.3431591298005543 -0.0482626766019566
0.35485766137276875 -0.04829861666654406
0.36664362126255073 -0.048236968498661256
0.3785099100483679 -0.048079941681155924
0.3904493799215649 -0.047830566077269196
0.4024548389919357 -0.04749244528191037
0.41451905561984914 -0.04706947744777238
0.42663476277231926 -0.046565560747621956
0.43879466240039156 -0.04598430247545182
0.4509914298352198 -0.045328751285639166
0.46321771820016633 -0.044601171256958574
0.475466162836291 -0.04380287437486131
0.4877293857385438 -0.042934124768695583
0.4999999999999999 -0.041994123820682225
0.512270614261456 -0.0409810803493122
0.5245338371637088 -0.039892364780175514
0.5367822817998334 -0.03872474089862864
0.54900857016478 -0.037474663781373145
0.5612053375996082 -0.036138628157539175
0.5733652372276805 -0.03471354804049531
0.5854809443801506 -0.03319714622274853
0.5975451610080642 -0.031588331283565384
0.6095506200784349 -0.029887540180760053
0.6214900899516319 -0.028097026252544528
0.6333563787374491 -0.02622107542325205
0.645142338627231 -0.02426613739092808
0.6568408701994456 -0.022240863314393823
0.6684449266961098 -0.020156046706573838
0.6799475182674938 -0.018024469550148695
0.691341716182545 -0.015860660750398763
0.7026206570024947 -0.013680578619013953
0.713777546715141 -0.011501232873539713
0.7248056648273034 -0.009340264430063899
0.7356983684129987 -0.007215502922293807
0.746449096114892 -0.0051445223366508195
0.7570513720966108 -0.0031442144279962
0.7674988099435485 -0.001230397767064129
0.7777851165098009 0.0005825224720862781
0.7879040957089227 0.0022818323359220637
0.7978496522462164 0.0038567168054546397
0.8076157952903136 0.005298393807543246
0.8171966420818224 0.00660017499298271
0.8265864214768883 0.007757457499451703
0.8357794774235092 0.008767654138723439
0.8447702723685334 0.00963007197545827
0.8535533905932737 0.010345750989207678
0.8621235414757333 0.01091727538218185
0.8704755626774794 0.011348570123274837
0.8786044232532422 0.011644694570003368
0.8865052266813687 0.011811643598188558
0.894173213813303 0.011856164744646708
0.9016037657403225 0.011785597604479616
0.9087924065757916 0.011607739304783279
0.9157348061512727 0.011330737479384479
0.9224267826248536 0.010963009956352457
0.928864305000136 0.010513188476036658
0.9350434955543556 0.009990082281894982
0.9409606321741775 0.009402656429742836
0.9466121505977576 0.008760019163226603
0.9519946465617215 0.008071412685962622
0.9571048778517655 0.007346202072144152
0.9619397662556433 0.006593857819479621
0.9664963994173694 0.005823928565366892
0.9707720325915102 0.005046001655089453
0.9747640902965183 0.004269650466066763
0.9784701678661044 0.0035043685602461636
0.98188803289772 0.002759491778581072
0.985015626597272 0.0020441102484940023
0.9878510650192642 0.0013669729112788867
0.9903926402016152 0.0007363875785010993
0.9926388211944706 0.00016011970254157398
0.9945882549823906 -0.00035470697821962313
0.9962397672993549 -0.0008017049467874133
0.9975923633360985 -0.0011753099009776326
0.9986452283393451 -0.0014708579455409024
0.9993977281025862 -0.0016846511061010384
0.9998494093481021 -0.0018140096962048647
1.0 -0.0018573104519693069
