1.0 0.0022664023980467317
0.9998494093481021 0.0023173153370108614
0.9993977281025862 0.0024699960416246776
0.9986452283393451 0.002724252180969114
0.9975923633360985 0.0030797051882438583
0.9962397672993549 0.003535709934554469
0.9945882549823906 0.0040912550302522645
0.9926388211944706 0.004744855085662035
0.9903926402016152 0.005494447603109936
0.9878510650192642 0.006337307320960951
0.985015626597272 0.0072699897562830285
0.98188803289772 0.008288313472130566
0.9784701678661044 0.009387387406814995
0.9747640902965183 0.010561685712197457
0.9707720325915102 0.011805168287952843
0.9664963994173694 0.01311144093875147
0.9619397662556433 0.014473945197811734
0.9571048778517655 0.01588616470417168
0.9519946465617215 0.01734183288736569
0.9466121505977576 0.018835125815238843
0.9409606321741775 0.020360824510604145
0.9350434955543556 0.021914432840368873
0.928864305000136 0.0234922401127541
0.9224267826248536 0.025091321564149244
0.9157348061512727 0.026709474667286126
0.9087924065757916 0.02834509427183247
0.9016037657403225 0.029996994587075523
0.894173213813303 0.031664190522174285
0.8865052266813687 0.033345654532742505
0.8786044232532422 0.03504006756746599
0.8704755626774794 0.03674558374004476
0.8621235414757333 0.03845962785568669
0.8535533905932737 0.04017874290499008
0.8447702723685334 0.041898501231610555
0.8357794774235092 0.04361348852795113
0.8265864214768883 0.04531736445552212
0.8171966420818224 0.04700299793357693
0.8076157952903136 0.04866266943869138
0.7978496522462164 0.0502883274586396
0.7879040957089227 0.051871881961600884
0.7777851165098009 0.05340551472387121
0.7674988099435485 0.05488198485672177
0.7570513720966108 0.056294908019067134
0.746449096114892 0.05763898960077785
0.7356983684129987 0.05891019548434991
0.7248056648273034 0.060105848590643995
0.713777546715141 0.06122464493480647
0.7026206570024947 0.06226658893275588
0.691341716182545 0.06323285373620068
0.6799475182674938 0.06412557795981985
0.6684449266961098 0.06494761485618536
0.6568408701994456 0.06570225341954486
0.645142338627231 0.06639293278551864
0.6333563787374491 0.06702297148903757
0.6214900899516319 0.06759533163142742
0.6095506200784349 0.06811243491059217
0.5975451610080642 0.06857604303515308
0.5854809443801506 0.06898720963242419
0.5733652372276805 0.06934630481003914
0.5612053375996082 0.06965310752614173
0.54900857016478 0.06990695535399409
0.5367822817998334 0.07010693655086746
0.5245338371637088 0.070252105944453
0.512270614261456 0.07034170431607022
0.4999999999999999 0.07037536084501853
0.4877293857385438 0.07035325979808932
0.475466162836291 0.07027625587481423
0.46321771820016633 0.07014592719058144
0.4509914298352198 0.06996456042045983
0.43879466240039156 0.06973506867628043
0.42663476277231926 0.06946084874072796
0.41451905561984914 0.06914558982122672
0.4024548389919357 0.06879305053568431
0.3904493799215649 0.06840682400001624
0.3785099100483679 0.06799011236227243
0.36664362126255073 0.06754553176435035
0.35485766137276875 0.06707496650475517
0.3431591298005543 0.0665794872734088
0.33155507330389 0.0660593430251106
0.320052481732506 0.06551402976769066
0.30865828381745486 0.06494243277105842
0.29737934299750524 0.06434303201250766
0.28622245328485874 0.06371415462695956
0.27519433517269654 0.06305425325442131
0.26430163158700104 0.06236218591427733
0.2535509038851079 0.06163747171010968
0.2429486279033891 0.06088049745324831
0.23250119005645137 0.060092653195062226
0.2222148834901989 0.05927637951273969
0.2120959042910774 0.058435115874384
0.20215034775378343 0.057573147050068954
0.19238420470968637 0.056695352763162704
0.18280335791817703 0.05580687395438132
0.17341357852311146 0.05491271650859684
0.16422052257649067 0.05401731945650246
0.15522972763146647 0.053124118980183335
0.14644660940672616 0.05223514162259144
0.1378764585242665 0.051350659688010676
0.12952443732252045 0.050468938871340734
0.12139557674675777 0.049586102809697406
0.11349477331863145 0.048696131839039335
0.10582678618669683 0.047791004256282965
0.09839623425967753 0.0468609784608623
0.09120759342420814 0.04589500419339866
0.08426519384872727 0.04488124145238332
0.07757321737514639 0.043807657280661536
0.07113569499986394 0.04266266412356385
0.06495650444564427 0.04143575939417891
0.059039367825822475 0.040118124594038615
0.05338784940224234 0.038703143986419226
0.048005353438278275 0.03718680734787748
0.042895122148234655 0.03556796846183958
0.038060233744356575 0.033848440299967676
0.03350360058263052 0.03203291863177421
0.029227967408489597 0.030128737359166748
0.025235909703481607 0.028145470372256103
0.021529832133895532 0.026094405340602343
0.018111967102280024 0.023987923818265564
0.014984373402728013 0.02183882869048384
0.012148934980735715 0.019659663823832052
0.009607359798384785 0.017462071498343747
0.007361178805529334 0.015256230719920787
0.005411745017609493 0.013050413985349119
0.0037602327006450165 0.010850691872345814
0.0024076366639015356 0.008660804520749087
0.0013547716606548965 0.006482207381012545
0.0006022718974137975 0.0043142863589696176
0.00015059065189787502 0.002154725551752654
0.0 0.0
0.00015059065189787502 -0.001294777888890737
0.0006022718974137975 -0.0025807723660494983
0.0013547716606548965 -0.003848904016906082
0.0024076366639015356 -0.005090846145714379
0.0037602327006450165 -0.006299350467767532
0.005411745017609493 -0.0074685153960365016
0.007361178805529334 -0.008593983581684657
0.009607359798384785 -0.009673059805702114
0.012148934980735715 -0.010704745251026328
0.014984373402728013 -0.011689689268925543
0.018111967102280024 -0.012630064640971897
0.021529832133895532 -0.013529376697829228
0.025235909703481607 -0.01439222019984025
0.029227967408489597 -0.015224000386530014
0.03350360058263052 -0.016030635915955105
0.038060233744356575 -0.0168182614822922
0.042895122148234655 -0.01759294675491523
0.048005353438278275 -0.018360446046210798
0.05338784940224234 -0.01912598998793833
0.059039367825822475 -0.01989412673803875
0.06495650444564427 -0.020668616153396387
0.07113569499986394 -0.02145237626863194
0.07757321737514639 -0.022247477628946317
0.08426519384872727 -0.023055177817893138
0.09120759342420814 -0.02387598612825093
0.09839623425967753 -0.024709746906415208
0.10582678618669683 -0.025555729737967263
0.11349477331863145 -0.02641271532868329
0.12139557674675777 -0.02727906758148984
0.12952443732252045 -0.028152784809943918
0.1378764585242665 -0.029031526034793684
0.14644660940672616 -0.029912611610696645
0.15522972763146647 -0.030793000732438774
0.16422052257649067 -0.03166925138335412
0.17341357852311146 -0.032537470747877696
0.18280335791817703 -0.03339326579675805
0.19238420470968637 -0.034231704513120485
0.20215034775378343 -0.035047297982692516
0.2120959042910774 -0.035834012327576076
0.2222148834901989 -0.036585317308472524
0.23250119005645137 -0.03729427552008861
0.2429486279033891 -0.03795367268718295
0.2535509038851079 -0.038556185908967616
0.26430163158700104 -0.03909458309668559
0.27519433517269654 -0.039561943603721395
0.28622245328485874 -0.03995188743777842
0.29737934299750524 -0.040258798704238104
0.30865828381745486 -0.04047802822931223
0.320052481732506 -0.040606060744203934
0.33155507330389 -0.04064063358479848
0.3431591298005543 -0.04058079649562381
0.35485766137276875 -0.04042690565958065
0.36664362126255073 -0.040180549272410555
0.3785099100483679 -0.039844406554302034
0.3904493799215649 -0.039422046717593036
0.4024548389919357 -0.03891767875577748
0.41451905561984914 -0.03833586666537965
0.42663476277231926 -0.037681227576566646
0.43879466240039156 -0.036958132026868776
0.4509914298352198 -0.036170426116476834
0.46321771820016633 -0.035321194471271626
0.475466162836291 -0.03441258084067286
0.4877293857385438 -0.03344567989146849
0.4999999999999999 -0.03242050952810321
0.512270614261456 -0.03133606814493697
0.5245338371637088 -0.03019047591676404
0.5367822817998334 -0.028981193907775097
0.54900857016478 -0.027705309776672602
0.5612053375996082 -0.026359874506247993
0.5733652372276805 -0.024942271175057446
0.5854809443801506 -0.023450594539365124
0.5975451610080642 -0.021884019249677016
0.6095506200784349 -0.02024313494506493
0.6214900899516319 -0.018530228216824603
0.6333563787374491 -0.01674949439042723
0.645142338627231 -0.014907166042988109
0.6568408701994456 -0.013011549891044732
0.6684449266961098 -0.011072968844120765
0.6799475182674938 -0.009103611293947633
0.691341716182545 -0.007117294767295071
0.7026206570024947 -0.00512915560363731
0.713777546715141 -0.003155280060560606
0.7248056648273034 -0.0012122949915985767
0.7356983684129987 0.0006830621544792314
0.746449096114892 0.002514373856650525
0.7570513720966108 0.00426595418080968
0.7674988099435485 0.005923224041684451
0.7777851165098009 0.007473035308011387
0.7879040957089227 0.008903932472773095
0.7978496522462164 0.01020634454869556
0.8076157952903136 0.011372703976621379
0.8171966420818224 0.012397493383783337
0.8265864214768883 0.013277224752483807
0.8357794774235092 0.014010358744278967
0.8447702723685334 0.014597174405250983
0.8535533905932737 0.015039601145496413
0.8621235414757333 0.015341025692524999
0.8704755626774794 0.015506086676319647
0.8786044232532422 0.015540468681863031
0.8865052266813687 0.015450706119250927
0.894173213813303 0.01524400526488851
0.9016037657403225 0.014928090495861357
0.9087924065757916 0.014511078258836062
0.9157348061512727 0.01400137986566807
0.9224267826248536 0.01340763195402346
0.928864305000136 0.012738651528876105
0.9350434955543556 0.012003411010553246
0.9409606321741775 0.011211027718121522
0.9466121505977576 0.010370761733487527
0.9519946465617215 0.009492016102955449
0.9571048778517655 0.008584333786531239
0.9619397662556433 0.007657386581579967
0.9664963994173694 0.00672095232894817
0.9707720325915102 0.005784877949933385
0.9747640902965183 0.004859027155412849
0.9784701678661044 0.00395321291660021
0.98188803289772 0.0030771159082485238
0.985015626597272 0.002240191067903848
0.9878510650192642 0.0014515651200802267
0.9903926402016152 0.000719928376176739
0.9926388211944706 5.342434511287691e-05
0.9945882549823906 -0.0005404593006775062
0.9962397672993549 -0.001054995027839515
0.9975923633360985 -0.0014843119404219056
0.9986452283393451 -0.0018234817934415465
0.9993977281025862 -0.002068592280634626
0.9998494093481021 -0.002216805807185719
1.0 -0.0022664023980467317
