1.0 0.001826033303562606
0.9998494093481021 0.0018787935032289899
0.9993977281025862 0.0020370061030556192
0.9986452283393451 0.0023004478105736596
0.9975923633360985 0.002668684219462687
0.9962397672993549 0.003140983468775934
0.9945882549823906 0.003716208782058376
0.9926388211944706 0.004392701823206813
0.9903926402016152 0.005168170247256184
0.9878510650192642 0.00603959302783303
0.985015626597272 0.007003156074155085
0.98188803289772 0.008054228385967852
0.9784701678661044 0.00918738571702752
0.9747640902965183 0.01039648469977291
0.9707720325915102 0.011674785966885474
0.9664963994173694 0.01301512037029311
0.9619397662556433 0.014410088333028656
0.9571048778517655 0.015852279036782824
0.9519946465617215 0.017334493853811455
0.9466121505977576 0.018849957398390287
0.9409606321741775 0.020392499919233677
0.9350434955543556 0.021956696484290286
0.928864305000136 0.023537951410440305
0.9224267826248536 0.0251325204411356
0.9157348061512727 0.026737467961245858
0.9087924065757916 0.028350561679401184
0.9016037657403225 0.02997011228659704
0.894173213813303 0.03159477019603858
0.8865052266813687 0.033223295195786706
0.8786044232532422 0.03485431738019952
0.8704755626774794 0.03648610883818906
0.8621235414757333 0.038116385148276505
0.8535533905932737 0.03974215376838128
0.8447702723685334 0.04135962304328641
0.8357794774235092 0.04296418103175036
0.8265864214768883 0.04455044802259958
0.8171966420818224 0.046112400879684434
0.8076157952903136 0.04764356168187901
0.7978496522462164 0.04913723796034643
0.7879040957089227 0.050586797599707155
0.7777851165098009 0.05198595851151872
0.7674988099435485 0.05332907175785699
0.7570513720966108 0.05461137703010342
0.746449096114892 0.055829211271780275
0.7356983684129987 0.0569801546399869
0.7248056648273034 0.05806310266975487
0.713777546715141 0.05907825907777484
0.7026206570024947 0.060027049679221116
0.691341716182545 0.06091196391567879
0.6799475182674938 0.061736336022701496
0.6684449266961098 0.06250408245772927
0.6568408701994456 0.06321941549088521
0.645142338627231 0.06388655456362047
0.6333563787374491 0.06450945700018516
0.6214900899516319 0.06509158790979291
0.6095506200784349 0.0656357457784031
0.5975451610080642 0.06614395558367271
0.5854809443801506 0.06661743564986544
0.5733652372276805 0.06705663834642779
0.5612053375996082 0.06746135862328696
0.54900857016478 0.06783089876981153
0.5367822817998334 0.06816427314732447
0.5245338371637088 0.06846043336569402
0.512270614261456 0.06871849273301543
0.4999999999999999 0.06893792895141061
0.4877293857385438 0.06911874596314423
0.475466162836291 0.06926157942343417
0.46321771820016633 0.06936773520580584
0.4509914298352198 0.0694391562329789
0.43879466240039156 0.0694783192868232
0.42663476277231926 0.06948806975468584
0.41451905561984914 0.06947140798313672
0.4024548389919357 0.06943124554141492
0.3904493799215649 0.06937015283492287
0.3785099100483679 0.06929012086025749
0.36664362126255073 0.06919235930668205
0.35485766137276875 0.06907715069170643
0.3431591298005543 0.06894377593776889
0.33155507330389 0.06879052106963428
0.320052481732506 0.06861476798131355
0.30865828381745486 0.06841316502331217
0.29737934299750524 0.06818186608328253
0.28622245328485874 0.06791682046774677
0.27519433517269654 0.06761409078822102
0.26430163158700104 0.0672701726719312
0.2535509038851079 0.066882288787713
0.2429486279033891 0.06644863057656242
0.23250119005645137 0.06596852420341824
0.2222148834901989 0.06544250242264127
0.2120959042910774 0.06487227092560588
0.20215034775378343 0.06426056582059304
0.19238420470968637 0.06361090757862771
0.18280335791817703 0.06292726539505615
0.17341357852311146 0.06221365378278998
0.16422052257649067 0.061473689686033534
0.15522972763146647 0.06071014293042785
0.14644660940672616 0.05992451499034011
0.1378764585242665 0.05911668061140066
0.12952443732252045 0.05828462372573133
0.12139557674675777 0.05742429349085502
0.11349477331863145 0.056529598519016726
0.10582678618669683 0.05559254796304949
0.09839623425967753 0.05460353774689402
0.09120759342420814 0.0535517696225632
0.08426519384872727 0.05242578068516099
0.07757321737514639 0.05121405224456574
0.07113569499986394 0.04990566021640537
0.06495650444564427 0.04849092500188089
0.059039367825822475 0.04696201754434306
0.05338784940224234 0.04531348004065974
0.048005353438278275 0.04354262458396132
0.042895122148234655 0.04164978053519646
0.038060233744356575 0.03963837117289087
0.03350360058263052 0.03751481149058603
0.029227967408489597 0.035288231111367065
0.025235909703481607 0.03297003831153546
0.021529832133895532 0.030573352227096295
0.018111967102280024 0.028112339650350798
0.014984373402728013 0.025601499719277138
0.012148934980735715 0.0230549437378508
0.009607359798384785 0.020485718027789063
0.007361178805529334 0.017905215021492327
0.005411745017609493 0.015322711923510297
0.0037602327006450165 0.012745067586316746
0.0024076366639015356 0.0101765973626555
0.0013547716606548965 0.007619133370648467
0.0006022718974137975 0.0050722647067789495
0.00015059065189787502 0.0025337395789676873
0.0 0.0
0.00015059065189787502 -0.0013844277090586741
0.0006022718974137975 -0.0027607230123893518
0.0013547716606548965 -0.004120577369092701
0.0024076366639015356 -0.00545640997042079
0.0037602327006450165 -0.006761682411136499
0.005411745017609493 -0.008031157668845991
0.007361178805529334 -0.009261090459621427
0.009607359798384785 -0.010449340349769732
0.012148934980735715 -0.011595403793063216
0.014984373402728013 -0.012700366196760283
0.018111967102280024 -0.013766779858269873
0.021529832133895532 -0.01479847783553432
0.025235909703481607 -0.01580033723792443
0.029227967408489597 -0.016778007832268925
0.03350360058263052 -0.017737623109370926
0.038060233744356575 -0.018685510995523517
0.042895122148234655 -0.019627920256290725
0.048005353438278275 -0.020570776447167857
0.05338784940224234 -0.02151947821422472
0.059039367825822475 -0.022478741093690583
0.06495650444564427 -0.02345249199828374
0.07113569499986394 -0.02444381362188639
0.07757321737514639 -0.025454934347114395
0.08426519384872727 -0.026487256175593745
0.09120759342420814 -0.027541410939779593
0.09839623425967753 -0.02861733375117405
0.10582678618669683 -0.0297143423667534
0.11349477331863145 -0.030831211903104443
0.12139557674675777 -0.03196623600361072
0.12952443732252045 -0.033117268001205395
0.1378764585242665 -0.03428173859061159
0.14644660940672616 -0.03545664976078942
0.15522972763146647 -0.03663854795172886
0.16422052257649067 -0.03782348230433737
0.17341357852311146 -0.03900695620883611
0.18280335791817703 -0.040183881913826415
0.19238420470968637 -0.041348548587360895
0.20215034775378343 -0.04249461385167848
0.2120959042910774 -0.043615127455971466
0.2222148834901989 -0.044702593499994656
0.23250119005645137 -0.045749074644136176
0.2429486279033891 -0.046746338269942685
0.2535509038851079 -0.04768604086500193
0.26430163158700104 -0.04855994329702418
0.27519433517269654 -0.04936014641358299
0.28622245328485874 -0.05007933383261748
0.29737934299750524 -0.050711007105611536
0.30865828381745486 -0.05124969780770317
0.320052481732506 -0.05169114162654682
0.33155507330389 -0.05203240118852632
0.3431591298005543 -0.05227192709353754
0.35485766137276875 -0.052409550262257486
0.36664362126255073 -0.052446402995654236
0.3785099100483679 -0.052384770813956184
0.3904493799215649 -0.05222788185615614
0.4024548389919357 -0.0519796450459114
0.41451905561984914 -0.05164435204412347
0.42663476277231926 -0.051226360928983375
0.43879466240039156 -0.050729781345928655
0.4509914298352198 -0.050158181403242276
0.46321771820016633 -0.049514335791159374
0.475466162836291 -0.048800032502434046
0.4877293857385438 -0.04801595224989085
0.4999999999999999 -0.047161630413544424
0.512270614261456 -0.046235506377084866
0.5245338371637088 -0.04523505975150473
0.5367822817998334 -0.04415702758076296
0.54900857016478 -0.04299769153267806
0.5612053375996082 -0.041753219629194364
0.5733652372276805 -0.040420043552022174
0.5854809443801506 -0.0389952501979921
0.5975451610080642 -0.03747696510125947
0.6095506200784349 -0.03586470564774273
0.6214900899516319 -0.03415968365171601
0.6333563787374491 -0.03236503972901012
0.645142338627231 -0.03048599579150792
0.6568408701994456 -0.02852991664552778
0.6684449266961098 -0.026506276799005295
0.6799475182674938 -0.024426533841831632
0.691341716182545 -0.022303914831440542
0.7026206570024947 -0.020153126683390768
0.713777546715141 -0.017990005366489342
0.7248056648273034 -0.015831121523558634
0.7356983684129987 -0.013693361841613613
0.746449096114892 -0.011593506015345664
0.7570513720966108 -0.009547818500366591
0.7674988099435485 -0.007571672527494234
0.7777851165098009 -0.00567922120228378
0.7879040957089227 -0.0038831271537605318
0.7978496522462164 -0.0021943583682733935
0.8076157952903136 -0.0006220538124206302
0.8171966420818224 0.0008265415232418714
0.8265864214768883 0.0021460761949638387
0.8357794774235092 0.00333303367626418
0.8447702723685334 0.00438562518120428
0.8535533905932737 0.005303645269539348
0.8621235414757333 0.006088302396831993
0.8704755626774794 0.006742036574336328
0.8786044232532422 0.0072683355379677675
0.8865052266813687 0.007671559405416553
0.894173213813303 0.007956781874313519
0.9016037657403225 0.008129653754674695
0.9087924065757916 0.008196292217643479
0.9157348061512727 0.008163196757821557
0.9224267826248536 0.008037190669774473
0.928864305000136 0.007825384965318344
0.9350434955543556 0.007535160207138153
0.9409606321741775 0.007174160767344729
0.9466121505977576 0.006750295557696873
0.9519946465617215 0.006271739304047186
0.9571048778517655 0.005746928900188115
0.9619397662556433 0.0051845501981182245
0.9664963994173694 0.004593511677062336
0.9707720325915102 0.003982902677562685
0.9747640902965183 0.003361935184789564
0.9784701678661044 0.0027398694002798646
0.98188803289772 0.00212592447187303
0.985015626597272 0.0015291766956827845
0.9878510650192642 0.0009584482218423669
0.9903926402016152 0.0004221897705555498
0.9926388211944706 -7.163889922459361e-05
0.9945882549823906 -0.000515687007646475
0.9962397672993549 -0.000903325661554877
0.9975923633360985 -0.0012287523594157793
0.9986452283393451 -0.0014870842014592012
0.9993977281025862 -0.0016744373676971843
0.9998494093481021 -0.0017879909011709715
1.0 -0.001826033303562606
