1.0 0.002072594083781689
0.9998494093481021 0.0021227562138174793
0.9993977281025862 0.002273171392884673
0.9986452283393451 0.002523607433118539
0.9975923633360985 0.002873617538292854
0.9962397672993549 0.0033224575073689125
0.9945882549823906 0.003868983021705441
0.9926388211944706 0.004511538749536527
0.9903926402016152 0.0052478523995456855
0.9878510650192642 0.006074947026383686
0.985015626597272 0.0069890838017782776
0.98188803289772 0.007985745193423729
0.9784701678661044 0.009059665223074997
0.9747640902965183 0.010204909478317783
0.9707720325915102 0.011415003169875575
0.9664963994173694 0.012683101137439583
0.9619397662556433 0.014002189697970027
0.9571048778517655 0.0153653069610357
0.9519946465617215 0.01676576600852004
0.9466121505977576 0.01819736436949159
0.9409606321741775 0.01965456363018809
0.9350434955543556 0.02113262480396576
0.928864305000136 0.022627688130279253
0.9224267826248536 0.024136790050300713
0.9157348061512727 0.025657814903448675
0.9087924065757916 0.027189384021469434
0.9016037657403225 0.0287306899471169
0.894173213813303 0.030281288054187082
0.8865052266813687 0.031840861509661346
0.8786044232532422 0.03340897797811323
0.8704755626774794 0.03498485749788695
0.8621235414757333 0.036567170445916584
0.8535533905932737 0.038153882465777125
0.8447702723685334 0.03974215979920019
0.8357794774235092 0.041328343888061884
0.8265864214768883 0.042907998751614405
0.8171966420818224 0.04447602891173521
0.8076157952903136 0.046026859992638405
0.7978496522462164 0.04755466901584527
0.7879040957089227 0.049053647263849566
0.7777851165098009 0.05051827574267003
0.7674988099435485 0.05194359197941396
0.7570513720966108 0.05332542726937159
0.746449096114892 0.05466059552799729
0.7356983684129987 0.055947018462450315
0.7248056648273034 0.057183776587299916
0.713777546715141 0.05837108129812658
0.7026206570024947 0.05951016933895018
0.691341716182545 0.060603127069148485
0.6799475182674938 0.06165265746664358
0.6684449266961098 0.0626618073491548
0.6568408701994456 0.06363367548199839
0.645142338627231 0.06457112380305781
0.6333563787374491 0.06547651379560446
0.6214900899516319 0.06635148808104384
0.6095506200784349 0.06719681373193423
0.5975451610080642 0.06801229889796961
0.5854809443801506 0.06879678848172471
0.5733652372276805 0.06954823826464214
0.5612053375996082 0.07026386057776406
0.54900857016478 0.07094032884877027
0.5367822817998334 0.07157402360994107
0.5245338371637088 0.07216129921512938
0.512270614261456 0.0726987488706146
0.4999999999999999 0.07318344578205122
0.4877293857385438 0.07361314025565109
0.475466162836291 0.07398639631359454
0.46321771820016633 0.07430265649877425
0.4509914298352198 0.07456222964189406
0.43879466240039156 0.07476620294845703
0.42663476277231926 0.07491628629179689
0.41451905561984914 0.07501460252595565
0.4024548389919357 0.07506344245576516
0.3904493799215649 0.07506500640153865
0.3785099100483679 0.07502115577216929
0.36664362126255073 0.07493319755869464
0.35485766137276875 0.07480172218673045
0.3431591298005543 0.07462651088971332
0.33155507330389 0.07440652300669354
0.320052481732506 0.0741399668181006
0.30865828381745486 0.0738244502544373
0.29737934299750524 0.07345720064212799
0.28622245328485874 0.07303533618823138
0.27519433517269654 0.0725561667078674
0.26430163158700104 0.07201749763148409
0.2535509038851079 0.0714179099303923
0.2429486279033891 0.07075698944563946
0.23250119005645137 0.07003548219718803
0.2222148834901989 0.06925535740598578
0.2120959042910774 0.06841976682822713
0.20215034775378343 0.06753289707928643
0.19238420470968637 0.066599720304108
0.18280335791817703 0.06562565715592734
0.17341357852311146 0.0646161738875708
0.16422052257649067 0.06357634179149664
0.15522972763146647 0.06251039169099647
0.14644660940672616 0.06142129826866672
0.1378764585242665 0.060310428476476274
0.12952443732252045 0.05917728505869463
0.12139557674675777 0.05801937049403984
0.11349477331863145 0.05683218878383279
0.10582678618669683 0.05560939301070872
0.09839623425967753 0.05434307613755003
0.09120759342420814 0.05302419186867344
0.08426519384872727 0.051643082348860725
0.07757321737514639 0.05019008079895572
0.07113569499986394 0.048656150563664624
0.06495650444564427 0.047033518024576525
0.059039367825822475 0.045316255774574085
0.05338784940224234 0.0435007745117943
0.048005353438278275 0.041586187217515676
0.042895122148234655 0.039574517031968556
0.038060233744356575 0.03747073032647233
0.03350360058263052 0.03528258810734108
0.029227967408489597 0.03302032126862958
0.025235909703481607 0.0306961474608055
0.021529832133895532 0.028323658579955502
0.018111967102280024 0.02591711728625177
0.014984373402728013 0.023490707831141138
0.012148934980735715 0.02105779028369429
0.009607359798384785 0.01863020768543121
0.007361178805529334 0.016217692656455222
0.005411745017609493 0.013827413697409885
0.0037602327006450165 0.011463692291519873
0.0024076366639015356 0.009127910527338823
0.0013547716606548965 0.006818616119672947
0.0006022718974137975 0.004531818297097517
0.00015059065189787502 0.00226145498892767
0.0 0.0
0.00015059065189787502 -0.0014953687329576607
0.0006022718974137975 -0.002980647044871848
0.0013547716606548965 -0.004445523546990533
0.0024076366639015356 -0.005880472679653806
0.0037602327006450165 -0.007277096489823179
0.005411745017609493 -0.008628408467492328
0.007361178805529334 -0.009929045933269192
0.009607359798384785 -0.011175401915919246
0.012148934980735715 -0.012365672400529227
0.014984373402728013 -0.013499819922569732
0.018111967102280024 -0.014579459380831732
0.021529832133895532 -0.015607676311780833
0.025235909703481607 -0.016588791420580302
0.029227967408489597 -0.017528087674354292
0.03350360058263052 -0.018431517584696164
0.038060233744356575 -0.019305408381374647
0.042895122148234655 -0.020156181642028266
0.048005353438278275 -0.020990101715928303
0.05338784940224234 -0.021813064163948775
0.059039367825822475 -0.02263043169362311
0.06495650444564427 -0.023446921000406473
0.07113569499986394 -0.0242665398541559
0.07757321737514639 -0.02509257000620742
0.08426519384872727 -0.02592758831889431
0.09120759342420814 -0.026773516165107047
0.09839623425967753 -0.02763168577029028
0.10582678618669683 -0.028502911851914545
0.11349477331863145 -0.02938755764468314
0.12139557674675777 -0.03028558609179198
0.12952443732252045 -0.031196589465360157
0.1378764585242665 -0.032119793722333964
0.14644660940672616 -0.03305403723193218
0.15522972763146647 -0.03399772683195674
0.16422052257649067 -0.03494877719140453
0.17341357852311146 -0.03590454190905459
0.18280335791817703 -0.03686174644263874
0.19238420470968637 -0.037816433686342445
0.20215034775378343 -0.038763932718685015
0.2120959042910774 -0.039698859935183815
0.2222148834901989 -0.04061515955128282
0.23250119005645137 -0.041506187478575686
0.2429486279033891 -0.04236483907347373
0.2535509038851079 -0.04318371751071195
0.26430163158700104 -0.04395533584793978
0.27519433517269654 -0.04467234252687335
0.28622245328485874 -0.045327757383252315
0.29737934299750524 -0.04591520344940622
0.30865828381745486 -0.04642911910291217
0.320052481732506 -0.046864935537740404
0.33155507330389 -0.04721920611893678
0.3431591298005543 -0.04748967684828017
0.35485766137276875 -0.047675290752724
0.36664362126255073 -0.04777612327345846
0.3785099100483679 -0.04779325038882667
0.3904493799215649 -0.047728555921858734
0.4024548389919357 -0.04758448892435718
0.41451905561984914 -0.047363785869241185
0.42663476277231926 -0.04706917533353174
0.43879466240039156 -0.04670308468684031
0.4509914298352198 -0.04626736886109669
0.46321771820016633 -0.045763080500491556
0.475466162836291 -0.0451902987029172
0.4877293857385438 -0.04454803028375829
0.4999999999999999 -0.04383419322149972
0.512270614261456 -0.043045686953881376
0.5245338371637088 -0.042178548805828935
0.5367822817998334 -0.04122819039736796
0.54900857016478 -0.040189702756739866
0.5612053375996082 -0.039058214386344284
0.5733652372276805 -0.037829282989128944
0.5854809443801506 -0.03649929918990891
0.5975451610080642 -0.03506587953094374
0.6095506200784349 -0.03352822634729063
0.6214900899516319 -0.03188743380718283
0.6333563787374491 -0.03014672231992353
0.645142338627231 -0.028311587473329868
0.6568408701994456 -0.02638985440456169
0.6684449266961098 -0.024391633725917218
0.6799475182674938 -0.02232918048971725
0.691341716182545 -0.02021666285040263
0.7026206570024947 -0.018069851754249824
0.713777546715141 -0.015905746885015882
0.7248056648273034 -0.013742157002327504
0.7356983684129987 -0.011597254583931236
0.746449096114892 -0.009489125255958132
0.7570513720966108 -0.007435331879570166
0.7674988099435485 -0.005452511446089412
0.7777851165098009 -0.003556020271374293
0.7879040957089227 -0.001759639583183106
0.7978496522462164 -7.534970959262137e-05
0.8076157952903136 0.001486823031391248
0.8171966420818224 0.0029188867041738164
0.8265864214768883 0.004214895122312061
0.8357794774235092 0.005370897201635692
0.8447702723685334 0.006384833872191741
0.8535533905932737 0.007256393908928243
0.8621235414757333 0.007986840981675791
0.8704755626774794 0.00857882432505546
0.8786044232532422 0.009036184750649812
0.8865052266813687 0.009363766377317369
0.894173213813303 0.009567242588164425
0.9016037657403225 0.009652962505791842
0.9087924065757916 0.009627821892640684
0.9157348061512727 0.009499160008749232
0.9224267826248536 0.00927468175719903
0.928864305000136 0.008962402553717386
0.9350434955543556 0.008570611872875172
0.9409606321741775 0.0081078504118511
0.9466121505977576 0.007582895296531873
0.9519946465617215 0.007004747718289538
0.9571048778517655 0.006382617784111021
0.9619397662556433 0.0057259021122276765
0.9664963994173694 0.005044150716182406
0.9707720325915102 0.004347020889490311
0.9747640902965183 0.00364421702774501
0.9784701678661044 0.0029454165103965846
0.98188803289772 0.002260182830492032
0.985015626597272 0.0015978680470746312
0.9878510650192642 0.0009675073035156109
0.9903926402016152 0.0003777085902018783
0.9926388211944706 -0.0001634588630514491
0.9945882549823906 -0.0006485741781605606
0.9962397672993549 -0.001070969185833794
0.9975923633360985 -0.0014248246277938658
0.9986452283393451 -0.001705255664039053
0.9993977281025862 -0.001908384568429173
0.9998494093481021 -0.002031398928504494
1.0 -0.002072594083781689
