1.0 0.0018598147226260551
0.9998494093481021 0.0019000962651700578
0.9993977281025862 0.002020913217910926
0.9986452283393451 0.0022221636740922717
0.9975923633360985 0.002503616867562042
0.9962397672993549 0.0028648286719839787
0.9945882549823906 0.003305036416456593
0.9926388211944706 0.0038230446830695274
0.9903926402016152 0.004417115153522663
0.9878510650192642 0.0050848737600031665
0.985015626597272 0.005823247336678732
0.98188803289772 0.006628439738505503
0.9784701678661044 0.007495954173299296
0.9747640902965183 0.008420664549987626
0.9707720325915102 0.009396934316205937
0.9664963994173694 0.01041877691613384
0.9619397662556433 0.011480048025909292
0.9571048778517655 0.012574656474843144
0.9519946465617215 0.013696778535602694
0.9466121505977576 0.014841059282792085
0.9409606321741775 0.016002785092317118
0.9350434955543556 0.01717801308584184
0.928864305000136 0.018363646302896098
0.9224267826248536 0.019557447387953505
0.9157348061512727 0.02075798830091898
0.9087924065757916 0.021964538620980016
0.9016037657403225 0.02317690000424728
0.894173213813303 0.024395198861763136
0.8865052266813687 0.025619652965396904
0.8786044232532422 0.026850330148348
0.8704755626774794 0.028086918319307864
0.8621235414757333 0.029328525540985004
0.8535533905932737 0.030573526943091792
0.8447702723685334 0.031819471878825695
0.8357794774235092 0.03306306023844152
0.8265864214768883 0.03430019154565888
0.8171966420818224 0.035526084793635344
0.8076157952903136 0.03673546137513042
0.7978496522462164 0.037922778375276876
0.7879040957089227 0.03908249533859913
0.7777851165098009 0.04020935473874985
0.7674988099435485 0.0412986550160008
0.7570513720966108 0.04234649533092178
0.746449096114892 0.043349973109308056
0.7356983684129987 0.04430731888788572
0.7248056648273034 0.04521795765491478
0.713777546715141 0.04608249145400932
0.7026206570024947 0.04690260404798333
0.691341716182545 0.04768089444653649
0.6799475182674938 0.04842065160882847
0.6684449266961098 0.04912558719716691
0.6568408701994456 0.049799546510856246
0.645142338627231 0.05044621940189723
0.6333563787374491 0.05106887292387587
0.6214900899516319 0.05167012568681514
0.6095506200784349 0.05225178051799382
0.5975451610080642 0.05281472732535694
0.5854809443801506 0.05335892239912653
0.5733652372276805 0.05388344422167713
0.5612053375996082 0.05438661968290149
0.54900857016478 0.05486620891958369
0.5367822817998334 0.05531963227768249
0.5245338371637088 0.05574421952630924
0.512270614261456 0.05613745971495324
0.4999999999999999 0.056497230113468556
0.4877293857385438 0.05682198451497946
0.475466162836291 0.05711088467578736
0.46321771820016633 0.05736386353705303
0.4509914298352198 0.057581614727946366
0.43879466240039156 0.057765509211213394
0.42663476277231926 0.05791744627455488
0.41451905561984914 0.058039651864733185
0.4024548389919357 0.058134442014170486
0.3904493799215649 0.05820397240932726
0.3785099100483679 0.058249996697715065
0.36664362126255073 0.058273655767488386
0.35485766137276875 0.05827531795695587
0.3431591298005543 0.0582544861158888
0.33155507330389 0.058209781949120125
0.320052481732506 0.05813901155451926
0.30865828381745486 0.05803930904419809
0.29737934299750524 0.0579073481844936
0.28622245328485874 0.05773960568847882
0.27519433517269654 0.057532654685866345
0.26430163158700104 0.05728346343572226
0.2535509038851079 0.056989672870394824
0.2429486279033891 0.05664982724446148
0.23250119005645137 0.05626353501943903
0.2222148834901989 0.0558315419772759
0.2120959042910774 0.0553557050910317
0.20215034775378343 0.054838863414175425
0.19238420470968637 0.05428461059640061
0.18280335791817703 0.053696981944667155
0.17341357852311146 0.05308007655916601
0.16422052257649067 0.05243764135784079
0.15522972763146647 0.051772648219827654
0.14644660940672616 0.05108689761899021
0.1378764585242665 0.05038068174129421
0.12952443732252045 0.04965253713086278
0.12139557674675777 0.04889911153352574
0.11349477331863145 0.048115162138772115
0.10582678618669683 0.04729369336587258
0.09839623425967753 0.046426232336581934
0.09120759342420814 0.04550322995272125
0.08426519384872727 0.044514565814389735
0.07757321737514639 0.04345012681351368
0.07113569499986394 0.0423004227789691
0.06495650444564427 0.04105719856429373
0.059039367825822475 0.03971400081482729
0.05338784940224234 0.038266659482798636
0.048005353438278275 0.0367136489129647
0.042895122148234655 0.03505630071709313
0.038060233744356575 0.03329885021197615
0.03350360058263052 0.03144830926426299
0.029227967408489597 0.029514170195564838
0.025235909703481607 0.027507957115422293
0.021529832133895532 0.025442651824137942
0.018111967102280024 0.02333203047440605
0.014984373402728013 0.021189953826886182
0.012148934980735715 0.019029657672382128
0.009607359798384785 0.016863090518389582
0.007361178805529334 0.014700342875296606
0.005411745017609493 0.01254920658853021
0.0037602327006450165 0.010414894035012369
0.0024076366639015356 0.008299936223153464
0.0013547716606548965 0.006204266651816273
0.0006022718974137975 0.004125485047457064
0.00015059065189787502 0.0020592827066699976
0.0 0.0
0.00015059065189787502 -0.0011750374168749869
0.0006022718974137975 -0.0023443519939191446
0.0013547716606548965 -0.0035019782432246997
0.0024076366639015356 -0.004642567834531443
0.0037602327006450165 -0.005761654122801709
0.005411745017609493 -0.006855866875448427
0.007361178805529334 -0.007923085786737767
0.009607359798384785 -0.008962525329477517
0.012148934980735715 -0.00997474788527792
0.014984373402728013 -0.010961606602836692
0.018111967102280024 -0.011926123741745244
0.021529832133895532 -0.012872314068133474
0.025235909703481607 -0.013804965919012927
0.029227967408489597 -0.014729394644406306
0.03350360058263052 -0.015651184143592
0.038060233744356575 -0.016575932089519296
0.042895122148234655 -0.017509013223730586
0.048005353438278275 -0.018455372923685067
0.05338784940224234 -0.01941936028650812
0.059039367825822475 -0.020404606484394
0.06495650444564427 -0.02141395040937573
0.07113569499986394 -0.022449409934786
0.07757321737514639 -0.02351219376396117
0.08426519384872727 -0.02460274606864059
0.09120759342420814 -0.02572081414418603
0.09839623425967753 -0.026865528263897886
0.10582678618669683 -0.028035482861457836
0.11349477331863145 -0.029228809089255053
0.12139557674675777 -0.030443230592841042
0.12952443732252045 -0.031676096839497646
0.1378764585242665 -0.03292439131688698
0.14644660940672616 -0.03418471511265272
0.15522972763146647 -0.03545324951718497
0.16422052257649067 -0.036725704084431716
0.17341357852311146 -0.03799725879197095
0.18280335791817703 -0.03926251036128386
0.19238420470968637 -0.0405154332957019
0.20215034775378343 -0.04174936570523099
0.2120959042910774 -0.042957028533229386
0.2222148834901989 -0.04413058447821993
0.23250119005645137 -0.04526173988601181
0.2429486279033891 -0.04634188940369273
0.2535509038851079 -0.047362299511103885
0.26430163158700104 -0.04831432347169061
0.27519433517269654 -0.04918963706628199
0.28622245328485874 -0.049980481959294096
0.29737934299750524 -0.05067990192052971
0.30865828381745486 -0.05128195654725492
0.320052481732506 -0.05178189768405691
0.33155507330389 -0.05217629542143432
0.3431591298005543 -0.052463103282029654
0.35485766137276875 -0.05264165580945895
0.36664362126255073 -0.05271259602335394
0.3785099100483679 -0.052677734807405466
0.3904493799215649 -0.05253984893469103
0.4024548389919357 -0.05230242877713306
0.41451905561984914 -0.051969390479140204
0.42663476277231926 -0.051544770222686026
0.43879466240039156 -0.05103241995376162
0.4509914298352198 -0.05043572443412532
0.46321771820016633 -0.049757358668678794
0.475466162836291 -0.04899910266882521
0.4877293857385438 -0.04816172726550575
0.4999999999999999 -0.04724496048247089
0.512270614261456 -0.046247539087795074
0.5245338371637088 -0.04516734467518667
0.5367822817998334 -0.04400161832843068
0.54900857016478 -0.04274724293751754
0.5612053375996082 -0.041401077888175125
0.5733652372276805 -0.039960327419347026
0.5854809443801506 -0.03842292165558881
0.5975451610080642 -0.03678788831702466
0.6095506200784349 -0.03505569344668498
0.6214900899516319 -0.03322853114359949
0.6333563787374491 -0.031310545134490865
0.645142338627231 -0.029307968865510684
0.6568408701994456 -0.0272291753941291
0.6684449266961098 -0.02508463341182868
0.6799475182674938 -0.022886770909152844
0.691341716182545 -0.020649752983065362
0.7026206570024947 -0.018389184779896435
0.713777546715141 -0.01612175430271512
0.7248056648273034 -0.013864832583477024
0.7356983684129987 -0.011636050389886328
0.746449096114892 -0.009452871142265437
0.7570513720966108 -0.007332179071622213
0.7674988099435485 -0.005289899944770759
0.7777851165098009 -0.00334066906876076
0.7879040957089227 -0.0014975579699060613
0.7978496522462164 0.0002281326366947538
0.8076157952903136 0.001827009953920649
0.8171966420818224 0.0032916565792732964
0.8265864214768883 0.004616632274471378
0.8357794774235092 0.005798417074668947
0.8447702723685334 0.00683530523878175
0.8535533905932737 0.007727261219558823
0.8621235414757333 0.008475749681259205
0.8704755626774794 0.00908355162232018
0.8786044232532422 0.009554577932888813
0.8865052266813687 0.009893690341797136
0.894173213813303 0.010106537829696918
0.9016037657403225 0.010199414373165015
0.9087924065757916 0.010179141516986262
0.9157348061512727 0.010052976923317001
0.9224267826248536 0.00982854787607224
0.928864305000136 0.009513806859754738
0.9350434955543556 0.009117004883629997
0.9409606321741775 0.008646677246213659
0.9466121505977576 0.008111635953735504
0.9519946465617215 0.0075209630043169716
0.9571048778517655 0.006883999178783256
0.9619397662556433 0.0062103237647544215
0.9664963994173694 0.0055097216902086155
0.9707720325915102 0.004792135754120336
0.9747640902965183 0.004067602912614598
0.9784701678661044 0.003346174814486654
0.98188803289772 0.0026378238991896746
0.985015626597272 0.001952337311689883
0.9878510650192642 0.001299201611653658
0.9903926402016152 0.0006874817410321991
0.9926388211944706 0.0001256979665010974
0.9945882549823906 -0.00037829544906638527
0.9962397672993549 -0.0008174262364968213
0.9975923633360985 -0.0011855114488418259
0.9986452283393451 -0.0014773531924424164
0.9993977281025862 -0.0016888202708680215
0.9998494093481021 -0.0018169137245354905
1.0 -0.0018598147226260551
