1.0 0.0018816141428342058
0.9998494093481021 0.0019329370254902714
0.9993977281025862 0.002086829969472196
0.9986452283393451 0.0023430481422878372
0.9975923633360985 0.0027011264045970203
0.9962397672993549 0.0031603004403074047
0.9945882549823906 0.003719409209727783
0.9926388211944706 0.004376790149655475
0.9903926402016152 0.005130179883141286
0.9878510650192642 0.005976633332594168
0.985015626597272 0.0069124730214791
0.98188803289772 0.007933278080466372
0.9784701678661044 0.00903391922562145
0.9747640902965183 0.010208642020242655
0.9707720325915102 0.011451196405929733
0.9664963994173694 0.012755006168270907
0.9619397662556433 0.014113368070384104
0.9571048778517655 0.015519667199300109
0.9519946465617215 0.01696759292457598
0.9466121505977576 0.018451338980853695
0.9409606321741775 0.019965771668658157
0.9350434955543556 0.02150655201872654
0.928864305000136 0.023070200867013658
0.9224267826248536 0.02465409991483554
0.9157348061512727 0.026256426685380065
0.9087924065757916 0.027876026452228274
0.9016037657403225 0.02951222929072545
0.894173213813303 0.031164624971077404
0.8865052266813687 0.03283281208845154
0.8786044232532422 0.03451614029138516
0.8704755626774794 0.03621346549960212
0.8621235414757333 0.03792293748301624
0.8535533905932737 0.03964183711613562
0.8447702723685334 0.04136647716197285
0.8357794774235092 0.04309217582807981
0.8265864214768883 0.04481330692234794
0.8171966420818224 0.046523424635403154
0.8076157952903136 0.04821545524429665
0.7978496522462164 0.04988194282381523
0.7879040957089227 0.05151533178595807
0.7777851165098009 0.05310826609336833
0.7674988099435485 0.05465388355779211
0.7570513720966108 0.056146083868534806
0.746449096114892 0.05757975089476108
0.7356983684129987 0.058950913232574134
0.7248056648273034 0.06025683166282445
0.713777546715141 0.06149600778459232
0.7026206570024947 0.06266811415298533
0.691341716182545 0.06377385229842562
0.6799475182674938 0.06481475055584468
0.6684449266961098 0.06579291824062622
0.6568408701994456 0.06671077600108498
0.645142338627231 0.06757078388561333
0.6333563787374491 0.06837518864341341
0.6214900899516319 0.06912581002667934
0.6095506200784349 0.06982388251511647
0.5975451610080642 0.07046996420694959
0.5854809443801506 0.07106391898997286
0.5733652372276805 0.07160497197771418
0.5612053375996082 0.07209183206906637
0.54900857016478 0.07252286986778884
0.5367822817998334 0.07289633454648799
0.5245338371637088 0.07321058994749907
0.512270614261456 0.07346434856147867
0.4999999999999999 0.07365688216192426
0.4877293857385438 0.07378818980264597
0.475466162836291 0.07385910745999431
0.46321771820016633 0.07387134853935828
0.4509914298352198 0.07382747036707925
0.43879466240039156 0.07373076817072896
0.42663476277231926 0.07358510438284922
0.41451905561984914 0.07339468685268714
0.4024548389919357 0.07316381422461288
0.3904493799215649 0.07289660992975436
0.3785099100483679 0.07259676764445398
0.36664362126255073 0.07226733054357233
0.35485766137276875 0.07191052422404794
0.3431591298005543 0.07152765895986397
0.33155507330389 0.07111911128825688
0.320052481732506 0.07068438825949051
0.30865828381745486 0.07022227054246541
0.29737934299750524 0.0697310235506391
0.28622245328485874 0.06920865942667367
0.27519433517269654 0.06865322764625591
0.26430163158700104 0.06806310862973604
0.2535509038851079 0.06743728341537135
0.2429486279033891 0.06677555332398682
0.23250119005645137 0.06607868663125047
0.2222148834901989 0.06534847438147055
0.2120959042910774 0.06458768427838693
0.20215034775378343 0.06379990958156839
0.19238420470968637 0.06298931852029623
0.18280335791817703 0.06216031824450725
0.17341357852311146 0.06131715508554923
0.16422052257649067 0.06046347925902367
0.15522972763146647 0.05960190655955758
0.14644660940672616 0.058733611660570485
0.1378764585242665 0.05785798709979891
0.12952443732252045 0.05697239885637817
0.12139557674675777 0.05607206376276333
0.11349477331863145 0.05515006619481996
0.10582678618669683 0.05419752206877772
0.09839623425967753 0.053203887803704865
0.09120759342420814 0.05215740133131955
0.08426519384872727 0.051045632234288894
0.07757321737514639 0.049856109428470435
0.07113569499986394 0.04857698815067765
0.06495650444564427 0.047197713913860344
0.059039367825822475 0.04570963991063742
0.05338784940224234 0.044106556240112275
0.048005353438278275 0.04238509423427067
0.042895122148234655 0.0405449767788494
0.038060233744356575 0.038589095364472206
0.03350360058263052 0.03652340600085425
0.029227967408489597 0.034356648289065955
0.025235909703481607 0.03209990401515924
0.021529832133895532 0.02976602273796688
0.018111967102280024 0.027368951187243255
0.014984373402728013 0.024923010175660096
0.012148934980735715 0.022442166638924427
0.009607359798384785 0.019939349041002016
0.007361178805529334 0.01742585163853281
0.005411745017609493 0.014910867154104723
0.0037602327006450165 0.01240117865784836
0.0024076366639015356 0.009901030501236837
0.0013547716606548965 0.007412185748790223
0.0006022718974137975 0.004934164583395981
0.00015059065189787502 0.002464645535401618
0.0 0.0
0.00015059065189787502 -0.0013346643450411059
0.0006022718974137975 -0.00266286614289499
0.0013547716606548965 -0.003977908979490944
0.0024076366639015356 -0.005273743709432642
0.0037602327006450165 -0.006545246597468597
0.005411745017609493 -0.007788445989765577
0.007361178805529334 -0.0090006856477122
0.009607359798384785 -0.010180716922324959
0.012148934980735715 -0.01132871643641937
0.014984373402728013 -0.012446230559453857
0.018111967102280024 -0.01353605238525208
0.021529832133895532 -0.014602040852177704
0.025235909703481607 -0.015648894815093566
0.029227967408489597 -0.01668189708382886
0.03350360058263052 -0.017706644552585964
0.038060233744356575 -0.018728780509835688
0.042895122148234655 -0.019753744074911716
0.048005353438278275 -0.02078654957314885
0.05338784940224234 -0.02183160572482178
0.059039367825822475 -0.02289258102930577
0.06495650444564427 -0.023972317956555276
0.07113569499986394 -0.02507279480972749
0.07757321737514639 -0.026195130683943104
0.08426519384872727 -0.027339626074867333
0.09120759342420814 -0.028505829595209725
0.09839623425967753 -0.029692620080105665
0.10582678618669683 -0.030898293170504645
0.11349477331863145 -0.03212064224371756
0.12139557674675777 -0.033357025220320954
0.12952443732252045 -0.034604411154402166
0.1378764585242665 -0.03585940339042944
0.14644660940672616 -0.03711823918653402
0.15522972763146647 -0.03837676878419924
0.16422052257649067 -0.03963041967585522
0.17341357852311146 -0.04087415403826638
0.18280335791817703 -0.04210242876031527
0.19238420470968637 -0.04330916806039326
0.20215034775378343 -0.04448775829614414
0.2120959042910774 -0.0456310732319279
0.2222148834901989 -0.0467315358397612
0.23250119005645137 -0.04778121983208501
0.2429486279033891 -0.048771990783329326
0.2535509038851079 -0.04969568315788514
0.26430163158700104 -0.05054430611245329
0.27519433517269654 -0.05131026786778523
0.28622245328485874 -0.05198660601230193
0.29737934299750524 -0.05256720952758858
0.30865828381745486 -0.053047017771092636
0.320052481732506 -0.053422182197330005
0.33155507330389 -0.053690178245870905
0.3431591298005543 -0.053849857488878695
0.35485766137276875 -0.05390143365071411
0.36664362126255073 -0.053846400256967346
0.3785099100483679 -0.05368738215839259
0.3904493799215649 -0.05342792769319119
0.4024548389919357 -0.053072252476603604
0.41451905561984914 -0.05262494943206345
0.42663476277231926 -0.05209068243261636
0.43879466240039156 -0.05147388259142029
0.4509914298352198 -0.05077846668549822
0.46321771820016633 -0.05000759636089561
0.475466162836291 -0.04916349468188499
0.4877293857385438 -0.048247333370621454
0.4999999999999999 -0.04725919993443246
0.512270614261456 -0.046198149058976574
0.5245338371637088 -0.04506233746739699
0.5367822817998334 -0.04384923624475258
0.54900857016478 -0.04255590974244651
0.5612053375996082 -0.041179345927374544
0.5733652372276805 -0.039716819700864305
0.5854809443801506 -0.038166268497841396
0.5975451610080642 -0.03652665852636479
0.6095506200784349 -0.034798320376868766
0.6214900899516319 -0.03298323438724642
0.6333563787374491 -0.031085248978530544
0.645142338627231 -0.029110218985690287
0.6568408701994456 -0.027066055547347187
0.6684449266961098 -0.02496268409241538
0.6799475182674938 -0.022811912053785487
0.691341716182545 -0.020627212831487766
0.7026206570024947 -0.018423436923143154
0.713777546715141 -0.016216464780708883
0.7248056648273034 -0.014022818638350082
0.7356983684129987 -0.011859252153335378
0.746449096114892 -0.009742337151463944
0.7570513720966108 -0.007688066088031464
0.7674988099435485 -0.005711487114367603
0.7777851165098009 -0.0038263860316967964
0.7879040957089227 -0.0020450261224203205
0.7978496522462164 -0.0003779531127780834
0.8076157952903136 0.001166131403572977
0.8171966420818224 0.002580428608786282
0.8265864214768883 0.003860037251298704
0.8357794774235092 0.005001891708014063
0.8447702723685334 0.00600465281934936
0.8535533905932737 0.006868562602795298
0.8621235414757333 0.00759527473616914
0.8704755626774794 0.008187672679330276
0.8786044232532422 0.008649686537426936
0.8865052266813687 0.008986118370105236
0.894173213813303 0.009202483764927155
0.9016037657403225 0.009304875287357222
0.9087924065757916 0.00929985107095398
0.9157348061512727 0.009194349492508922
0.9224267826248536 0.00899562874422382
0.928864305000136 0.008711228298752566
0.9350434955543556 0.008348947859558685
0.9409606321741775 0.007916838457113565
0.9466121505977576 0.00742319991047342
0.9519946465617215 0.0068765789060890705
0.9571048778517655 0.006285762401195817
0.9619397662556433 0.005659761861965622
0.9664963994173694 0.005007784903449114
0.9707720325915102 0.004339192107259064
0.9747640902965183 0.0036634380521704847
0.9784701678661044 0.002989996808681566
0.98188803289772 0.0023282732420293554
0.985015626597272 0.0016875023793826844
0.9878510650192642 0.0010766397878707718
0.9903926402016152 0.0005042463647866844
0.9926388211944706 -2.162883581626027e-05
0.9945882549823906 -0.0004935641033033651
0.9962397672993549 -0.0009048754241824474
0.9975923633360985 -0.0012497185146435053
0.9986452283393451 -0.0015231797473102165
0.9993977281025862 -0.0017213536290153109
0.9998494093481021 -0.0018414049456126859
1.0 -0.0018816141428342058
