1.0 0.001897417133060609
0.9998494093481021 0.00194254527914861
0.9993977281025862 0.0020778610161067573
0.9986452283393451 0.0023031407041976034
0.9975923633360985 0.0026179551211420026
0.9962397672993549 0.003021591418835131
0.9945882549823906 0.003512956608650525
0.9926388211944706 0.004090473894180009
0.9903926402016152 0.004751984505266802
0.9878510650192642 0.0054946678296818804
0.985015626597272 0.006314991556706492
0.98188803289772 0.0072087013160817386
0.9784701678661044 0.008170856094328799
0.9747640902965183 0.009195911804227715
0.9707720325915102 0.010277851103982981
0.9664963994173694 0.011410353280120838
0.9619397662556433 0.012586994099161222
0.9571048778517655 0.013801462349087135
0.9519946465617215 0.015047777628641996
0.9466121505977576 0.016320493015147163
0.9409606321741775 0.017614866663750527
0.9350434955543556 0.01892698816476372
0.928864305000136 0.020253848499240713
0.9224267826248536 0.021593346468155576
0.9157348061512727 0.022944229219735834
0.9087924065757916 0.024305969589435653
0.9016037657403225 0.02567858798880976
0.894173213813303 0.02706243112190348
0.8865052266813687 0.02845792349089678
0.8786044232532422 0.029865310159993375
0.8704755626774794 0.03128441035131969
0.8621235414757333 0.03271440103223986
0.8535533905932737 0.03415364772432037
0.8447702723685334 0.03559959644693075
0.8357794774235092 0.03704873624362552
0.8265864214768883 0.038496636463322104
0.8171966420818224 0.03993805728700978
0.8076157952903136 0.041367126348360955
0.7978496522462164 0.042777569139792804
0.7879040957089227 0.044162976637492565
0.7777851165098009 0.04551709056593099
0.7674988099435485 0.0468340852051167
0.7570513720966108 0.04810882475632194
0.746449096114892 0.04933707702962278
0.7356983684129987 0.05051566747451846
0.7248056648273034 0.05164256209683962
0.713777546715141 0.05271687324213306
0.7026206570024947 0.05373878815312623
0.691341716182545 0.054709426160015555
0.6799475182674938 0.055630635865493286
0.6684449266961098 0.056504748302798474
0.6568408701994456 0.05733430540420406
0.645142338627231 0.05812178494744223
0.6333563787374491 0.05886934329807046
0.6214900899516319 0.05957859572031151
0.6095506200784349 0.060250450907507073
0.5975451610080642 0.06088501193369053
0.5854809443801506 0.061481550406077376
0.5733652372276805 0.06203855464106023
0.5612053375996082 0.06255384667573011
0.54900857016478 0.0630247573519745
0.5367822817998334 0.0634483440268984
0.5245338371637088 0.06382163205756033
0.512270614261456 0.06414185936352193
0.4999999999999999 0.06440670324509269
0.4877293857385438 0.06461447024598628
0.475466162836291 0.06476423307127724
0.46321771820016633 0.06485590314614487
0.4509914298352198 0.0648902329551292
0.43879466240039156 0.06486874837818339
0.42663476277231926 0.06479361733346171
0.41451905561984914 0.06466746663529536
0.4024548389919357 0.06449316360190774
0.3904493799215649 0.06427358219847167
0.3785099100483679 0.06401137508319481
0.36664362126255073 0.06370877267773783
0.35485766137276875 0.06336742829847317
0.3431591298005543 0.06298832460464554
0.33155507330389 0.06257175142969627
0.320052481732506 0.06211735887169089
0.30865828381745486 0.06162428282804921
0.29737934299750524 0.06109133352078727
0.28622245328485874 0.060517231531431556
0.27519433517269654 0.05990087097235047
0.26430163158700104 0.059241586105399854
0.2535509038851079 0.058539396303076675
0.2429486279033891 0.05779520490829151
0.23250119005645137 0.057010930298241856
0.2222148834901989 0.056189552138225976
0.2120959042910774 0.05533506210453946
0.20215034775378343 0.05445231580495552
0.19238420470968637 0.0535467906681392
0.18280335791817703 0.05262426258366491
0.17341357852311146 0.051690421410723136
0.16422052257649067 0.05075045152968237
0.15522972763146647 0.049808607863448574
0.14644660940672616 0.048867819848606456
0.1378764585242665 0.047929355453650666
0.12952443732252045 0.046992574469914845
0.12139557674675777 0.046054795077822744
0.11349477331863145 0.04511129043939581
0.10582678618669683 0.0441554232743388
0.09839623425967753 0.0431789166587912
0.09120759342420814 0.04217224934645602
0.08426519384872727 0.04112515448919285
0.07757321737514639 0.040027192445240514
0.07113569499986394 0.038868362049312426
0.06495650444564427 0.03763971079560174
0.059039367825822475 0.03633390320112608
0.05338784940224234 0.03494570832560054
0.048005353438278275 0.033472371966830936
0.042895122148234655 0.031913846158751945
0.038060233744356575 0.030272857810105424
0.03350360058263052 0.028554809010165935
0.029227967408489597 0.026767512949929823
0.025235909703481607 0.02492078075339804
0.021529832133895532 0.023025884967982826
0.018111967102280024 0.021094934263017145
0.014984373402728013 0.01914020037830594
0.012148934980735715 0.017173442057319317
0.009607359798384785 0.015205271295762749
0.007361178805529334 0.013244604660314298
0.005411745017609493 0.011298236836985687
0.0037602327006450165 0.00937056532549279
0.0024076366639015356 0.0074634848704632365
0.0013547716606548965 0.005576458531237596
0.0006022718974137975 0.0037067600608366234
0.00015059065189787502 0.0018498703560547614
0.0 0.0
0.00015059065189787502 -0.0011490741789447801
0.0006022718974137975 -0.0022930634449619233
0.0013547716606548965 -0.0034266398799280683
0.0024076366639015356 -0.004545113486012099
0.0037602327006450165 -0.005644704221191635
0.005411745017609493 -0.00672276098429749
0.007361178805529334 -0.0077779153770988615
0.009607359798384785 -0.008810162284907302
0.012148934980735715 -0.009820863992278307
0.014984373402728013 -0.010812679357724014
0.018111967102280024 -0.011789424175682961
0.021529832133895532 -0.012755872938407154
0.025235909703481607 -0.013717515499489522
0.029227967408489597 -0.014680284420484543
0.03350360058263052 -0.01565026991513248
0.038060233744356575 -0.016633439240791584
0.042895122148234655 -0.017635376161383078
0.048005353438278275 -0.01866105384303687
0.05338784940224234 -0.019714651440002583
0.059039367825822475 -0.0207994209404811
0.06495650444564427 -0.02191760686478516
0.07113569499986394 -0.023070417452391932
0.07757321737514639 -0.024258042342565338
0.08426519384872727 -0.025479708716558597
0.09120759342420814 -0.026733765647369203
0.09839623425967753 -0.02801778514680404
0.10582678618669683 -0.029328668181202583
0.11349477331863145 -0.030662744734566087
0.12139557674675777 -0.03201585873685881
0.12952443732252045 -0.033383431177648325
0.1378764585242665 -0.034760497762679275
0.14644660940672616 -0.036141720773458993
0.15522972763146647 -0.03752137806762729
0.16422052257649067 -0.03889333512427136
0.17341357852311146 -0.04025100843315644
0.18280335791817703 -0.04158733013685638
0.19238420470968637 -0.04289472451097158
0.20215034775378343 -0.044165106537284206
0.2120959042910774 -0.045389911497537384
0.2222148834901989 -0.046560162283397585
0.23250119005645137 -0.04766657814833242
0.2429486279033891 -0.048699725149687866
0.2535509038851079 -0.0496502048194162
0.26430163158700104 -0.050508873958945114
0.27519433517269654 -0.05126708517763941
0.28622245328485874 -0.05191693516262946
0.29737934299750524 -0.052451505913473404
0.30865828381745486 -0.05286508346815143
0.320052481732506 -0.053153339080282726
0.33155507330389 -0.053313459389095555
0.3431591298005543 -0.05334421477454925
0.35485766137276875 -0.053245958648903996
0.36664362126255073 -0.05302055467056142
0.3785099100483679 -0.05267123348890746
0.3904493799215649 -0.05220238531863638
0.4024548389919357 -0.051619299066038286
0.41451905561984914 -0.0509278625685345
0.42663476277231926 -0.050134241479389774
0.43879466240039156 -0.04924455620636279
0.4509914298352198 -0.048264576944412205
0.46321771820016633 -0.04719945616221472
0.475466162836291 -0.04605351593456511
0.4877293857385438 -0.04483010437153051
0.4999999999999999 -0.04353153127603158
0.512270614261456 -0.04215908832807949
0.5245338371637088 -0.04071315385984129
0.5367822817998334 -0.03919337699275146
0.54900857016478 -0.03759893090211279
0.5612053375996082 -0.03592882058259101
0.5733652372276805 -0.03418222699438542
0.5854809443801506 -0.03235886709822631
0.5975451610080642 -0.030459348185403978
0.6095506200784349 -0.02848549513924715
0.6214900899516319 -0.026440630800882964
0.6333563787374491 -0.02432979234319768
0.645142338627231 -0.022159870294474793
0.6568408701994456 -0.019939661346303778
0.6684449266961098 -0.017679831033504984
0.6799475182674938 -0.015392787467700807
0.691341716182545 -0.013092472219702554
0.7026206570024947 -0.010794078877864854
0.713777546715141 -0.008513713498363842
0.7248056648273034 -0.006268013903433207
0.7356983684129987 -0.0040737464375593165
0.746449096114892 -0.0019473992974000426
0.7570513720966108 9.520907652761255e-05
0.7674988099435485 0.0020392897316897024
0.7777851165098009 0.0038713968109415574
0.7879040957089227 0.0055796840439049315
0.7978496522462164 0.007154096837417836
0.8076157952903136 0.008586496580126095
0.8171966420818224 0.009870717613030393
0.8265864214768883 0.011002560852896574
0.8357794774235092 0.01197973108386957
0.8447702723685334 0.01280172729522512
0.8535533905932737 0.013469697034983834
0.8621235414757333 0.01398626652363902
0.8704755626774794 0.014355358241280309
0.8786044232532422 0.01458200693060508
0.8865052266813687 0.014672183559259122
0.894173213813303 0.014632634904223828
0.9016037657403225 0.0144707442274268
0.9087924065757916 0.014194416182918277
0.9157348061512727 0.013811986804645704
0.9224267826248536 0.013332157326038744
0.928864305000136 0.012763948807332457
0.9350434955543556 0.012116673188590289
0.9409606321741775 0.011399915502026634
0.9466121505977576 0.010623521583290062
0.9519946465617215 0.009797585697325938
0.9571048778517655 0.008932432987282276
0.9619397662556433 0.008038592486176919
0.9664963994173694 0.00712675750519903
0.9707720325915102 0.006207731426136613
0.9747640902965183 0.005292358176031535
0.9784701678661044 0.004391437856340691
0.98188803289772 0.0035156290587139544
0.985015626597272 0.0026753402672275686
0.9878510650192642 0.0018806133872520637
0.9903926402016152 0.0011410028414821068
0.9926388211944706 0.0004654538421415774
0.9945882549823906 -0.00013781658973305842
0.9962397672993549 -0.0006614324941849373
0.9975923633360985 -0.0010989626995490148
0.9986452283393451 -0.0014450127862102582
0.9993977281025862 -0.0016953031147254921
0.9998494093481021 -0.0018467311983948046
1.0 -0.001897417133060609
