1.0 0.0016182463414265804
0.9998494093481021 0.0016687707900328722
0.9993977281025862 0.001820295171504551
0.9986452283393451 0.0020726534483344406
0.9975923633360985 0.002425507114395046
0.9962397672993549 0.002878259476826462
0.9945882549823906 0.003429948893654003
0.9926388211944706 0.004079132747075859
0.9903926402016152 0.004823775350878707
0.9878510650192642 0.005661153185514127
0.985015626597272 0.006587789792324645
0.98188803289772 0.0075994304159209
0.9784701678661044 0.008691063241926764
0.9747640902965183 0.009856990107159479
0.9707720325915102 0.011090945198991948
0.9664963994173694 0.012386255887287702
0.9619397662556433 0.013736035830076652
0.9571048778517655 0.01513339722148841
0.9519946465617215 0.016571666809219877
0.9466121505977576 0.018044589317751755
0.9409606321741775 0.019546502288710535
0.9350434955543556 0.021072468093196458
0.928864305000136 0.022618351868761034
0.9224267826248536 0.024180838164162603
0.9157348061512727 0.02575738382519193
0.9087924065757916 0.027346109745587988
0.9016037657403225 0.02894563912352689
0.894173213813303 0.030554894389787098
0.8865052266813687 0.03217286862465329
0.8786044232532422 0.033798389738129354
0.8704755626774794 0.03542989672555598
0.8621235414757333 0.03706524681411911
0.8535533905932737 0.03870157029417008
0.8447702723685334 0.04033518641643749
0.8357794774235092 0.041961589181079825
0.8265864214768883 0.04357550649279719
0.8171966420818224 0.04517103042346768
0.8076157952903136 0.04674181066268319
0.7978496522462164 0.04828129810068329
0.7879040957089227 0.04978302129524209
0.7777851165098009 0.05124087567171494
0.7674988099435485 0.05264940394232938
0.7570513720966108 0.054004046535349765
0.746449096114892 0.055301342793381295
0.7356983684129987 0.056539067196128896
0.7248056648273034 0.057716289626102084
0.713777546715141 0.05883335436187266
0.7026206570024947 0.05989177861267138
0.691341716182545 0.06089407751943841
0.6799475182674938 0.06184352815723833
0.6684449266961098 0.06274388973462776
0.6568408701994456 0.0635991005219554
0.645142338627231 0.06441297378071512
0.6333563787374491 0.0651889149639743
0.6214900899516319 0.06592968070630598
0.6095506200784349 0.0666371967537531
0.5975451610080642 0.06731244726412446
0.5854809443801506 0.06795544220984058
0.5733652372276805 0.06856526339516787
0.5612053375996082 0.06914018335739651
0.54900857016478 0.06967784566237833
0.5367822817998334 0.07017549029759503
0.5245338371637088 0.0706302044046743
0.512270614261456 0.07103917676475671
0.4999999999999999 0.07139993440947998
0.4877293857385438 0.07171054148726701
0.475466162836291 0.07196974393117349
0.46321771820016633 0.0721770482750838
0.4509914298352198 0.07233272875725565
0.43879466240039156 0.07243776315606856
0.42663476277231926 0.07249370409679028
0.41451905561984914 0.07250249831974909
0.4024548389919357 0.07246627111754438
0.3904493799215649 0.07238709641938434
0.3785099100483679 0.07226677452635932
0.36664362126255073 0.07210663912518626
0.35485766137276875 0.07190741292827374
0.3431591298005543 0.0716691272619519
0.33155507330389 0.07139111545785123
0.320052481732506 0.07107208342614914
0.30865828381745486 0.07071025382824145
0.29737934299750524 0.0703035733967865
0.28622245328485874 0.06984996675545063
0.27519433517269654 0.06934761511010162
0.26430163158700104 0.06879523487246925
0.2535509038851079 0.06819232996617124
0.2429486279033891 0.06753939242869579
0.23250119005645137 0.06683802896434284
0.2222148834901989 0.06609099614859595
0.2120959042910774 0.0653021336933531
0.20215034775378343 0.06447619307059091
0.19238420470968637 0.06361856726639255
0.18280335791817703 0.06273493584052582
0.17341357852311146 0.061830847127678876
0.16422052257649067 0.060911265702401414
0.15522972763146647 0.059980117597278323
0.14644660940672616 0.059039867803302296
0.1378764585242665 0.05809116405223117
0.12952443732252045 0.057132577734143236
0.12139557674675777 0.05616046719078771
0.11349477331863145 0.055168980891197
0.10582678618669683 0.05415020865612156
0.09839623425967753 0.053094478803555875
0.09120759342420814 0.051990788579343535
0.08426519384872727 0.05082734528971522
0.07757321737514639 0.04959218691851734
0.07113569499986394 0.04827384436229491
0.06495650444564427 0.04686200329023431
0.059039367825822475 0.04534812239666719
0.05338784940224234 0.0437259666188966
0.048005353438278275 0.04199201867870489
0.042895122148234655 0.040145739787863476
0.038060233744356575 0.03818966004925965
0.03350360058263052 0.03612929032892053
0.029227967408489597 0.033972859389376525
0.025235909703481607 0.031730892012533554
0.021529832133895532 0.0294156548451169
0.018111967102280024 0.02704050597269928
0.014984373402728013 0.024619191085815055
0.012148934980735715 0.022165133027074214
0.009607359798384785 0.019690762191319378
0.007361178805529334 0.017206932612501502
0.005411745017609493 0.014722462770692517
0.0037602327006450165 0.012243831579132643
0.0024076366639015356 0.009775049255509111
0.0013547716606548965 0.007317710595557003
0.0006022718974137975 0.004871225409386098
0.00015059065189787502 0.002433208455690977
0.0 0.0
0.00015059065189787502 -0.0010844469006705368
0.0006022718974137975 -0.002160938370879682
0.0013547716606548965 -0.0032214243146306927
0.0024076366639015356 -0.004258618627882373
0.0037602327006450165 -0.005266328385037324
0.005411745017609493 -0.006239723293524795
0.007361178805529334 -0.0071755315767724785
0.009607359798384785 -0.00807215309461115
0.012148934980735715 -0.008929685675886477
0.014984373402728013 -0.009749865961914638
0.018111967102280024 -0.010535931175039292
0.021529832133895532 -0.01129241278672956
0.025235909703481607 -0.01202487676150667
0.029227967408489597 -0.012739627659630543
0.03350360058263052 -0.013443395238684257
0.038060233744356575 -0.014143022240770384
0.042895122148234655 -0.014845170823146191
0.048005353438278275 -0.015556062713441303
0.05338784940224234 -0.016281264855495546
0.059039367825822475 -0.01702552833260466
0.06495650444564427 -0.017792684029196513
0.07113569499986394 -0.018585594156066615
0.07757321737514639 -0.019406154747634064
0.08426519384872727 -0.02025534083958099
0.09120759342420814 -0.021133283494743246
0.09839623425967753 -0.022039366335034644
0.10582678618669683 -0.022972328843884254
0.11349477331863145 -0.023930364423498034
0.12139557674675777 -0.024911202931967
0.12952443732252045 -0.025912170014221563
0.1378764585242665 -0.02693021873956143
0.14644660940672616 -0.02796193258200503
0.15522972763146647 -0.029003502319562488
0.16422052257649067 -0.030050682677508152
0.17341357852311146 -0.031098737217260527
0.18280335791817703 -0.03214238184307979
0.19238420470968637 -0.03317573819660078
0.20215034775378343 -0.03419230804728596
0.2120959042910774 -0.03518497856522635
0.2222148834901989 -0.03614606616854085
0.23250119005645137 -0.03706740363870716
0.2429486279033891 -0.03794047162899486
0.2535509038851079 -0.038756571838698135
0.26430163158700104 -0.039507035301393024
0.27519433517269654 -0.04018345575427589
0.28622245328485874 -0.04077793521140638
0.29737934299750524 -0.041283326905205905
0.30865828381745486 -0.04169345987204231
0.320052481732506 -0.042003329743765125
0.33155507330389 -0.04220924178364833
0.3431591298005543 -0.04230889479749528
0.35485766137276875 -0.04230139809749103
0.36664362126255073 -0.04218721796143396
0.3785099100483679 -0.041968054718587826
0.3904493799215649 -0.0416466563739249
0.4024548389919357 -0.041226579210533354
0.41451905561984914 -0.040711909753459445
0.42663476277231926 -0.04010696554221766
0.43879466240039156 -0.039415994107408966
0.4509914298352198 -0.038642890219530546
0.46321771820016633 -0.03779095080387345
0.475466162836291 -0.03686268491730084
0.4877293857385438 -0.0358596929766863
0.4999999999999999 -0.03478262521606731
0.512270614261456 -0.03363122440259541
0.5245338371637088 -0.03240445248477285
0.5367822817998334 -0.031100695434352888
0.54900857016478 -0.029718035434445525
0.5612053375996082 -0.02825457509937879
0.5733652372276805 -0.026708794881660253
0.5854809443801506 -0.025079922459182915
0.5975451610080642 -0.023368291853650257
0.6095506200784349 -0.021575670372121773
0.6214900899516319 -0.01970553315834638
0.6333563787374491 -0.017763268070596937
0.645142338627231 -0.01575629756951579
0.6568408701994456 -0.013694109039181331
0.6684449266961098 -0.011588190167042085
0.6799475182674938 -0.009451871338889474
0.691341716182545 -0.007300082127621236
0.7026206570024947 -0.005149033554448668
0.713777546715141 -0.003015841605664442
0.7248056648273034 -0.0009181102835840706
0.7356983684129987 0.0011265058848471115
0.746449096114892 0.003100739526398039
0.7570513720966108 0.004988128694112425
0.7674988099435485 0.006773398003234725
0.7777851165098009 0.00844278769789344
0.7879040957089227 0.009984319233682221
0.7978496522462164 0.01138798994455776
0.8076157952903136 0.0126458935389888
0.8171966420818224 0.013752267268718697
0.8265864214768883 0.01470347038193625
0.8357794774235092 0.015497901694768368
0.8447702723685334 0.016135866623132496
0.8535533905932737 0.016619405700891394
0.8621235414757333 0.016952097421634484
0.8704755626774794 0.017138848193567147
0.8786044232532422 0.017185681360214367
0.8865052266813687 0.017099535732724217
0.894173213813303 0.01688808205827772
0.9016037657403225 0.016559563492772555
0.9087924065757916 0.016122663642979332
0.9157348061512727 0.015586403277200001
0.9224267826248536 0.014960064539690893
0.928864305000136 0.01425313957987678
0.9350434955543556 0.013475299023591358
0.9409606321741775 0.012636374730446438
0.9466121505977576 0.01174635081745523
0.9519946465617215 0.010815356963229697
0.9571048778517655 0.009853658484107812
0.9619397662556433 0.008871638511169323
0.9664963994173694 0.007879768694959165
0.9707720325915102 0.006888566114117131
0.9747640902965183 0.0059085353572295805
0.9784701678661044 0.00495009598578109
0.98188803289772 0.004023496688106024
0.985015626597272 0.003138718338941879
0.9878510650192642 0.0023053688494402034
0.9903926402016152 0.0015325731150331108
0.9926388211944706 0.0008288615519284523
0.9945882549823906 0.00020206068376774989
0.9962397672993549 -0.0003408109624352166
0.9975923633360985 -0.0007936387210553782
0.9986452283393451 -0.0011512968913645384
0.9993977281025862 -0.00140972100131101
0.9998494093481021 -0.001565965596776126
1.0 -0.0016182463414265804
