1.0 0.0017453171081355718
0.9998494093481021 0.0017966481653490139
0.9993977281025862 0.0019505679771318857
0.9986452283393451 0.002206837539219621
0.9975923633360985 0.002564997472954823
0.9962397672993549 0.0030242834358383142
0.9945882549823906 0.0035835209769737248
0.9926388211944706 0.004241011647341515
0.9903926402016152 0.004994423591674131
0.9878510650192642 0.005840700035663685
0.985015626597272 0.006775998005488549
0.98188803289772 0.0077956673533312315
0.9784701678661044 0.008894276894880456
0.9747640902965183 0.010065690465293773
0.9707720325915102 0.01130319130897028
0.9664963994173694 0.012599648815209844
0.9619397662556433 0.013947717583051923
0.9571048778517655 0.015340055505153275
0.9519946465617215 0.016769545306517995
0.9466121505977576 0.01822950297980871
0.9409606321741775 0.019713856942174663
0.9350434955543556 0.021217283501638737
0.928864305000136 0.02273528725016935
0.9224267826248536 0.02426421907289203
0.9157348061512727 0.025801229263999324
0.9087924065757916 0.027344158388371745
0.9016037657403225 0.02889137360607936
0.894173213813303 0.030441562765001536
0.8865052266813687 0.031993502277532816
0.8786044232532422 0.03354581730849245
0.8704755626774794 0.035096753883119794
0.8621235414757333 0.036643982059361604
0.8535533905932737 0.03818444730435838
0.8447702723685334 0.03971428380311864
0.8357794774235092 0.04122879885592759
0.8265864214768883 0.04272253213571701
0.8171966420818224 0.04418938779381968
0.8076157952903136 0.04562283167656738
0.7978496522462164 0.04701614070200456
0.7879040957089227 0.04836268716631202
0.7777851165098009 0.04965623775452449
0.7674988099435485 0.050891245572220314
0.7570513720966108 0.05206311372644156
0.746449096114892 0.053168410865479764
0.7356983684129987 0.05420502250532428
0.7248056648273034 0.055172226668513645
0.713777546715141 0.05607068797744499
0.7026206570024947 0.05690237044116806
0.691341716182545 0.05767037527288747
0.6799475182674938 0.05837871569190462
0.6684449266961098 0.059032045351015354
0.6568408701994456 0.059635360412638255
0.645142338627231 0.060193697100944514
0.6333563787374491 0.060711846635180144
0.6214900899516319 0.06119410779165552
0.6095506200784349 0.06164409407904536
0.5975451610080642 0.062064607904725046
0.5854809443801506 0.06245758853022331
0.5733652372276805 0.06282413451384648
0.5612053375996082 0.06316459521532078
0.54900857016478 0.06347872029282803
0.5367822817998334 0.06376585142284007
0.5245338371637088 0.06402513710899607
0.512270614261456 0.06425574970211428
0.4999999999999999 0.06445708378215254
0.4877293857385438 0.06462891686226227
0.475466162836291 0.06477151682550757
0.46321771820016633 0.0648856853194366
0.4509914298352198 0.06497273211940412
0.43879466240039156 0.06503438174993098
0.42663476277231926 0.06507261989899811
0.41451905561984914 0.06508949284307686
0.4024548389919357 0.06508687772999608
0.3904493799215649 0.06506624473152174
0.3785099100483679 0.06502843348184528
0.36664362126255073 0.06497346570725376
0.35485766137276875 0.06490041352755402
0.3431591298005543 0.06480733873166947
0.33155507330389 0.06469131270719718
0.320052481732506 0.0645485200717583
0.30865828381745486 0.06437444194097777
0.29737934299750524 0.06416410775411198
0.28622245328485874 0.06391239824974958
0.27519433517269654 0.06361437708506586
0.26430163158700104 0.06326562518063832
0.2535509038851079 0.06286255048115168
0.2429486279033891 0.06240264662767502
0.23250119005645137 0.06188467704394814
0.2222148834901989 0.061308765974453956
0.2120959042910774 0.06067638473563199
0.20215034775378343 0.05999022936873241
0.19238420470968637 0.05925399441958981
0.18280335791817703 0.058472056058252835
0.17341357852311146 0.05764908551680261
0.16422052257649067 0.05678962023193327
0.15522972763146647 0.05589762458393459
0.14644660940672616 0.054976074313304285
0.1378764585242665 0.05402659832689557
0.12952443732252045 0.053049208625595014
0.12139557674675777 0.05204214364346432
0.11349477331863145 0.051001842725714
0.10582678618669683 0.04992306030271919
0.09839623425967753 0.04879911818816078
0.09120759342420814 0.047622284078976077
0.08426519384872727 0.0463842545356218
0.07757321737514639 0.045076712222490045
0.07113569499986394 0.04369192065910174
0.06495650444564427 0.04222331570938585
0.059039367825822475 0.040666051879962126
0.05338784940224234 0.039017463364115865
0.048005353438278275 0.037277404590162294
0.042895122148234655 0.03544844252511927
0.038060233744356575 0.0335358826584988
0.03350360058263052 0.03154762178854189
0.029227967408489597 0.0294938326729308
0.025235909703481607 0.027386497439068333
0.021529832133895532 0.02523881752080904
0.018111967102280024 0.02306453700154031
0.014984373402728013 0.020877222916638887
0.012148934980735715 0.018689549788213865
0.009607359798384785 0.016512636125560382
0.007361178805529334 0.014355477751503693
0.005411745017609493 0.012224516772885476
0.0037602327006450165 0.010123376197433882
0.0024076366639015356 0.008052779206534548
0.0013547716606548965 0.006010659682160338
0.0006022718974137975 0.00399245762153761
0.00015059065189787502 0.001991580464991088
0.0 0.0
0.00015059065189787502 -0.0014601989355800228
0.0006022718974137975 -0.0029108571485062743
0.0013547716606548965 -0.00434231106894463
0.0024076366639015356 -0.005745682092471103
0.0037602327006450165 -0.007113218115603486
0.005411745017609493 -0.008438577351162446
0.007361178805529334 -0.009717040922182424
0.009607359798384785 -0.010945645128972455
0.012148934980735715 -0.012123229170717767
0.014984373402728013 -0.013250399142728577
0.018111967102280024 -0.014329413978210505
0.021529832133895532 -0.01536400333268547
0.025235909703481607 -0.016359130935354363
0.029227967408489597 -0.017320719432620185
0.03350360058263052 -0.018255354080545506
0.038060233744356575 -0.019169982748766017
0.042895122148234655 -0.020071628612559966
0.048005353438278275 -0.02096712975347362
0.05338784940224234 -0.02186291685971061
0.059039367825822475 -0.022764836573454766
0.06495650444564427 -0.02367802407144765
0.07113569499986394 -0.02460682450220127
0.07757321737514639 -0.0255547592452288
0.08426519384872727 -0.026524529880446422
0.09120759342420814 -0.027518050483132824
0.09839623425967753 -0.028536497546404065
0.10582678618669683 -0.029580366553891516
0.11349477331863145 -0.0306495249700583
0.12139557674675777 -0.03174325309099728
0.12952443732252045 -0.03286026663626586
0.1378764585242665 -0.033998717933061154
0.14644660940672616 -0.03515617577639494
0.15522972763146647 -0.03632958725133348
0.16422052257649067 -0.03751522768767312
0.17341357852311146 -0.03870864722211696
0.18280335791817703 -0.03990462395434171
0.19238420470968637 -0.04109713425265793
0.20215034775378343 -0.042279350320995675
0.2120959042910774 -0.04344367369398587
0.2222148834901989 -0.04458181097646969
0.23250119005645137 -0.045684895059686974
0.2429486279033891 -0.04674365146397448
0.2535509038851079 -0.047748605657831206
0.26430163158700104 -0.04869032349041987
0.27519433517269654 -0.04955967355401646
0.28622245328485874 -0.050348097646132066
0.29737934299750524 -0.05104787376385287
0.30865828381745486 -0.05165235540658856
0.320052481732506 -0.05215617148037697
0.33155507330389 -0.05255537279261542
0.3431591298005543 -0.05284751391727879
0.35485766137276875 -0.05303166293013676
0.36664362126255073 -0.05310833592138729
0.3785099100483679 -0.05307935799375258
0.3904493799215649 -0.05294765731685819
0.4024548389919357 -0.05271700339194244
0.41451905561984914 -0.05239170465654989
0.42663476277231926 -0.05197628363628153
0.43879466240039156 -0.05147514979813125
0.4509914298352198 -0.050892290921523184
0.46321771820016633 -0.050231003110557566
0.475466162836291 -0.04949367754880717
0.4877293857385438 -0.04868165886266262
0.4999999999999999 -0.0477951857110003
0.512270614261456 -0.046833419228321745
0.5245338371637088 -0.045794559537417706
0.5367822817998334 -0.04467604506715331
0.54900857016478 -0.04347482421718175
0.5612053375996082 -0.04218768434077898
0.5733652372276805 -0.04081161936360767
0.5854809443801506 -0.039344214851932714
0.5975451610080642 -0.03778402814306135
0.6095506200784349 -0.036130941320904136
0.6214900899516319 -0.03438646633731059
0.6333563787374491 -0.032553984334190364
0.645142338627231 -0.030638905022461315
0.6568408701994456 -0.028648736566875152
0.6684449266961098 -0.026593061509659087
0.6799475182674938 -0.024483419514360533
0.691341716182545 -0.02233310279518937
0.7026206570024947 -0.02015687470674343
0.713777546715141 -0.01797062583402858
0.7248056648273034 -0.01579098482936211
0.7356983684129987 -0.013634903046274936
0.746449096114892 -0.011519232652541426
0.7570513720966108 -0.009460317374845534
0.7674988099435485 -0.007473613420935973
0.7777851165098009 -0.005573355592065984
0.7879040957089227 -0.0037722803428395218
0.7978496522462164 -0.0020814138081608926
0.8076157952903136 -0.0005099288577401683
0.8171966420818224 0.0009349286819915511
0.8265864214768883 0.0022478481374456926
0.8357794774235092 0.00342540307438719
0.8447702723685334 0.004465950496585908
0.8535533905932737 0.005369491014238049
0.8621235414757333 0.006137501743301899
0.8704755626774794 0.006772753788560553
0.8786044232532422 0.00727912550465816
0.8865052266813687 0.0076614214287739095
0.894173213813303 0.007925204980005068
0.9016037657403225 0.008076650890965898
0.9087924065757916 0.00812242105299987
0.9157348061512727 0.00806956519013565
0.9224267826248536 0.007925445684606184
0.928864305000136 0.007697684088094644
0.9350434955543556 0.007394125463718434
0.9409606321741775 0.00702281577181768
0.9466121505977576 0.00659198705639557
0.9519946465617215 0.006110045189983149
0.9571048778517655 0.005585555341915617
0.9619397662556433 0.0050272210723744035
0.9664963994173694 0.004443853929076577
0.9707720325915102 0.0038443315344082658
0.9747640902965183 0.0032375432984336
0.9784701678661044 0.002632323987029438
0.98188803289772 0.002037376339433123
0.985015626597272 0.001461184710900339
0.9878510650192642 0.0009119222814873262
0.9903926402016152 0.00039735471119944975
0.9926388211944706 -7.525675468158448e-05
0.9945882549823906 -0.0004992497912207142
0.9962397672993549 -0.0008686503860818026
0.9975923633360985 -0.0011782547131967314
0.9986452283393451 -0.0014237014607202114
0.9993977281025862 -0.0016015329821955076
0.9998494093481021 -0.0017092440214878189
1.0 -0.0017453171081355718
