1.0 0.001891764629621628
0.9998494093481021 0.0019401979610825717
0.9993977281025862 0.0020854201947741067
0.9986452283393451 0.0023271801022609075
0.9975923633360985 0.002665001162550611
0.9962397672993549 0.0030981017161402823
0.9945882549823906 0.003625296257843199
0.9926388211944706 0.004244889482497209
0.9903926402016152 0.004954576069171372
0.9878510650192642 0.00575135933852857
0.985015626597272 0.006631500811775826
0.98188803289772 0.007590510415982656
0.9784701678661044 0.008623183802026153
0.9747640902965183 0.009723689240541221
0.9707720325915102 0.010885702177865525
0.9664963994173694 0.012102581146819714
0.9619397662556433 0.013367574721878698
0.9571048778517655 0.014674045944478215
0.9519946465617215 0.016015698424482482
0.9466121505977576 0.017386787367285206
0.9409606321741775 0.01878229919846013
0.9350434955543556 0.02019808526052848
0.928864305000136 0.02163093812412957
0.9224267826248536 0.023078603164980692
0.9157348061512727 0.02453972289338674
0.9087924065757916 0.026013716703007148
0.9016037657403225 0.02750060381255219
0.894173213813303 0.029000781788715905
0.8865052266813687 0.030514776774460323
0.8786044232532422 0.03204298408248064
0.8704755626774794 0.033585418920606666
0.8621235414757333 0.035141496578090736
0.8535533905932737 0.03670985942700335
0.8447702723685334 0.03828826471404014
0.8357794774235092 0.03987354258337693
0.8265864214768883 0.04146162842629578
0.8171966420818224 0.043047667913822876
0.8076157952903136 0.044626187387567816
0.7978496522462164 0.0461913171153481
0.7879040957089227 0.047737050680280425
0.7777851165098009 0.049257520813067404
0.7674988099435485 0.050747270546434464
0.7570513720966108 0.052201498797156055
0.746449096114892 0.053616261361978015
0.7356983684129987 0.05498861171316111
0.7248056648273034 0.056316670638106525
0.713777546715141 0.05759961932276108
0.7026206570024947 0.05883761649212203
0.691341716182545 0.060031646214485014
0.6799475182674938 0.06118330846815978
0.6684449266961098 0.06229456911588296
0.6568408701994456 0.0633674891616381
0.645142338627231 0.06440395480916779
0.6333563787374491 0.06540542975944999
0.6214900899516319 0.06637274937286373
0.6095506200784349 0.06730597291796481
0.5975451610080642 0.06820430540029197
0.5854809443801506 0.06906609478871353
0.5733652372276805 0.06988890429082048
0.5612053375996082 0.07066965317365968
0.54900857016478 0.0714048139857525
0.5367822817998334 0.07209064937707192
0.5245338371637088 0.07272346842543494
0.512270614261456 0.0732998807417066
0.4999999999999999 0.07381702679048906
0.4877293857385438 0.07427276482922152
0.475466162836291 0.07466579849021139
0.46321771820016633 0.07499573402235679
0.4509914298352198 0.07526306217111296
0.43879466240039156 0.0754690661204365
0.42663476277231926 0.07561566331651054
0.41451905561984914 0.07570519480413904
0.4024548389919357 0.07574018043741919
0.3904493799215649 0.07572306156294956
0.3785099100483679 0.07565595421953362
0.36664362126255073 0.0755404353992237
0.35485766137276875 0.07537738247476512
0.3431591298005543 0.07516688168258903
0.33155507330389 0.07490821587289288
0.320052481732506 0.07459993504045648
0.30865828381745486 0.0742400059665893
0.29737934299750524 0.07382603022073492
0.28622245328485874 0.07335551338175503
0.27519433517269654 0.0728261631931369
0.26430163158700104 0.07223619092471104
0.2535509038851079 0.07158458881020284
0.2429486279033891 0.07087135724251739
0.23250119005645137 0.07009765843986601
0.2222148834901989 0.06926587836966121
0.2120959042910774 0.06837958548856324
0.20215034775378343 0.06744338283579718
0.19238420470968637 0.06646265860263294
0.18280335791817703 0.06544324882848804
0.17341357852311146 0.06439103366422214
0.16422052257649067 0.06331149505562486
0.15522972763146647 0.062209268184795635
0.14644660940672616 0.061087721149303914
0.1378764585242665 0.059948596914654664
0.12952443732252045 0.058791748494303034
0.12139557674675777 0.05761499274494488
0.11349477331863145 0.05641410045969212
0.10582678618669683 0.055182931117399074
0.09839623425967753 0.05391371035898799
0.09120759342420814 0.05259743775695681
0.08426519384872727 0.051224402503024805
0.07757321737514639 0.049784776018123936
0.07113569499986394 0.04826924386436503
0.06495650444564427 0.04666963525200225
0.059039367825822475 0.044979507250382675
0.05338784940224234 0.04319464268719969
0.048005353438278275 0.04131342558859394
0.042895122148234655 0.03933706558511066
0.038060233744356575 0.03726965249216216
0.03350360058263052 0.035118033604295676
0.029227967408489597 0.03289151833150405
0.025235909703481607 0.030601426796196842
0.021529832133895532 0.0282605100385022
0.018111967102280024 0.02588227873997294
0.014984373402728013 0.02348028418348695
0.012148934980735715 0.02106739900116076
0.009607359798384785 0.018655145812297203
0.007361178805529334 0.016253119043205515
0.005411745017609493 0.013868539214993958
0.0037602327006450165 0.011505970180350765
0.0024076366639015356 0.009167218786548513
0.0013547716606548965 0.006851424002240453
0.0006022718974137975 0.004555329540761748
0.00015059065189787502 0.0022737213586317357
0.0 0.0
0.00015059065189787502 -0.0011682794938572437
0.0006022718974137975 -0.002328303614619086
0.0013547716606548965 -0.0034716327052006454
0.0024076366639015356 -0.004590577179525703
0.0037602327006450165 -0.005678521018914832
0.005411745017609493 -0.006730186956409102
0.007361178805529334 -0.007741829862558792
0.009607359798384785 -0.008711349401054303
0.012148934980735715 -0.009638318081484954
0.014984373402728013 -0.010523926046667681
0.018111967102280024 -0.01137084893335165
0.021529832133895532 -0.012183049596718776
0.025235909703481607 -0.01296552809383784
0.029227967408489597 -0.01372403684717929
0.03350360058263052 -0.014464779206094435
0.038060233744356575 -0.015194109633184991
0.042895122148234655 -0.015918252500068886
0.048005353438278275 -0.016643054110584782
0.05338784940224234 -0.017373779286720823
0.059039367825822475 -0.018114959924954346
0.06495650444564427 -0.01887029867208032
0.07113569499986394 -0.01964262661188527
0.07757321737514639 -0.02043390992168376
0.08426519384872727 -0.021245297143205184
0.09120759342420814 -0.022077196253982346
0.09839623425967753 -0.022929369289938818
0.10582678618669683 -0.02380103194031874
0.11349477331863145 -0.02469094630636655
0.12139557674675777 -0.02559749679155999
0.12952443732252045 -0.026518741700701887
0.1378764585242665 -0.027452436329811723
0.14644660940672616 -0.028396026844932122
0.15522972763146647 -0.029346617769268248
0.16422052257649067 -0.030300919119756617
0.17341357852311146 -0.03125518187737218
0.18280335791817703 -0.03220513230945671
0.19238420470968637 -0.03314591652275669
0.20215034775378343 -0.03407206642792941
0.2120959042910774 -0.03497749704174516
0.2222148834901989 -0.03585554283046729
0.23250119005645137 -0.036699037775359954
0.2429486279033891 -0.03750044025458947
0.2535509038851079 -0.0382519999696237
0.26430163158700104 -0.03894596031033535
0.27519433517269654 -0.03957478606596102
0.28622245328485874 -0.04013140354174107
0.29737934299750524 -0.04060943818165029
0.30865828381745486 -0.041003433909888115
0.320052481732506 -0.04130903869217753
0.33155507330389 -0.04152314229857947
0.3431591298005543 -0.04164395484804501
0.35485766137276875 -0.04167101827078371
0.36664362126255073 -0.041605147102176325
0.3785099100483679 -0.04144829972751618
0.3904493799215649 -0.0412033859992877
0.4024548389919357 -0.040874021703846505
0.41451905561984914 -0.04046424433015777
0.42663476277231926 -0.039978207694002295
0.43879466240039156 -0.03941987495932778
0.4509914298352198 -0.03879273031258247
0.46321771820016633 -0.03809952891230399
0.475466162836291 -0.03734210277508361
0.4877293857385438 -0.03652123708324528
0.4999999999999999 -0.03563662720725576
0.512270614261456 -0.03468692179653001
0.5245338371637088 -0.03366985192800193
0.5367822817998334 -0.032582440864785976
0.54900857016478 -0.03142128382520621
0.5612053375996082 -0.030182882633933393
0.5733652372276805 -0.028864016517965455
0.5854809443801506 -0.02746212785415013
0.5975451610080642 -0.025975700527227343
0.6095506200784349 -0.024404608785334268
0.6214900899516319 -0.022750416059387393
0.6333563787374491 -0.021016606030777582
0.645142338627231 -0.019208732095658047
0.6568408701994456 -0.017334476025600003
0.6684449266961098 -0.015403611758558268
0.6799475182674938 -0.013427875540668871
0.691341716182545 -0.011420748745640754
0.7026206570024947 -0.00939716431162605
0.713777546715141 -0.007373151583167333
0.7248056648273034 -0.005365437213517999
0.7356983684129987 -0.0033910215260617277
0.746449096114892 -0.001466750286347576
0.7570513720966108 0.00039109878833527866
0.7674988099435485 0.002167197167690314
0.7777851165098009 0.0038474993260453473
0.7879040957089227 0.00541951763620658
0.7978496522462164 0.0068725305782845365
0.8076157952903136 0.008197720552197148
0.8171966420818224 0.009388241574959518
0.8265864214768883 0.01043922083090034
0.8357794774235092 0.011347701211013805
0.8447702723685334 0.012112534460348042
0.8535533905932737 0.012734236239198133
0.8621235414757333 0.013214815244974235
0.8704755626774794 0.013557588547352267
0.8786044232532422 0.013766994526042173
0.8865052266813687 0.013848413382317955
0.894173213813303 0.013808003272989486
0.9016037657403225 0.013652557862789766
0.9087924065757916 0.013389388691554033
0.9157348061512727 0.013026233384901782
0.9224267826248536 0.01257118856309734
0.928864305000136 0.012032664456466042
0.9350434955543556 0.011419356816048443
0.9409606321741775 0.010740230774269105
0.9466121505977576 0.010004510880715578
0.9519946465617215 0.00922167159249452
0.9571048778517655 0.008401422983252017
0.9619397662556433 0.007553687269592961
0.9664963994173694 0.006688562840372097
0.9707720325915102 0.005816273706892544
0.9747640902965183 0.004947103565039703
0.9784701678661044 0.004091314877624871
0.98188803289772 0.003259054466458105
0.985015626597272 0.0024602479893835656
0.9878510650192642 0.0017044863313081175
0.9903926402016152 0.0010009073471173567
0.9926388211944706 0.0003580765666577053
0.9945882549823906 -0.00021612956631319926
0.9962397672993549 -0.0007146345594703789
0.9975923633360985 -0.0011312638162475058
0.9986452283393451 -0.0014608350496551807
0.9993977281025862 -0.0016992350084796214
0.9998494093481021 -0.00184348081298689
1.0 -0.001891764629621628
