1.0 0.0015901368905020313
0.9998494093481021 0.001644008453774736
0.9993977281025862 0.0018055628357092888
0.9986452283393451 0.002074600393374486
0.9975923633360985 0.0024507280191473388
0.9962397672993549 0.0029332754997245256
0.9945882549823906 0.0035211915929630163
0.9926388211944706 0.004212931532971677
0.9903926402016152 0.00500634907163108
0.9878510650192642 0.005898606338691073
0.985015626597272 0.006886113719376607
0.98188803289772 0.007964509685139145
0.9784701678661044 0.009128687251582113
0.9747640902965183 0.010372869749373272
0.9707720325915102 0.011690734218244004
0.9664963994173694 0.013075576349118967
0.9619397662556433 0.014520506890268828
0.9571048778517655 0.016018666159655262
0.9519946465617215 0.017563441070209337
0.9466121505977576 0.019148668097326793
0.9409606321741775 0.020768806015164884
0.9350434955543556 0.022419064002854386
0.928864305000136 0.0240954737598591
0.9224267826248536 0.025794898349371136
0.9157348061512727 0.027514975296369128
0.9087924065757916 0.029253996622623252
0.9016037657403225 0.031010733588235893
0.894173213813303 0.032784218509825956
0.8865052266813687 0.034573499753137456
0.8786044232532422 0.03637738853131197
0.8704755626774794 0.03819421724993237
0.8621235414757333 0.04002162870905526
0.8535533905932737 0.04185641350688679
0.8447702723685334 0.043694409620163514
0.8357794774235092 0.045530473608796036
0.8265864214768883 0.047358527550054756
0.8171966420818224 0.049171680063992994
0.8076157952903136 0.050962414098055395
0.7978496522462164 0.05272282894760975
0.7879040957089227 0.0544449197181135
0.7777851165098009 0.05612087443223186
0.7674988099435485 0.05774336750177158
0.7570513720966108 0.05930582845082094
0.746449096114892 0.06080266659287851
0.7356983684129987 0.06222943569861797
0.7248056648273034 0.0635829272869643
0.713777546715141 0.06486118667170274
0.7026206570024947 0.06606345186493898
0.691341716182545 0.067190021402542
0.6799475182674938 0.06824206263754955
0.6684449266961098 0.06922137660350643
0.6568408701994456 0.0701301388107933
0.645142338627231 0.07097063703753496
0.6333563787374491 0.07174502716995562
0.6214900899516319 0.07245512642987838
0.6095506200784349 0.07310226003333888
0.5975451610080642 0.07368717271720933
0.5854809443801506 0.0742100110225163
0.5733652372276805 0.07467037618559509
0.5612053375996082 0.07506744145661934
0.54900857016478 0.07540012213806657
0.5367822817998334 0.07566728207470713
0.5245338371637088 0.07586795711771809
0.512270614261456 0.07600157450672126
0.4999999999999999 0.07606814731141649
0.4877293857385438 0.0760684250503115
0.475466162836291 0.07600398521214007
0.46321771820016633 0.07587725536335539
0.4509914298352198 0.07569146143466114
0.43879466240039156 0.07545050415866586
0.42663476277231926 0.07515877195133013
0.41451905561984914 0.07482090426060665
0.4024548389919357 0.07444152405554973
0.3904493799215649 0.07402496128837281
0.3785099100483679 0.07357499053673554
0.36664362126255073 0.07309460547225248
0.35485766137276875 0.07258585030911376
0.3431591298005543 0.07204972412834589
0.33155507330389 0.07148616826202166
0.320052481732506 0.07089414019713419
0.30865828381745486 0.07027177025318687
0.29737934299750524 0.06961659018452364
0.28622245328485874 0.06892581644689189
0.27519433517269654 0.06819666569413074
0.26430163158700104 0.0674266765942225
0.2535509038851079 0.06661401060691598
0.2429486279033891 0.0657577051245808
0.23250119005645137 0.06485785534722927
0.2222148834901989 0.06391570626743598
0.2120959042910774 0.06293364283907521
0.20215034775378343 0.06191507430883132
0.19238420470968637 0.06086421720563598
0.18280335791817703 0.05978578995030604
0.17341357852311146 0.0586846397915306
0.16422052257649067 0.0575653291595979
0.15522972763146647 0.056431713009968756
0.14644660940672616 0.055286540893435994
0.1378764585242665 0.0541311170960497
0.12952443732252045 0.05296504919036611
0.12139557674675777 0.05178610988049068
0.11349477331863145 0.05059022945080631
0.10582678618669683 0.049371626957437076
0.09839623425967753 0.04812307818310517
0.09120759342420814 0.04683630804946863
0.08426519384872727 0.04550248541984323
0.07757321737514639 0.044112789779054334
0.07113569499986394 0.04265901281445835
0.06495650444564427 0.04113415397798231
0.059039367825822475 0.03953296804211684
0.05338784940224234 0.03785242462532423
0.048005353438278275 0.03609204458461445
0.042895122148234655 0.03425408576481375
0.038060233744356575 0.03234356036221336
0.03350360058263052 0.030368077442202893
0.029227967408489597 0.028337516160363712
0.025235909703481607 0.02626354712157079
0.021529832133895532 0.024159030214136734
0.018111967102280024 0.0220373263761417
0.014984373402728013 0.019911567406547315
0.012148934980735715 0.017793931611146303
0.009607359798384785 0.015694973467969445
0.007361178805529334 0.01362305253652563
0.005411745017609493 0.011583900688832083
0.0037602327006450165 0.00958035780672588
0.0024076366639015356 0.007612294972069954
0.0013547716606548965 0.005676731638109515
0.0006022718974137975 0.003768140182458064
0.00015059065189787502 0.0018789185208002953
0.0 0.0
0.00015059065189787502 -0.001334228047673049
0.0006022718974137975 -0.0026611164755966418
0.0013547716606548965 -0.003973202888204995
0.0024076366639015356 -0.005263717598357853
0.0037602327006450165 -0.006526881740455084
0.005411745017609493 -0.0077581508236160375
0.007361178805529334 -0.008954391109853166
0.009607359798384785 -0.010113980466400246
0.012148934980735715 -0.011236830077206812
0.014984373402728013 -0.012324328275753775
0.018111967102280024 -0.013379212442814536
0.021529832133895532 -0.014405379079634885
0.025235909703481607 -0.015407645541490732
0.029227967408489597 -0.01639147928217364
0.03350360058263052 -0.017362711676574712
0.038060233744356575 -0.018327253502051596
0.042895122148234655 -0.019290828004381613
0.048005353438278275 -0.02025873527064199
0.05338784940224234 -0.021235658574085527
0.059039367825822475 -0.022225519699029837
0.06495650444564427 -0.023231386290192363
0.07113569499986394 -0.02425543031041409
0.07757321737514639 -0.0252989330354859
0.08426519384872727 -0.026362328936464636
0.09120759342420814 -0.02744527851907429
0.09839623425967753 -0.02854675885978261
0.10582678618669683 -0.02966516027377084
0.11349477331863145 -0.03079837826286837
0.12139557674675777 -0.03194389153160197
0.12952443732252045 -0.03309881926320469
0.1378764585242665 -0.03425995379124771
0.14644660940672616 -0.03542376802140711
0.15522972763146647 -0.036586400166552194
0.16422052257649067 -0.03774362127449982
0.17341357852311146 -0.038890793394601865
0.18280335791817703 -0.04002282783614239
0.19238420470968637 -0.04113415367073629
0.20215034775378343 -0.04221870635002244
0.2120959042910774 -0.04326994505755524
0.2222148834901989 -0.04428090527937947
0.23250119005645137 -0.04524429022494381
0.2429486279033891 -0.046152601384072955
0.2535509038851079 -0.046998304936208116
0.26430163158700104 -0.047774027227903686
0.27519433517269654 -0.04847276939688587
0.28622245328485874 -0.04908812871640594
0.29737934299750524 -0.049614512588547155
0.30865828381745486 -0.05004733049351551
0.320052481732506 -0.05038314969167138
0.33155507330389 -0.05061980208010085
0.3431591298005543 -0.05075643224436163
0.35485766137276875 -0.05079348025653957
0.36664362126255073 -0.050732596921271994
0.3785099100483679 -0.050576493677103825
0.3904493799215649 -0.05032873390393383
0.4024548389919357 -0.049993476641269
0.41451905561984914 -0.04957518737377224
0.42663476277231926 -0.0490783333148161
0.43879466240039156 -0.04850708229797795
0.4509914298352198 -0.047865024827349834
0.46321771820016633 -0.04715493798213993
0.475466162836291 -0.04637860775131242
0.4877293857385438 -0.045536723110424324
0.4999999999999999 -0.044628850946279705
0.512270614261456 -0.04365349605316514
0.5245338371637088 -0.04260824518304274
0.5367822817998334 -0.041489988873218565
0.54900857016478 -0.04029520984325136
0.5612053375996082 -0.039020322471515226
0.5733652372276805 -0.037662044510683175
0.5854809443801506 -0.036217779997775326
0.5975451610080642 -0.03468599139866749
0.6095506200784349 -0.033066539453483264
0.6214900899516319 -0.031360970923695046
0.6333563787374491 -0.029572737364107742
0.645142338627231 -0.02770733195700827
0.6568408701994456 -0.02577233609351632
0.6684449266961098 -0.023777372466947402
0.6799475182674938 -0.021733966630752832
0.691341716182545 -0.019655323945074202
0.7026206570024947 -0.017556033288419943
0.713777546715141 -0.015451712583013439
0.7248056648273034 -0.013358613870279964
0.7356983684129987 -0.011293207242741068
0.746449096114892 -0.009271763332901249
0.7570513720966108 -0.007309953299082772
0.7674988099435485 -0.005422483427052187
0.7777851165098009 -0.0036227787439886035
0.7879040957089227 -0.0019227266288169436
0.7978496522462164 -0.0003324875464673988
0.8076157952903136 0.0011396240032658742
0.8171966420818224 0.002487189186757945
0.8265864214768883 0.003705669682361394
0.8357794774235092 0.004792335263073889
0.8447702723685334 0.005746144110897529
0.8535533905932737 0.006567587460338192
0.8621235414757333 0.007258510925152688
0.8704755626774794 0.007821924786826326
0.8786044232532422 0.008261814684063739
0.8865052266813687 0.00858296265534257
0.894173213813303 0.008790786502604255
0.9016037657403225 0.008891203137479858
0.9087924065757916 0.008890519124998369
0.9157348061512727 0.008795349231690857
0.9224267826248536 0.0086125615764424
0.928864305000136 0.008349246106999615
0.9350434955543556 0.008012701681406591
0.9409606321741775 0.007610436081187107
0.9466121505977576 0.007150172840782548
0.9519946465617215 0.006639858826229269
0.9571048778517655 0.0060876669824752715
0.9619397662556433 0.005501989513825073
0.9664963994173694 0.0048914178685895565
0.9707720325915102 0.004264707161233035
0.9747640902965183 0.0036307239776346696
0.9784701678661044 0.0029983777745795125
0.98188803289772 0.0023765372215753524
0.985015626597272 0.0017739337799104462
0.9878510650192642 0.0011990555314460559
0.9903926402016152 0.0006600347418192717
0.9926388211944706 0.00016453287449670856
0.9945882549823906 -0.00028037321389058406
0.9962397672993549 -0.0006683003347368282
0.9975923633360985 -0.0009936600304323823
0.9986452283393451 -0.0012517487860679174
0.9993977281025862 -0.0014388249909106873
0.9998494093481021 -0.0015521707224562828
1.0 -0.0015901368905020313
