1.0 0.0018175886544968952
0.9998494093481021 0.0018687853294483703
0.9993977281025862 0.0020223274715600965
0.9986452283393451 0.00227805282309652
0.9975923633360985 0.0026356309230945625
0.9962397672993549 0.0030944798778616833
0.9945882549823906 0.0036536628305390523
0.9926388211944706 0.004311775674174507
0.9903926402016152 0.0050668389266270856
0.9878510650192642 0.0059162068512151715
0.985015626597272 0.006856505832134858
0.98188803289772 0.007883611775546858
0.9784701678661044 0.008992673086621397
0.9747640902965183 0.010178181839398488
0.9707720325915102 0.011434091446196497
0.9664963994173694 0.012753974820913718
0.9619397662556433 0.014131213096922111
0.9571048778517655 0.015559201760364707
0.9519946465617215 0.017031558891906766
0.9466121505977576 0.018542319289800036
0.9409606321741775 0.020086098687568346
0.9350434955543556 0.02165821408018252
0.928864305000136 0.023254749217505685
0.9224267826248536 0.024872558389873338
0.9157348061512727 0.026509206404376255
0.9087924065757916 0.028162847752503568
0.9016037657403225 0.029832052985899065
0.894173213813303 0.03151559483139262
0.8865052266813687 0.033212210206567734
0.8786044232532422 0.03492035672550608
0.8704755626774794 0.03663798328592107
0.8621235414757333 0.03836233379090262
0.8535533905932737 0.04008980099138856
0.8447702723685334 0.04181584397401951
0.8357794774235092 0.04353497821308128
0.8265864214768883 0.0452408417011559
0.8171966420818224 0.04692633488697615
0.8076157952903136 0.04858382643389832
0.7978496522462164 0.050205411622297406
0.7879040957089227 0.05178320597218596
0.7777851165098009 0.05330965370666063
0.7674988099435485 0.05477782926173309
0.7570513720966108 0.05618171030307376
0.746449096114892 0.05751640263275786
0.7356983684129987 0.058778300823926585
0.7248056648273034 0.05996517314957096
0.713777546715141 0.06107616501079209
0.7026206570024947 0.06211172118154858
0.691341716182545 0.06307343329154962
0.6799475182674938 0.06396382458403843
0.6684449266961098 0.06478608866391708
0.6568408701994456 0.06554380231912882
0.645142338627231 0.06624063428225622
0.6333563787374491 0.06688007185315871
0.6214900899516319 0.06746518561858866
0.6095506200784349 0.06799844921247401
0.5975451610080642 0.06848162642268582
0.5854809443801506 0.06891573233857458
0.5733652372276805 0.0693010691012245
0.5612053375996082 0.06963733066293265
0.54900857016478 0.0699237652863512
0.5367822817998334 0.0701593797834928
0.5245338371637088 0.07034316610258498
0.512270614261456 0.07047432910188073
0.4999999999999999 0.07055249435820796
0.4877293857385438 0.070577876653538
0.475466162836291 0.07055139322733106
0.46321771820016633 0.07047471070063502
0.4509914298352198 0.07035022037832456
0.43879466240039156 0.0701809429413069
0.42663476277231926 0.06997036982633535
0.41451905561984914 0.0697222543275402
0.4024548389919357 0.06944037014948667
0.3904493799215649 0.06912825838425903
0.3785099100483679 0.06878898537667293
0.36664362126255073 0.06842493352449437
0.35485766137276875 0.0680376447323414
0.3431591298005543 0.06762773215493587
0.33155507330389 0.06719487033210005
0.320052481732506 0.06673786726504653
0.30865828381745486 0.06625481493518053
0.29737934299750524 0.0657433077994165
0.28622245328485874 0.06520071249317103
0.27519433517269654 0.06462446687645539
0.26430163158700104 0.06401238312723423
0.2535509038851079 0.06336292815266073
0.2429486279033891 0.06267545533242938
0.23250119005645137 0.06195036453716347
0.2222148834901989 0.061189172310199845
0.2120959042910774 0.06039448072831112
0.20215034775378343 0.059569841286867146
0.19238420470968637 0.058719518599495236
0.18280335791817703 0.05784816710803379
0.17341357852311146 0.056960441696886216
0.16422052257649067 0.05606056946524219
0.15522972763146647 0.05515191438693358
0.14644660940672616 0.05423656876888857
0.1378764585242665 0.05331500506034788
0.12952443732252045 0.05238581861140124
0.12139557674675777 0.05144558657481293
0.11349477331863145 0.050488860625385545
0.10582678618669683 0.049508302042612674
0.09839623425967753 0.04849495760687882
0.09120759342420814 0.04743866442809675
0.08426519384872727 0.046328562025143585
0.07757321737514639 0.04515368144960623
0.07113569499986394 0.04390357466440065
0.06495650444564427 0.0425689432826253
0.059039367825822475 0.04114222450725591
0.05338784940224234 0.03961809384722916
0.048005353438278275 0.03799384886039663
0.042895122148234655 0.03626964551086873
0.038060233744356575 0.034448568248488035
0.03350360058263052 0.032536525974049726
0.029227967408489597 0.03054197787477328
0.025235909703481607 0.028475504861882325
0.021529832133895532 0.02634925317049441
0.018111967102280024 0.024176285801112574
0.014984373402728013 0.021969884215590568
0.012148934980735715 0.019742846537125054
0.009607359798384785 0.017506829136297426
0.007361178805529334 0.015271775834638346
0.005411745017609493 0.013045473181152036
0.0037602327006450165 0.010833261739976105
0.0024076366639015356 0.008637922653596886
0.0013547716606548965 0.006459746659701825
0.0006022718974137975 0.0042967800908199905
0.00015059065189787502 0.00214523006921814
0.0 0.0
0.00015059065189787502 -0.001170879360728235
0.0006022718974137975 -0.002331905249930461
0.0013547716606548965 -0.0034731094044221844
0.0024076366639015356 -0.0045853660399653995
0.0037602327006450165 -0.005660756936708845
0.005411745017609493 -0.006692872950854854
0.007361178805529334 -0.007677037141510339
0.009607359798384785 -0.008610439590697305
0.012148934980735715 -0.009492179431491964
0.014984373402728013 -0.01032321520892232
0.018111967102280024 -0.011106230097109464
0.021529832133895532 -0.011845423320382869
0.025235909703481607 -0.012546243057807095
0.029227967408489597 -0.013215078900368672
0.03350360058263052 -0.013858933414595145
0.038060233744356575 -0.014485092479134001
0.042895122148234655 -0.015100812835841146
0.048005353438278275 -0.01571304286488511
0.05338784940224234 -0.016328189170482635
0.059039367825822475 -0.01695193743454959
0.06495650444564427 -0.017589131490046633
0.07113569499986394 -0.018243710034722214
0.07757321737514639 -0.018918696193425313
0.08426519384872727 -0.0196162315547852
0.09120759342420814 -0.02033764361164357
0.09839623425967753 -0.021083533905398563
0.10582678618669683 -0.02185387370612325
0.11349477331863145 -0.022648094753173854
0.12139557674675777 -0.023465164342915287
0.12952443732252045 -0.02430363670508381
0.1378764585242665 -0.025161675911887536
0.14644660940672616 -0.026037049219721536
0.15522972763146647 -0.026927093432372665
0.16422052257649067 -0.02782866027691467
0.17341357852311146 -0.02873804960474639
0.18280335791817703 -0.029650941224823965
0.19238420470968637 -0.03056233716675504
0.20215034775378343 -0.031466526063025586
0.2120959042910774 -0.03235708012708753
0.2222148834901989 -0.03322689297268333
0.23250119005645137 -0.034068263438934036
0.2429486279033891 -0.03487302689564619
0.2535509038851079 -0.03563273149661763
0.26430163158700104 -0.03633885284776651
0.27519433517269654 -0.03698303688860398
0.28622245328485874 -0.03755735775597595
0.29737934299750524 -0.038054575269298486
0.30865828381745486 -0.03846837564234392
0.320052481732506 -0.03879357920237534
0.33155507330389 -0.03902630030653461
0.3431591298005543 -0.03916404721768291
0.35485766137276875 -0.039205753277814344
0.36664362126255073 -0.039151735058903
0.3785099100483679 -0.03900357797949163
0.3904493799215649 -0.03876395481177575
0.4024548389919357 -0.038436387214764854
0.41451905561984914 -0.038024964571701285
0.42663476277231926 -0.03753403767786847
0.43879466240039156 -0.036967906970607554
0.4509914298352198 -0.03633052584627256
0.46321771820016633 -0.035625239088363334
0.475466162836291 -0.0348545745525992
0.4877293857385438 -0.034020103128991015
0.4999999999999999 -0.03312237782644423
0.512270614261456 -0.03216095787426763
0.5245338371637088 -0.03113451833391091
0.5367822817998334 -0.03004104022164324
0.54900857016478 -0.02887807092348174
0.5612053375996082 -0.027643040083273448
0.5733652372276805 -0.026333612466328815
0.5854809443801506 -0.02494805678377085
0.5975451610080642 -0.023485608266668328
0.6095506200784349 -0.021946802974221306
0.6214900899516319 -0.02033376338347745
0.6333563787374491 -0.018650417625342197
0.645142338627231 -0.016902638607597963
0.6568408701994456 -0.015098293938043973
0.6684449266961098 -0.013247202719739599
0.6799475182674938 -0.011361000600000297
0.691341716182545 -0.009452919577191491
0.7026206570024947 -0.007537493687023373
0.713777546715141 -0.005630205527064347
0.7248056648273034 -0.0037470914177655757
0.7356983684129987 -0.0019043246956317401
0.746449096114892 -0.00011779712408860809
0.7570513720966108 0.0015972822938386823
0.7674988099435485 0.003226753616273549
0.7777851165098009 0.004757822627651812
0.7879040957089227 0.006179316575522157
0.7978496522462164 0.0074818716095394365
0.8076157952903136 0.008658048671767045
0.8171966420818224 0.009702378630229986
0.8265864214768883 0.010611341163289817
0.8357794774235092 0.011383285075162546
0.8447702723685334 0.01201830018596505
0.8535533905932737 0.012518052583959821
0.8621235414757333 0.012885595806205345
0.8704755626774794 0.013125170441362126
0.8786044232532422 0.013242003796677882
0.8865052266813687 0.013242119760220177
0.894173213813303 0.013132166975931637
0.9016037657403225 0.012919271112742705
0.9087924065757916 0.01261091453796553
0.9157348061512727 0.012214844281951878
0.9224267826248536 0.011739006969374096
0.928864305000136 0.011191507527122396
0.9350434955543556 0.010580587057495107
0.9409606321741775 0.009914614344718041
0.9466121505977576 0.009202085057525768
0.9519946465617215 0.008451622795762224
0.9571048778517655 0.007671976645842702
0.9619397662556433 0.006872010773213422
0.9664963994173694 0.006060682687174123
0.9707720325915102 0.00524700805469863
0.9747640902965183 0.004440011207410607
0.9784701678661044 0.003648661682543584
0.98188803289772 0.0028817981849153023
0.985015626597272 0.002148042195302599
0.9878510650192642 0.0014557040482421348
0.9903926402016152 0.000812684650762821
0.9926388211944706 0.00022637612649459402
0.9945882549823906 -0.00029643542148558
0.9962397672993549 -0.0007496620868708169
0.9975923633360985 -0.0011279986942247982
0.9986452283393451 -0.001426997530295417
0.9993977281025862 -0.001643131546920433
0.9998494093481021 -0.001773844724290971
1.0 -0.0018175886544968952
