1.0 0.0020921120252535533
0.9998494093481021 0.0021401031729597337
0.9993977281025862 0.00228401022843191
0.9986452283393451 0.0025236163630461125
0.9975923633360985 0.0028585033068544256
0.9962397672993549 0.0032879728186982005
0.9945882549823906 0.0038109497013742166
0.9926388211944706 0.004425877859947629
0.9903926402016152 0.005130622245528505
0.9878510650192642 0.005922389652841204
0.985015626597272 0.006797680215733111
0.98188803289772 0.007752279148954905
0.9784701678661044 0.008781295000274175
0.9747640902965183 0.009879246677270305
0.9707720325915102 0.011040197138214665
0.9664963994173694 0.012257927265221989
0.9619397662556433 0.01352613945602411
0.9571048778517655 0.014838677237714256
0.9519946465617215 0.016189745023889066
0.9466121505977576 0.017574111224253196
0.9409606321741775 0.018987278387949124
0.9350434955543556 0.020425605918770656
0.928864305000136 0.021886374025559152
0.9224267826248536 0.023367781739237436
0.9157348061512727 0.02486887672224622
0.9087924065757916 0.02638941983297826
0.9016037657403225 0.027929692567533568
0.894173213813303 0.02949026016225472
0.8865052266813687 0.031071706914393423
0.8786044232532422 0.03267436284156434
0.8704755626774794 0.03429804192274303
0.8621235414757333 0.03594181172685686
0.8535533905932737 0.03760381224599356
0.8447702723685334 0.03928113834077537
0.8357794774235092 0.04096979562361121
0.8265864214768883 0.04266473419709626
0.8171966420818224 0.04435995884634948
0.8076157952903136 0.046048708510128676
0.7978496522462164 0.047723692582385055
0.7879040957089227 0.04937736724463658
0.7777851165098009 0.05100223195182903
0.7674988099435485 0.052591124643340155
0.7570513720966108 0.05413749435977914
0.746449096114892 0.05563563171677836
0.7356983684129987 0.0570808409876485
0.7248056648273034 0.05846954212256677
0.713777546715141 0.05979929652391702
0.7026206570024947 0.06106875637065278
0.691341716182545 0.062277543262946454
0.6799475182674938 0.0634260674625948
0.6684449266961098 0.06451530359094043
0.6568408701994456 0.06554654194250852
0.645142338627231 0.06652113630965549
0.6333563787374491 0.0674402692469047
0.6214900899516319 0.06830475402664223
0.6095506200784349 0.06911488928314061
0.5975451610080642 0.06987037777172653
0.5854809443801506 0.07057031515578957
0.5733652372276805 0.07121324872751715
0.5612053375996082 0.07179729996358224
0.54900857016478 0.07232033931284093
0.5367822817998334 0.07278019707043046
0.5245338371637088 0.07317489099707265
0.512270614261456 0.07350284977158479
0.4999999999999999 0.07376311156451063
0.4877293857385438 0.07395547899207872
0.475466162836291 0.0740806153060749
0.46321771820016633 0.07414007161362243
0.4509914298352198 0.07413624080305681
0.43879466240039156 0.07407224019582734
0.42663476277231926 0.07395173122196369
0.41451905561984914 0.07377869009769719
0.4024548389919357 0.0735571480787734
0.3904493799215649 0.07329092296405434
0.3785099100483679 0.07298336484003809
0.36664362126255073 0.07263713843931194
0.35485766137276875 0.07225406194339361
0.3431591298005543 0.07183501776107212
0.33155507330389 0.07137994507420571
0.320052481732506 0.07088791720675867
0.30865828381745486 0.070357299674744
0.29737934299750524 0.06978597770040879
0.28622245328485874 0.06917163561333815
0.27519433517269654 0.06851206546047613
0.26430163158700104 0.06780547876397991
0.2535509038851079 0.06705079403031097
0.2429486279033891 0.0662478734989046
0.23250119005645137 0.06539768572238842
0.2222148834901989 0.06450237571230188
0.2120959042910774 0.06356523121581736
0.20215034775378343 0.06259054171658812
0.19238420470968637 0.06158335537401486
0.18280335791817703 0.06054914766335911
0.17341357852311146 0.05949342327463135
0.16422052257649067 0.0584212792314882
0.15522972763146647 0.05733696165398289
0.14644660940672616 0.05624345069853126
0.1378764585242665 0.05514210772384292
0.12952443732252045 0.05403241560591097
0.12139557674675777 0.052911837513808714
0.11349477331863145 0.0517758117113126
0.10582678618669683 0.05061789059006608
0.09839623425967753 0.049430021827264754
0.09120759342420814 0.04820295904287986
0.08426519384872727 0.04692677939053537
0.07757321737514639 0.04559147691010179
0.07113569499986394 0.044187593874394235
0.06495650444564427 0.042706848317797697
0.059039367825822475 0.041142714803877524
0.05338784940224234 0.03949091742621597
0.048005353438278275 0.03774979897213227
0.042895122148234655 0.03592053782029467
0.038060233744356575 0.0340071939936003
0.03350360058263052 0.03201657718008068
0.029227967408489597 0.029957941674652606
0.025235909703481607 0.027842525223251653
0.021529832133895532 0.025682959802924267
0.018111967102280024 0.023492591639688185
0.014984373402728013 0.02128475456142144
0.012148934980735715 0.019072044586700927
0.009607359798384785 0.01686564415317213
0.007361178805529334 0.01467474151596786
0.005411745017609493 0.012506084765381873
0.0037602327006450165 0.010363701022988012
0.0024076366639015356 0.008248800281179792
0.0013547716606548965 0.006159870819683362
0.0006022718974137975 0.00409296003896335
0.00015059065189787502 0.0020421218148221746
0.0 0.0
0.00015059065189787502 -0.00151961412677403
0.0006022718974137975 -0.003030323631518512
0.0013547716606548965 -0.004522960846421744
0.0024076366639015356 -0.005989073396036288
0.0037602327006450165 -0.007421235236724351
0.005411745017609493 -0.008813304864149041
0.007361178805529334 -0.010160618366213842
0.009607359798384785 -0.011460109047247228
0.012148934980735715 -0.01271034984695389
0.014984373402728013 -0.013911519412112902
0.018111967102280024 -0.015065297131453142
0.021529832133895532 -0.01617469641305208
0.025235909703481607 -0.01724384870662823
0.029227967408489597 -0.01827775304596968
0.03350360058263052 -0.019282007077674503
0.038060233744356575 -0.02026253560097163
0.042895122148234655 -0.02122533160327254
0.048005353438278275 -0.022176222751279687
0.05338784940224234 -0.023120673472585052
0.059039367825822475 -0.024063629378025943
0.06495650444564427 -0.025009407107468514
0.07113569499986394 -0.025961629022875764
0.07757321737514639 -0.026923198806419902
0.08426519384872727 -0.027896311202359934
0.09120759342420814 -0.02888248707482092
0.09839623425967753 -0.029882623780556717
0.10582678618669683 -0.03089705064273252
0.11349477331863145 -0.031925580046251276
0.12139557674675777 -0.03296754626756531
0.12952443732252045 -0.03402182644338503
0.1378764585242665 -0.03508684085835595
0.14644660940672616 -0.03616053273836852
0.15522972763146647 -0.03724033070264006
0.16422052257649067 -0.038323099687154166
0.17341357852311146 -0.03940508826328355
0.18280335791817703 -0.040481881642544265
0.19238420470968637 -0.041548370146802356
0.20215034775378343 -0.04259874247066937
0.2120959042910774 -0.043626511685014316
0.2222148834901989 -0.04462457972051196
0.23250119005645137 -0.04558534319153153
0.2429486279033891 -0.04650084009532268
0.2535509038851079 -0.04736293341253208
0.26430163158700104 -0.04816352422675935
0.27519433517269654 -0.04889478395617099
0.28622245328485874 -0.049549392908821266
0.29737934299750524 -0.05012077085099367
0.30865828381745486 -0.05060328476885299
0.320052481732506 -0.05099241958794296
0.33155507330389 -0.05128489929081229
0.3431591298005543 -0.051478748555614205
0.35485766137276875 -0.05157328856525877
0.36664362126255073 -0.05156906477798305
0.3785099100483679 -0.05146770892544491
0.3904493799215649 -0.051271742002095194
0.4024548389919357 -0.05098432920958184
0.41451905561984914 -0.05060900141700175
0.42663476277231926 -0.05014936042378608
0.43879466240039156 -0.049608786955678656
0.4509914298352198 -0.04899017074714373
0.46321771820016633 -0.04829568121046741
0.475466162836291 -0.04752659509557871
0.4877293857385438 -0.04668319432431646
0.4999999999999999 -0.045764743036049986
0.512270614261456 -0.044769548070808955
0.5245338371637088 -0.04369510195093527
0.5367822817998334 -0.04253830223791615
0.54900857016478 -0.04129573627518713
0.5612053375996082 -0.03996401609732916
0.5733652372276805 -0.038540144965947515
0.5854809443801506 -0.037021894796495085
0.5975451610080642 -0.03540817280728988
0.6095506200784349 -0.033699356107055586
0.6214900899516319 -0.0318975746088834
0.6333563787374491 -0.030006925501350184
0.645142338627231 -0.028033606331702727
0.6568408701994456 -0.025985958310718798
0.6684449266961098 -0.023874416440230705
0.6799475182674938 -0.02171136817589928
0.691341716182545 -0.019510927252203946
0.7026206570024947 -0.0172886337164916
0.713777546715141 -0.015061094886507469
0.7248056648273034 -0.012845584658912305
0.7356983684129987 -0.010659620220081888
0.746449096114892 -0.008520535684568193
0.7570513720966108 -0.006445071526412202
0.7674988099435485 -0.004448996961715683
0.7777851165098009 -0.0025467798388457514
0.7879040957089227 -0.0007513152977657933
0.7978496522462164 0.0009262792899254828
0.8076157952903136 0.00247679953788625
0.8171966420818224 0.0038930197493801024
0.8265864214768883 0.00516969303784732
0.8357794774235092 0.006303492890265942
0.8447702723685334 0.007292905636289003
0.8535533905932737 0.00813808495350643
0.8621235414757333 0.008840680387514909
0.8704755626774794 0.009403651902481549
0.8786044232532422 0.009831081764919857
0.8865052266813687 0.01012799370783534
0.894173213813303 0.010300187467158821
0.9016037657403225 0.010354094593535722
0.9087924065757916 0.010296659096005807
0.9157348061512727 0.010135244142536942
0.9224267826248536 0.009877563883104179
0.928864305000136 0.009531637605992798
0.9350434955543556 0.009105761986353919
0.9409606321741775 0.008608496199523138
0.9466121505977576 0.008048654173323658
0.9519946465617215 0.0074352982296324865
0.9571048778517655 0.006777728769406869
0.9619397662556433 0.006085465414585331
0.9664963994173694 0.005368216044137321
0.9707720325915102 0.004635831349997139
0.9747640902965183 0.0038982437908756428
0.9784701678661044 0.003165391044339104
0.98188803289772 0.002447125170033721
0.985015626597272 0.0017531096378437137
0.9878510650192642 0.0010927071034057957
0.9903926402016152 0.000474861310630079
0.9926388211944706 -9.202323233108937e-05
0.9945882549823906 -0.0006002001028597086
0.9962397672993549 -0.0010426947659071511
0.9975923633360985 -0.0014134100253316156
0.9986452283393451 -0.0017072201942110595
0.9993977281025862 -0.0019200514895230823
0.9998494093481021 -0.0020489466222730923
1.0 -0.0020921120252535533
