1.0 0.002155722905497883
0.9998494093481021 0.0022114915772345977
0.9993977281025862 0.002378710700730777
0.9986452283393451 0.002657100686343561
0.9975923633360985 0.0030461345422117796
0.9962397672993549 0.0035449533126866873
0.9945882549823906 0.004152260945834548
0.9926388211944706 0.004866210382978814
0.9903926402016152 0.005684294088037438
0.9878510650192642 0.006603252436479659
0.985015626597272 0.007619012328441321
0.98188803289772 0.008726666153206733
0.9784701678661044 0.009920497992372166
0.9747640902965183 0.011194059975711655
0.9707720325915102 0.012540297333597938
0.9664963994173694 0.013951716298603242
0.9619397662556433 0.01542058498004521
0.9571048778517655 0.01693915402722604
0.9519946465617215 0.018499881612738217
0.9466121505977576 0.0200956462271914
0.9409606321741775 0.021719931100027956
0.9350434955543556 0.023366965753479418
0.928864305000136 0.02503181314872853
0.9224267826248536 0.0267103948777849
0.9157348061512727 0.02839945158319243
0.9087924065757916 0.030096440875435733
0.9016037657403225 0.0317993800532163
0.894173213813303 0.033506645500040795
0.8865052266813687 0.0352167443484109
0.8786044232532422 0.03692807655019579
0.8704755626774794 0.038638706638778775
0.8621235414757333 0.040346164096170464
0.8535533905932737 0.04204728934908921
0.8447702723685334 0.04373813913792097
0.8357794774235092 0.04541396057192587
0.8265864214768883 0.047069237940009515
0.8171966420818224 0.048697810696092046
0.8076157952903136 0.05029305542700976
0.7978496522462164 0.05184811948690455
0.7879040957089227 0.05335618975943369
0.7777851165098009 0.054810777034557494
0.7674988099435485 0.05620599501051412
0.7570513720966108 0.05753681308679804
0.746449096114892 0.058799263903994134
0.7356983684129987 0.059990589883753824
0.7248056648273034 0.06110931757764767
0.713777546715141 0.06215525409479263
0.7026206570024947 0.06312940581725508
0.691341716182545 0.06403382555986495
0.6799475182674938 0.06487139981369017
0.6684449266961098 0.06564559229046484
0.6568408701994456 0.06636016328894896
0.645142338627231 0.06701888616386523
0.6333563787374491 0.0676252822467767
0.6214900899516319 0.06818239393462182
0.6095506200784349 0.06869261245168519
0.5975451610080642 0.06915757225895583
0.5854809443801506 0.06957811859418177
0.5733652372276805 0.0699543486196123
0.5612053375996082 0.07028572062024163
0.54900857016478 0.07057122012651408
0.5367822817998334 0.0708095671903512
0.5245338371637088 0.07099944570802541
0.512270614261456 0.07113973393927392
0.4999999999999999 0.07122971537204184
0.4877293857385438 0.07126925083700367
0.475466162836291 0.07125889615161803
0.46321771820016633 0.07119995430083245
0.4509914298352198 0.07109445685703783
0.43879466240039156 0.07094507553735604
0.42663476277231926 0.07075497097665646
0.41451905561984914 0.07052759143927631
0.4024548389919357 0.07026643881798439
0.3904493799215649 0.06997482246949077
0.3785099100483679 0.06965562291795407
0.36664362126255073 0.06931108706545815
0.35485766137276875 0.0689426742781846
0.3431591298005543 0.06855096872155012
0.33155507330389 0.06813566789543388
0.320052481732506 0.06769565089453457
0.30865828381745486 0.06722912300367274
0.29737934299750524 0.06673382640017494
0.28622245328485874 0.06620730054884127
0.27519433517269654 0.06564717087326803
0.26430163158700104 0.06505144092059367
0.2535509038851079 0.064418761833215
0.2429486279033891 0.0637486536776985
0.23250119005645137 0.06304165606621658
0.2222148834901989 0.06229939037427545
0.2120959042910774 0.06152452238103681
0.20215034775378343 0.06072062186419315
0.19238420470968637 0.059891923991512386
0.18280335791817703 0.05904300562281279
0.17341357852311146 0.05817839721111897
0.16422052257649067 0.05730215724823552
0.15522972763146647 0.05641744060197881
0.14644660940672616 0.055526094233709
0.1378764585242665 0.05462831342393064
0.12952443732252045 0.05372238871597996
0.12139557674675777 0.05280456845416832
0.11349477331863145 0.05186905437330634
0.10582678618669683 0.05090813868940994
0.09839623425967753 0.04991248117824317
0.09120759342420814 0.0488715145290477
0.08426519384872727 0.04777395658052998
0.07757321737514639 0.04660839961887573
0.07113569499986394 0.045363940400065736
0.06495650444564427 0.04403081047979679
0.059039367825822475 0.04260096515233745
0.05338784940224234 0.04106859097296718
0.048005353438278275 0.03943049641006993
0.042895122148234655 0.03768635737046047
0.038060233744356575 0.03583879869507283
0.03350360058263052 0.03389330359552211
0.029227967408489597 0.03185795463757578
0.025235909703481607 0.029743021450387905
0.021529832133895532 0.02756042101842494
0.018111967102280024 0.025323085418282962
0.014984373402728013 0.023044278528829443
0.012148934980735715 0.020736907065975398
0.009607359798384785 0.018412871969125742
0.007361178805529334 0.016082503615834173
0.005411745017609493 0.013754118717686756
0.0037602327006450165 0.011433728430254827
0.0024076366639015356 0.009124916766641592
0.0013547716606548965 0.006828896567918671
0.0006022718974137975 0.004544737889315957
0.00015059065189787502 0.002269751587377433
0.0 0.0
0.00015059065189787502 -0.0011957424147240568
0.0006022718974137975 -0.002385127543508326
0.0013547716606548965 -0.0035614788109231592
0.0024076366639015356 -0.004718761121413781
0.0037602327006450165 -0.005851855880781055
0.005411745017609493 -0.0069567842878098555
0.007361178805529334 -0.008030867006917419
0.009607359798384785 -0.009072812426809906
0.012148934980735715 -0.010082730252413625
0.014984373402728013 -0.011062071848383998
0.018111967102280024 -0.012013503226794153
0.021529832133895532 -0.012940720541533475
0.025235909703481607 -0.013848221150225623
0.029227967408489597 -0.01474104552356394
0.03350360058263052 -0.015624506388775357
0.038060233744356575 -0.016503921438928225
0.042895122148234655 -0.01738436475968961
0.048005353438278275 -0.01827044993903701
0.05338784940224234 -0.01916615482484988
0.059039367825822475 -0.020074694328738433
0.06495650444564427 -0.02099844382773463
0.07113569499986394 -0.02193891188944911
0.07757321737514639 -0.02289675753364904
0.08426519384872727 -0.023871844305971796
0.09120759342420814 -0.02486332128920221
0.09839623425967753 -0.025869719959461777
0.10582678618669683 -0.026889055577220274
0.11349477331863145 -0.027918922573368855
0.12139557674675777 -0.028956575056404414
0.12952443732252045 -0.029998985964434306
0.1378764585242665 -0.031042881293888522
0.14644660940672616 -0.03208474899456676
0.15522972763146647 -0.03312082524851691
0.16422052257649067 -0.034147063672863694
0.17341357852311146 -0.035159095254921245
0.18280335791817703 -0.03615218833887151
0.19238420470968637 -0.03712121859683698
0.20215034775378343 -0.038060658567388723
0.2120959042910774 -0.038964595045350325
0.2222148834901989 -0.03982678045136691
0.23250119005645137 -0.04064072146365571
0.2429486279033891 -0.04139980488299922
0.2535509038851079 -0.04209745719314114
0.26430163158700104 -0.04272733086172556
0.27519433517269654 -0.04328350739018922
0.28622245328485874 -0.04376070472925079
0.29737934299750524 -0.04415447514967209
0.30865828381745486 -0.04446137915295165
0.320052481732506 -0.04467912160485311
0.33155507330389 -0.04480663797410313
0.3431591298005543 -0.044844121272572285
0.35485766137276875 -0.044792983855706896
0.36664362126255073 -0.04465575241866796
0.3785099100483679 -0.044435899028567524
0.3904493799215649 -0.04413761554914077
0.4024548389919357 -0.04376554301564825
0.41451905561984914 -0.04332447109479577
0.42663476277231926 -0.04281902544538054
0.43879466240039156 -0.04225336236719352
0.4509914298352198 -0.04163089045000181
0.46321771820016633 -0.0409540379581439
0.475466162836291 -0.04022408244627019
0.4877293857385438 -0.039441055723055674
0.4999999999999999 -0.038603732967217294
0.512270614261456 -0.03770970982486065
0.5245338371637088 -0.036755565997467786
0.5367822817998334 -0.03573710850962245
0.54900857016478 -0.0346496828705374
0.5612053375996082 -0.033488536037301876
0.5733652372276805 -0.0322492117300998
0.5854809443801506 -0.030927956457048805
0.5975451610080642 -0.029522113717969128
0.6095506200784349 -0.02803048432521809
0.6214900899516319 -0.02645363256957954
0.6333563787374491 -0.024794120948223794
0.645142338627231 -0.023056660161705336
0.6568408701994456 -0.02124816581756734
0.6684449266961098 -0.01937771844550985
0.6799475182674938 -0.017456428706901984
0.691341716182545 -0.015497214743058032
0.7026206570024947 -0.013514503147034672
0.713777546715141 -0.01152386879891473
0.7248056648273034 -0.009541631568561157
0.7356983684129987 -0.0075844295263950146
0.746449096114892 -0.005668788752413198
0.7570513720966108 -0.0038107091151313227
0.7674988099435485 -0.0020252835984158595
0.7777851165098009 -0.00032636604356260515
0.7879040957089227 0.0012737012430101013
0.7978496522462164 0.0027642924429751754
0.8076157952903136 0.004136632239169679
0.8171966420818224 0.005383859391765564
0.8265864214768883 0.006501024071686473
0.8357794774235092 0.00748502631176962
0.8447702723685334 0.008334505413473754
0.8535533905932737 0.009049691825972239
0.8621235414757333 0.009632233845755088
0.8704755626774794 0.010085011478481226
0.8786044232532422 0.010411949026181557
0.8865052266813687 0.010617836524745775
0.894173213813303 0.010708168208081596
0.9016037657403225 0.010689003889127892
0.9087924065757916 0.01056685670654273
0.9157348061512727 0.01034860826809243
0.9224267826248536 0.010041449990051205
0.928864305000136 0.00965284752221796
0.9350434955543556 0.00919052366214736
0.9409606321741775 0.008662454162730232
0.9466121505977576 0.008076870347061388
0.9519946465617215 0.007442262447996308
0.9571048778517655 0.006767378037591693
0.9619397662556433 0.006061210727493889
0.9664963994173694 0.005332975410413927
0.9707720325915102 0.004592067570665626
0.9747640902965183 0.003848005513269117
0.9784701678661044 0.003110355648827184
0.98188803289772 0.0023886421420134503
0.985015626597272 0.0016922432209890742
0.9878510650192642 0.0010302772111626573
0.9903926402016152 0.00041148187964017277
0.9926388211944706 -0.0001559090423978583
0.9945882549823906 -0.0006642882344672673
0.9962397672993549 -0.0011067922672142753
0.9975923633360985 -0.0014774106814745766
0.9986452283393451 -0.0017710835514964324
0.9993977281025862 -0.001983784877861679
0.9998494093481021 -0.0021125896484336043
1.0 -0.002155722905497883
