1.0 0.0018399674537709079
0.9998494093481021 0.0018884245584103437
0.9993977281025862 0.0020337632589385785
0.9986452283393451 0.0022758675618924683
0.9975923633360985 0.0026144856255729647
0.9962397672993549 0.0030491487682362643
0.9945882549823906 0.003579071007573294
0.9926388211944706 0.004203040609073807
0.9903926402016152 0.00491931647051566
0.9878510650192642 0.005725542308281294
0.985015626597272 0.006618690506619763
0.98188803289772 0.007595045221361915
0.9784701678661044 0.008650231076953892
0.9747640902965183 0.009779289831283528
0.9707720325915102 0.01097680304470301
0.9664963994173694 0.012237054454458529
0.9619397662556433 0.013554221806619032
0.9571048778517655 0.014922584691664893
0.9519946465617215 0.01633673276737312
0.9466121505977576 0.01779175785042495
0.9409606321741775 0.019283413830270164
0.9350434955543556 0.02080823020499345
0.928864305000136 0.022363568143094346
0.9224267826248536 0.023947612112909262
0.9157348061512727 0.02555929497747436
0.9087924065757916 0.02719815964519445
0.9016037657403225 0.028864165478260064
0.894173213813303 0.030557452272085714
0.8865052266813687 0.03227807834363993
0.8786044232532422 0.03402575178300679
0.8704755626774794 0.03579957500185082
0.8621235414757333 0.0375978222382412
0.8535533905932737 0.039417767656754414
0.8447702723685334 0.04125557824806914
0.8357794774235092 0.04310628113138509
0.8265864214768883 0.04496380944127562
0.8171966420818224 0.0468211251539959
0.8076157952903136 0.048670411430708355
0.7978496522462164 0.05050332178219318
0.7879040957089227 0.05231126901206042
0.7777851165098009 0.05408573382474911
0.7674988099435485 0.0558185714438885
0.7570513720966108 0.05750229470957197
0.746449096114892 0.059130313911854734
0.7356983684129987 0.06069711694159907
0.7248056648273034 0.06219837794431628
0.713777546715141 0.06363098818941615
0.7026206570024947 0.06499300888159752
0.691341716182545 0.06628355166652417
0.6799475182674938 0.06750259813921164
0.6684449266961098 0.0686507743054108
0.6568408701994456 0.06972909929955723
0.645142338627231 0.0707387294552386
0.6333563787374491 0.07168071890793079
0.6214900899516319 0.07255581627472024
0.6095506200784349 0.07336431373093993
0.5975451610080642 0.07410596024801816
0.5854809443801506 0.07477994523911041
0.5733652372276805 0.07538495282866178
0.5612053375996082 0.07591928091308307
0.54900857016478 0.07638101361120465
0.5367822817998334 0.07676823107826235
0.5245338371637088 0.07707923736508379
0.512270614261456 0.07731278532763058
0.4999999999999999 0.07746827768326428
0.4877293857385438 0.07754592517679222
0.475466162836291 0.07754684632271878
0.46321771820016633 0.07747309805455455
0.4509914298352198 0.07732763244610982
0.43879466240039156 0.0771141809968673
0.42663476277231926 0.07683707427013518
0.41451905561984914 0.07650101041028691
0.4024548389919357 0.0761107907540379
0.3904493799215649 0.07567104397967045
0.3785099100483679 0.07518596171078375
0.36664362126255073 0.0746590680510807
0.35485766137276875 0.07409304317279658
0.3431591298005543 0.07348961697051591
0.33155507330389 0.07284954322919303
0.320052481732506 0.07217265817082165
0.30865828381745486 0.07145802016204483
0.29737934299750524 0.07070412036088135
0.28622245328485874 0.06990914773691105
0.27519433517269654 0.06907128675726168
0.26430163158700104 0.06818902254675684
0.2535509038851079 0.06726142683678243
0.2429486279033891 0.06628839869249613
0.23250119005645137 0.06527083685944933
0.2222148834901989 0.06421072543043829
0.2120959042910774 0.06311112106729697
0.20215034775378343 0.06197603774307854
0.19238420470968637 0.06081023331188771
0.18280335791817703 0.05961891051631239
0.17341357852311146 0.058407352641287595
0.16422052257649067 0.057180520291295694
0.15522972763146647 0.05594264016589569
0.14644660940672616 0.054696818829777005
0.1378764585242665 0.05344471407803496
0.12952443732252045 0.0521862935350857
0.12139557674675777 0.05091970474448044
0.11349477331863145 0.04964127354583064
0.10582678618669683 0.04834563850238059
0.09839623425967753 0.04702601918069709
0.09120759342420814 0.04567460592242063
0.08426519384872727 0.04428304915080216
0.07757321737514639 0.042843017961954916
0.07113569499986394 0.04134679142215019
0.06495650444564427 0.03978784215590846
0.059039367825822475 0.038161370818448524
0.05338784940224234 0.036464752049182016
0.048005353438278275 0.034697857429774895
0.042895122148234655 0.032863228531937495
0.038060233744356575 0.030966082846996718
0.03350360058263052 0.02901414658419475
0.029227967408489597 0.027017320228568002
0.025235909703481607 0.02498719451717096
0.021529832133895532 0.02293644527463135
0.018111967102280024 0.02087814455364488
0.014984373402728013 0.01882503207788083
0.012148934980735715 0.01678879457640857
0.009607359798384785 0.014779400929555823
0.007361178805529334 0.012804538046545652
0.005411745017609493 0.010869186234411828
0.0037602327006450165 0.008975363893199499
0.0024076366639015356 0.007122060283728322
0.0013547716606548965 0.005305362620506911
0.0006022718974137975 0.0035187707091362346
0.00015059065189787502 0.0017536796843378416
0.0 0.0
0.00015059065189787502 -0.0015800664287944138
0.0006022718974137975 -0.003149378741082744
0.0013547716606548965 -0.004697041444053527
0.0024076366639015356 -0.0062129641440583526
0.0037602327006450165 -0.00768821353308005
0.005411745017609493 -0.009115308032407574
0.007361178805529334 -0.010488441603281039
0.009607359798384785 -0.011803627545628845
0.012148934980735715 -0.013058757903105537
0.014984373402728013 -0.014253579046122742
0.018111967102280024 -0.015389588778192563
0.021529832133895532 -0.016469864585956895
0.025235909703481607 -0.017498836151588086
0.029227967408489597 -0.018482017750070676
0.03350360058263052 -0.019425717521041462
0.038060233744356575 -0.020336740778246768
0.042895122148234655 -0.021222103530128232
0.048005353438278275 -0.022088770347782834
0.05338784940224234 -0.022943427821149408
0.059039367825822475 -0.02379230133925483
0.06495650444564427 -0.02464101910334399
0.07113569499986394 -0.025494523436958277
0.07757321737514639 -0.026357025891810507
0.08426519384872727 -0.02723199963020383
0.09120759342420814 -0.028122200311388866
0.09839623425967753 -0.029029705372159906
0.10582678618669683 -0.029955961245675643
0.11349477331863145 -0.03090182869968614
0.12139557674675777 -0.031867618008654036
0.12952443732252045 -0.0328531079440209
0.1378764585242665 -0.0338575453547376
0.14644660940672616 -0.03487962515713817
0.15522972763146647 -0.03591745358081949
0.16422052257649067 -0.036968500250101004
0.17341357852311146 -0.03802954686908761
0.18280335791817703 -0.03909664171832626
0.19238420470968637 -0.04016506972092844
0.20215034775378343 -0.04122934742832917
0.2120959042910774 -0.042283250923039306
0.2222148834901989 -0.04331988242981371
0.23250119005645137 -0.0443317785323609
0.2429486279033891 -0.04531105953511519
0.2535509038851079 -0.04624961595666056
0.26430163158700104 -0.047139324683281844
0.27519433517269654 -0.04797228423740316
0.28622245328485874 -0.048741056192529615
0.29737934299750524 -0.049438898215285985
0.30865828381745486 -0.050059973695163094
0.320052481732506 -0.05059952351661223
0.33155507330389 -0.051053987235511515
0.3431591298005543 -0.051421063657154896
0.35485766137276875 -0.05169970441023972
0.36664362126255073 -0.051890038336579174
0.3785099100483679 -0.05199322908281057
0.3904493799215649 -0.05201127286972721
0.4024548389919357 -0.05194674769972038
0.41451905561984914 -0.05180252893090023
0.42663476277231926 -0.05158148892347471
0.43879466240039156 -0.051286200133917735
0.4509914298352198 -0.05091866145383617
0.46321771820016633 -0.0504800667071098
0.475466162836291 -0.04997063206476751
0.4877293857385438 -0.0493894958345024
0.4999999999999999 -0.04873469983333068
0.512270614261456 -0.04800325662678786
0.5245338371637088 -0.04719130163329488
0.5367822817998334 -0.04629432379103019
0.54900857016478 -0.04530746351225295
0.5612053375996082 -0.04422586233054666
0.5733652372276805 -0.043045045260295144
0.5854809443801506 -0.041761314652731474
0.5975451610080642 -0.04037213338998243
0.6095506200784349 -0.03887647566259466
0.6214900899516319 -0.037275125293207305
0.6333563787374491 -0.035570904479951364
0.645142338627231 -0.033768819742145274
0.6568408701994456 -0.031876116500281916
0.6684449266961098 -0.029902238810910694
0.6799475182674938 -0.02785869598098062
0.691341716182545 -0.025758842781270143
0.7026206570024947 -0.023617584461715295
0.713777546715141 -0.02145102148079508
0.7248056648273034 -0.019276051592106706
0.7356983684129987 -0.01710994854873617
0.746449096114892 -0.01496993713123214
0.7570513720966108 -0.012872783496846693
0.7674988099435485 -0.010834418078916414
0.7777851165098009 -0.008869605593302599
0.7879040957089227 -0.006991673342850971
0.7978496522462164 -0.0052123051955133845
0.8076157952903136 -0.0035414046091718655
0.8171966420818224 -0.0019870261473422294
0.8265864214768883 -0.0005553713170921845
0.8357794774235092 0.0007491585282500132
0.8447702723685334 0.0019238618823809856
0.8535533905932737 0.0029676006479054315
0.8621235414757333 0.003880639613057171
0.8704755626774794 0.004664473837503324
0.8786044232532422 0.005321655131229766
0.8865052266813687 0.005855627356095737
0.894173213813303 0.006270578330891459
0.9016037657403225 0.006571313850280792
0.9087924065757916 0.006763156917555082
0.9157348061512727 0.006851872917856013
0.9224267826248536 0.00684361928277737
0.928864305000136 0.006744916352256943
0.9350434955543556 0.006562634723986412
0.9409606321741775 0.006303993453717541
0.9466121505977576 0.005976563051150336
0.9519946465617215 0.005588267286692266
0.9571048778517655 0.005147378331999471
0.9619397662556433 0.004662500623121742
0.9664963994173694 0.004142539962531887
0.9707720325915102 0.0035966556597094865
0.9747640902965183 0.0030341948437753972
0.9784701678661044 0.0024646093687573263
0.98188803289772 0.001897356890208332
0.985015626597272 0.0013417886586914124
0.9878510650192642 0.0008070273110402685
0.9903926402016152 0.0003018384270456916
0.9926388211944706 -0.00016550013888008176
0.9945882549823906 -0.0005873271229228534
0.9962397672993549 -0.0009567210560004585
0.9975923633360985 -0.001267614265515825
0.9986452283393451 -0.0015148945521029277
0.9993977281025862 -0.0016944918976486976
0.9998494093481021 -0.0018034480650158226
1.0 -0.0018399674537709079
