1.0 0.0019484726821454796
0.9998494093481021 0.002003770068511526
0.9993977281025862 0.0021695844742231395
0.9986452283393451 0.0024456634294147024
0.9975923633360985 0.0028315241784902506
0.9962397672993549 0.003326367743897141
0.9945882549823906 0.00392897200324276
0.9926388211944706 0.004637575692043767
0.9903926402016152 0.005449766683813327
0.9878510650192642 0.006362388104074734
0.985015626597272 0.007371474770722063
0.98188803289772 0.008472230196549189
0.9784701678661044 0.009659051122594253
0.9747640902965183 0.010925602545547931
0.9707720325915102 0.012264941799055146
0.9664963994173694 0.013669685826888123
0.9619397662556433 0.015132211732578237
0.9571048778517655 0.01664487736641004
0.9519946465617215 0.018200246421259645
0.9466121505977576 0.019791301474827522
0.9409606321741775 0.021411628755514917
0.9350434955543556 0.023055560126113664
0.928864305000136 0.024718260760884844
0.9224267826248536 0.026395755016157072
0.9157348061512727 0.028084887749437067
0.9087924065757916 0.029783223447613808
0.9016037657403225 0.03148889056554595
0.894173213813303 0.03320038303453915
0.8865052266813687 0.03491633459094166
0.8786044232532422 0.036635284078270124
0.8704755626774794 0.038355450964140954
0.8621235414757333 0.04007453987047027
0.8535533905932737 0.0417895909499434
0.8447702723685334 0.0434968895862119
0.8357794774235092 0.045191944397520105
0.8265864214768883 0.046869537228004216
0.8171966420818224 0.0485238431320202
0.8076157952903136 0.050148612745739694
0.7978496522462164 0.05173740434875903
0.7879040957089227 0.05328384876238702
0.7777851165098009 0.054781927356167326
0.7674988099435485 0.05622624208645525
0.7570513720966108 0.05761225679674477
0.746449096114892 0.0589364909633153
0.7356983684129987 0.06019665053330092
0.7248056648273034 0.061391685214098705
0.713777546715141 0.06252176716863812
0.7026206570024947 0.06358819211121565
0.691341716182545 0.06459320980421288
0.6799475182674938 0.0655397964463414
0.6684449266961098 0.06643138597465265
0.6568408701994456 0.0672715805055019
0.645142338627231 0.06806386174816555
0.6333563787374491 0.06881132509971274
0.6214900899516319 0.06951645627088536
0.6095506200784349 0.07018096684033054
0.5975451610080642 0.07080570035896097
0.5854809443801506 0.07139061490736105
0.5733652372276805 0.0719348418064905
0.5612053375996082 0.07243681399794315
0.54900857016478 0.07289445194969588
0.5367822817998334 0.07330539027304477
0.5245338371637088 0.07366722494570835
0.512270614261456 0.0739777594047717
0.4999999999999999 0.07423522794761479
0.4877293857385438 0.07443847685861386
0.475466162836291 0.07458708731509872
0.46321771820016633 0.07468142913054654
0.4509914298352198 0.07472264036284362
0.43879466240039156 0.07471253426249143
0.42663476277231926 0.07465344142594924
0.41451905561984914 0.07454800081631087
0.4024548389919357 0.07439891802189945
0.3904493799215649 0.0742087123303395
0.3785099100483679 0.07397947560604365
0.36664362126255073 0.07371266542132837
0.35485766137276875 0.0734089524125806
0.3431591298005543 0.07306813758073591
0.33155507330389 0.07268914954743488
0.320052481732506 0.07227012505896105
0.30865828381745486 0.0718085688368103
0.29737934299750524 0.0713015817949213
0.28622245328485874 0.07074614027194516
0.27519433517269654 0.07013940381145997
0.26430163158700104 0.06947902562365686
0.2535509038851079 0.06876343851042986
0.2429486279033891 0.06799208990586955
0.23250119005645137 0.06716560277435243
0.2222148834901989 0.06628584423789571
0.2120959042910774 0.06535589062328301
0.20215034775378343 0.06437988563258829
0.19238420470968637 0.06336279694380142
0.18280335791817703 0.06231008507295392
0.17341357852311146 0.06122730609441656
0.16422052257649067 0.06011967618145571
0.15522972763146647 0.058991630346091
0.14644660940672616 0.05784640981423163
0.1378764585242665 0.05668571192976174
0.12952443732252045 0.055509433295584554
0.12139557674675777 0.0543155311896261
0.11349477331863145 0.0531000204940556
0.10582678618669683 0.05185711397397941
0.09839623425967753 0.05057950340145842
0.09120759342420814 0.04925876849442523
0.08426519384872727 0.047885890713836816
0.07757321737514639 0.04645184039648164
0.07113569499986394 0.04494819917188252
0.06495650444564427 0.04336777565988684
0.059039367825822475 0.041705171431177024
0.05338784940224234 0.03995725628612266
0.048005353438278275 0.038123516992654594
0.042895122148234655 0.036206251421698525
0.038060233744356575 0.034210590024002355
0.03350360058263052 0.032144338128080416
0.029227967408489597 0.030017644804208207
0.025235909703481607 0.02784251616544214
0.021529832133895532 0.02563220209073934
0.018111967102280024 0.023400494644389463
0.014984373402728013 0.021160983237268824
0.012148934980735715 0.01892631530830524
0.009607359798384785 0.016707511690754837
0.007361178805529334 0.01451338279626944
0.005411745017609493 0.012350085473787504
0.0037602327006450165 0.010220851287818649
0.0024076366639015356 0.008125905626290383
0.0013547716606548965 0.006062584270139646
0.0006022718974137975 0.004025640722285185
0.00015059065189787502 0.0020077246347546002
0.0 0.0
0.00015059065189787502 -0.0013702917228055635
0.0006022718974137975 -0.0027319619510689547
0.0013547716606548965 -0.004076195073064681
0.0024076366639015356 -0.0053949404246758864
0.0037602327006450165 -0.006681244112797656
0.005411745017609493 -0.007929523448010152
0.007361178805529334 -0.009135770588046908
0.009607359798384785 -0.01029767638455881
0.012148934980735715 -0.011414670307524197
0.014984373402728013 -0.012487877356927813
0.018111967102280024 -0.013519997715570246
0.021529832133895532 -0.014515119223728046
0.025235909703481607 -0.01547847628124089
0.029227967408489597 -0.01641617128296754
0.03350360058263052 -0.01733487602463012
0.038060233744356575 -0.01824153062047395
0.042895122148234655 -0.0191430563849669
0.048005353438278275 -0.020046096967725517
0.05338784940224234 -0.020956798990233092
0.059039367825822475 -0.021880639771539222
0.06495650444564427 -0.02282230574508224
0.07113569499986394 -0.023785621174225263
0.07757321737514639 -0.02477352307706125
0.08426519384872727 -0.02578807514795207
0.09120759342420814 -0.026830511139103903
0.09839623425967753 -0.027901296797093255
0.10582678618669683 -0.029000199114078657
0.11349477331863145 -0.030126352344471537
0.12139557674675777 -0.03127831186527026
0.12952443732252045 -0.032454089357444475
0.1378764585242665 -0.033651165731085037
0.14644660940672616 -0.03486648144043509
0.15522972763146647 -0.0360964070476148
0.16422052257649067 -0.0373366998096701
0.17341357852311146 -0.03858245442194151
0.18280335791817703 -0.03982805763765221
0.19238420470968637 -0.041067157148867904
0.20215034775378343 -0.04229265478343561
0.2120959042910774 -0.04349673275432124
0.2222148834901989 -0.0446709194821808
0.23250119005645137 -0.04580619856466873
0.2429486279033891 -0.0468931610154099
0.2535509038851079 -0.04792219721544081
0.26430163158700104 -0.04888372140802407
0.27519433517269654 -0.049768418322632485
0.28622245328485874 -0.050567498911552836
0.29737934299750524 -0.05127295045450564
0.30865828381745486 -0.05187776560139444
0.320052481732506 -0.05237613537234125
0.33155507330389 -0.05276359272400686
0.3431591298005543 -0.05303709594153742
0.35485766137276875 -0.05319504466404358
0.36664362126255073 -0.05323722556515434
0.3785099100483679 -0.053164689301290396
0.3904493799215649 -0.05297956498750153
0.4024548389919357 -0.05268482283217854
0.41451905561984914 -0.05228399933963474
0.42663476277231926 -0.05178090239256666
0.43879466240039156 -0.0511793153318029
0.4509914298352198 -0.050482719710142135
0.46321771820016633 -0.049694055647934395
0.475466162836291 -0.048815536688752596
0.4877293857385438 -0.047848532861891245
0.4999999999999999 -0.04679353150390717
0.512270614261456 -0.04565018054120738
0.5245338371637088 -0.044417413706229154
0.5367822817998334 -0.04309365189469725
0.54900857016478 -0.041677069917729015
0.5612053375996082 -0.040165913586425316
0.5733652372276805 -0.03855884867113134
0.5854809443801506 -0.03685532102351482
0.5975451610080642 -0.03505590618067904
0.6095506200784349 -0.033162627144158886
0.6214900899516319 -0.031179220711078252
0.6333563787374491 -0.029111335612142533
0.645142338627231 -0.026966649586817083
0.6568408701994456 -0.024754897142776858
0.6684449266961098 -0.022487804803189664
0.6799475182674938 -0.02017893581736181
0.691341716182545 -0.01784345127283537
0.7026206570024947 -0.015497798996504253
0.713777546715141 -0.013159345306130074
0.7248056648273034 -0.010845967366845831
0.7356983684129987 -0.008575625484598205
0.746449096114892 -0.006365935071478476
0.7570513720966108 -0.004233757266049348
0.7674988099435485 -0.0021948253787127145
0.7777851165098009 -0.0002634216165211187
0.7879040957089227 0.0015478848659366182
0.7978496522462164 0.003228431396907032
0.8076157952903136 0.004769583543334489
0.8171966420818224 0.006164785994335517
0.8265864214768883 0.007409547010398281
0.8357794774235092 0.008501363982258044
0.8447702723685334 0.00943960005798251
0.8535533905932737 0.010225323414602628
0.8621235414757333 0.010861121525941748
0.8704755626774794 0.011350902724848658
0.8786044232532422 0.011699696544465902
0.8865052266813687 0.0119134628647612
0.894173213813303 0.01199891793814344
0.9016037657403225 0.011963383094895395
0.9087924065757916 0.011814659517312046
0.9157348061512727 0.011560930097754114
0.9224267826248536 0.011210687219853833
0.928864305000136 0.010772683455786048
0.9350434955543556 0.01025590075273334
0.9409606321741775 0.009669532746000135
0.9466121505977576 0.009022974401963113
0.9519946465617215 0.008325813240404219
0.9571048778517655 0.007587816858883896
0.9619397662556433 0.006818912301871993
0.9664963994173694 0.006029153887238996
0.9707720325915102 0.005228677317250147
0.9747640902965183 0.004427639156242385
0.9784701678661044 0.0036361419577715867
0.98188803289772 0.0028641463910768234
0.985015626597272 0.002121372591610776
0.9878510650192642 0.0014171936073897695
0.9903926402016152 0.0007605242193318325
0.9926388211944706 0.00015970858794647964
0.9945882549823906 -0.0003775898535326213
0.9962397672993549 -0.0008444930400371305
0.9975923633360985 -0.0012350045538875405
0.9986452283393451 -0.0015440950476379846
0.9993977281025862 -0.001767774751778964
0.9998494093481021 -0.0019031514453702347
1.0 -0.0019484726821454796
