1.0 0.0019405230272947621
0.9998494093481021 0.0019882311563325346
0.9993977281025862 0.0021313242426895937
0.9986452283393451 0.002369689575842304
0.9975923633360985 0.0027030786318983104
0.9962397672993549 0.003131022952703108
0.9945882549823906 0.0036527295023853403
0.9926388211944706 0.004266967164716278
0.9903926402016152 0.0049719574312678
0.9878510650192642 0.00576528249539944
0.985015626597272 0.006643822878118074
0.98188803289772 0.007603734447006465
0.9784701678661044 0.008640471431563634
0.9747640902965183 0.009748858060163866
0.9707720325915102 0.010923207085335488
0.9664963994173694 0.012157479103787618
0.9619397662556433 0.013445472600787283
0.9571048778517655 0.014781031414006173
0.9519946465617215 0.01615825412139914
0.9466121505977576 0.017571688928764418
0.9409606321741775 0.019016498079567987
0.9350434955543556 0.020488577631753938
0.928864305000136 0.021984621526501966
0.9224267826248536 0.0235021229865768
0.9157348061512727 0.02503931111009755
0.9087924065757916 0.026595025685975077
0.9016037657403225 0.028168538331217987
0.894173213813303 0.02975933261783804
0.8865052266813687 0.03136685953172694
0.8786044232532422 0.032990287067105294
0.8704755626774794 0.034628263780737883
0.8621235414757333 0.03627871559631635
0.8535533905932737 0.03793869307187476
0.8447702723685334 0.0396042828579356
0.8357794774235092 0.04127059243348395
0.8265864214768883 0.04293181176030561
0.8171966420818224 0.04458134966335278
0.8076157952903136 0.04621203698239224
0.7978496522462164 0.047816383305639226
0.7879040957089227 0.049386869810447286
0.7777851165098009 0.05091625774974711
0.7674988099435485 0.05239789068630553
0.7570513720966108 0.053825968819496285
0.746449096114892 0.055195775667799124
0.7356983684129987 0.05650384082756308
0.7248056648273034 0.05774802726345936
0.713777546715141 0.058927537233112615
0.7026206570024947 0.06004283706652552
0.691341716182545 0.061095507128169836
0.6799475182674938 0.062088028901743156
0.6684449266961098 0.06302352580701737
0.6568408701994456 0.063905477710467
0.645142338627231 0.06473743085588406
0.6333563787374491 0.06552272497395562
0.6214900899516319 0.06626425762592453
0.6095506200784349 0.06696430253168476
0.5975451610080642 0.0676243939932908
0.5854809443801506 0.06824528392714485
0.5733652372276805 0.06882697191849173
0.5612053375996082 0.06936880261033122
0.54900857016478 0.06986961913863367
0.5367822817998334 0.07032795669204994
0.5245338371637088 0.07074225699602267
0.512270614261456 0.07111108287827789
0.4999999999999999 0.07143331221209315
0.4877293857385438 0.07170829245607507
0.475466162836291 0.0719359405669748
0.46321771820016633 0.0721167779702243
0.4509914298352198 0.07225189613049007
0.43879466240039156 0.07234285458639796
0.42663476277231926 0.07239151956902291
0.41451905561984914 0.07239985697971056
0.4024548389919357 0.072369698067739
0.3904493799215649 0.0723024992132996
0.3785099100483679 0.07219911849498717
0.36664362126255073 0.07205963105575733
0.35485766137276875 0.07188320268779257
0.3431591298005543 0.0716680367059467
0.33155507330389 0.07141140339192777
0.320052481732506 0.07110975451382831
0.30865828381745486 0.07075891819705718
0.29737934299750524 0.07035436233249194
0.28622245328485874 0.0698915083485653
0.27519433517269654 0.06936607209423626
0.26430163158700104 0.06877440523764866
0.2535509038851079 0.06811380930996924
0.2429486279033891 0.06738279548611512
0.23250119005645137 0.06658126638850949
0.2222148834901989 0.06571060144158862
0.2120959042910774 0.0647736342391519
0.20215034775378343 0.06377451851426297
0.19238420470968637 0.06271848801367476
0.18280335791817703 0.06161152420349994
0.17341357852311146 0.06045995358579999
0.16422052257649067 0.05927000284406739
0.15522972763146647 0.05804734450907994
0.14644660940672616 0.05679666793321995
0.1378764585242665 0.055521309842283595
0.12952443732252045 0.05422297555634372
0.12139557674675777 0.05290157629659137
0.11349477331863145 0.05155520018077453
0.10582678618669683 0.05018022508670965
0.09839623425967753 0.048771571198784135
0.09120759342420814 0.04732308050247756
0.08426519384872727 0.045828000545849186
0.07757321737514639 0.044279541207669006
0.07113569499986394 0.042671466677996546
0.06495650444564427 0.04099868090979046
0.059039367825822475 0.039257763800001844
0.05338784940224234 0.03744741745466669
0.048005353438278275 0.03556878700736283
0.042895122148234655 0.03362562829175595
0.038060233744356575 0.031624304708191955
0.03350360058263052 0.029573607190609315
0.029227967408489597 0.02748440346806227
0.025235909703481607 0.025369134952375062
0.021529832133895532 0.02324119069353529
0.018111967102280024 0.021114197111470893
0.014984373402728013 0.01900126894201403
0.012148934980735715 0.016914270504728855
0.009607359798384785 0.014863136703041705
0.007361178805529334 0.012855300033291996
0.005411745017609493 0.010895263485376875
0.0037602327006450165 0.008984349975462961
0.0024076366639015356 0.007120647480342851
0.0013547716606548965 0.0052991561274212595
0.0006022718974137975 0.0035121300270371126
0.00015059065189787502 0.0017495935531055436
0.0 0.0
0.00015059065189787502 -0.0015491429249631149
0.0006022718974137975 -0.00308612772386445
0.0013547716606548965 -0.004598670825755368
0.0024076366639015356 -0.006075383676654108
0.0037602327006450165 -0.007506163521245299
0.005411745017609493 -0.008882519879032246
0.007361178805529334 -0.010197821612662649
0.009607359798384785 -0.011447454343185892
0.012148934980735715 -0.01262888337383838
0.014984373402728013 -0.013741622870512308
0.018111967102280024 -0.01478711743497679
0.021529832133895532 -0.01576854703688057
0.025235909703481607 -0.016690570228094687
0.029227967408489597 -0.017559023400732017
0.03350360058263052 -0.0183805954051748
0.038060233744356575 -0.01916249704872264
0.042895122148234655 -0.019912143879818708
0.048005353438278275 -0.02063686835297856
0.05338784940224234 -0.021343674175469576
0.059039367825822475 -0.02203904163562281
0.06495650444564427 -0.02272878832693708
0.07113569499986394 -0.023417985254784803
0.07757321737514639 -0.024110924180614737
0.08426519384872727 -0.024811128527764955
0.09120759342420814 -0.02552139749485829
0.09839623425967753 -0.02624387137613789
0.10582678618669683 -0.02698010556661912
0.11349477331863145 -0.027731141335943395
0.12139557674675777 -0.028497563100573522
0.12952443732252045 -0.029279534439695314
0.1378764585242665 -0.030076808248509855
0.14644660940672616 -0.030888709918043693
0.15522972763146647 -0.031714095962768
0.16422052257649067 -0.03255129377580972
0.17341357852311146 -0.03339803089077747
0.18280335791817703 -0.034251364031194526
0.19238420470968637 -0.03510761916171332
0.20215034775378343 -0.03596235362832394
0.2120959042910774 -0.036810350283831644
0.2222148834901989 -0.037645651324135034
0.23250119005645137 -0.03846163657604423
0.2429486279033891 -0.039251147413092886
0.2535509038851079 -0.040006653617122516
0.26430163158700104 -0.04072045666383821
0.27519433517269654 -0.041384919407392674
0.28622245328485874 -0.04199270926864639
0.29737934299750524 -0.04253704004594233
0.30865828381745486 -0.04301189655334263
0.320052481732506 -0.043412226556834
0.33155507330389 -0.043734085942505475
0.3431591298005543 -0.043974725639091425
0.35485766137276875 -0.044132612370365774
0.36664362126255073 -0.04420737959441973
0.3785099100483679 -0.04419970970133162
0.3904493799215649 -0.04411115335476007
0.4024548389919357 -0.043943896429615235
0.41451905561984914 -0.04370048898215011
0.42663476277231926 -0.04338355379212817
0.43879466240039156 -0.04299549399945064
0.4509914298352198 -0.0425382200566352
0.46321771820016633 -0.042012915559650546
0.475466162836291 -0.04141985952347345
0.4877293857385438 -0.040758319449890106
0.4999999999999999 -0.040026525294180375
0.512270614261456 -0.03922172944731853
0.5245338371637088 -0.03834035243725908
0.5367822817998334 -0.03737820857317989
0.54900857016478 -0.03633080057213093
0.5612053375996082 -0.035193667660638556
0.5733652372276805 -0.033962768033453244
0.5854809443801506 -0.032634874113219414
0.5975451610080642 -0.031207957944508032
0.6095506200784349 -0.02968154434020872
0.6214900899516319 -0.028057011051675608
0.6333563787374491 -0.026337818140194834
0.645142338627231 -0.024529652689405095
0.6568408701994456 -0.022640479753139476
0.6684449266961098 -0.020680495670383353
0.6799475182674938 -0.018661985262892762
0.691341716182545 -0.016599089623500842
0.7026206570024947 -0.014507495886859621
0.713777546715141 -0.012404064273333062
0.7248056648273034 -0.010306410593831125
0.7356983684129987 -0.008232464153079667
0.746449096114892 -0.006200021524934976
0.7570513720966108 -0.004226316010615932
0.7674988099435485 -0.002327620821032205
0.7777851165098009 -0.0005189013076190251
0.7879040957089227 0.0011864718833717348
0.7978496522462164 0.002776940788239201
0.8076157952903136 0.004242905429617816
0.8171966420818224 0.005576796719973236
0.8265864214768883 0.006773081003662161
0.8357794774235092 0.007828203512134013
0.8447702723685334 0.008740480544027896
0.8535533905932737 0.00950995190883442
0.8621235414757333 0.010138206039304563
0.8704755626774794 0.010628190195064474
0.8786044232532422 0.010984017415893412
0.8865052266813687 0.011210780454162263
0.894173213813303 0.011314380975275453
0.9016037657403225 0.011301380039394538
0.9087924065757916 0.011178873453235592
0.9157348061512727 0.01095439318845083
0.9224267826248536 0.01063583386650978
0.928864305000136 0.010231401444349357
0.9350434955543556 0.009749579799695186
0.9409606321741775 0.009199109968847955
0.9466121505977576 0.008588976350514255
0.9519946465617215 0.007928394235511881
0.9571048778517655 0.0072267934985538
0.9619397662556433 0.006493794112974386
0.9664963994173694 0.005739170222777146
0.9707720325915102 0.0049728007213157765
0.9747640902965183 0.004204605536178742
0.9784701678661044 0.00344446800914849
0.98188803289772 0.002702144808736562
0.985015626597272 0.001987165662401574
0.9878510650192642 0.001308725811504344
0.9903926402016152 0.0006755744635176465
0.9926388211944706 9.590265380936269e-05
0.9945882549823906 -0.0004227661379875647
0.9962397672993549 -0.0008736795033530641
0.9975923633360985 -0.001250950986066595
0.9986452283393451 -0.0015496439790120184
0.9993977281025862 -0.001765842726535094
0.9998494093481021 -0.0018967089520742664
1.0 -0.0019405230272947621
