1.0 0.002117790614284655
0.9998494093481021 0.002164514135596672
0.9993977281025862 0.0023046098451637194
0.9986452283393451 0.002537835339005833
0.9975923633360985 0.002863729137773073
0.9962397672993549 0.0032815312826685447
0.9945882549823906 0.003790085133254098
0.9926388211944706 0.004387731879408057
0.9903926402016152 0.005072210637932671
0.9878510650192642 0.005840577150137343
0.985015626597272 0.0066891529978055165
0.98188803289772 0.007613514988738184
0.9784701678661044 0.00860853111092305
0.9747640902965183 0.009668445486932891
0.9707720325915102 0.01078701041484042
0.9664963994173694 0.011957659234742192
0.9619397662556433 0.013173709793667655
0.9571048778517655 0.014428585053070618
0.9519946465617215 0.015716035192461657
0.9466121505977576 0.01703034462721192
0.9409606321741775 0.018366507792719946
0.9350434955543556 0.019720359351667074
0.928864305000136 0.02108864754106108
0.9224267826248536 0.0224690434683893
0.9157348061512727 0.023860083977829884
0.9087924065757916 0.025261050858284402
0.9016037657403225 0.02667179423955083
0.894173213813303 0.02809251260404167
0.8865052266813687 0.029523505544534114
0.8786044232532422 0.030964917903874848
0.8704755626774794 0.032416495012805364
0.8621235414757333 0.033877368281782116
0.8535533905932737 0.035345888409682176
0.8447702723685334 0.03681952007885811
0.8357794774235092 0.03829480745967711
0.8265864214768883 0.03976741449278849
0.8171966420818224 0.04123223816835085
0.8076157952903136 0.0426835873301987
0.7978496522462164 0.04411541435265091
0.7879040957089227 0.04552158278629722
0.7777851165098009 0.046896151095165206
0.7674988099435485 0.04823365116133237
0.7570513720966108 0.04952934044495472
0.746449096114892 0.050779408557082226
0.7356983684129987 0.051981122396197336
0.7248056648273034 0.05313289866058407
0.713777546715141 0.05423429811716412
0.7026206570024947 0.05528594204737601
0.691341716182545 0.056289357324833415
0.6799475182674938 0.05724676212748269
0.6684449266961098 0.05816080890386752
0.6568408701994456 0.059034304525602634
0.645142338627231 0.059869929295245664
0.6333563787374491 0.06066997649442205
0.6214900899516319 0.061436132443015136
0.6095506200784349 0.06216931372770803
0.5975451610080642 0.06286957360833328
0.5854809443801506 0.06353608399436453
0.5733652372276805 0.0641671932531014
0.5612053375996082 0.06476055396190782
0.54900857016478 0.06531330905018873
0.5367822817998334 0.06582232005753062
0.5245338371637088 0.06628441785332018
0.512270614261456 0.06669665440425271
0.4999999999999999 0.06705653419269982
0.4877293857385438 0.06736220568960333
0.475466162836291 0.06761259673238072
0.46321771820016633 0.06780748247630505
0.4509914298352198 0.06794748038612668
0.43879466240039156 0.06803397303729795
0.42663476277231926 0.06806896577987404
0.41451905561984914 0.06805489205499267
0.4024548389919357 0.06799438385423696
0.3904493799215649 0.06789002806578591
0.3785099100483679 0.06774413096171308
0.36664362126255073 0.06755851269181179
0.35485766137276875 0.06733435135976067
0.3431591298005543 0.06707209222393337
0.33155507330389 0.06677143209204034
0.320052481732506 0.06643138249584385
0.30865828381745486 0.06605040826183833
0.29737934299750524 0.06562663121023593
0.28622245328485874 0.06515808249806292
0.27519433517269654 0.06464298211178351
0.26430163158700104 0.06408002066402119
0.2535509038851079 0.06346861728669198
0.2429486279033891 0.06280912821454349
0.23250119005645137 0.06210298362268967
0.2222148834901989 0.06135273524761689
0.2120959042910774 0.060562003945654315
0.20215034775378343 0.059735324145444184
0.19238420470968637 0.058877890542776895
0.18280335791817703 0.05799522071453908
0.17341357852311146 0.05709275492682395
0.16422052257649067 0.05617542065217149
0.15522972763146647 0.055247193652736226
0.14644660940672616 0.054310689523295125
0.1378764585242665 0.05336681908171045
0.12952443732252045 0.05241453789664449
0.12139557674675777 0.05145071470367586
0.11349477331863145 0.05047013582403203
0.10582678618669683 0.04946565347742531
0.09839623425967753 0.04842847571899212
0.09120759342420814 0.047348585365245915
0.08426519384872727 0.046215265474537574
0.07757321737514639 0.045017700459509695
0.07113569499986394 0.0437456153977678
0.06495650444564427 0.04238991210563316
0.059039367825822475 0.04094325940668954
0.05338784940224234 0.0394005969151981
0.048005353438278275 0.037759516497413374
0.042895122148234655 0.036020493085358755
0.038060233744356575 0.03418694621012472
0.03350360058263052 0.03226512483896865
0.029227967408489597 0.030263820063417057
0.025235909703481607 0.028193922048130295
0.021529832133895532 0.026067848560746995
0.018111967102280024 0.02389888156637382
0.014984373402728013 0.0217004551078025
0.012148934980735715 0.01948544149183124
0.009607359798384785 0.01726548335736778
0.007361178805529334 0.015050416437021166
0.005411745017609493 0.01284782190364904
0.0037602327006450165 0.010662738508208498
0.0024076366639015356 0.008497553858431815
0.0013547716606548965 0.006352081912526888
0.0006022718974137975 0.004223820927961327
0.00015059065189787502 0.0021083736168151746
0.0 0.0
0.00015059065189787502 -0.001661945988739923
0.0006022718974137975 -0.003313853813945656
0.0013547716606548965 -0.004945460573333246
0.0024076366639015356 -0.006547308674226634
0.0037602327006450165 -0.008111096820360177
0.005411745017609493 -0.009629972390876769
0.007361178805529334 -0.011098751445068836
0.009607359798384785 -0.012514057010088054
0.012148934980735715 -0.013874371231845074
0.014984373402728013 -0.015180002054071067
0.018111967102280024 -0.016432969992185617
0.021529832133895532 -0.01763682496013543
0.025235909703481607 -0.018796406703965877
0.029227967408489597 -0.019917564971471888
0.03350360058263052 -0.021006856955992647
0.038060233744356575 -0.022071239734411496
0.042895122148234655 -0.023117774404953804
0.048005353438278275 -0.02415335653620414
0.05338784940224234 -0.025184484558067193
0.059039367825822475 -0.02621707411205479
0.06495650444564427 -0.027256322426734574
0.07113569499986394 -0.028306622806445976
0.07757321737514639 -0.02937152562301313
0.08426519384872727 -0.030453739056909353
0.09120759342420814 -0.031555160471356876
0.09839623425967753 -0.032676927878183895
0.10582678618669683 -0.03381948054743275
0.11349477331863145 -0.03498261841966675
0.12139557674675777 -0.03616555151449757
0.12952443732252045 -0.03736693283061067
0.1378764585242665 -0.03858487108041444
0.14644660940672616 -0.039816922732885916
0.15522972763146647 -0.04106006596684945
0.16422052257649067 -0.042310661981566154
0.17341357852311146 -0.043564411414826476
0.18280335791817703 -0.044816315169113004
0.19238420470968637 -0.046060649595043905
0.20215034775378343 -0.047290965654391996
0.2120959042910774 -0.048500120389889295
0.2222148834901989 -0.04968034685423118
0.23250119005645137 -0.05082336575915458
0.2429486279033891 -0.05192053872228516
0.2535509038851079 -0.05296305938444052
0.26430163158700104 -0.053942175136878975
0.27519433517269654 -0.05484942903106494
0.28622245328485874 -0.05567690891502948
0.29737934299750524 -0.056417489178542723
0.30865828381745486 -0.0570650498599419
0.320052481732506 -0.057614658360325
0.33155507330389 -0.058062700631499514
0.3431591298005543 -0.05840695137227557
0.35485766137276875 -0.05864657632198381
0.36664362126255073 -0.058782063948916496
0.3785099100483679 -0.05881508840927452
0.3904493799215649 -0.058748310280297464
0.4024548389919357 -0.05858512592037841
0.41451905561984914 -0.058329380063641544
0.42663476277231926 -0.057985059138080504
0.43879466240039156 -0.057555984583777156
0.4509914298352198 -0.05704552599375251
0.46321771820016633 -0.05645635314261992
0.475466162836291 -0.055790243935585807
0.4877293857385438 -0.05504796211944522
0.4999999999999999 -0.05422921444596338
0.512270614261456 -0.053332692131720656
0.5245338371637088 -0.052356196231365185
0.5367822817998334 -0.05129684127465151
0.54900857016478 -0.05015132655645256
0.5612053375996082 -0.048916260137553895
0.5733652372276805 -0.04758851719427311
0.5854809443801506 -0.046165612066877006
0.5975451610080642 -0.04464606234415169
0.6095506200784349 -0.04302972364260425
0.6214900899516319 -0.041318075363431794
0.6333563787374491 -0.03951444052296595
0.645142338627231 -0.03762412656083518
0.6568408701994456 -0.035654478580436556
0.6684449266961098 -0.033614841470393605
0.6799475182674938 -0.03151643247241583
0.691341716182545 -0.02937213067838365
0.7026206570024947 -0.027196194356339087
0.713777546715141 -0.025003920660631517
0.7248056648273034 -0.02281126497192454
0.7356983684129987 -0.020634438703207462
0.746449096114892 -0.018489504839376194
0.7570513720966108 -0.016391989768641552
0.7674988099435485 -0.014356528205703873
0.7777851165098009 -0.012396555355497598
0.7879040957089227 -0.010524057129991615
0.7978496522462164 -0.008749385451960695
0.8076157952903136 -0.007081141719053726
0.8171966420818224 -0.005526127617985553
0.8265864214768883 -0.004089358912631428
0.8357794774235092 -0.002774134787398426
0.8447702723685334 -0.0015821529680494649
0.8535533905932737 -0.0005136592707320707
0.8621235414757333 0.00043238050837278116
0.8704755626774794 0.0012580983691990763
0.8786044232532422 0.0019665427235462107
0.8865052266813687 0.0025615075545606675
0.894173213813303 0.0030473798670400945
0.9016037657403225 0.0034290109033638934
0.9087924065757916 0.0037116141930808827
0.9157348061512727 0.0039006911388299965
0.9224267826248536 0.004001982676084769
0.928864305000136 0.004021443710637626
0.9350434955543556 0.003965235632444705
0.9409606321741775 0.003839731285070761
0.9466121505977576 0.0036515263540764197
0.9519946465617215 0.0034074512049185805
0.9571048778517655 0.0031145776978812973
0.9619397662556433 0.002780216354823713
0.9664963994173694 0.002411900353253132
0.9707720325915102 0.002017354072233846
0.9747640902965183 0.0016044452074654987
0.9784701678661044 0.001181120713910439
0.98188803289772 0.0007553279434882663
0.985015626597272 0.0003349232626264813
0.9878510650192642 -7.24288774849968e-05
0.9903926402016152 -0.0004593630007129388
0.9926388211944706 -0.0008189221714180819
0.9945882549823906 -0.0011446664469660717
0.9962397672993549 -0.0014307767811840822
0.9975923633360985 -0.0016721512577728282
0.9986452283393451 -0.0018644909351559374
0.9993977281025862 -0.0020043730321484573
0.9998494093481021 -0.0020893096427607337
1.0 -0.002117790614284655
