1.0 0.0022700908796911066
0.9998494093481021 0.002318279986213109
0.9993977281025862 0.0024627711368384697
0.9986452283393451 0.0027033183556965695
0.9975923633360985 0.003039455423438072
0.9962397672993549 0.0034704182025503904
0.9945882549823906 0.003995048681244308
0.9926388211944706 0.004611692085823042
0.9903926402016152 0.0053180997405411455
0.9878510650192642 0.006111350482085267
0.985015626597272 0.00698780233159791
0.98188803289772 0.007943083868283251
0.9784701678661044 0.008972131515887617
0.9747640902965183 0.01006927501607516
0.9707720325915102 0.011228369056426057
0.9664963994173694 0.012442964719033433
0.9619397662556433 0.013706510498454637
0.9571048778517655 0.01501256945901934
0.9519946465617215 0.0163550369585295
0.9466121505977576 0.017728342472715132
0.9409606321741775 0.019127619524748268
0.9350434955543556 0.020548829555615097
0.928864305000136 0.02198882864817169
0.9224267826248536 0.023445370117059224
0.9157348061512727 0.024917040784975406
0.9087924065757916 0.02640313390421474
0.9016037657403225 0.027903466736968117
0.894173213813303 0.02941815536335866
0.8865052266813687 0.030947362960299984
0.8786044232532422 0.032491040269718205
0.8704755626774794 0.03404867802623538
0.8621235414757333 0.0356190906287944
0.8535533905932737 0.037200248327430165
0.8447702723685334 0.038789171788867
0.8357794774235092 0.04038189835094214
0.8265864214768883 0.04197352392026689
0.8171966420818224 0.04355831872374633
0.8076157952903136 0.04512990944314417
0.7978496522462164 0.04668151509419907
0.7879040957089227 0.048206219773636746
0.7777851165098009 0.04969726243493542
0.7674988099435485 0.05114832241467718
0.7570513720966108 0.05255377964420628
0.746449096114892 0.0539089303435254
0.7356983684129987 0.055210142371245614
0.7248056648273034 0.05645493903873723
0.713777546715141 0.057642005728228925
0.7026206570024947 0.05877111964838492
0.691341716182545 0.05984300904129996
0.6799475182674938 0.06085915364385183
0.6684449266961098 0.061821542761992816
0.6568408701994456 0.06273241056898246
0.645142338627231 0.06359396992046674
0.6333563787374491 0.06440816594845745
0.6214900899516319 0.06517646894800776
0.6095506200784349 0.06589972273918954
0.5975451610080642 0.06657806003670687
0.5854809443801506 0.0672108907630472
0.5733652372276805 0.06779696315110134
0.5612053375996082 0.06833449139491435
0.54900857016478 0.06882133802251174
0.5367822817998334 0.0692552345453534
0.5245338371637088 0.06963402067252285
0.512270614261456 0.06995588074433257
0.4999999999999999 0.07021955618817631
0.4877293857385438 0.07042451473266166
0.475466162836291 0.07057106069081169
0.46321771820016633 0.07066037555897291
0.4509914298352198 0.07069448407889257
0.43879466240039156 0.07067614729540989
0.42663476277231926 0.0706086904840698
0.41451905561984914 0.07049577959054225
0.4024548389919357 0.07034116452534094
0.3904493799215649 0.07014841088167863
0.3785099100483679 0.06992064309531769
0.36664362126255073 0.06966032158822297
0.35485766137276875 0.06936907403429125
0.3431591298005543 0.06904759671586756
0.33155507330389 0.06869563631327864
0.320052481732506 0.06831205582149731
0.30865828381745486 0.06789498114677248
0.29737934299750524 0.0674420178821426
0.28622245328485874 0.06695052138075866
0.27519433517269654 0.06641789808512483
0.26430163158700104 0.06584191258774355
0.2535509038851079 0.0652209734282069
0.2429486279033891 0.06455437135285236
0.23250119005645137 0.06384244668264188
0.2222148834901989 0.06308666738304002
0.2120959042910774 0.06228960606922272
0.20215034775378343 0.0614548120295508
0.19238420470968637 0.060586582819158644
0.18280335791817703 0.05968964840783609
0.17341357852311146 0.058768788591306007
0.16422052257649067 0.057828410759188424
0.15522972763146647 0.05687211961101419
0.14644660940672616 0.05590231261089695
0.1378764585242665 0.05491983462695109
0.12952443732252045 0.0539237222589984
0.12139557674675777 0.05291106296242525
0.11349477331863145 0.05187698656455562
0.10582678618669683 0.05081479765065862
0.09839623425967753 0.04971624721328693
0.09120759342420814 0.048571931643845774
0.08426519384872727 0.0473717973672365
0.07757321737514639 0.04610572092490622
0.07113569499986394 0.04476412776527949
0.06495650444564427 0.043338608938930503
0.059039367825822475 0.0418224936807141
0.05338784940224234 0.0402113376500149
0.048005353438278275 0.038503291331321125
0.042895122148234655 0.03669932048981685
0.038060233744356575 0.03480326014855381
0.03350360058263052 0.032821694654186995
0.029227967408489597 0.03076366825332641
0.025235909703481607 0.02864024236973195
0.021529832133895532 0.02646392660585712
0.018111967102280024 0.02424801959852614
0.014984373402728013 0.022005902560509636
0.012148934980735715 0.01975033212595638
0.009607359798384785 0.017492779681619892
0.007361178805529334 0.015242861630667614
0.005411745017609493 0.013007899161936632
0.0037602327006450165 0.010792637472707168
0.0024076366639015356 0.008599143606433917
0.0013547716606548965 0.0064268898670541835
0.0006022718974137975 0.004273017013407882
0.00015059065189787502 0.0021327590206718485
0.0 0.0
0.00015059065189787502 -0.0015548093477660762
0.0006022718974137975 -0.0031007895496963736
0.0013547716606548965 -0.004628809169600811
0.0024076366639015356 -0.0061304802006869104
0.0037602327006450165 -0.007598481684423496
0.005411745017609493 -0.009026828772128933
0.007361178805529334 -0.01041107446122807
0.009607359798384785 -0.01174843538740173
0.012148934980735715 -0.013037837665728346
0.014984373402728013 -0.014279883529082459
0.018111967102280024 -0.015476744084847277
0.021529832133895532 -0.01663198759324381
0.025235909703481607 -0.017750355993985903
0.029227967408489597 -0.018837504763451852
0.03350360058263052 -0.019899722436916217
0.038060233744356575 -0.020943646227394266
0.042895122148234655 -0.021975989147811997
0.048005353438278275 -0.023003292012015116
0.05338784940224234 -0.02403171084014674
0.059039367825822475 -0.025066846769547194
0.06495650444564427 -0.026113621855308418
0.07113569499986394 -0.027176200431942767
0.07757321737514639 -0.02825795228845695
0.08426519384872727 -0.02936145104252157
0.09120759342420814 -0.030488498994641875
0.09839623425967753 -0.03164016854399548
0.10582678618669683 -0.03281685002164951
0.11349477331863145 -0.03401829653148829
0.12139557674675777 -0.03524365799306831
0.12952443732252045 -0.03649149889187672
0.1378764585242665 -0.037759797042162584
0.14644660940672616 -0.03904592369760686
0.15522972763146647 -0.04034660832947279
0.16422052257649067 -0.04165789405871658
0.17341357852311146 -0.0429750918323436
0.18280335791817703 -0.044292742775860115
0.19238420470968637 -0.045604598596398836
0.20215034775378343 -0.04690362939241776
0.2120959042910774 -0.04818206676286065
0.2222148834901989 -0.049431487797412604
0.23250119005645137 -0.05064294253821343
0.2429486279033891 -0.05180712405995626
0.2535509038851079 -0.052914576689782465
0.26430163158700104 -0.053955934372427135
0.27519433517269654 -0.05492217807019105
0.28622245328485874 -0.05580489863820682
0.29737934299750524 -0.056596550054865795
0.30865828381745486 -0.057290677374063154
0.320052481732506 -0.05788210438288259
0.33155507330389 -0.058367067694520734
0.3431591298005543 -0.05874328679561276
0.35485766137276875 -0.05900996323355559
0.36664362126255073 -0.05916770643787044
0.3785099100483679 -0.05921838833237427
0.3904493799215649 -0.059164933591950845
0.4024548389919357 -0.05901105679970572
0.41451905561984914 -0.05876096155239216
0.42663476277231926 -0.05841901946672196
0.43879466240039156 -0.05798944883675564
0.4509914298352198 -0.05747601323718414
0.46321771820016633 -0.05688175959814267
0.475466162836291 -0.056208813223291985
0.4877293857385438 -0.05545824400175788
0.4999999999999999 -0.05463001387423518
0.512270614261456 -0.05372301071937395
0.5245338371637088 -0.052735168542556006
0.5367822817998334 -0.051663668516650996
0.54900857016478 -0.05050521038834924
0.5612053375996082 -0.04925633934934365
0.5733652372276805 -0.04791380996212277
0.5854809443801506 -0.046474966347613035
0.5975451610080642 -0.0449381167329812
0.6095506200784349 -0.04330288068444028
0.6214900899516319 -0.04157048888583519
0.6333563787374491 -0.03974401805801376
0.645142338627231 -0.03782854735915934
0.6568408701994456 -0.03583122711258601
0.6684449266961098 -0.03376125568167792
0.6799475182674938 -0.031629765433480145
0.691341716182545 -0.02944962368260235
0.7026206570024947 -0.027235158984597475
0.713777546715141 -0.02500182689075953
0.7248056648273034 -0.022765832077591617
0.7356983684129987 -0.020543725484663593
0.746449096114892 -0.01835199566942345
0.7570513720966108 -0.016206673028208298
0.7674988099435485 -0.014122963923452234
0.7777851165098009 -0.01211492924640725
0.7879040957089227 -0.010195218732773735
0.7978496522462164 -0.008374868671700631
0.8076157952903136 -0.006663166761352148
0.8171966420818224 -0.0050675840217488
0.8265864214768883 -0.0035937701160318972
0.8357794774235092 -0.00224560536062339
0.8447702723685334 -0.001025300284266659
0.8535533905932737 6.64680661579568e-05
0.8621235414757333 0.001030394728246615
0.8704755626774794 0.0018683720413971245
0.8786044232532422 0.0025833124947491916
0.8865052266813687 0.0031789788962772367
0.894173213813303 0.0036598297351014782
0.9016037657403225 0.00403088546237893
0.9087924065757916 0.004297619115743732
0.9157348061512727 0.004465872429257514
0.9224267826248536 0.004541796460768369
0.928864305000136 0.004531813961503013
0.9350434955543556 0.0044425993057054395
0.9409606321741775 0.0042810708509227165
0.9466121505977576 0.0040543901332709435
0.9519946465617215 0.003769962301070118
0.9571048778517655 0.003435432606721066
0.9619397662556433 0.003058674537085675
0.9664963994173694 0.002647766175854055
0.9707720325915102 0.0022109525576031763
0.9747640902965183 0.0017565929925357523
0.9784701678661044 0.001293093521093499
0.98188803289772 0.0008288257208530865
0.985015626597272 0.00037203397529680157
0.9878510650192642 -6.92660124729412e-05
0.9903926402016152 -0.00048739423414946624
0.9926388211944706 -0.0008751154733947306
0.9945882549823906 -0.0012257470262970953
0.9962397672993549 -0.0015332617424850628
0.9975923633360985 -0.0017923833714772455
0.9986452283393451 -0.0019986715739276754
0.9993977281025862 -0.0021485943807957658
0.9998494093481021 -0.0022395863223270114
1.0 -0.0022700908796911066
