1.0 0.001833926213778162
0.9998494093481021 0.0018813060020687168
0.9993977281025862 0.0020233933983459487
0.9986452283393451 0.002260014430691063
0.9975923633360985 0.002590820911250691
0.9962397672993549 0.0030152098512528365
0.9945882549823906 0.0035322235321267395
0.9926388211944706 0.004140441677522536
0.9903926402016152 0.0048378785182538655
0.9878510650192642 0.005621897682849462
0.985015626597272 0.006489156749033837
0.98188803289772 0.00743559103414658
0.9784701678661044 0.00845644296696663
0.9747640902965183 0.009546339440277931
0.9707720325915102 0.010699415229889037
0.9664963994173694 0.011909476256980758
0.9619397662556433 0.013170192548264908
0.9571048778517655 0.014475307567885284
0.9519946465617215 0.01581884845466849
0.9466121505977576 0.017195320813294643
0.9409606321741775 0.018599872190438304
0.9350434955543556 0.02002841021511556
0.928864305000136 0.021477664478889266
0.9224267826248536 0.02294518535096404
0.9157348061512727 0.024429277749623377
0.9087924065757916 0.02592887304314649
0.9016037657403225 0.027443347313333803
0.894173213813303 0.028972298764906125
0.8865052266813687 0.03051530071949756
0.8786044232532422 0.03207164907453272
0.8704755626774794 0.03364012410862916
0.8621235414757333 0.035218785962944164
0.8535533905932737 0.03680482103266624
0.8447702723685334 0.0383944530002909
0.8357794774235092 0.039982927583920934
0.8265864214768883 0.041564574608302644
0.8171966420818224 0.04313294515269047
0.8076157952903136 0.04468101574442634
0.7978496522462164 0.04620144630796634
0.7879040957089227 0.04768687426793524
0.7777851165098009 0.04913022419354315
0.7674988099435485 0.05052501091308452
0.7570513720966108 0.0518656142534898
0.746449096114892 0.05314750547074054
0.7356983684129987 0.05436740889837562
0.7248056648273034 0.05552338709487042
0.713777546715141 0.05661484345309598
0.7026206570024947 0.05764244240635919
0.691341716182545 0.058607953543558175
0.6799475182674938 0.05951403164475512
0.6684449266961098 0.06036394941701714
0.6568408701994456 0.06116130316922418
0.645142338627231 0.061909713536641556
0.6333563787374491 0.06261254349978142
0.6214900899516319 0.06327265432425509
0.6095506200784349 0.06389221680623132
0.5975451610080642 0.06447259060016464
0.5854809443801506 0.06501427880118353
0.5733652372276805 0.06551695880547498
0.5612053375996082 0.06597958427574221
0.54900857016478 0.06640054729893329
0.5367822817998334 0.06677788500871967
0.5245338371637088 0.06710951145128935
0.512270614261456 0.06739345358965261
0.4999999999999999 0.06762807022828081
0.4877293857385438 0.06781223431154385
0.475466162836291 0.06794546237427576
0.46321771820016633 0.06802797963166012
0.4509914298352198 0.06806071490263
0.43879466240039156 0.06804522579403602
0.42663476277231926 0.06798356081149662
0.41451905561984914 0.0678780707804595
0.4024548389919357 0.06773118666793032
0.3904493799215649 0.06754518417967736
0.3785099100483679 0.06732195707027536
0.36664362126255073 0.06706282078376444
0.35485766137276875 0.06676836583479019
0.3431591298005543 0.06643837639476856
0.33155507330389 0.06607182416312148
0.320052481732506 0.06566694120356306
0.30865828381745486 0.06522136852635042
0.29737934299750524 0.06473237036829142
0.28622245328485874 0.06419709793900724
0.27519433517269654 0.06361288140042999
0.26430163158700104 0.06297752547834544
0.2535509038851079 0.06228958269866348
0.2429486279033891 0.06154857897351776
0.23250119005645137 0.06075516913989591
0.2222148834901989 0.05991120490866577
0.2120959042910774 0.05901970418215465
0.20215034775378343 0.05808471836939889
0.19238420470968637 0.05711110258789688
0.18280335791817703 0.0561042018435612
0.17341357852311146 0.055069473767065356
0.16422052257649067 0.05401207463334804
0.15522972763146647 0.05293643966800932
0.14644660940672616 0.051845890648094285
0.1378764585242665 0.05074230330037561
0.12952443732252045 0.049625863941886054
0.12139557674675777 0.04849493934649405
0.11349477331863145 0.04734607629931997
0.10582678618669683 0.04617413822762723
0.09839623425967753 0.04497257631533572
0.09120759342420814 0.04373382234806336
0.08426519384872727 0.04244978095909895
0.07757321737514639 0.04111239069198813
0.07113569499986394 0.039714217019490856
0.06495650444564427 0.03824903668610975
0.059039367825822475 0.036712371821946505
0.05338784940224234 0.03510193435447007
0.048005353438278275 0.033417946247502994
0.042895122148234655 0.03166330873085873
0.038060233744356575 0.02984360345676821
0.03350360058263052 0.027966919770454443
0.029227967408489597 0.026043514230694703
0.025235909703481607 0.024085320315296543
0.021529832133895532 0.022105337045423543
0.018111967102280024 0.020116934269421773
0.014984373402728013 0.018133118886395874
0.012148934980735715 0.01616580985575296
0.009607359798384785 0.014225170132151445
0.007361178805529334 0.012319040618190901
0.005411745017609493 0.010452515011154326
0.0037602327006450165 0.008627685435378394
0.0024076366639015356 0.006843577600504902
0.0013547716606548965 0.005096281669987331
0.0006022718974137975 0.003379271931861532
0.00015059065189787502 0.0016838956470502527
0.0 0.0
0.00015059065189787502 -0.0011389396890526344
0.0006022718974137975 -0.0022714342571637657
0.0013547716606548965 -0.0033908441707281543
0.0024076366639015356 -0.0044912256243952965
0.0037602327006450165 -0.005567628734904551
0.005411745017609493 -0.006616339568000986
0.007361178805529334 -0.007635053061092077
0.009607359798384785 -0.008622968330419738
0.012148934980735715 -0.00958080276529791
0.014984373402728013 -0.010510726369529298
0.018111967102280024 -0.011416222660712981
0.021529832133895532 -0.012301886749848995
0.025235909703481607 -0.013173174707465636
0.029227967408489597 -0.014036120753289711
0.03350360058263052 -0.014897040038812585
0.038060233744356575 -0.015762234770145638
0.042895122148234655 -0.016637720179127437
0.048005353438278275 -0.017528984519324515
0.05338784940224234 -0.018440794044137003
0.059039367825822475 -0.01937705008230128
0.06495650444564427 -0.020340701168240407
0.07113569499986394 -0.02133370903465315
0.07757321737514639 -0.022357063448403366
0.08426519384872727 -0.023410837652295152
0.09120759342420814 -0.02449427379557594
0.09839623425967753 -0.025605886355507517
0.10582678618669683 -0.02674357124965135
0.11349477331863145 -0.027904709105124697
0.12139557674675777 -0.02908625289307764
0.12952443732252045 -0.0302847926829485
0.1378764585242665 -0.031496593387714385
0.14644660940672616 -0.032717604780559836
0.15522972763146647 -0.03394344646590506
0.16422052257649067 -0.0351693735868975
0.17341357852311146 -0.03639023157688803
0.18280335791817703 -0.037600409991586904
0.19238420470968637 -0.0387938062347427
0.20215034775378343 -0.039963809734890256
0.2120959042910774 -0.041103315850438256
0.2222148834901989 -0.0422047765663348
0.23250119005645137 -0.04326029206694419
0.2429486279033891 -0.044261743760877534
0.2535509038851079 -0.045200965575643695
0.26430163158700104 -0.04606994663970355
0.27519433517269654 -0.04686105513475743
0.28622245328485874 -0.047567270417047634
0.29737934299750524 -0.04818240871298689
0.30865828381745486 -0.04870132696685849
0.320052481732506 -0.04912008985305403
0.33155507330389 -0.04943608657121387
0.3431591298005543 -0.04964808673922558
0.35485766137276875 -0.049756228321220564
0.36664362126255073 -0.049761934837067014
0.3785099100483679 -0.04966776380141879
0.3904493799215649 -0.04947719310382528
0.4024548389919357 -0.04919435652500065
0.41451905561984914 -0.048823743459902785
0.42663476277231926 -0.04836988089523907
0.43879466240039156 -0.04783701753600749
0.4509914298352198 -0.04722883053770057
0.46321771820016633 -0.046548174511075145
0.475466162836291 -0.04579689035178555
0.4877293857385438 -0.044975688126945294
0.4999999999999999 -0.04408411392850617
0.512270614261456 -0.04312060555343567
0.5245338371637088 -0.04208263641875955
0.5367822817998334 -0.04096694162032105
0.54900857016478 -0.03976981485668733
0.5612053375996082 -0.0384874604027463
0.5733652372276805 -0.03711638072638062
0.5854809443801506 -0.03565377792785163
0.5975451610080642 -0.03409794609796571
0.6095506200784349 -0.03244863200189391
0.6214900899516319 -0.030707343172800567
0.6333563787374491 -0.028877585426228616
0.645142338627231 -0.026965015785552354
0.6568408701994456 -0.024977501578311925
0.6684449266961098 -0.02292508171372569
0.6799475182674938 -0.020819831548872583
0.691341716182545 -0.018675637958472165
0.7026206570024947 -0.016507895924729902
0.713777546715141 -0.014333141884162437
0.7248056648273034 -0.012168641990676406
0.7356983684129987 -0.010031955232395707
0.746449096114892 -0.007940491906298398
0.7570513720966108 -0.0059110873224454364
0.7674988099435485 -0.003959608867959841
0.7777851165098009 -0.002100611867209134
0.7879040957089227 -0.0003470562406609444
0.7978496522462164 0.0012899079595333441
0.8076157952903136 0.002801082204628616
0.8171966420818224 0.0041792884990618576
0.8265864214768883 0.005419369704610436
0.8357794774235092 0.006518128415246688
0.8447702723685334 0.007474214205484955
0.8535533905932737 0.008287970856361042
0.8621235414757333 0.008961256085223857
0.8704755626774794 0.009497246374962843
0.8786044232532422 0.009900238778553746
0.8865052266813687 0.010175460177942141
0.894173213813303 0.010328892551967518
0.9016037657403225 0.010367120530451496
0.9087924065757916 0.010297205065397155
0.9157348061512727 0.010126584616727708
0.9224267826248536 0.009863002994261572
0.928864305000136 0.009514461058056988
0.9350434955543556 0.009089187959604415
0.9409606321741775 0.008595626571004288
0.9466121505977576 0.008042427221940474
0.9519946465617215 0.007438443829778873
0.9571048778517655 0.006792726917136932
0.9619397662556433 0.0061145087872001005
0.9664963994173694 0.005413177174573254
0.9707720325915102 0.004698234903701753
0.9747640902965183 0.003979244362634391
0.9784701678661044 0.003265756839834203
0.98188803289772 0.00256722789331676
0.985015626597272 0.0018929208617435858
0.9878510650192642 0.0012518013457031491
0.9903926402016152 0.0006524259665945907
0.9926388211944706 0.00010282895377544806
0.9945882549823906 -0.0003895898607929921
0.9962397672993549 -0.0008181722129201154
0.9975923633360985 -0.001177100604143639
0.9986452283393451 -0.0014614867739552793
0.9993977281025862 -0.0016674471298454504
0.9998494093481021 -0.0017921632739268502
1.0 -0.001833926213778162
