1.0 0.0022642181348621277
0.9998494093481021 0.002319870086738377
0.9993977281025862 0.0024867791270180442
0.9986452283393451 0.002764786034058668
0.9975923633360985 0.003153564859022937
0.9962397672993549 0.0036525388933526448
0.9945882549823906 0.004260776050154588
0.9926388211944706 0.004976875235592211
0.9903926402016152 0.0057988566635442974
0.9878510650192642 0.0067240692322525185
0.985015626597272 0.007749127003362858
0.98188803289772 0.008869884579408474
0.9784701678661044 0.010081457946986318
0.9747640902965183 0.01137829341040737
0.9707720325915102 0.012754282921834784
0.9664963994173694 0.014202919794573124
0.9619397662556433 0.015717484848411283
0.9571048778517655 0.01729124983569752
0.9519946465617215 0.01891768283309268
0.9466121505977576 0.0205906393723088
0.9409606321741775 0.02230452353635999
0.9350434955543556 0.02405440506462985
0.928864305000136 0.025836081573456647
0.9224267826248536 0.02764607908426226
0.9157348061512727 0.029481588843251007
0.9087924065757916 0.031340343534393016
0.9016037657403225 0.03322044101476928
0.894173213813303 0.035120128221335256
0.8865052266813687 0.03703756152718467
0.8786044232532422 0.038970562245630745
0.8704755626774794 0.04091638696693738
0.8621235414757333 0.042871531853343026
0.8535533905932737 0.044831587924891586
0.8447702723685334 0.046791160878081044
0.8357794774235092 0.048743864343441454
0.8265864214768883 0.05068239005550231
0.8171966420818224 0.052598652597523374
0.8076157952903136 0.05448400064891594
0.7978496522462164 0.056329481460940654
0.7879040957089227 0.05812614103511624
0.7777851165098009 0.05986533952724317
0.7674988099435485 0.0615390599968398
0.7570513720966108 0.06314018889518647
0.746449096114892 0.06466274863066171
0.7356983684129987 0.06610206602980144
0.7248056648273034 0.06745486526486474
0.713777546715141 0.06871927947807928
0.7026206570024947 0.06989478145802487
0.691341716182545 0.07098203983289801
0.6799475182674938 0.07198271285441447
0.6684449266961098 0.07289919650716485
0.6568408701994456 0.07373434701660594
0.645142338627231 0.07449119957353331
0.6333563787374491 0.07517270509927651
0.6214900899516319 0.07578150513850812
0.6095506200784349 0.076319761620649
0.5975451610080642 0.07678905354238784
0.5854809443801506 0.07719034696914542
0.5733652372276805 0.07752403858944197
0.5612053375996082 0.07779006688437709
0.54900857016478 0.07798807930003136
0.5367822817998334 0.07811763910161545
0.5245338371637088 0.07817845223710562
0.512270614261456 0.07817059282910739
0.4999999999999999 0.07809470599847602
0.4877293857385438 0.07795216860727461
0.475466162836291 0.07774519204928645
0.46321771820016633 0.077476856132723
0.4509914298352198 0.07715106899453177
0.43879466240039156 0.07677245437583767
0.42663476277231926 0.07634617394360912
0.41451905561984914 0.07587769813054884
0.4024548389919357 0.07537254368898429
0.3904493799215649 0.07483599940140988
0.3785099100483679 0.07427286286241867
0.36664362126255073 0.07368721078822352
0.35485766137276875 0.07308222292217112
0.3431591298005543 0.07246007544867364
0.33155507330389 0.0718219142142834
0.320052481732506 0.07116791142041025
0.30865828381745486 0.07049740232810771
0.29737934299750524 0.06980909148414906
0.28622245328485874 0.06910131162774336
0.27519433517269654 0.06837231331519784
0.26430163158700104 0.06762055986503858
0.2535509038851079 0.0668450008118403
0.2429486279033891 0.06604529784078435
0.23250119005645137 0.06522198016068421
0.2222148834901989 0.06437651128694534
0.2120959042910774 0.06351125590565052
0.20215034775378343 0.06262934338892517
0.19238420470968637 0.06173443303375441
0.18280335791817703 0.06083039454047886
0.17341357852311146 0.05992092495818032
0.16422052257649067 0.05900912966567109
0.15522972763146647 0.05809709938197655
0.14644660940672616 0.05718551729673296
0.1378764585242665 0.05627332993629464
0.12952443732252045 0.055357512285738
0.12139557674675777 0.054432952121586074
0.11349477331863145 0.05349247082019533
0.10582678618669683 0.05252698860950359
0.09839623425967753 0.051525831980539435
0.09120759342420814 0.05047717051229363
0.08426519384872727 0.049368560466512126
0.07757321737514639 0.048187563931384673
0.07113569499986394 0.04692240570766326
0.06495650444564427 0.04556262607680613
0.059039367825822475 0.04409968643119264
0.05338784940224234 0.042527486637227246
0.048005353438278275 0.040842757876820034
0.042895122148234655 0.03904530228357488
0.038060233744356575 0.03713806046571579
0.03350360058263052 0.03512699932657695
0.029227967408489597 0.03302082466951908
0.025235909703481607 0.03083053505367711
0.021529832133895532 0.02856884439030845
0.018111967102280024 0.0262495100341888
0.014984373402728013 0.023886609944763826
0.012148934980735715 0.021493816350205624
0.009607359798384785 0.019083713934744697
0.007361178805529334 0.01666720780888554
0.005411745017609493 0.014253060577024461
0.0037602327006450165 0.01184758908169616
0.0024076366639015356 0.009454540475950853
0.0013547716606548965 0.007075154914522095
0.0006022718974137975 0.004708409227299634
0.00015059065189787502 0.0023514233571825254
0.0 0.0
0.00015059065189787502 -0.0011749967466513527
0.0006022718974137975 -0.002342618911807304
0.0013547716606548965 -0.0034951873960157114
0.0024076366639015356 -0.004625757538655108
0.0037602327006450165 -0.0057284358400474245
0.005411745017609493 -0.006798639493338388
0.007361178805529334 -0.007833285474596356
0.009607359798384785 -0.008830900389249918
0.012148934980735715 -0.009791647216642116
0.014984373402728013 -0.010717270188292318
0.018111967102280024 -0.011610963928509384
0.021529832133895532 -0.012477177345907498
0.025235909703481607 -0.01332136630138375
0.029227967408489597 -0.014149711565912064
0.03350360058263052 -0.014968819873118587
0.038060233744356575 -0.015785425909314338
0.042895122148234655 -0.01660611190212882
0.048005353438278275 -0.017437059191356456
0.05338784940224234 -0.018283842993486083
0.059039367825822475 -0.01915127776796615
0.06495650444564427 -0.02004331646310337
0.07113569499986394 -0.020963002784692278
0.07757321737514639 -0.021912471805925485
0.08426519384872727 -0.022892991006580952
0.09120759342420814 -0.023905031424177905
0.09839623425967753 -0.024948357181398265
0.10582678618669683 -0.0260221213030713
0.11349477331863145 -0.02712495644651402
0.12139557674675777 -0.02825505085025697
0.12952443732252045 -0.02941020229065002
0.1378764585242665 -0.030587845893318297
0.14644660940672616 -0.031785055002810945
0.15522972763146647 -0.03299851767322992
0.16422052257649067 -0.034224494411363715
0.17341357852311146 -0.035458765313656056
0.18280335791817703 -0.03669657646798423
0.19238420470968637 -0.03793259628418146
0.20215034775378343 -0.03916089219428781
0.2120959042910774 -0.04037493692926473
0.2222148834901989 -0.04156765142175843
0.23250119005645137 -0.042731488469992154
0.2429486279033891 -0.043858557856045824
0.2535509038851079 -0.04494078991935125
0.26430163158700104 -0.04597013094509839
0.27519433517269654 -0.04693876044092994
0.28622245328485874 -0.04783931772506068
0.29737934299750524 -0.048665123471559185
0.30865828381745486 -0.049410381127200524
0.320052481732506 -0.05007034352449677
0.33155507330389 -0.05064143157647756
0.3431591298005543 -0.05112129457165723
0.35485766137276875 -0.05150880513012386
0.36664362126255073 -0.05180398609928991
0.3785099100483679 -0.05200787127031431
0.3904493799215649 -0.05212230645852363
0.4024548389919357 -0.05214970187714114
0.41451905561984914 -0.05209275052055064
0.42663476277231926 -0.05195413017567994
0.43879466240039156 -0.05173620847080739
0.4509914298352198 -0.0514407708984815
0.46321771820016633 -0.05106879094861452
0.475466162836291 -0.050620259386766196
0.4877293857385438 -0.05009408642974705
0.4999999999999999 -0.049488086307577596
0.512270614261456 -0.04879904872843663
0.5245338371637088 -0.04802289640287341
0.5367822817998334 -0.0471549223847691
0.54900857016478 -0.04619009590274344
0.5612053375996082 -0.04512342091984097
0.5733652372276805 -0.043950328160979685
0.5854809443801506 -0.042667079013412275
0.5975451610080642 -0.04127115868390222
0.6095506200784349 -0.039761636348495194
0.6214900899516319 -0.03813947172695202
0.6333563787374491 -0.03640775043666208
0.645142338627231 -0.034571834434174754
0.6568408701994456 -0.03263941857621053
0.6684449266961098 -0.030620489520432677
0.6799475182674938 -0.028527188509516903
0.691341716182545 -0.026373584708770582
0.7026206570024947 -0.024175370387043184
0.713777546715141 -0.02194949307321588
0.7248056648273034 -0.01971374267433492
0.7356983684129987 -0.01748631326495097
0.746449096114892 -0.015285359786570321
0.7570513720966108 -0.013128569246650942
0.7674988099435485 -0.011032764269052892
0.7777851165098009 -0.009013554179481399
0.7879040957089227 -0.0070850454206696865
0.7978496522462164 -0.005259619230087843
0.8076157952903136 -0.0035477804435718537
0.8171966420818224 -0.0019580772768551346
0.8265864214768883 -0.0004970882306014784
0.8357794774235092 0.0008305309239492239
0.8447702723685334 0.0020219496263462356
0.8535533905932737 0.00307602573373531
0.8621235414757333 0.003993141578428712
0.8704755626774794 0.004775025034513682
0.8786044232532422 0.0054245670164037845
0.8865052266813687 0.005945645441604305
0.894173213813303 0.006342963793496783
0.9016037657403225 0.00662191019038908
0.9087924065757916 0.006788440486527736
0.9157348061512727 0.006848986576971913
0.9224267826248536 0.006810388912060523
0.928864305000136 0.006679850382318491
0.9350434955543556 0.006464907309846146
0.9409606321741775 0.0061734123370684145
0.9466121505977576 0.005813523557380226
0.9519946465617215 0.005393694265641987
0.9571048778517655 0.004922658167211428
0.9619397662556433 0.004409405693537495
0.9664963994173694 0.0038631481339000797
0.9707720325915102 0.003293267501854366
0.9747640902965183 0.0027092513072118044
0.9784701678661044 0.0021206126047713146
0.98188803289772 0.0015367967598997456
0.985015626597272 0.0009670772491808689
0.9878510650192642 0.0004204434652164066
0.9903926402016152 -9.451609520398033e-05
0.9926388211944706 -0.0005697317033221906
0.9945882549823906 -0.0009977678057771962
0.9962397672993549 -0.0013719326432528193
0.9975923633360985 -0.0016863790837023107
0.9986452283393451 -0.0019361940804466988
0.9993977281025862 -0.00211747461018831
0.9998494093481021 -0.002227388394273288
1.0 -0.0022642181348621277
