1.0 0.001955748229314996
0.9998494093481021 0.002005162814737045
0.9993977281025862 0.0021533245813640926
0.9986452283393451 0.002399969761588151
0.9975923633360985 0.0027446014133584266
0.9962397672993549 0.0031864102398719042
0.9945882549823906 0.003724176715257004
0.9926388211944706 0.004356166036773798
0.9903926402016152 0.0050800287765640105
0.9878510650192642 0.005892720241657389
0.985015626597272 0.006790450438021775
0.98188803289772 0.0077686742516332435
0.9784701678661044 0.008822128190014126
0.9747640902965183 0.009944916044263038
0.9707720325915102 0.011130641474068934
0.9664963994173694 0.012372581164815549
0.9619397662556433 0.01366388824130478
0.9571048778517655 0.014997812405018771
0.9519946465617215 0.01636792109190557
0.9466121505977576 0.017768305042151728
0.9409606321741775 0.01919375214546918
0.9350434955543556 0.020639875273417204
0.928864305000136 0.0221031829161453
0.9224267826248536 0.023581085578199754
0.9157348061512727 0.025071835739094016
0.9087924065757916 0.02657440436551356
0.9016037657403225 0.02808830205443143
0.894173213813303 0.02961335747018958
0.8865052266813687 0.031149469427640707
0.8786044232532422 0.03269635144781366
0.8704755626774794 0.03425328864582615
0.8621235414757333 0.035818926290086144
0.8535533905932737 0.03739110730881518
0.8447702723685334 0.03896677255163667
0.8357794774235092 0.040541932993408664
0.8265864214768883 0.04211171764469224
0.8171966420818224 0.043670495128154026
0.8076157952903136 0.045212061149462274
0.7978496522462164 0.04672987889168457
0.7879040957089227 0.04821735511387822
0.7777851165098009 0.049668131786334155
0.7674988099435485 0.051076371695398075
0.7570513720966108 0.05243701672718393
0.746449096114892 0.05374599948598963
0.7356983684129987 0.05500039238011637
0.7248056648273034 0.056198483051300326
0.713777546715141 0.057339770666362
0.7026206570024947 0.05842488368789843
0.691341716182545 0.0594554258115643
0.6799475182674938 0.060433762315751524
0.6684449266961098 0.06136276366783872
0.6568408701994456 0.06224552649620403
0.645142338627231 0.06308509370025171
0.6333563787374491 0.06388419539066098
0.6214900899516319 0.0646450305277517
0.6095506200784349 0.06536910569741214
0.5975451610080642 0.06605714270270442
0.5854809443801506 0.06670906093658169
0.5733652372276805 0.06732403429886359
0.5612053375996082 0.06790061623386913
0.54900857016478 0.06843692080170509
0.5367822817998334 0.06893084302525627
0.5245338371637088 0.069380298468186
0.512270614261456 0.06978346037836684
0.4999999999999999 0.07013897292347965
0.4877293857385438 0.07044612105057935
0.475466162836291 0.07070494116932428
0.46321771820016633 0.07091626190042218
0.4509914298352198 0.07108167014079703
0.43879466240039156 0.07120340418386605
0.42663476277231926 0.07128418205983736
0.41451905561984914 0.07132697908701721
0.4024548389919357 0.07133477335212322
0.3904493799215649 0.07131028104985557
0.3785099100483679 0.07125570501210646
0.36664362126255073 0.0711725191924062
0.35485766137276875 0.07106130934831562
0.3431591298005543 0.07092168585211443
0.33155507330389 0.07075227877799374
0.320052481732506 0.07055081860955743
0.30865828381745486 0.07031429862619124
0.29737934299750524 0.07003920785394674
0.28622245328485874 0.06972181700389828
0.27519433517269654 0.06935849462272199
0.26430163158700104 0.06894602721145367
0.2535509038851079 0.06848191566513462
0.2429486279033891 0.06796462122581952
0.23250119005645137 0.0673937372251242
0.2222148834901989 0.0667700680404498
0.2120959042910774 0.06609560355105529
0.20215034775378343 0.06537338545949281
0.19238420470968637 0.06460727053316291
0.18280335791817703 0.0638016044472669
0.17341357852311146 0.06296082778788276
0.16422052257649067 0.06208904225583086
0.15522972763146647 0.06118956964343634
0.14644660940672616 0.06026453831926677
0.1378764585242665 0.05931453150514161
0.12952443732252045 0.05833832851568156
0.12139557674675777 0.05733276450800523
0.11349477331863145 0.05629272650934402
0.10582678618669683 0.05521129407907411
0.09839623425967753 0.05408002258257211
0.09120759342420814 0.052889356461224474
0.08426519384872727 0.051629149864509935
0.07757321737514639 0.0502892633306728
0.07113569499986394 0.04886019854387958
0.06495650444564427 0.047333729104061896
0.059039367825822475 0.045703484087749977
0.05338784940224234 0.043965443110830546
0.048005353438278275 0.04211830655839502
0.042895122148234655 0.04016371232930787
0.038060233744356575 0.0381062803540426
0.03350360058263052 0.03595347761127663
0.029227967408489597 0.03371530859371537
0.025235909703481607 0.031403848290161386
0.021529832133895532 0.02903264588689046
0.018111967102280024 0.026616036733308382
0.014984373402728013 0.024168406969914107
0.012148934980735715 0.021703459057202827
0.009607359798384785 0.019233526960089713
0.007361178805529334 0.0167689868577738
0.005411745017609493 0.014317803131844034
0.0037602327006450165 0.011885240437929285
0.0024076366639015356 0.009473761497009403
0.0013547716606548965 0.007083117624173943
0.0006022718974137975 0.004710625826612157
0.00015059065189787502 0.002351613476084492
0.0 0.0
0.00015059065189787502 -0.0011036927386165148
0.0006022718974137975 -0.002199865322651018
0.0013547716606548965 -0.0032807705931284757
0.0024076366639015356 -0.004339365399602081
0.0037602327006450165 -0.005369613099584557
0.005411745017609493 -0.006366730083956145
0.007361178805529334 -0.0073273634664283984
0.009607359798384785 -0.008249691507792338
0.012148934980735715 -0.009133443264168671
0.014984373402728013 -0.009979839007068019
0.018111967102280024 -0.010791457809168032
0.021529832133895532 -0.011572042989740813
0.025235909703481607 -0.012326259577369056
0.029227967408489597 -0.013059420349051443
0.03350360058263052 -0.01377719819844347
0.038060233744356575 -0.014485342516548174
0.042895122148234655 -0.015189415973803817
0.048005353438278275 -0.015894565700848944
0.05338784940224234 -0.016605339582786167
0.059039367825822475 -0.017325554477425797
0.06495650444564427 -0.018058218952026632
0.07113569499986394 -0.018805508933075442
0.07757321737514639 -0.019568790799508354
0.08426519384872727 -0.02034868320925885
0.09120759342420814 -0.021145146566188322
0.09839623425967753 -0.021957587672315343
0.10582678618669683 -0.02278496684897843
0.11349477331863145 -0.02362589564218985
0.12139557674675777 -0.02447871505743617
0.12952443732252045 -0.025341546924663887
0.1378764585242665 -0.02621231423817006
0.14644660940672616 -0.027088729866638784
0.15522972763146647 -0.027968256581243318
0.16422052257649067 -0.02884804460195635
0.17341357852311146 -0.029724855537086058
0.18280335791817703 -0.030594983459316917
0.19238420470968637 -0.03145418475966578
0.20215034775378343 -0.03229762826397952
0.2120959042910774 -0.033119875885679974
0.2222148834901989 -0.03391490190991522
0.23250119005645137 -0.03467615602382384
0.2429486279033891 -0.03539667165753033
0.2535509038851079 -0.03606921736166927
0.26430163158700104 -0.0366864851275454
0.27519433517269654 -0.03724130606640869
0.28622245328485874 -0.0377268809945531
0.29737934299750524 -0.038137011467014065
0.30865828381745486 -0.03846631584724656
0.320052481732506 -0.03871041519805228
0.33155507330389 -0.03886607514810288
0.3431591298005543 -0.0389312923574827
0.35485766137276875 -0.03890531761885311
0.36664362126255073 -0.038788611758383815
0.3785099100483679 -0.0385827350553473
0.3904493799215649 -0.03829017555747944
0.4024548389919357 -0.037914126094173495
0.41451905561984914 -0.03745822365635552
0.42663476277231926 -0.03692626783124786
0.43879466240039156 -0.03632193692003453
0.4509914298352198 -0.035648521068925035
0.46321771820016633 -0.03490869113777294
0.475466162836291 -0.03410432013558909
0.4877293857385438 -0.03323637098021484
0.4999999999999999 -0.032304860284510996
0.512270614261456 -0.031308903097794244
0.5245338371637088 -0.030246838354120155
0.5367822817998334 -0.029116429542562914
0.54900857016478 -0.027915130167903365
0.5612053375996082 -0.02664039924264956
0.5733652372276805 -0.02529004863031717
0.5854809443801506 -0.023862601770693936
0.5975451610080642 -0.02235764230866855
0.6095506200784349 -0.020776131480789804
0.6214900899516319 -0.019120674759803304
0.6333563787374491 -0.017395721101779515
0.645142338627231 -0.015607681989981928
0.6568408701994456 -0.013764962067584945
0.6684449266961098 -0.011877898195880426
0.6799475182674938 -0.009958608940033328
0.691341716182545 -0.008020761443788042
0.7026206570024947 -0.00607926710164041
0.713777546715141 -0.004149921106726556
0.7248056648273034 -0.0022490036377149285
0.7356983684129987 -0.0003928620111638679
0.746449096114892 0.0014025064926589926
0.7570513720966108 0.003121852203518561
0.7674988099435485 0.004751033957036107
0.7777851165098009 0.006277328993108351
0.7879040957089227 0.007689680991323508
0.7978496522462164 0.008978879278822939
0.8076157952903136 0.010137666327774554
0.8171966420818224 0.011160774656632485
0.8265864214768883 0.012044897915426293
0.8357794774235092 0.012788604059196435
0.8447702723685334 0.01339220093185406
0.8535533905932737 0.013857566188051586
0.8621235414757333 0.014187954226715736
0.8704755626774794 0.014387792710772746
0.8786044232532422 0.014462480373281737
0.8865052266813687 0.014418196278302053
0.894173213813303 0.01426172866933139
0.9016037657403225 0.014000329176179029
0.9087924065757916 0.013641595648829689
0.9157348061512727 0.013193384425507668
0.9224267826248536 0.012663750585606247
0.928864305000136 0.012060912822289016
0.9350434955543556 0.011393238094672528
0.9409606321741775 0.010669240245754861
0.9466121505977576 0.009897586318693254
0.9519946465617215 0.009087104350636067
0.9571048778517655 0.008246786915974878
0.9619397662556433 0.007385785548608772
0.9664963994173694 0.006513392296425242
0.9707720325915102 0.005639005942738022
0.9747640902965183 0.004772081761362235
0.9784701678661044 0.003922064955684456
0.98188803289772 0.0030983090844576644
0.985015626597272 0.0023099817356052863
0.9878510650192642 0.0015659604346083703
0.9903926402016152 0.0008747222500458949
0.9926388211944706 0.0002442307910935917
0.9945882549823906 -0.00031817569621604615
0.9962397672993549 -0.0008058915987780987
0.9975923633360985 -0.001213143348107653
0.9986452283393451 -0.0015350781542680376
0.9993977281025862 -0.0017678396975012978
0.9998494093481021 -0.0019086288835299834
1.0 -0.001955748229314996
