1.0 0.002052583967034677
0.9998494093481021 0.0021030764395868055
0.9993977281025862 0.002254512342225894
0.9986452283393451 0.002506748148769629
0.9975923633360985 0.0028594834023781164
0.9962397672993549 0.0033121757446347424
0.9945882549823906 0.003863935104889116
0.9926388211944706 0.004513408741190163
0.9903926402016152 0.0052586702252256
0.9878510650192642 0.0060971256467310915
0.985015626597272 0.007025449244815369
0.98188803289772 0.008039558431601495
0.9784701678661044 0.009134634938697856
0.9747640902965183 0.010305194859935937
0.9707720325915102 0.011545206022141982
0.9664963994173694 0.012848246765689537
0.9619397662556433 0.014207696241239921
0.9571048778517655 0.01561694308552048
0.9519946465617215 0.017069597127599534
0.9466121505977576 0.01855968781515978
0.9409606321741775 0.020081833452362016
0.9350434955543556 0.02163136710770731
0.928864305000136 0.02320440806694655
0.9224267826248536 0.02479787174988818
0.9157348061512727 0.026409415767601946
0.9087924065757916 0.028037324888790703
0.9016037657403225 0.029680342696513793
0.894173213813303 0.031337462233140344
0.8865052266813687 0.03300769156963897
0.8786044232532422 0.03468981267761484
0.8704755626774794 0.03638215300386072
0.8621235414757333 0.03808238863500263
0.8535533905932737 0.039787395904757224
0.8447702723685334 0.04149316487333522
0.8357794774235092 0.04319478354755679
0.8265864214768883 0.044886496357488814
0.8171966420818224 0.04656183467643981
0.8076157952903136 0.048213811518063095
0.7978496522462164 0.04983516741953476
0.7879040957089227 0.05141865033933805
0.7777851165098009 0.05295730950766193
0.7674988099435485 0.05444478181302621
0.7570513720966108 0.0558755496163827
0.746449096114892 0.057245150847552384
0.7356983684129987 0.0585503257195626
0.7248056648273034 0.059789089132242144
0.713777546715141 0.060960723462101615
0.7026206570024947 0.062065692511017
0.691341716182545 0.06310548343142836
0.6799475182674938 0.06408238897881129
0.6684449266961098 0.06499924701834699
0.6568408701994456 0.06585915746065236
0.645142338627231 0.06666519845376842
0.6333563787374491 0.06742016357454508
0.6214900899516319 0.06812633994032591
0.6095506200784349 0.06878534374007934
0.5975451610080642 0.06939802493192035
0.5854809443801506 0.06996444715017656
0.5733652372276805 0.07048394266866984
0.5612053375996082 0.07095523608012333
0.54900857016478 0.07137662468007597
0.5367822817998334 0.07174619885492431
0.5245338371637088 0.0720620824588695
0.512270614261456 0.07232267150574291
0.4999999999999999 0.07252684964793592
0.4877293857385438 0.0726741608682575
0.475466162836291 0.07276492342530408
0.46321771820016633 0.07280027408437739
0.4509914298352198 0.07278213763304062
0.43879466240039156 0.07271312313663154
0.42663476277231926 0.07259635480144146
0.41451905561984914 0.07243525114514708
0.4024548389919357 0.07223327092900031
0.3904493799215649 0.0719936475691801
0.3785099100483679 0.07171913521713957
0.36664362126255073 0.07141178922506182
0.35485766137276875 0.07107280129488144
0.3431591298005543 0.07070240541025222
0.33155507330389 0.07029986498277271
0.320052481732506 0.06986354494624841
0.30865828381745486 0.06939106533904531
0.29737934299750524 0.0688795258101045
0.28622245328485874 0.06832578406008379
0.27519433517269654 0.06772676603442955
0.26430163158700104 0.06707978218169629
0.2535509038851079 0.06638282261342622
0.2429486279033891 0.06563480473054194
0.23250119005645137 0.06483574982071831
0.2222148834901989 0.0639868701086024
0.2120959042910774 0.06309055441466702
0.20215034775378343 0.062150248462547165
0.19238420470968637 0.06117023437291996
0.18280335791817703 0.06015532233339069
0.17341357852311146 0.05911047516333666
0.16422052257649067 0.05804039286380665
0.15522972763146647 0.05694908870854087
0.14644660940672616 0.05583949058068639
0.1378764585242665 0.05471310084836497
0.12952443732252045 0.05356974505111414
0.12139557674675777 0.05240743418951386
0.11349477331863145 0.05122235781702592
0.10582678618669683 0.05000901594285027
0.09839623425967753 0.04876048761985435
0.09120759342420814 0.0474688237535681
0.08426519384872727 0.04612554190222614
0.07757321737514639 0.044722192395105026
0.07113569499986394 0.04325095864656176
0.06495650444564427 0.04170525062193085
0.059039367825822475 0.04008024937751474
0.05338784940224234 0.038373362601689255
0.048005353438278275 0.03658455605643796
0.042895122148234655 0.03471653346589423
0.038060233744356575 0.03277474722476394
0.03350360058263052 0.030767233638884586
0.029227967408489597 0.02870427847329285
0.025235909703481607 0.02659793051370767
0.021529832133895532 0.024461391784165155
0.018111967102280024 0.022308322204023463
0.014984373402728013 0.020152103127253285
0.012148934980735715 0.018005107871222722
0.009607359798384785 0.015878027705925318
0.007361178805529334 0.0137792987666632
0.005411745017609493 0.011714669144099374
0.0037602327006450165 0.009686936397318156
0.0024076366639015356 0.007695874534410101
0.0013547716606548965 0.005738356879378645
0.0006022718974137975 0.0038086680695998297
0.00015059065189787502 0.001898985625228495
0.0 0.0
0.00015059065189787502 -0.0011602372839674968
0.0006022718974137975 -0.00231102349598711
0.0013547716606548965 -0.003442720260531589
0.0024076366639015356 -0.004546528253549347
0.0037602327006450165 -0.005614850591078578
0.005411745017609493 -0.006641592618079611
0.007361178805529334 -0.007622383246207752
0.009607359798384785 -0.008554707856824127
0.012148934980735715 -0.009437948202141725
0.014984373402728013 -0.010273330331112239
0.018111967102280024 -0.011063786957288262
0.021529832133895532 -0.011813745512490547
0.025235909703481607 -0.012528857076864162
0.029227967408489597 -0.013215684194600853
0.03350360058263052 -0.01388136711182255
0.038060233744356575 -0.014533288141104954
0.042895122148234655 -0.015178752697372355
0.048005353438278275 -0.015824703189402472
0.05338784940224234 -0.0164774786015263
0.059039367825822475 -0.017142628540393837
0.06495650444564427 -0.017824786076543364
0.07113569499986394 -0.01852759922500356
0.07757321737514639 -0.019253716722315354
0.08426519384872727 -0.020004820176591664
0.09120759342420814 -0.020781691945375845
0.09839623425967753 -0.0215843064128914
0.10582678618669683 -0.02241193178781327
0.11349477331863145 -0.02326323012724795
0.12139557674675777 -0.024136344923981604
0.12952443732252045 -0.025028968101701177
0.1378764585242665 -0.02593838140846203
0.14644660940672616 -0.02686147069565581
0.15522972763146647 -0.02779471510674952
0.16422052257649067 -0.028734156465943843
0.17341357852311146 -0.029675356865568395
0.18280335791817703 -0.03061335436434686
0.19238420470968637 -0.03154262765537311
0.20215034775378343 -0.03245708045201869
0.2120959042910774 -0.03335005516915566
0.2222148834901989 -0.034214383331346854
0.23250119005645137 -0.03504247718600764
0.2429486279033891 -0.035826463473657255
0.2535509038851079 -0.03655835649523311
0.26430163158700104 -0.03723026383197236
0.27519433517269654 -0.037834614633805934
0.28622245328485874 -0.03836439759309668
0.29737934299750524 -0.03881339381227599
0.30865828381745486 -0.039176388941629336
0.320052481732506 -0.0394493493118626
0.33155507330389 -0.039629548330293245
0.3431591298005543 -0.039715632072830714
0.35485766137276875 -0.03970761662235797
0.36664362126255073 -0.03960681403778724
0.3785099100483679 -0.03941568858815713
0.3904493799215649 -0.03913764971666412
0.4024548389919357 -0.03877679276180282
0.41451905561984914 -0.038337602421104844
0.42663476277231926 -0.037824636999370734
0.43879466240039156 -0.0372422133997726
0.4509914298352198 -0.03659411343250966
0.46321771820016633 -0.03588333126157898
0.475466162836291 -0.03511187971110024
0.4877293857385438 -0.03428066982841929
0.4999999999999999 -0.03338947375821175
0.512270614261456 -0.03243697589849156
0.5245338371637088 -0.03142091181698873
0.5367822817998334 -0.03033828886558493
0.54900857016478 -0.029185677206583504
0.5612053375996082 -0.027959555401797384
0.5733652372276805 -0.02665669111332229
0.5854809443801506 -0.02527453505787929
0.5975451610080642 -0.02381160529844297
0.6095506200784349 -0.022267839310568718
0.6214900899516319 -0.02064489299545718
0.6333563787374491 -0.018946368805586866
0.645142338627231 -0.01717795919867975
0.6568408701994456 -0.015347496472527153
0.6684449266961098 -0.013464905340565034
0.6799475182674938 -0.011542060045166128
0.691341716182545 -0.00959255303037673
0.7026206570024947 -0.00763138688816268
0.713777546715141 -0.005674605174969867
0.7248056648273034 -0.003738880551824394
0.7356983684129987 -0.0018410803878279507
0.746449096114892 2.169579013337926e-06
0.7570513720966108 0.001774903688705445
0.7674988099435485 0.0034621989535866095
0.7777851165098009 0.005050506663737017
0.7879040957089227 0.006527921419844502
0.7978496522462164 0.007884380032941767
0.8076157952903136 0.00911178694723135
0.8171966420818224 0.010204066977442987
0.8265864214768883 0.01115714995053653
0.8357794774235092 0.011968895084235253
0.8447702723685334 0.012638965452666288
0.8535533905932737 0.013168664571660682
0.8621235414757333 0.013560747935382022
0.8704755626774794 0.013819222266835537
0.8786044232532422 0.013949144380167068
0.8865052266813687 0.013956430014245704
0.894173213813303 0.013847680943866365
0.9016037657403225 0.013630036289540057
0.9087924065757916 0.013311051420634348
0.9157348061512727 0.01289860536542692
0.9224267826248536 0.012400835372728517
0.928864305000136 0.011826095351083294
0.9350434955543556 0.011182933444006338
0.9409606321741775 0.0104800830425369
0.9466121505977576 0.00972646110633898
0.9519946465617215 0.008931167738335494
0.9571048778517655 0.008103481477328305
0.9619397662556433 0.007252845653025808
0.9664963994173694 0.006388842285203329
0.9707720325915102 0.005521151292064311
0.9747640902965183 0.004659494092425529
0.9784701678661044 0.003813561942434834
0.98188803289772 0.0029929304575286295
0.985015626597272 0.002206962673611585
0.9878510650192642 0.0014647036617504699
0.9903926402016152 0.0007747701162706148
0.9926388211944706 0.00014523849757016455
0.9945882549823906 -0.0004164647429392718
0.9962397672993549 -0.0009036675558024695
0.9975923633360985 -0.0013105483567080892
0.9986452283393451 -0.0016322212397006893
0.9993977281025862 -0.0018648082780027004
0.9998494093481021 -0.002005497302102963
1.0 -0.002052583967034677
