1.0 0.002458874131409341
0.9998494093481021 0.0025066931190066413
0.9993977281025862 0.0026501144752770996
0.9986452283393451 0.0028890121249930422
0.9975923633360985 0.003223113810443477
0.9962397672993549 0.003651914892431887
0.9945882549823906 0.004174571014470203
0.9926388211944706 0.004789781499602283
0.9903926402016152 0.005495676779318911
0.9878510650192642 0.006289723351253192
0.985015626597272 0.007168658692262072
0.98188803289772 0.008128466292600788
0.9784701678661044 0.00916439770683751
0.9747640902965183 0.010271044510064017
0.9707720325915102 0.011442458643878838
0.9664963994173694 0.012672315215110001
0.9619397662556433 0.013954107758366809
0.9571048778517655 0.01528136265291549
0.9519946465617215 0.016647857100270603
0.9466121505977576 0.01804782404338808
0.9409606321741775 0.019476127760609564
0.9350434955543556 0.020928395602224606
0.928864305000136 0.02240109434295558
0.9224267826248536 0.0238915436792744
0.9157348061512727 0.025397864193763036
0.9087924065757916 0.026918862259984865
0.9016037657403225 0.028453859454089417
0.894173213813303 0.03000247865442136
0.8865052266813687 0.031564402760362424
0.8786044232532422 0.03313912452334771
0.8704755626774794 0.03472570712495648
0.8621235414757333 0.03632257473967196
0.8535533905932737 0.03792735038704257
0.8447702723685334 0.03953675503794519
0.8357794774235092 0.04114657743661185
0.8265864214768883 0.04275171877566186
0.8171966420818224 0.044346310628109946
0.8076157952903136 0.04592389884906252
0.7978496522462164 0.04747768096368973
0.7879040957089227 0.04900078027582808
0.7777851165098009 0.05048653691341832
0.7674988099435485 0.0519287945254815
0.7570513720966108 0.053322161494132686
0.746449096114892 0.05466222732688792
0.7356983684129987 0.05594571821956096
0.7248056648273034 0.057170580375498825
0.713777546715141 0.05833598517605567
0.7026206570024947 0.05944225628732898
0.691341716182545 0.060490724784832015
0.6799475182674938 0.061483523902720404
0.6684449266961098 0.06242333962399361
0.6568408701994456 0.06331313665022914
0.645142338627231 0.06415588105290627
0.6333563787374491 0.06495428096655662
0.6214900899516319 0.0657105650272426
0.6095506200784349 0.066426315017548
0.5975451610080642 0.0671023646101864
0.5854809443801506 0.0677387705747882
0.5733652372276805 0.06833485677507971
0.5612053375996082 0.06888932522967821
0.54900857016478 0.06940042293691967
0.5367822817998334 0.06986614853438496
0.5245338371637088 0.07028447956499992
0.512270614261456 0.0706535994352207
0.4999999999999999 0.07097210322786557
0.4877293857385438 0.07123916337938282
0.475466162836291 0.07145463970921488
0.46321771820016633 0.07161912312136046
0.4509914298352198 0.07173390809373442
0.43879466240039156 0.07180089535318397
0.42663476277231926 0.07182243238003486
0.41451905561984914 0.07180110506839715
0.4024548389919357 0.07173949849860506
0.3904493799215649 0.07163994794711769
0.3785099100483679 0.07150430267238801
0.36664362126255073 0.07133372451845472
0.35485766137276875 0.07112854097263166
0.3431591298005543 0.07088816815905025
0.33155507330389 0.07061111365328954
0.320052481732506 0.07029506239786153
0.30865828381745486 0.06993704190965172
0.29737934299750524 0.0695336559760851
0.28622245328485874 0.06908136972032314
0.27519433517269654 0.06857682381946553
0.26430163158700104 0.06801715223982241
0.2535509038851079 0.06740027644140523
0.2429486279033891 0.06672514977725566
0.23250119005645137 0.06599192877755156
0.2222148834901989 0.06520205299279636
0.2120959042910774 0.06435822173726258
0.20215034775378343 0.06346426394195606
0.19238420470968637 0.06252490580552524
0.18280335791817703 0.06154544936683174
0.17341357852311146 0.060531382844782086
0.16422052257649067 0.05948794996765725
0.15522972763146647 0.05841971000180343
0.14644660940672616 0.05733012237708825
0.1378764585242665 0.05622118945062103
0.12952443732252045 0.055093187998049895
0.12139557674675777 0.05394451461938373
0.11349477331863145 0.05277166273200469
0.10582678618669683 0.05156933970603105
0.09839623425967753 0.050330722620332925
0.09120759342420814 0.04904784081405121
0.08426519384872727 0.04771206364616256
0.07757321737514639 0.0463146633995881
0.07113569499986394 0.04484741674221981
0.06495650444564427 0.04330320411943588
0.059039367825822475 0.04167656526158924
0.05338784940224234 0.03996417080173361
0.048005353438278275 0.03816517475003965
0.042895122148234655 0.03628141997983116
0.038060233744356575 0.03431747846252957
0.03350360058263052 0.03228051909302841
0.029227967408489597 0.030180007798262888
0.025235909703481607 0.02802725637777764
0.021529832133895532 0.025834847337567378
0.018111967102280024 0.023615971055248895
0.014984373402728013 0.02138371827876765
0.012148934980735715 0.019150374701554423
0.009607359798384785 0.016926764868947872
0.007361178805529334 0.01472168987821483
0.005411745017609493 0.012541497399604121
0.0037602327006450165 0.010389813858284695
0.0024076366639015356 0.00826745776773148
0.0013547716606548965 0.00617254094479799
0.0006022718974137975 0.004100751522280774
0.00015059065189787502 0.0020458002078513433
0.0 0.0
0.00015059065189787502 -0.0016553600831821368
0.0006022718974137975 -0.003301040231592092
0.0013547716606548965 -0.004927020171938803
0.0024076366639015356 -0.0065240598618975555
0.0037602327006450165 -0.008084039447016392
0.005411745017609493 -0.009600242303990968
0.007361178805529334 -0.011067567839915006
0.009607359798384785 -0.012482665039511186
0.012148934980735715 -0.01384398255932689
0.014984373402728013 -0.01515173612796466
0.018111967102280024 -0.01640779878619622
0.021529832133895532 -0.01761552376958081
0.025235909703481607 -0.01877951331916237
0.029227967408489597 -0.019905349184078245
0.03350360058263052 -0.02099930191080608
0.038060233744356575 -0.022068036140410627
0.042895122148234655 -0.02311832808939334
0.048005353438278275 -0.02415680928859139
0.05338784940224234 -0.025189747690112094
0.059039367825822475 -0.02622287367614602
0.06495650444564427 -0.027261254606892223
0.07113569499986394 -0.028309217635848174
0.07757321737514639 -0.029370316900565626
0.08426519384872727 -0.030447338136957595
0.09120759342420814 -0.03154233148630632
0.09839623425967753 -0.0326566619204581
0.10582678618669683 -0.03379106637865489
0.11349477331863145 -0.034945707382624626
0.12139557674675777 -0.03612021448726908
0.12952443732252045 -0.03731370727148263
0.1378764585242665 -0.03852479645640116
0.14644660940672616 -0.03975156289408759
0.15522972763146647 -0.04099151731530248
0.16422052257649067 -0.04224154658003833
0.17341357852311146 -0.04349785448339562
0.18280335791817703 -0.04475590672221767
0.19238420470968637 -0.04601039027728453
0.20215034775378343 -0.04725519713892842
0.2120959042910774 -0.04848344100850834
0.2222148834901989 -0.04968751343261183
0.23250119005645137 -0.050859182933457855
0.2429486279033891 -0.05198973731175456
0.2535509038851079 -0.053070165685602015
0.26430163158700104 -0.054091373282965746
0.27519433517269654 -0.05504441881867229
0.28622245328485874 -0.05592076173057029
0.29737934299750524 -0.05671250485068086
0.30865828381745486 -0.0574126174112272
0.320052481732506 -0.058015123722327394
0.33155507330389 -0.058515244414304085
0.3431591298005543 -0.05890947973429718
0.35485766137276875 -0.0591956278649404
0.36664362126255073 -0.059372735363452826
0.3785099100483679 -0.059440981320242434
0.3904493799215649 -0.05940150139143875
0.4024548389919357 -0.059256162143723014
0.41451905561984914 -0.059007299849911876
0.42663476277231926 -0.05865744071389385
0.43879466240039156 -0.05820902126448178
0.4509914298352198 -0.05766412819348397
0.46321771820016633 -0.057024276162106625
0.475466162836291 -0.05629024008932302
0.4877293857385438 -0.05546195528171117
0.4999999999999999 -0.05453849466234822
0.512270614261456 -0.05351812756934968
0.5245338371637088 -0.05239845943382403
0.5367822817998334 -0.05117664645061623
0.54900857016478 -0.049849674464959776
0.5612053375996082 -0.048414687035641724
0.5733652372276805 -0.04686934427990737
0.5854809443801506 -0.045212191875347724
0.5975451610080642 -0.04344301863202199
0.6095506200784349 -0.041563181411898686
0.6214900899516319 -0.039575877832376434
0.6333563787374491 -0.0374863500313822
0.645142338627231 -0.03530200660269925
0.6568408701994456 -0.03303245437924332
0.6684449266961098 -0.03068943675266834
0.6799475182674938 -0.028286680350575275
0.691341716182545 -0.025839656827203746
0.7026206570024947 -0.02336527095964738
0.713777546715141 -0.020881489919151064
0.7248056648273034 -0.018406931302025573
0.7356983684129987 -0.015960429121543017
0.746449096114892 -0.013560597420562669
0.7570513720966108 -0.011225410481061175
0.7674988099435485 -0.008971816870737413
0.7777851165098009 -0.006815401932241959
0.7879040957089227 -0.004770109992583765
0.7978496522462164 -0.0028480337896243197
0.8076157952903136 -0.0010592746377099654
0.8171966420818224 0.0005881270567153949
0.8265864214768883 0.002088194926414576
0.8357794774235092 0.003436960516304994
0.8447702723685334 0.004632357420069319
0.8535533905932737 0.005674076852770386
0.8621235414757333 0.006563396657283389
0.8704755626774794 0.007302995753414247
0.8786044232532422 0.00789676529972893
0.8865052266813687 0.008349626460022692
0.894173213813303 0.008667362795009558
0.9016037657403225 0.008856473103874706
0.9087924065757916 0.008924048197578114
0.9157348061512727 0.008877672769769078
0.9224267826248536 0.008725351399023317
0.928864305000136 0.008475455898527514
0.9350434955543556 0.008136689823091858
0.9409606321741775 0.0077180650070436015
0.9466121505977576 0.0072288845594065025
0.9519946465617215 0.0066787267667533
0.9571048778517655 0.006077424798587704
0.9619397662556433 0.0054350378987053985
0.9664963994173694 0.0047618107849346746
0.9707720325915102 0.004068119166789642
0.9747640902965183 0.0033644005241268765
0.9784701678661044 0.0026610704765765623
0.98188803289772 0.001968426134956823
0.985015626597272 0.0012965387033147878
0.9878510650192642 0.0006551382569340795
0.9903926402016152 5.349404319746802e-05
0.9926388211944706 -0.0004997061552847403
0.9945882549823906 -0.0009964740691798984
0.9962397672993549 -0.001429633060041957
0.9975923633360985 -0.0017929212757531628
0.9986452283393451 -0.0020810832073155207
0.9993977281025862 -0.002289947448070262
0.9998494093481021 -0.0024164889033420037
1.0 -0.002458874131409341
