1.0 0.0017317196098871747
0.9998494093481021 0.0017802143192552826
0.9993977281025862 0.00192564116253906
0.9986452283393451 0.0021678104546791776
0.9975923633360985 0.002506348591806406
0.9962397672993549 0.0029406185824810273
0.9945882549823906 0.003469621601216535
0.9926388211944706 0.004091890939627034
0.9903926402016152 0.004805391071995145
0.9878510650192642 0.005607434695165146
0.985015626597272 0.006494629515485583
0.98188803289772 0.007462864314676891
0.9784701678661044 0.008507340611362352
0.9747640902965183 0.009622652313242733
0.9707720325915102 0.01080291146028298
0.9664963994173694 0.012041913863771188
0.9619397662556433 0.013333334528420622
0.9571048778517655 0.014670939557988432
0.9519946465617215 0.01604879908638276
0.9466121505977576 0.01746148486104493
0.9409606321741775 0.018904236547185812
0.9350434955543556 0.02037308262118871
0.928864305000136 0.02186490476567543
0.9224267826248536 0.02337743874702422
0.9157348061512727 0.02490920953809561
0.9087924065757916 0.026459403568392208
0.9016037657403225 0.028027686029113194
0.894173213813303 0.029613975717741173
0.8865052266813687 0.03121819359409055
0.8786044232532422 0.03284000371923121
0.8704755626774794 0.034478566333348705
0.8621235414757333 0.036132322382278925
0.8535533905932737 0.037798826830917794
0.8447702723685334 0.03947464473397105
0.8357794774235092 0.04115531951399738
0.8265864214768883 0.04283541756310446
0.8171966420818224 0.04450864754768552
0.8076157952903136 0.0461680471027501
0.7978496522462164 0.04780622440338643
0.7879040957089227 0.04941563781133846
0.7777851165098009 0.05098889376238991
0.7674988099435485 0.052519041536432616
0.7570513720966108 0.05399984367029912
0.746449096114892 0.05542600253754424
0.7356983684129987 0.05679332690217675
0.7248056648273034 0.058098826805560964
0.713777546715141 0.05934073061493146
0.7026206570024947 0.060518424020129
0.691341716182545 0.06163231674236087
0.6799475182674938 0.06268364824070567
0.6684449266961098 0.06367424832814189
0.6568408701994456 0.06460627196796183
0.645142338627231 0.0654819293422422
0.6333563787374491 0.06630323241773689
0.6214900899516319 0.06707177766754382
0.6095506200784349 0.06778858146291655
0.5975451610080642 0.06845398018060028
0.5854809443801506 0.06906760163773962
0.5733652372276805 0.06962840850960103
0.5612053375996082 0.07013480839090898
0.54900857016478 0.07058481962111575
0.5367822817998334 0.07097627736478072
0.5245338371637088 0.07130706110599633
0.512270614261456 0.07157532296212481
0.4999999999999999 0.071779696200842
0.4877293857385438 0.07191946506783418
0.475466162836291 0.07199468036870066
0.46321771820016633 0.07200620993123522
0.4509914298352198 0.07195571872260507
0.43879466240039156 0.07184557954499393
0.42663476277231926 0.07167872137088377
0.41451905561984914 0.07145842798751428
0.4024548389919357 0.07118810421819852
0.3904493799215649 0.0708710301719721
0.3785099100483679 0.07051012544960168
0.36664362126255073 0.07010774484732736
0.35485766137276875 0.06966552484591819
0.3431591298005543 0.06918429620259246
0.33155507330389 0.06866407257324139
0.320052481732506 0.06810411870197419
0.30865828381745486 0.06750309483572177
0.29737934299750524 0.06685926721666845
0.28622245328485874 0.06617076834470836
0.27519433517269654 0.065435885716745
0.26430163158700104 0.06465335438710935
0.2535509038851079 0.06382262728013655
0.2429486279033891 0.0629440978982993
0.23250119005645137 0.062019252915780296
0.2222148834901989 0.06105073696427267
0.2120959042910774 0.06004231837830271
0.20215034775378343 0.05899875230382194
0.19238420470968637 0.05792554581165134
0.18280335791817703 0.05682863785812181
0.17341357852311146 0.055714014445573785
0.16422052257649067 0.05458728553810623
0.15522972763146647 0.05345325465145212
0.14644660940672616 0.05231551415765466
0.1378764585242665 0.05117609898641957
0.12952443732252045 0.0500352285126972
0.12139557674675777 0.0488911611356203
0.11349477331863145 0.04774017870664926
0.10582678618669683 0.04657670905066573
0.09839623425967753 0.045393584971179034
0.09120759342420814 0.04418242805534751
0.08426519384872727 0.04293413604628321
0.07757321737514639 0.041639444257468225
0.07113569499986394 0.040289525118084805
0.06495650444564427 0.038876585981647734
0.059039367825822475 0.03739442415664062
0.05338784940224234 0.035838899880487794
0.048005353438278275 0.034208292596099595
0.042895122148234655 0.03250351312857121
0.038060233744356575 0.030728153726664365
0.03350360058263052 0.028888368792731715
0.029227967408489597 0.02699259071869322
0.025235909703481607 0.025051096751384075
0.021529832133895532 0.02307545339864032
0.018111967102280024 0.021077873783169047
0.014984373402728013 0.01907052989223506
0.012148934980735715 0.017064865357408254
0.009607359798384785 0.015070954930654468
0.007361178805529334 0.013096954126101712
0.005411745017609493 0.011148676728245769
0.0037602327006450165 0.009229329407219627
0.0024076366639015356 0.007339422106892949
0.0013547716606548965 0.005476860915035665
0.0006022718974137975 0.0036372176236024833
0.00015059065189787502 0.0018141580222031577
0.0 0.0
0.00015059065189787502 -0.001270746772876204
0.0006022718974137975 -0.002531762246929535
0.0013547716606548965 -0.0037732183259293808
0.0024076366639015356 -0.0049861140699775175
0.0037602327006450165 -0.00616263415482526
0.005411745017609493 -0.007296444929979274
0.007361178805529334 -0.008382913529695023
0.009607359798384785 -0.009419240283721672
0.012148934980735715 -0.010404500004758335
0.014984373402728013 -0.01133959322922464
0.018111967102280024 -0.012227113781410176
0.021529832133895532 -0.013071143761956396
0.025235909703481607 -0.013876990918576339
0.029227967408489597 -0.014650886095822204
0.03350360058263052 -0.015399659921737203
0.038060233744356575 -0.016130418007521644
0.042895122148234655 -0.0168502327455041
0.048005353438278275 -0.01756586741894679
0.05338784940224234 -0.018283544996427224
0.059039367825822475 -0.01900876995225205
0.06495650444564427 -0.01974620705580796
0.07113569499986394 -0.02049961664983884
0.07757321737514639 -0.021271841826645477
0.08426519384872727 -0.022064839416321813
0.09120759342420814 -0.022879744071683587
0.09839623425967753 -0.0237169531466174
0.10582678618669683 -0.024576219608541044
0.11349477331863145 -0.02545674090033066
0.12139557674675777 -0.02635723338101529
0.12952443732252045 -0.02727598455439286
0.1378764585242665 -0.028210878499770574
0.14644660940672616 -0.02915939346092653
0.15522972763146647 -0.03011857411546919
0.16422052257649067 -0.03108498432513912
0.17341357852311146 -0.03205464887201932
0.18280335791817703 -0.03302299457831318
0.19238420470968637 -0.033984802117915845
0.20215034775378343 -0.03493417966702786
0.2120959042910774 -0.03586456830734994
0.2222148834901989 -0.03676878687631987
0.23250119005645137 -0.03763912092370167
0.2429486279033891 -0.038467456820844806
0.2535509038851079 -0.03924545816677389
0.26430163158700104 -0.03996477776068111
0.27519433517269654 -0.04061729488343084
0.28622245328485874 -0.04119536474965107
0.29737934299750524 -0.041692065009913404
0.30865828381745486 -0.04210142328696185
0.320052481732506 -0.042418610027790474
0.33155507330389 -0.0426400824615028
0.3431591298005543 -0.04276366809590364
0.35485766137276875 -0.04278857980048731
0.36664362126255073 -0.04271535887020386
0.3785099100483679 -0.042545747243931634
0.3904493799215649 -0.042282494926942985
0.4024548389919357 -0.04192911328751461
0.41451905561984914 -0.04148958892628057
0.42663476277231926 -0.040968075952311576
0.43879466240039156 -0.04036858650111428
0.4509914298352198 -0.039694700033147685
0.46321771820016633 -0.03894931128330017
0.475466162836291 -0.03813443471400706
0.4877293857385438 -0.03725108007395555
0.4999999999999999 -0.03629920938400308
0.512270614261456 -0.03527778063809766
0.5245338371637088 -0.0341848780490493
0.5367822817998334 -0.03301792314670236
0.54900857016478 -0.03177395581434016
0.5612053375996082 -0.030449969772808495
0.5733652372276805 -0.029043283391736986
0.5854809443801506 -0.027551924259819654
0.5975451610080642 -0.025975004837644044
0.6095506200784349 -0.02431306681307387
0.6214900899516319 -0.022568373453002583
0.6333563787374491 -0.020745132177943878
0.645142338627231 -0.018849633577549856
0.6568408701994456 -0.016890297869283828
0.6684449266961098 -0.014877625065262958
0.6799475182674938 -0.012824050514607914
0.691341716182545 -0.010743712689528423
0.7026206570024947 -0.008652144763069795
0.713777546715141 -0.006565905407389863
0.7248056648273034 -0.004502167105857994
0.7356983684129987 -0.002478281975091491
0.746449096114892 -0.0005113455694835575
0.7570513720966108 0.001382221592005401
0.7674988099435485 0.003187056883846906
0.7777851165098009 0.004889187720796308
0.7879040957089227 0.006476301426036129
0.7978496522462164 0.00793794525607136
0.8076157952903136 0.009265653219924622
0.8171966420818224 0.010453000456455
0.8265864214768883 0.011495589728643993
0.8357794774235092 0.01239097783788836
0.8447702723685334 0.013138552284313007
0.8535533905932737 0.013739370188644138
0.8621235414757333 0.014195972297822098
0.8704755626774794 0.01451218483336981
0.8786044232532422 0.014692921079572003
0.8865052266813687 0.014743993068119757
0.894173213813303 0.014671941655125129
0.9016037657403225 0.014483890887469283
0.9087924065757916 0.014187430009951393
0.9157348061512727 0.013790523959409296
0.9224267826248536 0.013301450895701538
0.928864305000136 0.012728763372188617
0.9350434955543556 0.01208126825340645
0.9409606321741775 0.011368019506899177
0.9466121505977576 0.010598317549091567
0.9519946465617215 0.00978170889074911
0.9571048778517655 0.008927980349942067
0.9619397662556433 0.008047142995725998
0.9664963994173694 0.00714940215149071
0.9707720325915102 0.006245111111646367
0.9747640902965183 0.005344707598109466
0.9784701678661044 0.004458633302282671
0.98188803289772 0.0035972380385099756
0.985015626597272 0.002770671012267839
0.9878510650192642 0.0019887624404785753
0.9903926402016152 0.0012608992364161668
0.9926388211944706 0.0005958986941331263
0.9945882549823906 1.884102162972483e-06
0.9962397672993549 -0.0005138339780672233
0.9975923633360985 -0.0009448673709760889
0.9986452283393451 -0.0012858479168553114
0.9993977281025862 -0.0015325105901490901
0.9998494093481021 -0.00168176011973625
1.0 -0.0017317196098871747
