1.0 0.001780436659375963
0.9998494093481021 0.001831321526058049
0.9993977281025862 0.001983919143813619
0.9986452283393451 0.0022380391334433777
0.9975923633360985 0.0025933014841612867
0.9962397672993549 0.0030490495175996986
0.9945882549823906 0.0036042414485763213
0.9926388211944706 0.004257332486793302
0.9903926402016152 0.005006160882694866
0.9878510650192642 0.005847851550386418
0.985015626597272 0.0067787498647975284
0.98188803289772 0.007794396003199566
0.9784701678661044 0.00888954696118307
0.9747640902965183 0.010058249388624376
0.9707720325915102 0.011293961998118001
0.9664963994173694 0.012589721872639174
0.9619397662556433 0.013938344924777095
0.9571048778517655 0.015332647396302605
0.9519946465617215 0.01676567293857547
0.9466121505977576 0.018230908704321886
0.9409606321741775 0.019722474131373843
0.9350434955543556 0.021235267718015056
0.928864305000136 0.022765059971698573
0.9224267826248536 0.024308524644558464
0.9157348061512727 0.025863205045686465
0.9087924065757916 0.02742741726992485
0.9016037657403225 0.029000097197267843
0.894173213813303 0.030580602683538818
0.8865052266813687 0.03216848609986886
0.8786044232532422 0.033763254966000224
0.8704755626774794 0.03536413963030963
0.8621235414757333 0.036969886656961194
0.8535533905932737 0.03857859478776024
0.8447702723685334 0.04018760717544523
0.8357794774235092 0.04179346927247144
0.8265864214768883 0.043391956636908056
0.8171966420818224 0.044978171386996044
0.8076157952903136 0.04654670053841488
0.7978496522462164 0.04809182443633562
0.7879040957089227 0.049607759357642243
0.7777851165098009 0.05108891545020728
0.7674988099435485 0.05253014974333065
0.7570513720966108 0.05392699413751101
0.746449096114892 0.05527584006539572
0.7356983684129987 0.05657406478205135
0.7248056648273034 0.057820088743720015
0.713777546715141 0.05901335892011989
0.7026206570024947 0.060154258731543224
0.691341716182545 0.06124395114287423
0.6799475182674938 0.062284166812748294
0.6684449266961098 0.06327695365206841
0.6568408701994456 0.06422440732628502
0.645142338627231 0.06512840387434154
0.6333563787374491 0.06599035557035926
0.6214900899516319 0.0668110094132718
0.6095506200784349 0.06759030432287885
0.5975451610080642 0.06832729850400115
0.5854809443801506 0.06902017287751609
0.5733652372276805 0.06966631041152217
0.5612053375996082 0.0702624451055155
0.54900857016478 0.0708048687781886
0.5367822817998334 0.07128967914334916
0.5245338371637088 0.07171304931418869
0.512270614261456 0.07207149713493997
0.4999999999999999 0.07236213275375511
0.4877293857385438 0.07258286463223934
0.475466162836291 0.07273254760192652
0.46321771820016633 0.0728110613574504
0.4509914298352198 0.0728193135370575
0.43879466240039156 0.07275916781557562
0.42663476277231926 0.07263330370779257
0.41451905561984914 0.07244502053033441
0.4024548389919357 0.07219800271315835
0.3904493799215649 0.07189606698007348
0.3785099100483679 0.07154291353485126
0.36664362126255073 0.07114190313611429
0.35485766137276875 0.07069587981309353
0.3431591298005543 0.07020705511345987
0.33155507330389 0.06967696447731485
0.320052481732506 0.06910650001571253
0.30865828381745486 0.0684960171476705
0.29737934299750524 0.06784550577873825
0.28622245328485874 0.06715481055665565
0.27519433517269654 0.06642387974667609
0.26430163158700104 0.06565301887951543
0.2535509038851079 0.06484312386683923
0.2429486279033891 0.06399586893132551
0.23250119005645137 0.0631138274719359
0.2222148834901989 0.06220050871948337
0.2120959042910774 0.061260299409319686
0.20215034775378343 0.06029830724258635
0.19238420470968637 0.05932011105349005
0.18280335791817703 0.05833143071177891
0.17341357852311146 0.057337737215932445
0.16422052257649067 0.05634382955810438
0.15522972763146647 0.05535340923599573
0.14644660940672616 0.05436868534752989
0.1378764585242665 0.053390042792278644
0.12952443732252045 0.052415803165250824
0.12139557674675777 0.05144210260395711
0.11349477331863145 0.0504629034661488
0.10582678618669683 0.04947014776739864
0.09839623425967753 0.0484540504212278
0.09120759342420814 0.047403520213656423
0.08426519384872727 0.046306686857662
0.07757321737514639 0.04515150413864742
0.07113569499986394 0.04392639273055139
0.06495650444564427 0.042620882257297724
0.059039367825822475 0.04122621095038833
0.05338784940224234 0.03973584296632057
0.048005353438278275 0.03814586801889665
0.042895122148234655 0.03645525517984554
0.038060233744356575 0.034665942038376106
0.03350360058263052 0.032782751253294114
0.029227967408489597 0.0308131381266216
0.025235909703481607 0.02876678435521188
0.021529832133895532 0.026655063749679582
0.018111967102280024 0.024490414674920632
0.014984373402728013 0.022285660601737246
0.012148934980735715 0.02005332396382363
0.009607359798384785 0.017804979187248073
0.007361178805529334 0.015550688222563268
0.005411745017609493 0.013298556315808912
0.0037602327006450165 0.011054437478626345
0.0024076366639015356 0.008821808730213246
0.0013547716606548965 0.00660182041132521
0.0006022718974137975 0.004393517543199524
0.00015059065189787502 0.0021942151963038133
0.0 0.0
0.00015059065189787502 -0.0011534101109708294
0.0006022718974137975 -0.0023010937333059873
0.0013547716606548965 -0.0034371235366039868
0.0024076366639015356 -0.0045562239066733205
0.0037602327006450165 -0.005654049759413705
0.005411745017609493 -0.006727412183256403
0.007361178805529334 -0.007774438712510221
0.009607359798384785 -0.008794660258662997
0.012148934980735715 -0.00978902141264367
0.014984373402728013 -0.010759815647999153
0.018111967102280024 -0.011710551566335674
0.021529832133895532 -0.01264576041415988
0.025235909703481607 -0.01357075838813814
0.029227967408489597 -0.014491379519308819
0.03350360058263052 -0.015413696048541632
0.038060233744356575 -0.0163437431246569
0.042895122148234655 -0.017287263411515392
0.048005353438278275 -0.018249484904882436
0.05338784940224234 -0.019234942132810573
0.059039367825822475 -0.020247347202619278
0.06495650444564427 -0.021289513160009047
0.07113569499986394 -0.022363328153854597
0.07757321737514639 -0.023469775257802205
0.08426519384872727 -0.024608989759314328
0.09120759342420814 -0.02578034350833797
0.09839623425967753 -0.026982544672668408
0.10582678618669683 -0.028213741046943325
0.11349477331863145 -0.02947161589415153
0.12139557674675777 -0.030753467067051996
0.12952443732252045 -0.03205626269206148
0.1378764585242665 -0.033376669769736265
0.14644660940672616 -0.034711055382026845
0.15522972763146647 -0.036055463505326076
0.16422052257649067 -0.037405573421852745
0.17341357852311146 -0.03875664813863435
0.18280335791817703 -0.04010348284935649
0.19238420470968637 -0.041440364160479644
0.20215034775378343 -0.04276105047700645
0.2120959042910774 -0.04405878261584377
0.2222148834901989 -0.04532633147919045
0.23250119005645137 -0.046556086645915706
0.2429486279033891 -0.04774018625759574
0.2535509038851079 -0.048870684865051264
0.26430163158700104 -0.04993975226201369
0.27519433517269654 -0.050939893066502324
0.28622245328485874 -0.05186417419602471
0.29737934299750524 -0.05270644565310745
0.30865828381745486 -0.053461539362402576
0.320052481732506 -0.054125431271417515
0.33155507330389 -0.05469535354958445
0.3431591298005543 -0.055169846413129414
0.35485766137276875 -0.0555487427014897
0.36664362126255073 -0.05583308259880712
0.3785099100483679 -0.05602496054026409
0.3904493799215649 -0.056127311042580126
0.4024548389919357 -0.05614364461507687
0.41451905561984914 -0.05607774872039572
0.42663476277231926 -0.055933371677672435
0.43879466240039156 -0.05571390920959003
0.4509914298352198 -0.05542211387729969
0.46321771820016633 -0.05505984685944951
0.475466162836291 -0.05462788944108248
0.4877293857385438 -0.05412582830306935
0.4999999999999999 -0.053552024443768026
0.512270614261456 -0.052903670591398055
0.5245338371637088 -0.05217693659807435
0.5367822817998334 -0.05136719689256657
0.54900857016478 -0.0504693289606778
0.5612053375996082 -0.04947806735153416
0.5733652372276805 -0.048388394164051655
0.5854809443801506 -0.047195944577065094
0.5975451610080642 -0.04589740489841348
0.6095506200784349 -0.04449088088525754
0.6214900899516319 -0.04297621570260422
0.6333563787374491 -0.04135523972489678
0.645142338627231 -0.03963193825398431
0.6568408701994456 -0.03781252786933632
0.6684449266961098 -0.03590543724104647
0.6799475182674938 -0.033921193496681164
0.691341716182545 -0.03187222031112751
0.7026206570024947 -0.029772558476093607
0.713777546715141 -0.027637523534762138
0.7248056648273034 -0.025483317926190737
0.7356983684129987 -0.023326616831592872
0.746449096114892 -0.02118414748545481
0.7570513720966108 -0.019072281121669615
0.7674988099435485 -0.017006655056267892
0.7777851165098009 -0.015001839817510161
0.7879040957089227 -0.013071062927565342
0.7978496522462164 -0.011225997160941614
0.8076157952903136 -0.009476617115113894
0.8171966420818224 -0.007831123990335519
0.8265864214768883 -0.006295934832600766
0.8357794774235092 -0.0048757293568982545
0.8447702723685334 -0.0035735450018754803
0.8535533905932737 -0.002390909181655221
0.8621235414757333 -0.0013279968463199546
0.8704755626774794 -0.0003838014308282587
0.8786044232532422 0.0004436920008342813
0.8865052266813687 0.0011573412343363742
0.894173213813303 0.001760696948193507
0.9016037657403225 0.002257874055645223
0.9087924065757916 0.002653447720465894
0.9157348061512727 0.002952375087337945
0.9224267826248536 0.003159941616477814
0.928864305000136 0.003281729077717322
0.9350434955543556 0.0033236008397647173
0.9409606321741775 0.0032916991458381635
0.9466121505977576 0.0031924486173998436
0.9519946465617215 0.003032560255606477
0.9571048778517655 0.0028190306645108545
0.9619397662556433 0.0025591320240061963
0.9664963994173694 0.0022603893992430993
0.9707720325915102 0.001930543183341466
0.9747640902965183 0.0015774957285386055
0.9784701678661044 0.001209242432757323
0.98188803289772 0.0008337886342886973
0.985015626597272 0.00045905456698193555
0.9878510650192642 9.277130441687795e-05
0.9903926402016152 -0.00025762894099943547
0.9926388211944706 -0.0005851245934054112
0.9945882549823906 -0.0008832149976996514
0.9962397672993549 -0.0011460258258389159
0.9975923633360985 -0.0013684065282837967
0.9986452283393451 -0.0015460171498114141
0.9993977281025862 -0.00167540227012139
0.9998494093481021 -0.001754050281994516
1.0 -0.001780436659375963
