1.0 0.0017496782603092613
0.9998494093481021 0.001797972739587921
0.9993977281025862 0.0019427757445666118
0.9986452283393451 0.0021838283482234254
0.9975923633360985 0.002520642225511531
0.9962397672993549 0.00295242123560204
0.9945882549823906 0.0034779644987861192
0.9926388211944706 0.004095562386997261
0.9903926402016152 0.004802898189904065
0.9878510650192642 0.005596968356604165
0.985015626597272 0.0064740331143331034
0.98188803289772 0.007429607007751837
0.9784701678661044 0.008458495666125177
0.9747640902965183 0.009554881160628675
0.9707720325915102 0.01071245399605714
0.9664963994173694 0.011924585464501532
0.9619397662556433 0.013184530153798021
0.9571048778517655 0.014485645205433653
0.9519946465617215 0.015821610753217447
0.9466121505977576 0.017186635060660354
0.9409606321741775 0.01857562832465708
0.9350434955543556 0.01998433092527411
0.928864305000136 0.02140938496067306
0.9224267826248536 0.022848341989595997
0.9157348061512727 0.024299604698297585
0.9087924065757916 0.025762305335591706
0.9016037657403225 0.027236128804910636
0.894173213813303 0.028721092850701093
0.8865052266813687 0.03021730144579773
0.8786044232532422 0.03172468995932809
0.8704755626774794 0.03324278173598993
0.8621235414757333 0.03477047523399802
0.8535533905932737 0.03630587886027678
0.8447702723685334 0.0378462072411848
0.8357794774235092 0.039387748123543904
0.8265864214768883 0.040925903758537795
0.8171966420818224 0.042455304894126876
0.8076157952903136 0.04396998984079135
0.7978496522462164 0.04546363593220978
0.7879040957089227 0.046929826492685095
0.7777851165098009 0.04836233349274222
0.7674988099435485 0.04975539467076009
0.7570513720966108 0.05110396414961272
0.746449096114892 0.052403917479639316
0.7356983684129987 0.05365219545710242
0.7248056648273034 0.05484687574208628
0.713777546715141 0.055987166869860085
0.7026206570024947 0.05707332527837046
0.691341716182545 0.05810650198449087
0.6799475182674938 0.05908853105323036
0.6684449266961098 0.06002167657376665
0.6568408701994456 0.06090835811266436
0.645142338627231 0.06175087628954736
0.6333563787374491 0.06255116007079806
0.6214900899516319 0.06331055559752688
0.6095506200784349 0.06402967298964725
0.5975451610080642 0.06470830286281756
0.5854809443801506 0.0653454086332401
0.5733652372276805 0.06593919452099267
0.5612053375996082 0.06648724299391112
0.54900857016478 0.06698670972324404
0.5367822817998334 0.06743455941478686
0.5245338371637088 0.06782782252547273
0.512270614261456 0.06816385115850239
0.4999999999999999 0.06844055250159109
0.4877293857385438 0.06865658003915924
0.475466162836291 0.06881146628946982
0.46321771820016633 0.0689056857137099
0.4509914298352198 0.06894064232166265
0.43879466240039156 0.06891858287853617
0.42663476277231926 0.06884244297334367
0.41451905561984914 0.06871563901007458
0.4024548389919357 0.06854182393675909
0.3904493799215649 0.0683246278221369
0.3785099100483679 0.06806740592735229
0.36664362126255073 0.0677730165439992
0.35485766137276875 0.06744364857881716
0.3431591298005543 0.06708071481669746
0.33155507330389 0.0666848212929773
0.320052481732506 0.06625581668477769
0.30865828381745486 0.06579291861389365
0.29737934299750524 0.0652949068170258
0.28622245328485874 0.06476036686562574
0.27519433517269654 0.06418796304889918
0.26430163158700104 0.06357671562529073
0.2535509038851079 0.06292625623120271
0.2429486279033891 0.062237035987882286
0.23250119005645137 0.061510463773727
0.2222148834901989 0.060748957059030655
0.2120959042910774 0.05995589429631411
0.20215034775378343 0.05913546564135589
0.19238420470968637 0.05829242715887057
0.18280335791817703 0.057431771989150115
0.17341357852311146 0.05655833955041832
0.16422052257649067 0.05567639009682321
0.15522972763146647 0.05478917630309498
0.14644660940672616 0.05389854559615618
0.1378764585242665 0.05300460646161565
0.12952443732252045 0.05210548887002234
0.12139557674675777 0.051197223443882126
0.11349477331863145 0.05027375636366702
0.10582678618669683 0.04932710780144478
0.09839623425967753 0.048347671521137336
0.09120759342420814 0.047324642929898554
0.08426519384872727 0.04624655307507162
0.07757321737514639 0.04510187760161073
0.07113569499986394 0.04387968318136812
0.06495650444564427 0.042570269931743926
0.059039367825822475 0.04116576721549714
0.05338784940224234 0.039660642109587474
0.048005353438278275 0.03805208468203841
0.042895122148234655 0.03634024173603649
0.038060233744356575 0.034528280382206344
0.03350360058263052 0.03262227402684248
0.029227967408489597 0.030630915336616042
0.025235909703481607 0.02856507261256406
0.021529832133895532 0.02643721692594665
0.018111967102280024 0.024260756540583957
0.014984373402728013 0.022049321891221916
0.012148934980735715 0.019816048192972727
0.009607359798384785 0.017572903316866055
0.007361178805529334 0.015330105805659676
0.005411745017609493 0.01309567198529832
0.0037602327006450165 0.010875122442279677
0.0024076366639015356 0.008671367279061362
0.0013547716606548965 0.0064847772820248745
0.0006022718974137975 0.004313435299419938
0.00015059065189787502 0.0021535496349079095
0.0 0.0
0.00015059065189787502 -0.0012594995886183542
0.0006022718974137975 -0.0025096057667280116
0.0013547716606548965 -0.0037408167321919938
0.0024076366639015356 -0.004944445670734865
0.0037602327006450165 -0.00611297362189518
0.005411745017609493 -0.007240340507570894
0.007361178805529334 -0.008322159927798856
0.009607359798384785 -0.009355848091855398
0.012148934980735715 -0.010340662549411699
0.014984373402728013 -0.011277651850355756
0.018111967102280024 -0.012169522519164193
0.021529832133895532 -0.013020434425821745
0.025235909703481607 -0.013835739460554471
0.029227967408489597 -0.014621681131357653
0.03350360058263052 -0.015385074142676832
0.038060233744356575 -0.016132983116416533
0.042895122148234655 -0.016872418416493833
0.048005353438278275 -0.01761006466338027
0.05338784940224234 -0.018352054186724736
0.059039367825822475 -0.019103793639751083
0.06495650444564427 -0.019869847610661358
0.07113569499986394 -0.020653878655257182
0.07757321737514639 -0.02145863907628503
0.08426519384872727 -0.02228600629147634
0.09120759342420814 -0.023137051012080752
0.09839623425967753 -0.024012125872161998
0.10582678618669683 -0.024910961695950244
0.11349477331863145 -0.025832759264897802
0.12139557674675777 -0.026776266156738577
0.12952443732252045 -0.027739830803231412
0.1378764585242665 -0.02872142911180555
0.14644660940672616 -0.02971866253208253
0.15522972763146647 -0.030728730010121257
0.16422052257649067 -0.03174837955090975
0.17341357852311146 -0.03277384781834192
0.18280335791817703 -0.03380079810511554
0.19238420470968637 -0.03482426793312272
0.20215034775378343 -0.03583863740894235
0.2120959042910774 -0.036837628257636985
0.2222148834901989 -0.03781434127781837
0.23250119005645137 -0.0387613369698517
0.2429486279033891 -0.03967076052348279
0.2535509038851079 -0.04053450849745372
0.26430163158700104 -0.0413444306959042
0.27519433517269654 -0.04209255726175155
0.28622245328485874 -0.04277133816125104
0.29737934299750524 -0.04337388027690332
0.30865828381745486 -0.04389416644301801
0.320052481732506 -0.04432724105458011
0.33155507330389 -0.04466934837132812
0.3431591298005543 -0.04491801224932093
0.35485766137276875 -0.04507204959897069
0.36664362126255073 -0.04513151415313589
0.3785099100483679 -0.04509757183431784
0.3904493799215649 -0.04497231380210761
0.4024548389919357 -0.04475851779393001
0.41451905561984914 -0.04445937230980112
0.42663476277231926 -0.0440781812387517
0.43879466240039156 -0.04361806844382986
0.4509914298352198 -0.04308170245451672
0.46321771820016633 -0.04247106068977384
0.475466162836291 -0.0417872505766665
0.4877293857385438 -0.041030401657357565
0.4999999999999999 -0.04019963849585392
0.512270614261456 -0.039293139181520824
0.5245338371637088 -0.03830827880770201
0.5367822817998334 -0.03724185183879124
0.54900857016478 -0.03609036213010777
0.5612053375996082 -0.03485036487335627
0.5733652372276805 -0.033518841203241265
0.5854809443801506 -0.0320935838501415
0.5975451610080642 -0.030573571211507413
0.6095506200784349 -0.028959307602618903
0.6214900899516319 -0.027253109203937812
0.6333563787374491 -0.02545931822570991
0.645142338627231 -0.023584431858230708
0.6568408701994456 -0.02163713740004959
0.6684449266961098 -0.01962825024162158
0.6799475182674938 -0.017570556789470764
0.691341716182545 -0.015478569605785603
0.7026206570024947 -0.013368206692492128
0.713777546715141 -0.01125641069207393
0.7248056648273034 -0.009160726594813543
0.7356983684129987 -0.007098858191768668
0.746449096114892 -0.00508822393307873
0.7570513720966108 -0.003145532062333125
0.7674988099435485 -0.001286392997622537
0.7777851165098009 0.0004750159153725686
0.7879040957089227 0.0021262217228908533
0.7978496522462164 0.003656655736879604
0.8076157952903136 0.005057778673041492
0.8171966420818224 0.006323131908210342
0.8265864214768883 0.007448319519607651
0.8357794774235092 0.008430929020322721
0.8447702723685334 0.00927040123287092
0.8535533905932737 0.009967861435632584
0.8621235414757333 0.0105259247278078
0.8704755626774794 0.010948488501977738
0.8786044232532422 0.011240524061702869
0.8865052266813687 0.011407877895895658
0.894173213813303 0.011457091080174512
0.9016037657403225 0.011395242899635019
0.9087924065757916 0.01122982226788385
0.9157348061512727 0.010968628038718953
0.9224267826248536 0.010619697036031064
0.928864305000136 0.010191256701748778
0.9350434955543556 0.009691697781475472
0.9409606321741775 0.009129561492101361
0.9466121505977576 0.008513535162138177
0.9519946465617215 0.007852450381022849
0.9571048778517655 0.00715527818087712
0.9619397662556433 0.006431116618997769
0.9664963994173694 0.005689167229695438
0.9707720325915102 0.0049386980599805605
0.9747640902965183 0.0041889922865002
0.9784701678661044 0.003449282632658261
0.98188803289772 0.0027286728835817925
0.985015626597272 0.0020360486729422275
0.9878510650192642 0.0013799803542324034
0.9903926402016152 0.000768621158853272
0.9926388211944706 0.00020960399526113332
0.9945882549823906 -0.0002900598134828363
0.9962397672993549 -0.0007240767803440946
0.9975923633360985 -0.0010869597621414053
0.9986452283393451 -0.0013741064053072849
0.9993977281025862 -0.0015818656469196815
0.9998494093481021 -0.0017075908144867547
1.0 -0.0017496782603092613
