1.0 0.0020679178871354296
0.9998494093481021 0.00211893518161959
0.9993977281025862 0.002271913006321601
0.9986452283393451 0.0025266108068474975
0.9975923633360985 0.0028825684123410505
0.9962397672993549 0.003339024028518686
0.9945882549823906 0.003894812507060055
0.9926388211944706 0.004548255516758146
0.9903926402016152 0.0052970566286851635
0.9878510650192642 0.00613821449909263
0.985015626597272 0.007067966256630488
0.98188803289772 0.008081770951278674
0.9784701678661044 0.009174339681570476
0.9747640902965183 0.01033971505398255
0.9707720325915102 0.011571398280406016
0.9664963994173694 0.012862517861768926
0.9619397662556433 0.014206029820540877
0.9571048778517655 0.015594936188831562
0.9519946465617215 0.017022506232646242
0.9466121505977576 0.018482483914532367
0.9409606321741775 0.01996926548216391
0.9350434955543556 0.021478032821738106
0.928864305000136 0.023004831219586838
0.9224267826248536 0.02454658421280172
0.9157348061512727 0.02610104296901396
0.9087924065757916 0.027666672739780115
0.9016037657403225 0.029242483968672732
0.894173213813303 0.030827820189574195
0.8865052266813687 0.0324221185405508
0.8786044232532422 0.034024661226133415
0.8704755626774794 0.035634337359353736
0.8621235414757333 0.03724943418938671
0.8535533905932737 0.03886747477832131
0.8447702723685334 0.04048511586208902
0.8357794774235092 0.04209811516094905
0.8265864214768883 0.04370137213512769
0.8171966420818224 0.045289040521558854
0.8076157952903136 0.04685470538537659
0.7978496522462164 0.04839161232304968
0.7879040957089227 0.049892932275645945
0.7777851165098009 0.051352042494266205
0.7674988099435485 0.05276280279091869
0.7570513720966108 0.05411980643399154
0.746449096114892 0.05541858690462493
0.7356983684129987 0.05665576508395539
0.7248056648273034 0.057829126034843976
0.713777546715141 0.05893762001655261
0.7026206570024947 0.059981288293957956
0.691341716182545 0.06096112020154048
0.6799475182674938 0.06187885332188807
0.6684449266961098 0.06273673310066501
0.6568408701994456 0.06353725137914368
0.645142338627231 0.06428288491837576
0.6333563787374491 0.06497585487777402
0.6214900899516319 0.06561792639447057
0.6095506200784349 0.06621026402616995
0.5975451610080642 0.0667533541359128
0.5854809443801506 0.06724699968708073
0.5733652372276805 0.06769038683477471
0.5612053375996082 0.06808221664169395
0.54900857016478 0.06842088971174153
0.5367822817998334 0.0687047269836425
0.5245338371637088 0.06893220674468631
0.512270614261456 0.06910219638776942
0.4999999999999999 0.06921415768758864
0.4877293857385438 0.06926830641299703
0.475466162836291 0.06926571077393923
0.46321771820016633 0.06920831823788715
0.4509914298352198 0.06909890624183755
0.43879466240039156 0.06894095878706413
0.42663476277231926 0.06873847730458667
0.41451905561984914 0.06849573998634266
0.4024548389919357 0.06821702849742348
0.3904493799215649 0.0679063442069274
0.3785099100483679 0.06756713750369903
0.36664362126255073 0.067202073245369
0.35485766137276875 0.06681285292868575
0.3431591298005543 0.06640010992958872
0.33155507330389 0.0659633884552777
0.320052481732506 0.06550121011645617
0.30865828381745486 0.06501122479783808
0.29737934299750524 0.06449043536251708
0.28622245328485874 0.063935479260079
0.27519433517269654 0.06334294486662663
0.26430163158700104 0.06270969682751049
0.2535509038851079 0.062033183135092825
0.2429486279033891 0.06131169733362521
0.23250119005645137 0.06054457210763289
0.2222148834901989 0.05973228540824444
0.2120959042910774 0.058876466865397145
0.20215034775378343 0.05797980004032633
0.19238420470968637 0.05704582450066469
0.18280335791817703 0.056078650093607234
0.17341357852311146 0.05508260348045822
0.16422052257649067 0.05406183334622212
0.15522972763146647 0.05301990516726525
0.14644660940672616 0.051959418598434504
0.1378764585242665 0.05088168018679323
0.12952443732252045 0.04978646118189597
0.12139557674675777 0.04867186484120303
0.11349477331863145 0.04753432016508553
0.10582678618669683 0.04636870995042293
0.09839623425967753 0.04516863107125536
0.09120759342420814 0.04392677471357429
0.08426519384872727 0.04263540467718623
0.07757321737514639 0.04128690355469037
0.07113569499986394 0.039874350268930235
0.06495650444564427 0.038392088625814495
0.059039367825822475 0.03683624557349063
0.05338784940224234 0.03520515990007402
0.048005353438278275 0.03349968707820532
0.042895122148234655 0.031723353583820134
0.038060233744356575 0.02988234378516041
0.03350360058263052 0.027985313754264392
0.029227967408489597 0.026043038312801768
0.025235909703481607 0.024067909436948358
0.021529832133895532 0.02207331495744954
0.018111967102280024 0.020072935505034736
0.014984373402728013 0.018080004189642774
0.012148934980735715 0.01610657705524732
0.009607359798384785 0.014162862619533777
0.007361178805529334 0.012256655721061837
0.005411745017609493 0.010392914627811584
0.0037602327006450165 0.008573511312123068
0.0024076366639015356 0.0067971735729451125
0.0013547716606548965 0.005059625052728115
0.0006022718974137975 0.0033539160255806407
0.00015059065189787502 0.0016709250421286922
0.0 0.0
0.00015059065189787502 -0.001658655843307718
0.0006022718974137975 -0.0033066947143407617
0.0013547716606548965 -0.0049332737008258775
0.0024076366639015356 -0.006528324156076877
0.0037602327006450165 -0.008082890588260153
0.005411745017609493 -0.009589414800957959
0.007361178805529334 -0.011041952396557883
0.009607359798384785 -0.012436312861957647
0.012148934980735715 -0.013770119024664053
0.014984373402728013 -0.015042786381896626
0.018111967102280024 -0.016255427344795615
0.021529832133895532 -0.01741068950047476
0.025235909703481607 -0.01851254031186712
0.029227967408489597 -0.01956601304273916
0.03350360058263052 -0.02057692997921198
0.038060233744356575 -0.02155161916755885
0.042895122148234655 -0.02249663993313443
0.048005353438278275 -0.023418530499806453
0.05338784940224234 -0.024323588276780737
0.059039367825822475 -0.025217690059575932
0.06495650444564427 -0.02610615578006555
0.07113569499986394 -0.026993655827771704
0.07757321737514639 -0.02788415863396419
0.08426519384872727 -0.028780912414923403
0.09120759342420814 -0.02968645291530326
0.09839623425967753 -0.030602627816872292
0.10582678618669683 -0.031530628247464644
0.11349477331863145 -0.03247101852636832
0.12139557674675777 -0.033423756825378986
0.12952443732252045 -0.03438820165022722
0.1378764585242665 -0.03536310174044568
0.14644660940672616 -0.03634656989461314
0.15522972763146647 -0.03733604408284946
0.16422052257649067 -0.03832824174490313
0.17341357852311146 -0.03931911515213461
0.18280335791817703 -0.040303816943111255
0.19238420470968637 -0.041276685295231944
0.20215034775378343 -0.04223125761151215
0.2120959042910774 -0.0431603201032657
0.2222148834901989 -0.04405599833408192
0.23250119005645137 -0.04490989082663465
0.2429486279033891 -0.04571324444759397
0.2535509038851079 -0.046457166743778
0.26430163158700104 -0.047132866991123644
0.27519433517269654 -0.047731914721079544
0.28622245328485874 -0.04824650216585684
0.29737934299750524 -0.04866969562839174
0.30865828381745486 -0.04899566038578644
0.320052481732506 -0.04921984445167509
0.33155507330389 -0.049339108345876244
0.3431591298005543 -0.04935179085756732
0.35485766137276875 -0.04925770447137778
0.36664362126255073 -0.04905805841750585
0.3785099100483679 -0.04875531191984405
0.3904493799215649 -0.048352964832530244
0.4024548389919357 -0.047855297150264826
0.41451905561984914 -0.047267072542221865
0.42663476277231926 -0.0465932238232044
0.43879466240039156 -0.045838539927259475
0.4509914298352198 -0.045007374351087204
0.46321771820016633 -0.04410339413500254
0.475466162836291 -0.04312938628502769
0.4877293857385438 -0.042087135235430596
0.4999999999999999 -0.04097738071038652
0.512270614261456 -0.03979986043552306
0.5245338371637088 -0.03855343689088176
0.5367822817998334 -0.037236302027390936
0.54900857016478 -0.035846248932019195
0.5612053375996082 -0.034380995143216166
0.5733652372276805 -0.0328385389651408
0.5854809443801506 -0.031217527921212622
0.5975451610080642 -0.029517617562783278
0.6095506200784349 -0.027739799259961832
0.6214900899516319 -0.02588667731357184
0.6333563787374491 -0.023962678619930178
0.645142338627231 -0.021974181998278622
0.6568408701994456 -0.01992955889775185
0.6684449266961098 -0.017839122237296726
0.6799475182674938 -0.01571498527648095
0.691341716182545 -0.013570837346053055
0.7026206570024947 -0.011421647684246172
0.713777546715141 -0.009283312268871396
0.7248056648273034 -0.0071722612040882785
0.7356983684129987 -0.005105045781216586
0.746449096114892 -0.00309792472774675
0.7570513720966108 -0.0011664684076225047
0.7674988099435485 0.0006748020680632568
0.7777851165098009 0.0024127265602853602
0.7879040957089227 0.004035757577941735
0.7978496522462164 0.005534144866581098
0.8076157952903136 0.0069000498777110585
0.8171966420818224 0.008127591019719108
0.8265864214768883 0.009212824205076176
0.8357794774235092 0.010153666294878336
0.8447702723685334 0.010949771439774944
0.8535533905932737 0.011602371919645268
0.8621235414757333 0.012114095845929252
0.8704755626774794 0.012488774022179789
0.8786044232532422 0.01273124742678302
0.8865052266813687 0.012847185300221858
0.894173213813303 0.012842921836962801
0.9016037657403225 0.012725317171381296
0.9087924065757916 0.012501645889930538
0.9157348061512727 0.012179513875823025
0.9224267826248536 0.01176680205934966
0.928864305000136 0.011271633741541305
0.9350434955543556 0.010702360681940267
0.9409606321741775 0.010067562154850787
0.9466121505977576 0.009376050704653074
0.9519946465617215 0.008636878353498363
0.9571048778517655 0.007859337484254329
0.9619397662556433 0.007052951461401861
0.9664963994173694 0.006227451167565937
0.9707720325915102 0.005392734918764361
0.9747640902965183 0.00455881057182818
0.9784701678661044 0.0037357199547801575
0.98188803289772 0.002933446951349583
0.985015626597272 0.002161811589371825
0.9878510650192642 0.0014303532764073116
0.9903926402016152 0.0007482068737036181
0.9926388211944706 0.00012397560167849405
0.9945882549823906 -0.0004343951557625983
0.9962397672993549 -0.0009197392033719499
0.9975923633360985 -0.0013257823784127891
0.9986452283393451 -0.0016472436163137442
0.9993977281025862 -0.0018799214373810672
0.9998494093481021 -0.0020207635624539446
1.0 -0.0020679178871354296
