1.0 0.0020507821427039495
0.9998494093481021 0.0021015582432707416
0.9993977281025862 0.0022538421708965246
0.9986452283393451 0.002507482323201459
0.9975923633360985 0.0028621664257858863
0.9962397672993549 0.003317338931969972
0.9945882549823906 0.0038720983494143647
0.9926388211944706 0.004525086015425828
0.9903926402016152 0.005274379211835998
0.9878510650192642 0.006117401672234223
0.985015626597272 0.007050863456924706
0.98188803289772 0.008070739931489192
0.9784701678661044 0.00917229636393949
0.9747640902965183 0.010350160722623599
0.9707720325915102 0.011598442948194265
0.9664963994173694 0.012910894662191783
0.9619397662556433 0.014281099342812938
0.9571048778517655 0.015702679799915426
0.9519946465617215 0.01716950761429631
0.9466121505977576 0.018675898285963884
0.9409606321741775 0.02021677627537629
0.9350434955543556 0.021787795919831703
0.928864305000136 0.023385407248641008
0.9224267826248536 0.025006859782378127
0.9157348061512727 0.026650142170139147
0.9087924065757916 0.028313860615547727
0.9016037657403225 0.02999706405338893
0.894173213813303 0.03169902854917773
0.8865052266813687 0.033419017021733555
0.8786044232532422 0.03515603281722227
0.8704755626774794 0.03690858666770119
0.8621235414757333 0.03867449603576807
0.8535533905932737 0.04045073379032643
0.8447702723685334 0.042233339711728005
0.8357794774235092 0.044017403737491245
0.8265864214768883 0.045797124478531216
0.8171966420818224 0.04756594077593797
0.8076157952903136 0.049316728382117134
0.7978496522462164 0.051042048690467606
0.7879040957089227 0.052734432221642355
0.7777851165098009 0.05438667664866904
0.7674988099435485 0.055992137755715515
0.7570513720966108 0.057544992004028885
0.746449096114892 0.059040451319796045
0.7356983684129987 0.06047491418589204
0.7248056648273034 0.0618460418529957
0.713777546715141 0.06315275412214921
0.7026206570024947 0.0643951452519332
0.691341716182545 0.06557432662964427
0.6799475182674938 0.06669220843516871
0.6684449266961098 0.06775123717270867
0.6568408701994456 0.06875410927546949
0.645142338627231 0.06970348273111174
0.6333563787374491 0.07060170868604997
0.6214900899516319 0.071450603257615
0.6095506200784349 0.07225127644767029
0.5975451610080642 0.0730040303726881
0.5854809443801506 0.07370833337671008
0.5733652372276805 0.0743628704288028
0.5612053375996082 0.074965664023801
0.54900857016478 0.07551425410694003
0.5367822817998334 0.07600592079564679
0.5245338371637088 0.07643793026692475
0.512270614261456 0.07680778240091883
0.4999999999999999 0.07711343877361501
0.4877293857385438 0.07735351138243819
0.475466162836291 0.0775273959289395
0.46321771820016633 0.07763533829678539
0.4509914298352198 0.07767842865883245
0.43879466240039156 0.07765852394692749
0.42663476277231926 0.07757810569790874
0.41451905561984914 0.0774400860201854
0.4024548389919357 0.0772475791170878
0.3904493799215649 0.07700365904531498
0.3785099100483679 0.0767111258831093
0.36664362126255073 0.07637230207759217
0.35485766137276875 0.07598887843386973
0.3431591298005543 0.07556182515804495
0.33155507330389 0.07509137787807722
0.320052481732506 0.07457710207197983
0.30865828381745486 0.07401803235625441
0.29737934299750524 0.07341287620445625
0.28622245328485874 0.07276026545782062
0.27519433517269654 0.07205903399692082
0.26430163158700104 0.0713084966190876
0.2535509038851079 0.07050870283960477
0.2429486279033891 0.06966064017999307
0.23250119005645137 0.06876636452656265
0.2222148834901989 0.06782904016323643
0.2120959042910774 0.0668528787643594
0.20215034775378343 0.06584297449244919
0.19238420470968637 0.06480504079096196
0.18280335791817703 0.06374506283748357
0.17341357852311146 0.0626688872589079
0.16422052257649067 0.06158177697641027
0.15522972763146647 0.06048796340270789
0.14644660940672616 0.05939023024926633
0.1378764585242665 0.05828956267743968
0.12952443732252045 0.057184892397043316
0.12139557674675777 0.05607296373014774
0.11349477331863145 0.054948337961120954
0.10582678618669683 0.05380354400091796
0.09839623425967753 0.05262937315417732
0.09120759342420814 0.051415305330208806
0.08426519384872727 0.050150044156156245
0.07757321737514639 0.048822129881716456
0.07113569499986394 0.04742059237846696
0.06495650444564427 0.04593560246930526
0.059039367825822475 0.04435907863562213
0.05338784940224234 0.04268520799694018
0.048005353438278275 0.04091084527429844
0.042895122148234655 0.03903576094928227
0.038060233744356575 0.03706271952766431
0.03350360058263052 0.03499738005317044
0.029227967408489597 0.0328480230126174
0.025235909703481607 0.03062511968074423
0.021529832133895532 0.028340770917593988
0.018111967102280024 0.02600805165601903
0.014984373402728013 0.023640304120300583
0.012148934980735715 0.021250426684481433
0.009607359798384785 0.018850205902678108
0.007361178805529334 0.016449736546083327
0.005411745017609493 0.014056968623909592
0.0037602327006450165 0.011677411738227854
0.0024076366639015356 0.009314016317739867
0.0013547716606548965 0.006967239045597717
0.0006022718974137975 0.004635287000826611
0.00015059065189787502 0.0023145225760505964
0.0 0.0
0.00015059065189787502 -0.0016437493007540372
0.0006022718974137975 -0.0032779946307720928
0.0013547716606548965 -0.004892983428619875
0.0024076366639015356 -0.006479682774373277
0.0037602327006450165 -0.008030093427252787
0.005411745017609493 -0.009537511948152305
0.007361178805529334 -0.010996728768604695
0.009607359798384785 -0.012404154022023542
0.012148934980735715 -0.013757867344976773
0.014984373402728013 -0.015057592379992714
0.018111967102280024 -0.01630460105541019
0.021529832133895532 -0.017501556587659325
0.025235909703481607 -0.01865230729137111
0.029227967408489597 -0.019761645494339414
0.03350360058263052 -0.020835047010306276
0.038060233744356575 -0.02187840667538646
0.042895122148234655 -0.022897784438595373
0.048005353438278275 -0.023899174526890637
0.05338784940224234 -0.024888307462751072
0.059039367825822475 -0.025870491433981707
0.06495650444564427 -0.02685049597267612
0.07113569499986394 -0.02783247737836834
0.07757321737514639 -0.028819942096131018
0.08426519384872727 -0.02981574158056092
0.09120759342420814 -0.03082209023922632
0.09839623425967753 -0.031840596988409686
0.10582678618669683 -0.03287230083034612
0.11349477331863145 -0.03391770165738268
0.12139557674675777 -0.03497677911167887
0.12952443732252045 -0.03604899461872388
0.1378764585242665 -0.03713327445429531
0.14644660940672616 -0.03822797464607036
0.15522972763146647 -0.03933083138525235
0.16422052257649067 -0.040438903168139625
0.17341357852311146 -0.04154851286720442
0.18280335791817703 -0.042655199156660106
0.19238420470968637 -0.043753687061023255
0.20215034775378343 -0.04483788680159551
0.2120959042910774 -0.0459009286074333
0.2222148834901989 -0.046935238833142906
0.23250119005645137 -0.04793265975418891
0.2429486279033891 -0.04888461201682432
0.2535509038851079 -0.04978229516961873
0.26430163158700104 -0.05061691828180148
0.27519433517269654 -0.051379949642592855
0.28622245328485874 -0.052063372193005934
0.29737934299750524 -0.05265992987974673
0.30865828381745486 -0.053163349689917525
0.320052481732506 -0.053568524800326055
0.33155507330389 -0.053871646049314
0.3431591298005543 -0.05407027172213252
0.35485766137276875 -0.05416332926527331
0.36664362126255073 -0.05415104677658852
0.3785099100483679 -0.05403481667202523
0.3904493799215649 -0.05381699849182331
0.4024548389919357 -0.05350067205704405
0.41451905561984914 -0.053089355815093
0.42663476277231926 -0.05258670795242783
0.43879466240039156 -0.05199622949376034
0.4509914298352198 -0.051320989013157334
0.46321771820016633 -0.05056338770091116
0.475466162836291 -0.04972498139666046
0.4877293857385438 -0.04880637293633083
0.4999999999999999 -0.047807183968818945
0.512270614261456 -0.04672611054361157
0.5245338371637088 -0.045561061564949344
0.5367822817998334 -0.0443093739890847
0.54900857016478 -0.04296809374791514
0.5612053375996082 -0.041534307132742365
0.5733652372276805 -0.040005504041077326
0.5854809443801506 -0.038379952290784634
0.5975451610080642 -0.036657061277394994
0.6095506200784349 -0.034837713645807074
0.6214900899516319 -0.032924545333555724
0.6333563787374491 -0.03092215720225942
0.645142338627231 -0.028837245314972986
0.6568408701994456 -0.026678641487405085
0.6684449266961098 -0.024457260744961982
0.6799475182674938 -0.02218595743775778
0.691341716182545 -0.01987929668390152
0.7026206570024947 -0.017553252229980235
0.713777546715141 -0.015224845479080772
0.7248056648273034 -0.012911743139321405
0.7356983684129987 -0.010631832555855028
0.746449096114892 -0.008402794247460578
0.7570513720966108 -0.006241690491979321
0.7674988099435485 -0.004164587082102968
0.7777851165098009 -0.002186222757111907
0.7879040957089227 -0.0003197375107279784
0.7978496522462164 0.001423532780916143
0.8076157952903136 0.0030341919176970775
0.8171966420818224 0.0045048495157262135
0.8265864214768883 0.0058301217138843064
0.8357794774235092 0.0070065735150941985
0.8447702723685334 0.008032612249378278
0.8535533905932737 0.008908343292454546
0.8621235414757333 0.009635399999731259
0.8704755626774794 0.010216759830153235
0.8786044232532422 0.010656557900211189
0.8865052266813687 0.010959907834268518
0.894173213813303 0.011132737907287974
0.9016037657403225 0.011181648277073701
0.9087924065757916 0.01111379275187153
0.9157348061512727 0.01093678620857672
0.9224267826248536 0.010658636624217293
0.928864305000136 0.010287698840440717
0.9350434955543556 0.009832645745901715
0.9409606321741775 0.009302451595611591
0.9466121505977576 0.008706381711485044
0.9519946465617215 0.008053982809431856
0.9571048778517655 0.00735506862766816
0.9619397662556433 0.006619696314702949
0.9664963994173694 0.0058581300819405616
0.9707720325915102 0.005080789834061414
0.9747640902965183 0.004298183758778825
0.9784701678661044 0.0035208250920870433
0.98188803289772 0.0027591343954462572
0.985015626597272 0.002023329625845332
0.9878510650192642 0.0013233070078933176
0.9903926402016152 0.0006685162103166925
0.9926388211944706 6.783358902472027e-05
0.9945882549823906 -0.00047056269608299625
0.9962397672993549 -0.0009393120217260009
0.9975923633360985 -0.0013319817129720918
0.9986452283393451 -0.0016431655248386975
0.9993977281025862 -0.0018685676405889966
0.9998494093481021 -0.0020050701111737493
1.0 -0.0020507821427039495
