1.0 0.0018638679565226458
0.9998494093481021 0.0019117414990279028
0.9993977281025862 0.0020553265271640825
0.9986452283393451 0.002294496958181889
0.9975923633360985 0.002628980393754667
0.9962397672993549 0.003058271621945504
0.9945882549823906 0.0035815246617598136
0.9926388211944706 0.004197435047503837
0.9903926402016152 0.0049041254692853194
0.9878510650192642 0.005699048096318873
0.985015626597272 0.006578915877311461
0.98188803289772 0.007539672911953789
0.9784701678661044 0.008576510797307106
0.9747640902965183 0.009683933939133521
0.9707720325915102 0.010855872513921208
0.9664963994173694 0.012085837444065115
0.9619397662556433 0.013367107785162485
0.9571048778517655 0.01469293767441638
0.9519946465617215 0.016056767751014753
0.9466121505977576 0.017452424949834008
0.9409606321741775 0.018874294904748054
0.9350434955543556 0.020317452880867788
0.928864305000136 0.021777742075868328
0.9224267826248536 0.023251792072408132
0.9157348061512727 0.024736974879955687
0.9087924065757916 0.026231301003030963
0.9016037657403225 0.02773326290636744
0.894173213813303 0.0292416377060877
0.8865052266813687 0.03075526452172276
0.8786044232532422 0.03227281436239379
0.8704755626774794 0.03379257146768672
0.8621235414757333 0.03531224456589236
0.8535533905932737 0.036828824556662886
0.8447702723685334 0.03833850180142075
0.8357794774235092 0.03983665175615277
0.8265864214768883 0.04131789244589228
0.8171966420818224 0.042776211665587795
0.8076157952903136 0.044205156242356484
0.7978496522462164 0.04559807065475967
0.7879040957089227 0.0469483681863258
0.7777851165098009 0.048249814935213055
0.7674988099435485 0.04949680565474902
0.7570513720966108 0.05068461068780412
0.746449096114892 0.051809575179101536
0.7356983684129987 0.05286925517036697
0.7248056648273034 0.05386247984879679
0.713777546715141 0.054789334772443514
0.7026206570024947 0.05565106690485171
0.691341716182545 0.05644991828299651
0.6799475182674938 0.05718890064155143
0.6684449266961098 0.05787152788213989
0.6568408701994456 0.05850152653880455
0.645142338627231 0.05908254608202133
0.6333563787374491 0.059617890878548005
0.6214900899516319 0.06011029387508347
0.6095506200784349 0.060561748730328414
0.5975451610080642 0.06097341244182287
0.5854809443801506 0.06134558486935528
0.5733652372276805 0.06167776539468559
0.5612053375996082 0.06196878077154292
0.54900857016478 0.06221697250943568
0.5367822817998334 0.0624204273638465
0.5245338371637088 0.06257723106513595
0.512270614261456 0.06268572359500675
0.4999999999999999 0.06274473426942
0.4877293857385438 0.06275377662389374
0.475466162836291 0.06271318648895267
0.46321771820016633 0.06262419142155569
0.4509914298352198 0.062488905438164745
0.43879466240039156 0.06231024930647918
0.42663476277231926 0.062091802977124154
0.41451905561984914 0.06183760254849281
0.4024548389919357 0.06155189896840661
0.3904493799215649 0.061238899072754385
0.3785099100483679 0.060902511242544956
0.36664362126255073 0.060546117763007584
0.35485766137276875 0.06017239388042715
0.3431591298005543 0.05978318971918202
0.33155507330389 0.05937948593442855
0.320052481732506 0.05896142765167293
0.30865828381745486 0.05852843439306125
0.29737934299750524 0.0580793768749896
0.28622245328485874 0.057612805354547346
0.27519433517269654 0.05712720913756449
0.26430163158700104 0.05662128339102445
0.2535509038851079 0.05609417785961528
0.2429486279033891 0.05554570265308731
0.23250119005645137 0.05497646896339264
0.2222148834901989 0.05438794723164286
0.2120959042910774 0.05378243159465362
0.20215034775378343 0.053162906937700774
0.19238420470968637 0.052532822994691336
0.18280335791817703 0.05189578803478401
0.17341357852311146 0.05125520210485785
0.16422052257649067 0.05061385594416869
0.15522972763146647 0.04997352601916293
0.14644660940672616 0.04933459823865341
0.1378764585242665 0.04869575256064334
0.12952443732252045 0.048053737835217776
0.12139557674675777 0.04740326097991901
0.11349477331863145 0.04673700727912262
0.10582678618669683 0.046045799728030565
0.09839623425967753 0.04531889552851583
0.09120759342420814 0.044544407799479935
0.08426519384872727 0.043709831035308
0.07757321737514639 0.04280264055843667
0.07113569499986394 0.04181092981590415
0.06495650444564427 0.04072404538823743
0.059039367825822475 0.039533178366802965
0.05338784940224234 0.038231872469166525
0.048005353438278275 0.03681641384387738
0.042895122148234655 0.03528607469626184
0.038060233744356575 0.03364319217878313
0.03350360058263052 0.03189307480202738
0.029227967408489597 0.030043740183673517
0.025235909703481607 0.02810549944458363
0.021529832133895532 0.026090414158025526
0.018111967102280024 0.02401166068825999
0.014984373402728013 0.021882843357590387
0.012148934980735715 0.01971730165656683
0.009607359798384785 0.017527457359581132
0.007361178805529334 0.015324244849862289
0.005411745017609493 0.01311666234694547
0.0037602327006450165 0.010911473440544035
0.0024076366639015356 0.008713077937762397
0.0013547716606548965 0.006523559251658363
0.0006022718974137975 0.004342903227925065
0.00015059065189787502 0.002169371296458338
0.0 0.0
0.00015059065189787502 -0.0013902292265433084
0.0006022718974137975 -0.00277269648770847
0.0013547716606548965 -0.0041394235003900685
0.0024076366639015356 -0.005483103457333975
0.0037602327006450165 -0.006797390786969055
0.005411745017609493 -0.008077138895428269
0.007361178805529334 -0.009318573892346343
0.009607359798384785 -0.010519396385405753
0.012148934980735715 -0.011678807958323803
0.014984373402728013 -0.012797463604207826
0.018111967102280024 -0.013877355846159756
0.021529832133895532 -0.014921640232876298
0.025235909703481607 -0.015934415082417934
0.029227967408489597 -0.01692047055579672
0.03350360058263052 -0.0178850232415739
0.038060233744356575 -0.01883345237487279
0.042895122148234655 -0.019771052636940904
0.048005353438278275 -0.020702816304858145
0.05338784940224234 -0.02163325453770056
0.059039367825822475 -0.02256626404475522
0.06495650444564427 -0.023505041569681952
0.07113569499986394 -0.024452044843027706
0.07757321737514639 -0.025408995196854085
0.08426519384872727 -0.026376914161039714
0.09120759342420814 -0.02735618428173074
0.09839623425967753 -0.028346623262332987
0.10582678618669683 -0.02934756039296086
0.11349477331863145 -0.030357905090196712
0.12139557674675777 -0.03137619912034271
0.12952443732252045 -0.032400646559322906
0.1378764585242665 -0.033429118526301
0.14644660940672616 -0.03445913295141478
0.15522972763146647 -0.035487812817788095
0.16422052257649067 -0.03651182917534685
0.17341357852311146 -0.03752733750663412
0.18280335791817703 -0.03852991752725281
0.19238420470968637 -0.039514527083585244
0.20215034775378343 -0.04047548040086135
0.2120959042910774 -0.0414064595490827
0.2222148834901989 -0.042300565726635174
0.23250119005645137 -0.04315041397897987
0.2429486279033891 -0.04394827150086042
0.2535509038851079 -0.044686235986755196
0.26430163158700104 -0.04535644689025387
0.27519433517269654 -0.04595131922293017
0.28622245328485874 -0.04646378693834253
0.29737934299750524 -0.04688754123387765
0.30865828381745486 -0.04721724842661505
0.320052481732506 -0.047448732507651005
0.33155507330389 -0.047579109056997144
0.3431591298005543 -0.0476068598275968
0.35485766137276875 -0.0475318408210565
0.36664362126255073 -0.047355220848795815
0.3785099100483679 -0.04707935211663542
0.3904493799215649 -0.04670757897160381
0.4024548389919357 -0.04624399528012846
0.41451905561984914 -0.045693164653680264
0.42663476277231926 -0.04505982062487617
0.43879466240039156 -0.044348565684476066
0.4509914298352198 -0.043563588671305456
0.46321771820016633 -0.04270841930081384
0.475466162836291 -0.04178573665081921
0.4877293857385438 -0.04079724530983628
0.4999999999999999 -0.039743628829032186
0.512270614261456 -0.03862458536465271
0.5245338371637088 -0.03743894526339447
0.5367822817998334 -0.03618486516516054
0.54900857016478 -0.03486008831584679
0.5612053375996082 -0.03346225651712966
0.5733652372276805 -0.03198925576854743
0.5854809443801506 -0.03043957539658251
0.5975451610080642 -0.028812659457894747
0.6095506200784349 -0.027109229507100267
0.6214900899516319 -0.0253315594041893
0.6333563787374491 -0.02348368558941159
0.645142338627231 -0.021571539985691418
0.6568408701994456 -0.019602997150646596
0.6684449266961098 -0.01758783219914674
0.6799475182674938 -0.015537591037532099
0.691341716182545 -0.013465379275739053
0.7026206570024947 -0.011385580517712574
0.713777546715141 -0.009313518317539364
0.7248056648273034 -0.007265078728597283
0.7356983684129987 -0.005256311933341735
0.746449096114892 -0.0033030318644025943
0.7570513720966108 -0.0014204320316483288
0.7674988099435485 0.00037726595490050513
0.7777851165098009 0.0020771172763590588
0.7879040957089227 0.0036677015915676163
0.7978496522462164 0.005139306603653535
0.8076157952903136 0.006484044471868014
0.8171966420818224 0.007695901837484966
0.8265864214768883 0.008770727723237084
0.8357794774235092 0.009706166541703257
0.8447702723685334 0.010501545753199002
0.8535533905932737 0.011157729246099701
0.8621235414757333 0.011676948228409634
0.8704755626774794 0.012062621332871958
0.8786044232532422 0.012319174816521493
0.8865052266813687 0.012451872292215223
0.894173213813303 0.012466661511763906
0.9016037657403225 0.012370043497074167
0.9087924065757916 0.01216896696471469
0.9157348061512727 0.011870748683057247
0.9224267826248536 0.01148301829506802
0.928864305000136 0.011013684362351572
0.9350434955543556 0.01047091703129043
0.9409606321741775 0.009863141845712147
0.9466121505977576 0.009199038848678513
0.9519946465617215 0.008487541207684517
0.9571048778517655 0.007737828109322432
0.9619397662556433 0.006959307522432694
0.9664963994173694 0.006161585527037596
0.9707720325915102 0.00535442014608912
0.9747640902965183 0.004547658895315091
0.9784701678661044 0.0037511604892226874
0.98188803289772 0.0029747022300213055
0.985015626597272 0.002227875502295995
0.9878510650192642 0.0015199724635147813
0.9903926402016152 0.0008598674453151414
0.9926388211944706 0.0002558967701342602
0.9945882549823906 -0.0002842593335455341
0.9962397672993549 -0.0007536892295430585
0.9975923633360985 -0.001146353624111484
0.9986452283393451 -0.0014571778174061471
0.9993977281025862 -0.0016821301609740305
0.9998494093481021 -0.0018182848908316553
1.0 -0.0018638679565226458
