1.0 0.0019355274763555232
0.9998494093481021 0.001994678000573698
0.9993977281025862 0.002172069733771076
0.9986452283393451 0.002467503911011258
0.9975923633360985 0.0028805871201398126
0.9962397672993549 0.0034106449757650165
0.9945882549823906 0.004056614379645203
0.9926388211944706 0.004816926040727502
0.9903926402016152 0.005689390341739551
0.9878510650192642 0.006671099845073931
0.985015626597272 0.0077583606949482055
0.98188803289772 0.008946662970461027
0.9784701678661044 0.010230696853199847
0.9747640902965183 0.011604417560113113
0.9707720325915102 0.01306115769055121
0.9664963994173694 0.014593781317464562
0.9619397662556433 0.016194870195740237
0.9571048778517655 0.01785692921956361
0.9519946465617215 0.01957259603408666
0.9466121505977576 0.021334838711577424
0.9409606321741775 0.023137125754645882
0.9350434955543556 0.024973554392807188
0.928864305000136 0.026838926083124576
0.9224267826248536 0.028728762093845936
0.9157348061512727 0.030639256734635665
0.9087924065757916 0.03256717082517028
0.9016037657403225 0.03450967295665431
0.894173213813303 0.03646414058688722
0.8865052266813687 0.03842793663902945
0.8786044232532422 0.040398179730659484
0.8704755626774794 0.04237152721682049
0.8621235414757333 0.04434398977252906
0.8535533905932737 0.046310794271931716
0.8447702723685334 0.04826630837094969
0.8357794774235092 0.050204035709799574
0.8265864214768883 0.05211668535912482
0.8171966420818224 0.05399631344634216
0.8076157952903136 0.05583452926268475
0.7978496522462164 0.05762275301403209
0.7879040957089227 0.05935250815383406
0.7777851165098009 0.0610157282705659
0.7674988099435485 0.06260505704522226
0.7570513720966108 0.0641141199790662
0.746449096114892 0.06553774842152282
0.7356983684129987 0.06687213977525168
0.7248056648273034 0.06811494237057548
0.713777546715141 0.06926525903207369
0.7026206570024947 0.07032356937801966
0.691341716182545 0.07129157692817015
0.6799475182674938 0.07217199267226385
0.6684449266961098 0.07296827142890593
0.6568408701994456 0.07368432072986586
0.645142338627231 0.07432420382525821
0.6333563787374491 0.0748918585698467
0.6214900899516319 0.0753908524041701
0.6095506200784349 0.07582419050801129
0.5975451610080642 0.07619418972801156
0.5854809443801506 0.07650242542514168
0.5733652372276805 0.07674975239122486
0.5612053375996082 0.07693639493240652
0.54900857016478 0.07706209560367852
0.5367822817998334 0.07712630736129948
0.5245338371637088 0.0771284104674056
0.512270614261456 0.07706793361848598
0.4999999999999999 0.0769447586348871
0.4877293857385438 0.07675928965928744
0.475466162836291 0.07651257104167987
0.46321771820016633 0.07620634267571813
0.4509914298352198 0.07584302712069338
0.43879466240039156 0.07542564893430144
0.42663476277231926 0.07495769274507377
0.41451905561984914 0.07444291219431554
0.4024548389919357 0.07388510649543997
0.3904493799215649 0.07328788458882786
0.3785099100483679 0.07265443841749768
0.36664362126255073 0.07198734655310489
0.35485766137276875 0.07128842725392497
0.3431591298005543 0.07055865618113162
0.33155507330389 0.06979815872602159
0.320052481732506 0.06900628062137519
0.30865828381745486 0.0681817337292607
0.29737934299750524 0.0673228071720464
0.28622245328485874 0.06642762786794248
0.27519433517269654 0.06549444957400653
0.26430163158700104 0.06452194617376664
0.2535509038851079 0.0635094834997925
0.2429486279033891 0.062457344631820705
0.23250119005645137 0.06136688637075921
0.2222148834901989 0.06024060929986662
0.2120959042910774 0.05908213018671024
0.20215034775378343 0.05789605299337458
0.19238420470968637 0.056687742881572585
0.18280335791817703 0.055463015693581134
0.17341357852311146 0.054227762813494375
0.16422052257649067 0.05298753745543732
0.15522972763146647 0.05174713275926378
0.14644660940672616 0.050510184200277135
0.1378764585242665 0.04927882849941479
0.12952443732252045 0.048053448399607054
0.12139557674675777 0.04683252749029586
0.11349477331863145 0.0456126320389005
0.10582678618669683 0.044388528014014085
0.09839623425967753 0.04315343178021207
0.09120759342420814 0.04189938301508579
0.08426519384872727 0.040617718986569344
0.07757321737514639 0.03929962115276934
0.07113569499986394 0.037936698751130295
0.06495650444564427 0.036521570146312736
0.059039367825822475 0.03504840155622439
0.05338784940224234 0.03351336452557144
0.048005353438278275 0.031914978106152014
0.042895122148234655 0.030254308861448625
0.038060233744356575 0.02853501107357763
0.03350360058263052 0.026763200263687642
0.029227967408489597 0.024947164593657783
0.025235909703481607 0.023096930083141575
0.021529832133895532 0.021223706031060715
0.018111967102280024 0.01933924580812424
0.014984373402728013 0.01745516463157174
0.012148934980735715 0.015582259550461755
0.009607359798384785 0.013729877363462099
0.007361178805529334 0.011905373487624922
0.005411745017609493 0.010113699052333069
0.0037602327006450165 0.008357145084277293
0.0024076366639015356 0.0066352621486500925
0.0013547716606548965 0.004944961945088833
0.0006022718974137975 0.003280794953603242
0.00015059065189787502 0.0016353861584812296
0.0 0.0
0.00015059065189787502 -0.0010850413631100595
0.0006022718974137975 -0.002163776282831603
0.0013547716606548965 -0.003229669940988371
0.0024076366639015356 -0.004276876714655189
0.0037602327006450165 -0.005300535537736817
0.005411745017609493 -0.006297009591714142
0.007361178805529334 -0.00726405753041229
0.009607359798384785 -0.008200927850069824
0.012148934980735715 -0.009108372905416785
0.014984373402728013 -0.009988584101290861
0.018111967102280024 -0.010845054607173863
0.021529832133895532 -0.011682380217522742
0.025235909703481607 -0.012506012425660042
0.029227967408489597 -0.013321980169051523
0.03350360058263052 -0.014136597894728896
0.038060233744356575 -0.014956177530907947
0.042895122148234655 -0.015786760672827863
0.048005353438278275 -0.016633884924716288
0.05338784940224234 -0.017502395091064934
0.059039367825822475 -0.01839630604643905
0.06495650444564427 -0.01931871994207353
0.07113569499986394 -0.020271796254744175
0.07757321737514639 -0.02125676936605148
0.08426519384872727 -0.022274005163349295
0.09120759342420814 -0.023323085808446702
0.09839623425967753 -0.02440291048737242
0.10582678618669683 -0.025511799711869124
0.11349477331863145 -0.026647591581141248
0.12139557674675777 -0.027807720234937303
0.12952443732252045 -0.028989269362775207
0.1378764585242665 -0.03018899684204199
0.14644660940672616 -0.03140333007853489
0.15522972763146647 -0.03262833511370544
0.16422052257649067 -0.03385966574273227
0.17341357852311146 -0.03509250148215192
0.18280335791817703 -0.03632148500873969
0.19238420470968637 -0.037540670502350715
0.20215034775378343 -0.03874349408311498
0.2120959042910774 -0.039922776241965524
0.2222148834901989 -0.04107076391284672
0.23250119005645137 -0.0421792167939717
0.2429486279033891 -0.0432395389292567
0.2535509038851079 -0.044242952692801124
0.26430163158700104 -0.04518070848866147
0.27519433517269654 -0.046044319997264896
0.28622245328485874 -0.04682581195887586
0.29737934299750524 -0.04751796552927217
0.30865828381745486 -0.04811454535489871
0.320052481732506 -0.048610492797260235
0.33155507330389 -0.04900207120469394
0.3431591298005543 -0.049286951709728764
0.35485766137276875 -0.04946423156256387
0.36664362126255073 -0.04953438126212478
0.3785099100483679 -0.04949912142432213
0.3904493799215649 -0.04936123510447262
0.4024548389919357 -0.04912432582635595
0.41451905561984914 -0.04879253553503094
0.42663476277231926 -0.04837023979133925
0.43879466240039156 -0.04786173952761301
0.4509914298352198 -0.04727096942611167
0.46321771820016633 -0.04660124239081752
0.475466162836291 -0.04585504767881002
0.4877293857385438 -0.04503391715069735
0.4999999999999999 -0.04413836998586258
0.512270614261456 -0.04316794135356847
0.5245338371637088 -0.04212129525323722
0.5367822817998334 -0.04099641638423947
0.54900857016478 -0.03979087083056668
0.5612053375996082 -0.038502120883123186
0.5733652372276805 -0.037127875764374006
0.5854809443801506 -0.035666457597217954
0.5975451610080642 -0.03411716082555925
0.6095506200784349 -0.032480583514535595
0.6214900899516319 -0.03075891050968425
0.6333563787374491 -0.028956131204733344
0.645142338627231 -0.027078178466633438
0.6568408701994456 -0.025132979838697663
0.6684449266961098 -0.023130417186898754
0.6799475182674938 -0.021082196144163304
0.691341716182545 -0.019001631714227682
0.7026206570024947 -0.016903360911451056
0.713777546715141 -0.014802997067252448
0.7248056648273034 -0.012716743216057216
0.7356983684129987 -0.010660983642033226
0.746449096114892 -0.008651873157869224
0.7570513720966108 -0.006704943012704918
0.7674988099435485 -0.004834740577635978
0.7777851165098009 -0.00305451728996208
0.7879040957089227 -0.0013759759607983562
0.7978496522462164 0.00019091528892280392
0.8076157952903136 0.0016380392367425845
0.8171966420818224 0.0029591766549714265
0.8265864214768883 0.0041499886964421915
0.8357794774235092 0.005207942103091305
0.8447702723685334 0.00613218721126853
0.8535533905932737 0.006923400367001667
0.8621235414757333 0.007583603153077993
0.8704755626774794 0.008115970778486165
0.8786044232532422 0.008524641156165361
0.8865052266813687 0.008814534711630581
0.894173213813303 0.008991192974131288
0.9016037657403225 0.00906064167848222
0.9087924065757916 0.009029281634186885
0.9157348061512727 0.008903808179433486
0.9224267826248536 0.008691157794711623
0.928864305000136 0.008398478540651332
0.9350434955543556 0.008033119508674727
0.9409606321741775 0.00760263349302822
0.9466121505977576 0.007114786629732713
0.9519946465617215 0.006577568784053864
0.9571048778517655 0.005999198951238616
0.9619397662556433 0.005388120786381506
0.9664963994173694 0.004752984500730131
0.9707720325915102 0.0041026126466081605
0.9747640902965183 0.003445948654416009
0.9784701678661044 0.0027919882841035745
0.98188803289772 0.002149695326387014
0.985015626597272 0.0015279038720838877
0.9878510650192642 0.0009352102201878533
0.9903926402016152 0.0003798579987204626
0.9926388211944706 -0.00013037966958120701
0.9945882549823906 -0.0005883170906252819
0.9962397672993549 -0.0009874683004531199
0.9975923633360985 -0.0013221513358208617
0.9986452283393451 -0.0015875814685259737
0.9993977281025862 -0.0017799508614840317
0.9998494093481021 -0.0018964925922809062
1.0 -0.0019355274763555232
