1.0 0.001770308811900527
0.9998494093481021 0.001824312878007201
0.9993977281025862 0.0019862618146665734
0.9986452283393451 0.0022559476529878447
0.9975923633360985 0.002632965149186956
0.9962397672993549 0.003116630602904211
0.9945882549823906 0.0037058810853750645
0.9926388211944706 0.004399165521064157
0.9903926402016152 0.0051943404214775755
0.9878510650192642 0.006088583223082991
0.985015626597272 0.007078335100688667
0.98188803289772 0.008159282890259939
0.9784701678661044 0.009326386541023786
0.9747640902965183 0.010573954594349426
0.9707720325915102 0.011895765890986764
0.9664963994173694 0.013285231411621993
0.9619397662556433 0.014735586237767237
0.9571048778517655 0.016240098434292603
0.9519946465617215 0.01779227949863449
0.9466121505977576 0.019386080109561093
0.9409606321741775 0.021016055353153224
0.9350434955543556 0.022677485405106928
0.928864305000136 0.0243664406916211
0.9224267826248536 0.02607978461406636
0.9157348061512727 0.027815111693396264
0.9087924065757916 0.02957062409143272
0.9016037657403225 0.03134495448519528
0.894173213813303 0.03313694779333855
0.8865052266813687 0.034945417899229836
0.8786044232532422 0.036768897966661024
0.8704755626774794 0.038605403976736515
0.8621235414757333 0.04045223061481181
0.8535533905932737 0.04230579661359817
0.8447702723685334 0.04416155324540681
0.8357794774235092 0.04601396510013381
0.8265864214768883 0.047856566929144286
0.8171966420818224 0.04968209459129079
0.8076157952903136 0.05148268245542163
0.7978496522462164 0.0532501144444647
0.7879040957089227 0.0549761116647434
0.7777851165098009 0.056652636596596695
0.7674988099435485 0.05827219237668857
0.7570513720966108 0.05982809590776248
0.746449096114892 0.06131470538653254
0.7356983684129987 0.06272758621170293
0.7248056648273034 0.06406360386620623
0.713777546715141 0.06532093790223388
0.7026206570024947 0.06649901716110926
0.691341716182545 0.06759838235844397
0.6799475182674938 0.06862048768137555
0.6684449266961098 0.0695674576376234
0.6568408701994456 0.07044181869569283
0.645142338627231 0.07124622699372377
0.6333563787374491 0.0719832134274882
0.6214900899516319 0.07265496574902705
0.6095506200784349 0.07326316404804854
0.5975451610080642 0.07380888140904478
0.5854809443801506 0.07429255600745503
0.5733652372276805 0.0747140348770715
0.5612053375996082 0.07507268354096257
0.54900857016478 0.07536755014620464
0.5367822817998334 0.07559756813891585
0.5245338371637088 0.07576177824638562
0.512270614261456 0.0758595488768073
0.4999999999999999 0.07589077415310333
0.4877293857385438 0.07585603067044228
0.475466162836291 0.07575667756621578
0.46321771820016633 0.07559488933936948
0.4509914298352198 0.07537361666109658
0.43879466240039156 0.07509647670484193
0.42663476277231926 0.07476758076802184
0.41451905561984914 0.0743913126345843
0.4024548389919357 0.07397207574947579
0.3904493799215649 0.07351403043595647
0.3785099100483679 0.0730208437916431
0.36664362126255073 0.07249547439654783
0.35485766137276875 0.07194001155875615
0.3431591298005543 0.07135558467091709
0.33155507330389 0.07074235266099027
0.320052481732506 0.07009957692632536
0.30865828381745486 0.06942577406598222
0.29737934299750524 0.06871893774837123
0.28622245328485874 0.06797681275151257
0.27519433517269654 0.06719719913169603
0.26430163158700104 0.06637826106721527
0.2535509038851079 0.06551881351668405
0.2429486279033891 0.06461856060185313
0.23250119005645137 0.06367826257699925
0.2222148834901989 0.06269981320930777
0.2120959042910774 0.06168621602961653
0.20215034775378343 0.060641455739802355
0.19238420470968637 0.05957026949315148
0.18280335791817703 0.05847783114429196
0.17341357852311146 0.05736936922862822
0.16422052257649067 0.05624974574869918
0.15522972763146647 0.055123027275736675
0.14644660940672616 0.053992082010849374
0.1378764585242665 0.052858236051108315
0.12952443732252045 0.05172101912090086
0.12139557674675777 0.0505780246061582
0.11349477331863145 0.04942490120783995
0.10582678618669683 0.04825548442045124
0.09839623425967753 0.04706206598485776
0.09120759342420814 0.04583578919388622
0.08426519384872727 0.044567148210108806
0.07757321737514639 0.04324656113061997
0.07113569499986394 0.041864980066489164
0.06495650444564427 0.04041449752642154
0.059039367825822475 0.038888907262464856
0.05338784940224234 0.03728417960375288
0.048005353438278275 0.03559881610637779
0.042895122148234655 0.03383405579940925
0.038060233744356575 0.031993914923955855
0.03350360058263052 0.030085053191107797
0.029227967408489597 0.028116471450460145
0.025235909703481607 0.026099057421757974
0.021529832133895532 0.02404500695044228
0.018111967102280024 0.021967157312565534
0.014984373402728013 0.019878275740195784
0.012148934980735715 0.017790350055872924
0.009607359798384785 0.015713928790200428
0.007361178805529334 0.013657555336277185
0.005411745017609493 0.01162733473179867
0.0037602327006450165 0.009626662945216444
0.0024076366639015356 0.00765613766826309
0.0013547716606548965 0.0057136573347584315
0.0006022718974137975 0.003794702252243109
0.00015059065189787502 0.0018927792504364542
0.0 0.0
0.00015059065189787502 -0.0010961049891488079
0.0006022718974137975 -0.002186281860770094
0.0013547716606548965 -0.003264408210574319
0.0024076366639015356 -0.004325020272438467
0.0037602327006450165 -0.005363594985600225
0.005411745017609493 -0.006376778661861164
0.007361178805529334 -0.007362550009779326
0.009607359798384785 -0.008320309520565916
0.012148934980735715 -0.009250891931204283
0.014984373402728013 -0.010156503321725808
0.018111967102280024 -0.011040589036810846
0.021529832133895532 -0.011907642726747198
0.025235909703481607 -0.012762970101133331
0.029227967408489597 -0.013612423264672218
0.03350360058263052 -0.014462122619700228
0.038060233744356575 -0.015318183223608157
0.042895122148234655 -0.016186461219892024
0.048005353438278275 -0.01707233364414568
0.05338784940224234 -0.01798052174146662
0.059039367825822475 -0.018914964179719114
0.06495650444564427 -0.019878742503307702
0.07113569499986394 -0.02087405715993678
0.07757321737514639 -0.021902248755320024
0.08426519384872727 -0.022963856123238934
0.09120759342420814 -0.024058700563429725
0.09839623425967753 -0.025185984350990558
0.10582678618669683 -0.026344391431472776
0.11349477331863145 -0.027532179073441965
0.12139557674675777 -0.028747251059494595
0.12952443732252045 -0.02998720558668528
0.1378764585242665 -0.031249354186071793
0.14644660940672616 -0.03253071138419412
0.15522972763146647 -0.03382795822190063
0.16422052257649067 -0.03513738582622318
0.17341357852311146 -0.0364548277334838
0.18280335791817703 -0.0377755913684137
0.19238420470968637 -0.039094399841547174
0.20215034775378343 -0.04040535495944528
0.2120959042910774 -0.041701931056822426
0.2222148834901989 -0.04297700704708989
0.23250119005645137 -0.04422294111545662
0.2429486279033891 -0.045431688977716655
0.2535509038851079 -0.046594962875511674
0.26430163158700104 -0.04770442477731454
0.27519433517269654 -0.048751903907109845
0.28622245328485874 -0.04972962601093254
0.29737934299750524 -0.050630439931862864
0.30865828381745486 -0.05144802627032088
0.320052481732506 -0.05217707325475362
0.33155507330389 -0.05281340644852684
0.3431591298005543 -0.05335406149487897
0.35485766137276875 -0.05379729259306574
0.36664362126255073 -0.054142513573282175
0.3785099100483679 -0.05439017300799817
0.3904493799215649 -0.05454156944054801
0.4024548389919357 -0.054598617194280365
0.41451905561984914 -0.054563577026331016
0.42663476277231926 -0.05443876882464147
0.43879466240039156 -0.05422628538821088
0.4509914298352198 -0.05392772692608041
0.46321771820016633 -0.053543975193465466
0.475466162836291 -0.05307502417824452
0.4877293857385438 -0.05251988107218712
0.4999999999999999 -0.051876547105661856
0.512270614261456 -0.05114208295767196
0.5245338371637088 -0.05031275819076088
0.5367822817998334 -0.049384278846770345
0.54900857016478 -0.048352082323184664
0.5612053375996082 -0.04721168425975001
0.5733652372276805 -0.04595905868788321
0.5854809443801506 -0.04459103035611203
0.5975451610080642 -0.04310565709189668
0.6095506200784349 -0.041502580356152126
0.6214900899516319 -0.039783323764832165
0.6333563787374491 -0.03795152217886914
0.645142338627231 -0.03601306780894523
0.6568408701994456 -0.0339761643909863
0.6684449266961098 -0.0318512855627629
0.6799475182674938 -0.0296510387882759
0.691341716182545 -0.02738994120950289
0.7026206570024947 -0.02508411834931978
0.713777546715141 -0.02275094037958585
0.7248056648273034 -0.020408613495599096
0.7356983684129987 -0.01807574566227521
0.746449096114892 -0.01577090655435854
0.7570513720966108 -0.013512200916221847
0.7674988099435485 -0.01131687290378154
0.7777851165098009 -0.009200956394339738
0.7879040957089227 -0.007178982964604705
0.7978496522462164 -0.005263755483773877
0.8076157952903136 -0.003466191306671209
0.8171966420818224 -0.0017952351406202108
0.8265864214768883 -0.0002578380402786264
0.8357794774235092 0.001141004134979816
0.8447702723685334 0.002398161924286488
0.8535533905932737 0.003512243940325726
0.8621235414757333 0.004483440696822081
0.8704755626774794 0.005313352329251727
0.8786044232532422 0.006004811264205191
0.8865052266813687 0.006561709571828069
0.894173213813303 0.006988838924341689
0.9016037657403225 0.007291748949571649
0.9087924065757916 0.007476627488380897
0.9157348061512727 0.007550204011132712
0.9224267826248536 0.007519675376350178
0.928864305000136 0.007392651353416343
0.9350434955543556 0.007177115975191944
0.9409606321741775 0.006881399892225843
0.9466121505977576 0.00651415848492229
0.9519946465617215 0.006084350533607819
0.9571048778517655 0.005601212696666775
0.9619397662556433 0.005074225826343199
0.9664963994173694 0.00451307016625432
0.9707720325915102 0.00392756762230371
0.9747640902965183 0.0033276104789575333
0.9784701678661044 0.002723077054484516
0.98188803289772 0.0021237357762192875
0.985015626597272 0.0015391399549224173
0.9878510650192642 0.0009785161131368601
0.9903926402016152 0.0004506490659402561
0.9926388211944706 -3.6232925919993646e-05
0.9945882549823906 -0.00047456968360296524
0.9962397672993549 -0.0008575743001974304
0.9975923633360985 -0.001179329313772401
0.9986452283393451 -0.0014348715870961632
0.9993977281025862 -0.001620264043453468
0.9998494093481021 -0.0017326528235337413
1.0 -0.001770308811900527
