1.0 0.0016236435329681624
0.9998494093481021 0.0016834433704024283
0.9993977281025862 0.0018627810950568415
0.9986452283393451 0.0021614520159161208
0.9975923633360985 0.002579052589313305
0.9962397672993549 0.003114893767969629
0.9945882549823906 0.0037678929128302278
0.9926388211944706 0.004536456029770506
0.9903926402016152 0.005418363509429233
0.9878510650192642 0.006410672743250045
0.985015626597272 0.007509649929053258
0.98188803289772 0.008710741142203278
0.9784701678661044 0.010008589515166961
0.9747640902965183 0.011397101410145402
0.9707720325915102 0.012869560124792432
0.9664963994173694 0.014418781316855134
0.9619397662556433 0.016037300353756598
0.9571048778517655 0.017717578545589384
0.9519946465617215 0.01945221300575853
0.9466121505977576 0.021234133920343796
0.9409606321741775 0.02305677340996526
0.9350434955543556 0.024914191937103307
0.928864305000136 0.026801151232100716
0.9224267826248536 0.028713126759011727
0.9157348061512727 0.03064625750365611
0.9087924065757916 0.03259723596012667
0.9016037657403225 0.03456314620258908
0.894173213813303 0.03654126243908692
0.8865052266813687 0.03852882406897273
0.8786044232532422 0.04052280568677895
0.8704755626774794 0.04251970146683049
0.8621235414757333 0.04451534281160378
0.8535533905932737 0.04650476606348746
0.8447702723685334 0.04848214359989396
0.8357794774235092 0.05044078700696102
0.8265864214768883 0.052373225605696114
0.8171966420818224 0.05427135780469317
0.8076157952903136 0.05612666703093541
0.7978496522462164 0.05793048880084697
0.7879040957089227 0.059674311257701146
0.7777851165098009 0.06135008856829429
0.7674988099435485 0.06295054519144336
0.7570513720966108 0.06446944933257309
0.746449096114892 0.06590183587895428
0.7356983684129987 0.06724416263182055
0.7248056648273034 0.06849438845316148
0.713777546715141 0.06965196766054657
0.7026206570024947 0.07071776119080148
0.691341716182545 0.0716938712292847
0.6799475182674938 0.07258341167949177
0.6684449266961098 0.07339023157738646
0.6568408701994456 0.07411861195841248
0.645142338627231 0.07477295848821108
0.6333563787374491 0.07535751222267503
0.6214900899516319 0.07587609916032849
0.6095506200784349 0.07633193592237089
0.5975451610080642 0.07672750420666112
0.5854809443801506 0.0770645009861369
0.5733652372276805 0.07734386521596327
0.5612053375996082 0.07756587557869335
0.54900857016478 0.07773030803952011
0.5367822817998334 0.07783663717485478
0.5245338371637088 0.07788426177297758
0.512270614261456 0.07787273337396682
0.4999999999999999 0.07780196637431883
0.4877293857385438 0.0776724100806538
0.475466162836291 0.07748516651968947
0.46321771820016633 0.07724204262301446
0.4509914298352198 0.07694553121273992
0.43879466240039156 0.07659872153918083
0.42663476277231926 0.07620514643763444
0.41451905561984914 0.07576857894597659
0.4024548389919357 0.07529279596425209
0.3904493799215649 0.07478132982695851
0.3785099100483679 0.07423723019795396
0.36664362126255073 0.07366285832715129
0.35485766137276875 0.07305973342366
0.3431591298005543 0.07242844685681554
0.33155507330389 0.07176865439835302
0.320052481732506 0.0710791501960635
0.30865828381745486 0.07035801914544473
0.29737934299750524 0.06960285737754343
0.28622245328485874 0.06881104429142894
0.27519433517269654 0.06798004447089231
0.26430163158700104 0.06710771439381098
0.2535509038851079 0.06619258740151623
0.2429486279033891 0.06523411112283352
0.23250119005645137 0.06423281444983213
0.2222148834901989 0.06319038607016018
0.2120959042910774 0.06210965313799118
0.20215034775378343 0.06099445643237228
0.19238420470968637 0.05984942671980972
0.18280335791817703 0.05867967535451991
0.17341357852311146 0.05749041974802131
0.16422052257649067 0.05628657059095935
0.15522972763146647 0.05507231207420009
0.14644660940672616 0.05385070842647141
0.1378764585242665 0.052623369623527795
0.12952443732252045 0.05139020608116497
0.12139557674675777 0.05014929667267053
0.11349477331863145 0.04889688685372962
0.10582678618669683 0.04762752454765742
0.09839623425967753 0.046334331388738076
0.09120759342420814 0.04500939667680697
0.08426519384872727 0.043644271730960894
0.07757321737514639 0.042230533989030254
0.07113569499986394 0.040760383845466305
0.06495650444564427 0.03922723338359626
0.059039367825822475 0.03762624519283766
0.05338784940224234 0.03595478151542428
0.048005353438278275 0.034212728967320236
0.042895122148234655 0.03240267173130844
0.038060233744356575 0.03052989593181346
0.03350360058263052 0.028602219207258476
0.029227967408489597 0.026629651510743906
0.025235909703481607 0.024623905041485337
0.021529832133895532 0.022597782081315118
0.018111967102280024 0.02056447858476238
0.014984373402728013 0.018536847967846975
0.012148934980735715 0.01652667314905478
0.009607359798384785 0.01454399521393381
0.007361178805529334 0.012596544033286302
0.005411745017609493 0.01068930993546401
0.0037602327006450165 0.008824286517567132
0.0024076366639015356 0.007000403483455663
0.0013547716606548965 0.005213655784491236
0.0006022718974137975 0.0034574221847615766
0.00015059065189787502 0.0017229535935625025
0.0 0.0
0.00015059065189787502 -0.0011552770157482767
0.0006022718974137975 -0.0023039003025939857
0.0013547716606548965 -0.003439087853331869
0.0024076366639015356 -0.004554759022750503
0.0037602327006450165 -0.0056458356787585234
0.005411745017609493 -0.0067084873387574335
0.007361178805529334 -0.007740307343207977
0.009607359798384785 -0.008740411499391252
0.012148934980735715 -0.009709455494593181
0.014984373402728013 -0.01064957239024674
0.018111967102280024 -0.011564236320969229
0.021529832133895532 -0.012458062807359465
0.025235909703481607 -0.013336559563491899
0.029227967408489597 -0.01420584411660897
0.03350360058263052 -0.015072345813306192
0.038060233744356575 -0.01594250980740611
0.042895122148234655 -0.016822519444772196
0.048005353438278275 -0.017718051201932546
0.05338784940224234 -0.01863407319797569
0.059039367825822475 -0.0195746945430992
0.06495650444564427 -0.020543068713196447
0.07113569499986394 -0.021541350065745746
0.07757321737514639 -0.02257069884836777
0.08426519384872727 -0.02363132687700664
0.09120759342420814 -0.024722573702902404
0.09839623425967753 -0.025843001704535344
0.10582678618669683 -0.026990498210388267
0.11349477331863145 -0.028162373473174615
0.12139557674675777 -0.029355444984855577
0.12952443732252045 -0.030566101077421783
0.1378764585242665 -0.03179033976850319
0.14644660940672616 -0.033023782111899734
0.15522972763146647 -0.03426166260863057
0.16422052257649067 -0.03549880223417576
0.17341357852311146 -0.036729572078126486
0.18280335791817703 -0.0379478572563306
0.19238420470968637 -0.03914703149008965
0.20215034775378343 -0.04031995247606367
0.2120959042910774 -0.04145898690140112
0.2222148834901989 -0.04255607178127101
0.23250119005645137 -0.04360281587665512
0.2429486279033891 -0.044590641518704746
0.2535509038851079 -0.04551096349766505
0.26430163158700104 -0.04635539806921671
0.27519433517269654 -0.04711599188993399
0.28622245328485874 -0.04778545809460266
0.29737934299750524 -0.048357405004868355
0.30865828381745486 -0.04882654228110232
0.320052481732506 -0.04918884978998228
0.33155507330389 -0.04944169606586301
0.3431591298005543 -0.04958389591385829
0.35485766137276875 -0.049615700273337705
0.36664362126255073 -0.04953871569746514
0.3785099100483679 -0.049355755417775024
0.3904493799215649 -0.04907062862885397
0.4024548389919357 -0.04868787901267952
0.41451905561984914 -0.048212487304680425
0.42663476277231926 -0.04764955560122287
0.43879466240039156 -0.04700399289654363
0.4509914298352198 -0.04628022186689625
0.46321771820016633 -0.04548192612822516
0.475466162836291 -0.04461185511010936
0.4877293857385438 -0.043671700432379904
0.4999999999999999 -0.04266205344331433
0.512270614261456 -0.04158244864968578
0.5245338371637088 -0.04043149245887702
0.5367822817998334 -0.03920707130888272
0.54900857016478 -0.03790662823374919
0.5612053375996082 -0.03652749252934395
0.5733652372276805 -0.03506724373325527
0.5854809443801506 -0.0335240888360705
0.5975451610080642 -0.031897230644451505
0.6095506200784349 -0.030187205577420353
0.6214900899516319 -0.02839617086409572
0.6333563787374491 -0.02652812400486851
0.645142338627231 -0.024589041262137266
0.6568408701994456 -0.02258692660153058
0.6684449266961098 -0.020531767605760604
0.6799475182674938 -0.018435400103425145
0.691341716182545 -0.016311288266070874
0.7026206570024947 -0.014174231421922005
0.713777546715141 -0.01204001254862303
0.7248056648273034 -0.009925006133102838
0.7356983684129987 -0.007845764687609962
0.746449096114892 -0.005818603627955968
0.7570513720966108 -0.003859203472756375
0.7674988099435485 -0.0019822465055690584
0.7777851165098009 -0.00020110231560627016
0.7879040957089227 0.0014724267901808287
0.7978496522462164 0.0030282933818169227
0.8076157952903136 0.004458322438987423
0.8171966420818224 0.005756259723139371
0.8265864214768883 0.006917755532540392
0.8357794774235092 0.00794029148734092
0.8447702723685334 0.008823060393918844
0.8535533905932737 0.009566810832356675
0.8621235414757333 0.01017366885201936
0.8704755626774794 0.010646949062309827
0.8786044232532422 0.010990966538920982
0.8865052266813687 0.01121085944778108
0.894173213813303 0.01131243027301673
0.9016037657403225 0.011302011198157415
0.9087924065757916 0.011186356716841258
0.9157348061512727 0.010972564120836484
0.9224267826248536 0.01066802029209922
0.928864305000136 0.01028037134671151
0.9350434955543556 0.009817510241157682
0.9409606321741775 0.009287576514777563
0.9466121505977576 0.008698961924598111
0.9519946465617215 0.008060315809391651
0.9571048778517655 0.007380544544091325
0.9619397662556433 0.006668800332213152
0.9664963994173694 0.005934455733223834
0.9707720325915102 0.005187061625703591
0.9747640902965183 0.004436287658054035
0.9784701678661044 0.0036918455376576103
0.98188803289772 0.002963396673727718
0.985015626597272 0.002260446656048119
0.9878510650192642 0.0015922297819036947
0.9903926402016152 0.0009675873206762601
0.9926388211944706 0.0003948434353058274
0.9945882549823906 -0.00011831731441514968
0.9962397672993549 -0.0005649671433163362
0.9975923633360985 -0.000939043468406572
0.9986452283393451 -0.001235445595533032
0.9993977281025862 -0.0014501171439408427
0.9998494093481021 -0.0015801121817881824
1.0 -0.0016236435329681624
