1.0 0.001928591805403368
0.9998494093481021 0.001976758618108926
0.9993977281025862 0.002121194495987609
0.9986452283393451 0.0023616877256162757
0.9975923633360985 0.002697827340598433
0.9962397672993549 0.0031289227658155994
0.9945882549823906 0.0036539042938491997
0.9926388211944706 0.0042712159175805915
0.9903926402016152 0.004978713405443495
0.9878510650192642 0.005773580656164428
0.985015626597272 0.006652276275460897
0.98188803289772 0.007610520055133648
0.9784701678661044 0.00864332578619258
0.9747640902965183 0.00974508287225134
0.9707720325915102 0.010909684864433658
0.9664963994173694 0.012130698690175884
0.9619397662556433 0.01340156437827774
0.9571048778517655 0.014715811848401697
0.9519946465617215 0.016067279135639496
0.9466121505977576 0.017450315477694666
0.9409606321741775 0.018859953119277625
0.9350434955543556 0.02029203348736524
0.928864305000136 0.02174327644839708
0.9224267826248536 0.023211285452718517
0.9157348061512727 0.024694486190058474
0.9087924065757916 0.02619200154346831
0.9016037657403225 0.027703470722790252
0.894173213813303 0.029228825064890024
0.8865052266813687 0.030768036721156484
0.8786044232532422 0.03232085899197252
0.8704755626774794 0.03388657818332306
0.8621235414757333 0.03546379643445543
0.8535533905932737 0.03705026300239982
0.8447702723685334 0.03864276811829724
0.8357794774235092 0.04023710899633709
0.8265864214768883 0.04182813222026234
0.8171966420818224 0.043409850967112355
0.8076157952903136 0.04497562980363637
0.7978496522462164 0.04651842456042601
0.7879040957089227 0.04803106047092055
0.7777851165098009 0.04950652870741278
0.7674988099435485 0.050938279907180445
0.7570513720966108 0.05232049339354512
0.746449096114892 0.05364830256309207
0.7356983684129987 0.054917960203525615
0.7248056648273034 0.05612693207573207
0.713777546715141 0.057273912583804744
0.7026206570024947 0.05835876233709077
0.691341716182545 0.059382373405694334
0.6799475182674938 0.060346473607911996
0.6684449266961098 0.06125338580147758
0.6568408701994456 0.06210576150705017
0.645142338627231 0.06290630999960561
0.6333563787374491 0.06365754411230762
0.6214900899516319 0.06436156239547149
0.6095506200784349 0.06501988408628427
0.5975451610080642 0.06563334882816003
0.5854809443801506 0.06620208759668039
0.5733652372276805 0.06672556528743867
0.5612053375996082 0.067202689390377
0.54900857016478 0.06763197361158618
0.5367822817998334 0.0680117406684252
0.5245338371637088 0.06834034516588083
0.512270614261456 0.06861639574483369
0.4999999999999999 0.0688389557305253
0.4877293857385438 0.06900770331297645
0.475466162836291 0.06912303572572225
0.46321771820016633 0.0691861066840815
0.4509914298352198 0.0691987921127858
0.43879466240039156 0.06916358546329672
0.42663476277231926 0.06908343017395543
0.41451905561984914 0.06896150253584368
0.4024548389919357 0.06880096290565736
0.3904493799215649 0.06860469644347604
0.3785099100483679 0.0683750660500183
0.36664362126255073 0.06811369977538845
0.35485766137276875 0.06782133266398825
0.3431591298005543 0.06749771893968043
0.33155507330389 0.0671416249203285
0.320052481732506 0.0667509065060177
0.30865828381745486 0.06632266802857732
0.29737934299750524 0.065853492252619
0.28622245328485874 0.06533972495922255
0.27519433517269654 0.06477779236287651
0.26430163158700104 0.06416452606733238
0.2535509038851079 0.06349746869190441
0.2429486279033891 0.06277513388040215
0.23250119005645137 0.06199719715501258
0.2222148834901989 0.06116459883765526
0.2120959042910774 0.06027954670704433
0.20215034775378343 0.059345413723373756
0.19238420470968637 0.058366534457662045
0.18280335791817703 0.05734791216701784
0.17341357852311146 0.056294856101557385
0.16422052257649067 0.055212574989523394
0.15522972763146647 0.054105757185119355
0.14644660940672616 0.05297817026832592
0.1378764585242665 0.05183231271080051
0.12952443732252045 0.050669147506686454
0.12139557674675777 0.04948794254682685
0.11349477331863145 0.04828623531357166
0.10582678618669683 0.04705993068328705
0.09839623425967753 0.04580353087084567
0.09120759342420814 0.0445104865494621
0.08426519384872727 0.04317364868075836
0.07757321737514639 0.04178579232380285
0.07113569499986394 0.040340177311487396
0.06495650444564427 0.03883110671397259
0.059039367825822475 0.03725444280842187
0.05338784940224234 0.035608041998697874
0.048005353438278275 0.03389207472005259
0.042895122148234655 0.03210920354978822
0.038060233744356575 0.03026460205558643
0.03350360058263052 0.02836580771323892
0.029227967408489597 0.026422413758418875
0.025235909703481607 0.024445616279810938
0.021529832133895532 0.02244764338357089
0.018111967102280024 0.020441102086398114
0.014984373402728013 0.018438285063469603
0.012148934980735715 0.01645048298749695
0.009607359798384785 0.014487348646617767
0.007361178805529334 0.012556356247152574
0.005411745017609493 0.01066239345062163
0.0037602327006450165 0.008807515144253361
0.0024076366639015356 0.006990877279315938
0.0013547716606548965 0.005208857067416334
0.0006022718974137975 0.00345535324119432
0.00015059065189787502 0.0017222478463006917
0.0 0.0
0.00015059065189787502 -0.0011902815327340089
0.0006022718974137975 -0.0023764744357784905
0.0013547716606548965 -0.0035541838503482296
0.0024076366639015356 -0.00471954793276464
0.0037602327006450165 -0.005869464182434851
0.005411745017609493 -0.007001770388274215
0.007361178805529334 -0.008115369902365546
0.009607359798384785 -0.009210294638891038
0.012148934980735715 -0.010287703278695338
0.014984373402728013 -0.011349816342198057
0.018111967102280024 -0.012399793777906001
0.021529832133895532 -0.01344156422003012
0.025235909703481607 -0.014479617854481796
0.029227967408489597 -0.015518776711724995
0.03350360058263052 -0.016563957061116727
0.038060233744356575 -0.017619938375797835
0.042895122148234655 -0.0186911521111843
0.048005353438278275 -0.01978150141101445
0.05338784940224234 -0.020894220006450016
0.059039367825822475 -0.022031775241276936
0.06495650444564427 -0.02319581660821834
0.07113569499986394 -0.024387167698200006
0.07757321737514639 -0.02560585631673607
0.08426519384872727 -0.02685117494932876
0.09120759342420814 -0.028121761951613058
0.09839623425967753 -0.029415692926929332
0.10582678618669683 -0.030730571787870614
0.11349477331863145 -0.0320636119559749
0.12139557674675777 -0.033411699937313896
0.12952443732252045 -0.03477143595693389
0.1378764585242665 -0.03613914922442228
0.14644660940672616 -0.037510888483105305
0.15522972763146647 -0.038882391497945035
0.16422052257649067 -0.04024903979965079
0.17341357852311146 -0.04160580708960244
0.18280335791817703 -0.04294721103282452
0.19238420470968637 -0.04426727859695528
0.20215034775378343 -0.045559534578617
0.2120959042910774 -0.046817021516725565
0.2222148834901989 -0.04803235692318448
0.23250119005645137 -0.04919783083241092
0.2429486279033891 -0.05030554330637751
0.2535509038851079 -0.051347577995275555
0.26430163158700104 -0.05231620442917746
0.27519433517269654 -0.05320409868462841
0.28622245328485874 -0.05400456968925497
0.29737934299750524 -0.054711776910173454
0.30865828381745486 -0.05532092466966989
0.320052481732506 -0.055828418921729836
0.33155507330389 -0.0562319740018062
0.3431591298005543 -0.056530659543872396
0.35485766137276875 -0.05672488128041253
0.36664362126255073 -0.0568162935735776
0.3785099100483679 -0.05680764599016726
0.3904493799215649 -0.05670257071995006
0.4024548389919357 -0.05650532182857221
0.41451905561984914 -0.05622048093025469
0.42663476277231926 -0.0558526465958857
0.43879466240039156 -0.05540612646965148
0.4509914298352198 -0.05488465151460211
0.46321771820016633 -0.05429113098946149
0.475466162836291 -0.053627464707328876
0.4877293857385438 -0.05289442595864143
0.4999999999999999 -0.05209162439021003
0.512270614261456 -0.05121755337781816
0.5245338371637088 -0.05026972131664081
0.5367822817998334 -0.04924486111181468
0.54900857016478 -0.048139207313696065
0.5612053375996082 -0.04694882612132008
0.5733652372276805 -0.04566998014451039
0.5854809443801506 -0.044299507581517905
0.5975451610080642 -0.04283519447296776
0.6095506200784349 -0.04127611899001978
0.6214900899516319 -0.0396229482757114
0.6333563787374491 -0.03787817107213196
0.645142338627231 -0.03604625304774818
0.6568408701994456 -0.03413370614449263
0.6684449266961098 -0.03214906810649888
0.6799475182674938 -0.030102793322733346
0.691341716182545 -0.0280070609042433
0.7026206570024947 -0.025875510232935956
0.713777546715141 -0.0237229178108452
0.7248056648273034 -0.021564831909085917
0.7356983684129987 -0.019417183132271625
0.746449096114892 -0.017295889517748738
0.7570513720966108 -0.015216474194205605
0.7674988099435485 -0.013193712016058023
0.7777851165098009 -0.011241319115464958
0.7879040957089227 -0.009371696169477571
0.7978496522462164 -0.007595732596565534
0.8076157952903136 -0.0059226751226932215
0.8171966420818224 -0.004360060439983166
0.8265864214768883 -0.0029137082513835595
0.8357794774235092 -0.0015877680513017847
0.8447702723685334 -0.0003848106896203458
0.8535533905932737 0.0006940457923923745
0.8621235414757333 0.0016489873345398804
0.8704755626774794 0.0024813433070281317
0.8786044232532422 0.0031934247745375797
0.8865052266813687 0.003788370769535087
0.894173213813303 0.004270009953527458
0.9016037657403225 0.004642742919052968
0.9087924065757916 0.0049114481205031315
0.9157348061512727 0.005081412185846668
0.9224267826248536 0.005158283305922139
0.928864305000136 0.005148044649819184
0.9350434955543556 0.005057003408113058
0.9409606321741775 0.0048917901777541595
0.9466121505977576 0.004659362992736562
0.9519946465617215 0.004367010356683289
0.9571048778517655 0.004022348098935401
0.9619397662556433 0.003633305681216852
0.9664963994173694 0.0032080986368468187
0.9707720325915102 0.0027551850295409078
0.9747640902965183 0.002283205074703152
0.9784701678661044 0.0018009042809843713
0.98188803289772 0.0013170415659121916
0.985015626597272 0.0008402847172212403
0.9878510650192642 0.000379096272737604
0.9903926402016152 -5.8386640679493514e-05
0.9926388211944706 -0.00046447473167549264
0.9945882549823906 -0.0008320474290725557
0.9962397672993549 -0.0011546685765407311
0.9975923633360985 -0.0014266935800853037
0.9986452283393451 -0.0016433650422406326
0.9993977281025862 -0.001800894366871519
0.9998494093481021 -0.0018965272944480446
1.0 -0.001928591805403368
