1.0 0.002028875625194398
0.9998494093481021 0.002074244296972428
0.9993977281025862 0.0022103067536445903
0.9986452283393451 0.0024369143435346305
0.9975923633360985 0.0027537613681274356
0.9962397672993549 0.003160304888148073
0.9945882549823906 0.0036556652630228364
0.9926388211944706 0.00423851880163776
0.9903926402016152 0.004906995246386918
0.9878510650192642 0.0056585929594110684
0.985015626597272 0.006490123597751845
0.98188803289772 0.007397695829409736
0.9784701678661044 0.008376744434156837
0.9747640902965183 0.00942210721875036
0.9707720325915102 0.010528147889252437
0.9664963994173694 0.011688918734932285
0.9619397662556433 0.012898353066865879
0.9571048778517655 0.01415047417246368
0.9519946465617215 0.01543960539141695
0.9466121505977576 0.016760565003620487
0.9409606321741775 0.018108830058820156
0.9350434955543556 0.019480655071822176
0.928864305000136 0.02087313454259237
0.9224267826248536 0.02228420231732534
0.9157348061512727 0.02371256557456108
0.9087924065757916 0.0251575763241233
0.9016037657403225 0.02661904833513188
0.894173213813303 0.028097031949752667
0.8865052266813687 0.029591562910946244
0.8786044232532422 0.03110240381846747
0.8704755626774794 0.032628797901820134
0.8621235414757333 0.03416925434664724
0.8535533905932737 0.03572138243870928
0.8447702723685334 0.03728178842674265
0.8357794774235092 0.038846044495759756
0.8265864214768883 0.040408733925313294
0.8171966420818224 0.04196357079207409
0.8076157952903136 0.04350358690934679
0.7978496522462164 0.0450213735262313
0.7879040957089227 0.046509361050021576
0.7777851165098009 0.04796011705299795
0.7674988099435485 0.049366641328147436
0.7570513720966108 0.05072263689894758
0.746449096114892 0.05202273766800964
0.7356983684129987 0.05326267667907619
0.7248056648273034 0.05443938351581787
0.713777546715141 0.055551004815672836
0.7026206570024947 0.05659684780912773
0.691341716182545 0.057577252734661834
0.6799475182674938 0.0584934054536658
0.6684449266961098 0.05934710615902342
0.6568408701994456 0.060140513366829185
0.645142338627231 0.06087588413441492
0.6333563787374491 0.06155533151386404
0.6214900899516319 0.06218061861842434
0.6095506200784349 0.06275300547702743
0.5975451610080642 0.06327316033493355
0.5854809443801506 0.0637411415901855
0.5733652372276805 0.06415645057960306
0.5612053375996082 0.06451814943227713
0.54900857016478 0.0648250326856708
0.5367822817998334 0.06507583676706435
0.5245338371637088 0.06526946816597168
0.512270614261456 0.0654052294411945
0.4999999999999999 0.06548302227050645
0.4877293857385438 0.06550350857029583
0.475466162836291 0.06546821415095459
0.46321771820016633 0.06537956416038934
0.4509914298352198 0.0652408453173458
0.43879466240039156 0.0650560961786095
0.42663476277231926 0.06482993290313625
0.41451905561984914 0.06456732365025623
0.4024548389919357 0.06427332939439902
0.3904493799215649 0.06395283214924435
0.3785099100483679 0.06361027307606969
0.36664362126255073 0.06324942254869022
0.35485766137276875 0.06287320195826256
0.3431591298005543 0.06248357301875547
0.33155507330389 0.06208150487762724
0.320052481732506 0.06166702287007636
0.30865828381745486 0.061239335795183376
0.29737934299750524 0.060797031706276906
0.28622245328485874 0.06033832597070652
0.27519433517269654 0.0598613403009884
0.26430163158700104 0.059364388041324885
0.2535509038851079 0.058846239540065924
0.2429486279033891 0.058306342127846134
0.23250119005645137 0.05774497206206715
0.2222148834901989 0.057163300626851314
0.2120959042910774 0.05656336306504654
0.20215034775378343 0.05594792669491292
0.19238420470968637 0.05532026285056464
0.18280335791817703 0.054683835539308466
0.17341357852311146 0.05404192727262934
0.16422052257649067 0.05339722877872773
0.15522972763146647 0.05275142370689194
0.14644660940672616 0.05210480158091922
0.1378764585242665 0.051455931907865654
0.12952443732252045 0.050801429444101195
0.12139557674675777 0.050135835302900465
0.11349477331863145 0.04945163118558873
0.10582678618669683 0.04873939502853115
0.09839623425967753 0.047988096411525356
0.09120759342420814 0.047185519888248685
0.08426519384872727 0.0463187947306282
0.07757321737514639 0.04537500115963209
0.07113569499986394 0.04434181662146386
0.06495650444564427 0.04320816158912347
0.059039367825822475 0.04196480308350115
0.05338784940224234 0.040604875774478355
0.048005353438278275 0.03912428508463004
0.042895122148234655 0.037521963905196604
0.038060233744356575 0.035799963877346026
0.03350360058263052 0.03396337305664993
0.029227967408489597 0.032020063408972746
0.025235909703481607 0.029980283158213182
0.021529832133895532 0.027856119689763807
0.018111967102280024 0.02566086773110221
0.014984373402728013 0.02340834421699428
0.012148934980735715 0.021112195097276937
0.009607359798384785 0.018785240056083067
0.007361178805529334 0.016438898602836465
0.005411745017609493 0.014082735419501757
0.0037602327006450165 0.011724154580155863
0.0024076366639015356 0.009368261869604955
0.0013547716606548965 0.007017902645590241
0.0006022718974137975 0.004673870346559134
0.00015059065189787502 0.0023352687207599254
0.0 0.0
0.00015059065189787502 -0.001205873637958654
0.0006022718974137975 -0.0024042940955656066
0.0013547716606548965 -0.0035875529365451
0.0024076366639015356 -0.004748634014017969
0.0037602327006450165 -0.005881511864540238
0.005411745017609493 -0.006981396072001291
0.007361178805529334 -0.008044909143566344
0.009607359798384785 -0.009070189685496128
0.012148934980735715 -0.01005691737717663
0.014984373402728013 -0.011006261085877319
0.018111967102280024 -0.011920756105153224
0.021529832133895532 -0.012804120617476836
0.025235909703481607 -0.013661024799560953
0.029227967408489597 -0.014496828291822889
0.03350360058263052 -0.01531730290371204
0.038060233744356575 -0.016128357373048824
0.042895122148234655 -0.016935779778472354
0.048005353438278275 -0.017745010943502375
0.05338784940224234 -0.01856095906768935
0.059039367825822475 -0.01938786213313139
0.06495650444564427 -0.020229200660353983
0.07113569499986394 -0.02108765943890547
0.07757321737514639 -0.021965133239242353
0.08426519384872727 -0.022862768495970923
0.09120759342420814 -0.023781030758209525
0.09839623425967753 -0.024719786481725476
0.10582678618669683 -0.025678387560623694
0.11349477331863145 -0.0266557478500789
0.12139557674675777 -0.027650402719480046
0.12952443732252045 -0.028660545226481534
0.1378764585242665 -0.02968403558555892
0.14644660940672616 -0.030718383946851852
0.15522972763146647 -0.03176070980979775
0.16422052257649067 -0.03280768438255433
0.17341357852311146 -0.03385546460060171
0.18280335791817703 -0.03489962912219108
0.19238420470968637 -0.03593512727553498
0.20215034775378343 -0.036956251571082566
0.2120959042910774 -0.03795664302345815
0.2222148834901989 -0.03892933624611054
0.23250119005645137 -0.03986684825782682
0.2429486279033891 -0.04076131140753193
0.2535509038851079 -0.041604647060957636
0.26430163158700104 -0.042388773002339675
0.27519433517269654 -0.043105834189096894
0.28622245328485874 -0.043748443836920524
0.29737934299750524 -0.04430992004096033
0.30865828381745486 -0.04478450242585448
0.320052481732506 -0.04516753375521485
0.33155507330389 -0.0454555930256767
0.3431591298005543 -0.045646569239791164
0.35485766137276875 -0.045739668631039565
0.36664362126255073 -0.04573535236664906
0.3785099100483679 -0.04563520638830133
0.3904493799215649 -0.04544174974183087
0.4024548389919357 -0.0451581921587302
0.41451905561984914 -0.04478815546286531
0.42663476277231926 -0.044335376301056474
0.43879466240039156 -0.04380340951053888
0.4509914298352198 -0.04319535198963167
0.46321771820016633 -0.04251360616690828
0.475466162836291 -0.04175970009739342
0.4877293857385438 -0.04093417797094377
0.4999999999999999 -0.04003657059961263
0.512270614261456 -0.039065450527727516
0.5245338371637088 -0.038018571100771864
0.5367822817998334 -0.03689308348475538
0.54900857016478 -0.035685820597884096
0.5612053375996082 -0.034393632531540326
0.5733652372276805 -0.0330137545849616
0.5854809443801506 -0.031544186741781215
0.5975451610080642 -0.029984062423191054
0.6095506200784349 -0.02833398472121504
0.6214900899516319 -0.02659631001551226
0.6333563787374491 -0.02477536179020907
0.645142338627231 -0.02287756139752655
0.6568408701994456 -0.0209114672029275
0.6684449266961098 -0.018887718687697112
0.6799475182674938 -0.01681888735118908
0.691341716182545 -0.01471924131716493
0.7026206570024947 -0.012604435098429637
0.713777546715141 -0.01049113974408741
0.7248056648273034 -0.008396631374830796
0.7356983684129987 -0.006338357764510129
0.746449096114892 -0.004333503088946003
0.7570513720966108 -0.002398570252543574
0.7674988099435485 -0.0005489984117706167
0.7777851165098009 0.0012011693999817896
0.7879040957089227 0.0028395570683558873
0.7978496522462164 0.004355657028563787
0.8076157952903136 0.00574095923515047
0.8171966420818224 0.006989008000864356
0.8265864214768883 0.008095390947632335
0.8357794774235092 0.009057667501414776
0.8447702723685334 0.009875246861935095
0.8535533905932737 0.010549227078347653
0.8621235414757333 0.011082207713317868
0.8704755626774794 0.011478088591101826
0.8786044232532422 0.011741866365910594
0.8865052266813687 0.011879439228387363
0.894173213813303 0.01189742813999968
0.9016037657403225 0.011803020720458548
0.9087924065757916 0.011603841494246366
0.9157348061512727 0.011307849807032146
0.9224267826248536 0.01092326451252481
0.928864305000136 0.010458512639439905
0.9350434955543556 0.00992219777633917
0.9409606321741775 0.00932308291964839
0.9466121505977576 0.008670082037442723
0.9519946465617215 0.007972254590698107
0.9571048778517655 0.007238797673374488
0.9619397662556433 0.006479031205339036
0.9664963994173694 0.0057023726423715455
0.9707720325915102 0.004918298851342961
0.9747640902965183 0.004136294032584658
0.9784701678661044 0.0033657837605953287
0.98188803289772 0.002616056278970913
0.985015626597272 0.0018961730662473554
0.9878510650192642 0.001214871349174505
0.9903926402016152 0.0005804616645429563
0.9926388211944706 7.237667391389764e-07
0.9945882549823906 -0.0005171958302517354
0.9962397672993549 -0.0009668815640683013
0.9975923633360985 -0.001342738976842569
0.9986452283393451 -0.0016400748782051018
0.9993977281025862 -0.0018551655049290723
0.9998494093481021 -0.001985311085997084
1.0 -0.002028875625194398
