1.0 0.0019675893975110775
0.9998494093481021 0.0020168732374204836
0.9993977281025862 0.00216466785810546
0.9986452283393451 0.0024107847606215736
0.9975923633360985 0.0027548524305964967
0.9962397672993549 0.003196237094833089
0.9945882549823906 0.0037339446960406074
0.9926388211944706 0.004366515550815719
0.9903926402016152 0.005091924502054748
0.9878510650192642 0.005907499511691891
0.985015626597272 0.006809870530986022
0.98188803289772 0.007794958211310926
0.9784701678661044 0.008858008760270476
0.9747640902965183 0.009993677276967214
0.9707720325915102 0.011196157554206857
0.9664963994173694 0.01245935199067259
0.9619397662556433 0.013777071295725812
0.9571048778517655 0.015143250450597045
0.9519946465617215 0.016552165212692538
0.9466121505977576 0.017998632531786272
0.9409606321741775 0.019478178702502853
0.9350434955543556 0.020987160907189592
0.928864305000136 0.022522830891723945
0.9224267826248536 0.024083333640678963
0.9157348061512727 0.025667638763245286
0.9087924065757916 0.02727540748672873
0.9016037657403225 0.028906803263899477
0.894173213813303 0.030562258615684918
0.8865052266813687 0.032242214566005435
0.8786044232532422 0.033946851560142426
0.8704755626774794 0.03567583186319641
0.8621235414757333 0.0374280729944972
0.8535533905932737 0.03920156977410207
0.8447702723685334 0.04099327917014394
0.8357794774235092 0.04279907758761753
0.8265864214768883 0.044613794874069246
0.8171966420818224 0.04643132354976836
0.8076157952903136 0.04824479605115229
0.7978496522462164 0.05004681756010534
0.7879040957089227 0.051829737696366625
0.7777851165098009 0.05358594132530949
0.7674988099435485 0.05530813722958062
0.7570513720966108 0.056989623542406075
0.746449096114892 0.05862451064328545
0.7356983684129987 0.0602078855413819
0.7248056648273034 0.06173590636311019
0.713777546715141 0.06320582105952487
0.7026206570024947 0.06461591042175338
0.691341716182545 0.0659653614632848
0.6799475182674938 0.0672540827175716
0.6684449266961098 0.06848247756470893
0.6568408701994456 0.06965119497006823
0.645142338627231 0.0707608787210188
0.6333563787374491 0.0718119362405177
0.6214900899516319 0.07280434633124092
0.6095506200784349 0.07373752189329633
0.5975451610080642 0.07461023902441916
0.5854809443801506 0.07542063832556758
0.5733652372276805 0.07616629814904961
0.5612053375996082 0.07684437343711319
0.54900857016478 0.07745178820706178
0.5367822817998334 0.07798546510875179
0.5245338371637088 0.07844257220154699
0.512270614261456 0.07882076545305992
0.4999999999999999 0.07911840560262239
0.4877293857385438 0.07933472996462011
0.475466162836291 0.07946996332963298
0.46321771820016633 0.07952535707632942
0.4509914298352198 0.07950315153958296
0.43879466240039156 0.07940646311005627
0.42663476277231926 0.07923910393992742
0.41451905561984914 0.07900534796599194
0.4024548389919357 0.07870966174107644
0.3904493799215649 0.07835642187300981
0.3785099100483679 0.07794964240727753
0.36664362126255073 0.07749273509562371
0.35485766137276875 0.07698832316497786
0.3431591298005543 0.07643812509470635
0.33155507330389 0.07584291932976085
0.320052481732506 0.07520259423399123
0.30865828381745486 0.07451628044688051
0.29737934299750524 0.0737825557265435
0.28622245328485874 0.07299970592760115
0.27519433517269654 0.07216602052014234
0.26430163158700104 0.07128009746627692
0.2535509038851079 0.07034113067097109
0.2429486279033891 0.06934915379782107
0.23250119005645137 0.0683052170007337
0.2222148834901989 0.06721147790577577
0.2120959042910774 0.06607119465365634
0.20215034775378343 0.06488861650833616
0.19238420470968637 0.06366877586756002
0.18280335791817703 0.06241719382747705
0.17341357852311146 0.061139519091011126
0.16422052257649067 0.05984112633969303
0.15522972763146647 0.05852670466927606
0.14644660940672616 0.057199868909760684
0.1378764585242665 0.05586282636570931
0.12952443732252045 0.054516128667201694
0.12139557674675777 0.053158533157274715
0.11349477331863145 0.05178699089096725
0.10582678618669683 0.05039676938640324
0.09839623425967753 0.048981708386453146
0.09120759342420814 0.047534596785724026
0.08426519384872727 0.04604764931220486
0.07757321737514639 0.04451305326379761
0.07113569499986394 0.04292354924629001
0.06495650444564427 0.041273005969785226
0.059039367825822475 0.039556948090981016
0.05338784940224234 0.03777299799176225
0.048005353438278275 0.03592119719482553
0.042895122148234655 0.034004180551665826
0.038060233744356575 0.03202718591440119
0.03350360058263052 0.029997893070369513
0.029227967408489597 0.027926097505146574
0.025235909703481607 0.02582323622704029
0.021529832133895532 0.023701793590105675
0.018111967102280024 0.021574624005804385
0.014984373402728013 0.019454234963408746
0.012148934980735715 0.01735207738000687
0.009607359798384785 0.015277890671518086
0.007361178805529334 0.013239147004869656
0.005411745017609493 0.011240633123810823
0.0037602327006450165 0.009284199329286253
0.0024076366639015356 0.007368694233035751
0.0013547716606548965 0.005490091542391582
0.0006022718974137975 0.0036418022330944088
0.00015059065189787502 0.0018151529275727714
0.0 0.0
0.00015059065189787502 -0.0013343568602343907
0.0006022718974137975 -0.002662841438200373
0.0013547716606548965 -0.0039792898596811505
0.0024076366639015356 -0.0052781234178298836
0.0037602327006450165 -0.00655459945304058
0.005411745017609493 -0.007805015077608134
0.007361178805529334 -0.009026852958888729
0.009607359798384785 -0.010218862139885083
0.012148934980735715 -0.01138107104593513
0.014984373402728013 -0.01251473410315862
0.018111967102280024 -0.013622217476195943
0.021529832133895532 -0.014706833034755349
0.025235909703481607 -0.01577263253438127
0.029227967408489597 -0.016824175957211755
0.03350360058263052 -0.017866288884244824
0.038060233744356575 -0.01890382362143121
0.042895122148234655 -0.019941437618331094
0.048005353438278275 -0.020983400617707017
0.05338784940224234 -0.022033439142075856
0.059039367825822475 -0.02309462359605808
0.06495650444564427 -0.024169299712029673
0.07113569499986394 -0.02525906257408291
0.07757321737514639 -0.02636476829483505
0.08426519384872727 -0.027486575833430327
0.09120759342420814 -0.028624009623791725
0.09839623425967753 -0.029776032758125664
0.10582678618669683 -0.030941120496287472
0.11349477331863145 -0.032117324823610675
0.12139557674675777 -0.033302322559552136
0.12952443732252045 -0.03449344196120955
0.1378764585242665 -0.035687665649990215
0.14644660940672616 -0.03688161076103511
0.15522972763146647 -0.038071490202597265
0.16422052257649067 -0.03925306155193213
0.17341357852311146 -0.0404215721685046
0.18280335791817703 -0.04157171038438757
0.19238420470968637 -0.04269757300793004
0.20215034775378343 -0.04379265879551436
0.2120959042910774 -0.044849896031048324
0.2222148834901989 -0.04586171000438407
0.23250119005645137 -0.046820133168740945
0.2429486279033891 -0.0477169573114551
0.2535509038851079 -0.04854392346018059
0.26430163158700104 -0.04929294175599271
0.27519433517269654 -0.049956330441217715
0.28622245328485874 -0.0505270606941252
0.29737934299750524 -0.05099899251058648
0.30865828381745486 -0.051367086337647305
0.320052481732506 -0.05162757578370003
0.33155507330389 -0.05177808846017173
0.3431591298005543 -0.05181770476256189
0.35485766137276875 -0.051746948008203585
0.36664362126255073 -0.05156770358112228
0.3785099100483679 -0.051283069306702976
0.3904493799215649 -0.05089714387560474
0.4024548389919357 -0.050414764434239145
0.41451905561984914 -0.04984120814993776
0.42663476277231926 -0.049181875371875926
0.43879466240039156 -0.048441973730333404
0.4509914298352198 -0.04762622300639093
0.46321771820016633 -0.04673859980474076
0.475466162836291 -0.04578213900520379
0.4877293857385438 -0.04475880577167602
0.4999999999999999 -0.04366944775719646
0.512270614261456 -0.042513832322644655
0.5245338371637088 -0.04129076839358708
0.5367822817998334 -0.03999830735041565
0.54900857016478 -0.03863401241957318
0.5612053375996082 -0.037195281726614265
0.5733652372276805 -0.03567970676162922
0.5854809443801506 -0.03408544571041129
0.5975451610080642 -0.032411590062474384
0.6095506200784349 -0.030658503178086282
0.6214900899516319 -0.028828111053036697
0.6333563787374491 -0.026924128250712567
0.645142338627231 -0.0249522056904045
0.6568408701994456 -0.022919991441864865
0.6684449266961098 -0.020837100588911594
0.6799475182674938 -0.018714995276203517
0.691341716182545 -0.01656678092842377
0.7026206570024947 -0.01440692903458673
0.713777546715141 -0.012250940565156167
0.7248056648273034 -0.01011496683382066
0.7356983684129987 -0.008015406293164067
0.746449096114892 -0.005968496301474094
0.7570513720966108 -0.0039899183288320175
0.7674988099435485 -0.0020944334681259843
0.7777851165098009 -0.0002955626274599721
0.7879040957089227 0.0013946773980298723
0.7978496522462164 0.002965974412063161
0.8076157952903136 0.004409854139075131
0.8171966420818224 0.005719746456594567
0.8265864214768883 0.006890988129914553
0.8357794774235092 0.007920768676544688
0.8447702723685334 0.00880802838354801
0.8535533905932737 0.009553319149980538
0.8621235414757333 0.010158639679431624
0.8704755626774794 0.010627256610814923
0.8786044232532422 0.010963522508398747
0.8865052266813687 0.011172700338990574
0.894173213813303 0.011260802284387325
0.9016037657403225 0.011234448632461091
0.9087924065757916 0.011100750231909174
0.9157348061512727 0.010867215751752354
0.9224267826248536 0.010541682909978738
0.928864305000136 0.01013227105418881
0.9350434955543556 0.009647351086330264
0.9409606321741775 0.009095527782666259
0.9466121505977576 0.008485629090242688
0.9519946465617215 0.007826696967502024
0.9571048778517655 0.0071279747328658865
0.9619397662556433 0.006398886619434977
0.9664963994173694 0.005649006217522545
0.9707720325915102 0.004888011621956479
0.9747640902965183 0.004125626290155664
0.9784701678661044 0.0033715457696475754
0.98188803289772 0.002635351493506628
0.985015626597272 0.001926413711122202
0.9878510650192642 0.0012537862825536782
0.9903926402016152 0.000626096501566014
0.9926388211944706 5.1433329006091285e-05
0.9945882549823906 -0.00046276256528074997
0.9962397672993549 -0.0009098037049268912
0.9975923633360985 -0.0012838526862271292
0.9986452283393451 -0.0015800084326065592
0.9993977281025862 -0.0017943796374876749
0.9998494093481021 -0.001924143639434442
1.0 -0.0019675893975110775
