1.0 0.0016672559273584635
0.9998494093481021 0.0017188880982991596
0.9993977281025862 0.001873736096603106
0.9986452283393451 0.0021316358269296122
0.9975923633360985 0.0024922539721075757
0.9962397672993549 0.0029550051209541175
0.9945882549823906 0.0035189488276949716
0.9926388211944706 0.0041826782243830785
0.9903926402016152 0.0049442131866973184
0.9878510650192642 0.005800911213546384
0.985015626597272 0.00674940808947568
0.98188803289772 0.0077855981338322364
0.9784701678661044 0.008904660584295648
0.9747640902965183 0.010101134686762039
0.9707720325915102 0.011369041707827359
0.9664963994173694 0.01270204772813377
0.9619397662556433 0.014093657099239699
0.9571048778517655 0.015537423211966335
0.9519946465617215 0.017027161031845373
0.9466121505977576 0.018557144925270677
0.9409606321741775 0.020122275742955394
0.9350434955543556 0.021718202945453614
0.928864305000136 0.023341390632680994
0.9224267826248536 0.024989120450950378
0.9157348061512727 0.026659429181087033
0.9087924065757916 0.028350983977272586
0.9016037657403225 0.030062903310219814
0.894173213813303 0.03179453625028951
0.8865052266813687 0.03354521641943663
0.8786044232532422 0.03531400942408707
0.8704755626774794 0.03709947362570666
0.8621235414757333 0.03889945359653782
0.8535533905932737 0.040710923553489486
0.8447702723685334 0.04252989459760223
0.8357794774235092 0.04435139496019707
0.8265864214768883 0.04616952701765495
0.8171966420818224 0.04797759900335174
0.8076157952903136 0.04976832357395847
0.7978496522462164 0.05153407013587154
0.7879040957089227 0.05326715352821674
0.7777851165098009 0.05496013864400049
0.7674988099435485 0.056606139103739246
0.7570513720966108 0.05819908830896004
0.746449096114892 0.05973396309643813
0.7356983684129987 0.06120694365421759
0.7248056648273034 0.06261549808915517
0.713777546715141 0.0639583856898784
0.7026206570024947 0.06523557906887732
0.691341716182545 0.06644811151111953
0.6799475182674938 0.06759786151851674
0.6684449266961098 0.06868729126945229
0.6568408701994456 0.06971915913178794
0.645142338627231 0.07069622820039337
0.6333563787374491 0.07162099292606006
0.6214900899516319 0.07249544425012482
0.6095506200784349 0.07332089038732033
0.5975451610080642 0.0740978457685539
0.5854809443801506 0.07482599503684584
0.5733652372276805 0.07550423283670499
0.5612053375996082 0.07613077394863901
0.54900857016478 0.07670332260069693
0.5367822817998334 0.07721928500691337
0.5245338371637088 0.0776760057334439
0.512270614261456 0.07807100666557025
0.4999999999999999 0.0784022073000899
0.4877293857385438 0.07866810683024746
0.475466162836291 0.07886791188923889
0.46321771820016633 0.0790015986004751
0.4509914298352198 0.07906990335839185
0.43879466240039156 0.07907424305653699
0.42663476277231926 0.07901657176570952
0.41451905561984914 0.07889918661409158
0.4024548389919357 0.07872450034134108
0.3904493799215649 0.07849480127589782
0.3785099100483679 0.07821202301942881
0.36664362126255073 0.07787754575457075
0.35485766137276875 0.07749204881744691
0.3431591298005543 0.07705543014861103
0.33155507330389 0.07656680275721259
0.320052481732506 0.07602457183162346
0.30865828381745486 0.07542658912737908
0.29737934299750524 0.07477037433461774
0.28622245328485874 0.07405338685370619
0.27519433517269654 0.07327332633057554
0.26430163158700104 0.07242843687858082
0.2535509038851079 0.0715177884737242
0.2429486279033891 0.07054150973374862
0.23250119005645137 0.06950094918663373
0.2222148834901989 0.06839874703241319
0.2120959042910774 0.06723880596978452
0.20215034775378343 0.06602615741811872
0.19238420470968637 0.0647667278300161
0.18280335791817703 0.0634670181086949
0.17341357852311146 0.062133716752903696
0.16422052257649067 0.06077327362203605
0.15522972763146647 0.059391465605954985
0.14644660940672616 0.05799298759042267
0.1378764585242665 0.056581101690062835
0.12952443732252045 0.05515737472663104
0.12139557674675777 0.053721528509586496
0.11349477331863145 0.05227141996859422
0.10582678618669683 0.050803159103354666
0.09839623425967753 0.04931136269908186
0.09120759342420814 0.04778953153800153
0.08426519384872727 0.04623052918435941
0.07757321737514639 0.04462713207492885
0.07113569499986394 0.04297261427072001
0.06495650444564427 0.04126132634816375
0.059039367825822475 0.0394892268842736
0.05338784940224234 0.037654326970076646
0.048005353438278275 0.03575701309978001
0.042895122148234655 0.03380022134068105
0.038060233744356575 0.03178944540051088
0.03350360058263052 0.029732572416307064
0.029227967408489597 0.027639552211483304
0.025235909703481607 0.025521917558618528
0.021529832133895532 0.023392183792902255
0.018111967102280024 0.021263165151198065
0.014984373402728013 0.019147251787251095
0.012148934980735715 0.01705569502555944
0.009607359798384785 0.014997948762965417
0.007361178805529334 0.012981111937758721
0.005411745017609493 0.011009510829777113
0.0037602327006450165 0.009084451029460327
0.0024076366639015356 0.007204157819109559
0.0013547716606548965 0.005363911206041875
0.0006022718974137975 0.0035563688016263363
0.00015059065189787502 0.0017720570634482116
0.0 0.0
0.00015059065189787502 -0.0013107818050586866
0.0006022718974137975 -0.0026121497310621035
0.0013547716606548965 -0.0038945965862148594
0.0024076366639015356 -0.005149411580302316
0.0037602327006450165 -0.006369026117205009
0.005411745017609493 -0.0075473002306170245
0.007361178805529334 -0.008679735789412925
0.009607359798384785 -0.009763607129835613
0.012148934980735715 -0.010798004810941259
0.014984373402728013 -0.011783793390300275
0.018111967102280024 -0.012723489124189398
0.021529832133895532 -0.01362106797418492
0.025235909703481607 -0.014481717956598767
0.029227967408489597 -0.015311552472630061
0.03350360058263052 -0.016117302655132157
0.038060233744356575 -0.01690600690190394
0.042895122148234655 -0.017684714667676803
0.048005353438278275 -0.01846021937890746
0.05338784940224234 -0.019238832217260093
0.059039367825822475 -0.020026204751950848
0.06495650444564427 -0.02082720429236061
0.07113569499986394 -0.021645841702974237
0.07757321737514639 -0.0224852475884708
0.08426519384872727 -0.023347689502555648
0.09120759342420814 -0.02423462039254979
0.09839623425967753 -0.025146747026089458
0.10582678618669683 -0.026084106738736405
0.11349477331863145 -0.02704614148773604
0.12139557674675777 -0.028031759808633584
0.12952443732252045 -0.029039379682249657
0.1378764585242665 -0.0300669483011755
0.14644660940672616 -0.03111193800509337
0.15522972763146647 -0.03217132093872139
0.16422052257649067 -0.03324152798288359
0.17341357852311146 -0.03431839995146658
0.18280335791817703 -0.03539714071511779
0.19238420470968637 -0.036472282651339255
0.20215034775378343 -0.03753767455217095
0.2120959042910774 -0.03858650085062757
0.2222148834901989 -0.03961133884469267
0.23250119005645137 -0.04060425766908796
0.2429486279033891 -0.04155695932048177
0.2535509038851079 -0.04246095835781683
0.26430163158700104 -0.04330779327736137
0.27519433517269654 -0.04408925930442794
0.28622245328485874 -0.044797649730318356
0.29737934299750524 -0.04542599118891573
0.30865828381745486 -0.045968257583595774
0.320052481732506 -0.046419547834916
0.33155507330389 -0.046776214229693774
0.3431591298005543 -0.04703593083135394
0.35485766137276875 -0.04719769499533682
0.36664362126255073 -0.047261759285472216
0.3785099100483679 -0.04722949571584032
0.3904493799215649 -0.04710319892181486
0.4024548389919357 -0.046885839257240394
0.41451905561984914 -0.046580780599684415
0.42663476277231926 -0.04619148053797554
0.43879466240039156 -0.045721192390383025
0.4509914298352198 -0.045172689008325564
0.46321771820016633 -0.044548027497343816
0.475466162836291 -0.04384837186467304
0.4877293857385438 -0.04307388730257367
0.4999999999999999 -0.042223715542975444
0.512270614261456 -0.04129603574521715
0.5245338371637088 -0.040288210027872855
0.5367822817998334 -0.03919700737844688
0.54900857016478 -0.03801889462476086
0.5612053375996082 -0.036750378761401914
0.5733652372276805 -0.03538838148163891
0.5854809443801506 -0.033930624493888284
0.5975451610080642 -0.03237600324746878
0.6095506200784349 -0.030724927112256946
0.6214900899516319 -0.028979605817043036
0.6333563787374491 -0.027144264930145386
0.645142338627231 -0.025225277163012136
0.6568408701994456 -0.023231201029224786
0.6684449266961098 -0.021172723588741307
0.6799475182674938 -0.0190625093183572
0.691341716182545 -0.01691496224174571
0.7026206570024947 -0.01474591301547536
0.713777546715141 -0.012572246432701986
0.7248056648273034 -0.01041148756449197
0.7356983684129987 -0.008281366372072437
0.746449096114892 -0.006199381032396043
0.7570513720966108 -0.004182379444835508
0.7674988099435485 -0.0022461765250114158
0.7777851165098009 -0.0004052221056766209
0.7879040957089227 0.001327669229781052
0.7978496522462164 0.002941519006008149
0.8076157952903136 0.004427313167677976
0.8171966420818224 0.005778058659708363
0.8265864214768883 0.006988772812702271
0.8357794774235092 0.00805641324750571
0.8447702723685334 0.008979758479288136
0.8535533905932737 0.009759251049480033
0.8621235414757333 0.010396815796420178
0.8704755626774794 0.010895665806819613
0.8786044232532422 0.011260107740676673
0.8865052266813687 0.011495356710559183
0.894173213813303 0.011607368877247169
0.9016037657403225 0.011602697575849415
0.9087924065757916 0.011488376296893033
0.9157348061512727 0.011271829397759756
0.9224267826248536 0.010960809175725271
0.928864305000136 0.010563356031038761
0.9350434955543556 0.010087776987324666
0.9409606321741775 0.009542636877096233
0.9466121505977576 0.008936756060917483
0.9519946465617215 0.008279208609073805
0.9571048778517655 0.007579315379643504
0.9619397662556433 0.006846627294816359
0.9664963994173694 0.006090895248258619
0.9707720325915102 0.0053220243617016485
0.9747640902965183 0.004550011640798546
0.9784701678661044 0.0037848673598026962
0.98188803289772 0.003036521648819543
0.985015626597272 0.0023147187041002264
0.9878510650192642 0.0016289017522221473
0.9903926402016152 0.0009880923577840234
0.9926388211944706 0.000400767877872936
0.9945882549823906 -0.00012525914047335687
0.9962397672993549 -0.0005829560137049035
0.9975923633360985 -0.0009661761481915659
0.9986452283393451 -0.0012697535812815465
0.9993977281025862 -0.00148958344629651
0.9998494093481021 -0.0016226864510520197
1.0 -0.0016672559273584635
