1.0 0.001856102427709179
0.9998494093481021 0.0019053388142743202
0.9993977281025862 0.00205298390845042
0.9986452283393451 0.0022988267212483253
0.9975923633360985 0.0026424549774657588
0.9962397672993549 0.003083171042950524
0.9945882549823906 0.003619887313784092
0.9926388211944706 0.004251012712067569
0.9903926402016152 0.004974343334888754
0.9878510650192642 0.005786970495001977
0.985015626597272 0.006685218340095716
0.98188803289772 0.007664621017617846
0.9784701678661044 0.008719946142609574
0.9747640902965183 0.009845267394333803
0.9707720325915102 0.011034084747791195
0.9664963994173694 0.012279486511350567
0.9619397662556433 0.013574343371799656
0.9571048778517655 0.014911521398183598
0.9519946465617215 0.016284098725292732
0.9466121505977576 0.017685569644253996
0.9409606321741775 0.019110020187770145
0.9350434955543556 0.02055226101492304
0.928864305000136 0.02200790636441065
0.9224267826248536 0.023473391837920868
0.9157348061512727 0.024945928489017926
0.9087924065757916 0.02642339575329812
0.9016037657403225 0.027904180752543556
0.894173213813303 0.029386976026485958
0.8865052266813687 0.03087055140939389
0.8786044232532422 0.032353518257219945
0.8704755626774794 0.03383410531709685
0.8621235414757333 0.03530996509761748
0.8535533905932737 0.03677802765016027
0.8447702723685334 0.038234415336089345
0.8357794774235092 0.0396744276737516
0.8265864214768883 0.0410926000707813
0.8171966420818224 0.04248283455930394
0.8076157952903136 0.04383859501011924
0.7978496522462164 0.04515315415509805
0.7879040957089227 0.04641987550931163
0.7777851165098009 0.047632510302705926
0.7674988099435485 0.04878548805601558
0.7570513720966108 0.04987417960023522
0.746449096114892 0.050895113147054936
0.7356983684129987 0.05184612734202791
0.7248056648273034 0.0527264498236546
0.713777546715141 0.05353669531775701
0.7026206570024947 0.05427878328947587
0.691341716182545 0.05495578118499269
0.6799475182674938 0.05557168484714091
0.6684449266961098 0.05613115234245318
0.6568408701994456 0.05663921082019391
0.645142338627231 0.05710095786451861
0.6333563787374491 0.05752127894937742
0.6214900899516319 0.057904601047657815
0.6095506200784349 0.05825469930421543
0.5975451610080642 0.0585745692081074
0.5854809443801506 0.0588663712526842
0.5733652372276805 0.05913144909389143
0.5612053375996082 0.05937041619319047
0.54900857016478 0.059583300354129315
0.5367822817998334 0.05976973088916692
0.5245338371637088 0.0599291497728611
0.512270614261456 0.06006102633239039
0.4999999999999999 0.06016505495242747
0.4877293857385438 0.06024131694295806
0.475466162836291 0.06029039100608874
0.46321771820016633 0.06031340137671047
0.4509914298352198 0.06031199832302359
0.43879466240039156 0.06028827181254396
0.42663476277231926 0.06024460526578442
0.41451905561984914 0.060183481915546164
0.4024548389919357 0.06010726088303308
0.3904493799215649 0.060017943267442204
0.3785099100483679 0.05991695002856263
0.36664362126255073 0.05980493306405956
0.35485766137276875 0.059681638638108325
0.3431591298005543 0.05954583835426238
0.33155507330389 0.05939533747668924
0.320052481732506 0.05922706400800139
0.30865828381745486 0.05903723503893817
0.29737934299750524 0.0588215900576963
0.28622245328485874 0.05857567471515009
0.27519433517269654 0.05829515351859908
0.26430163158700104 0.05797612652087679
0.2535509038851079 0.05761542361317888
0.2429486279033891 0.05721085069886015
0.23250119005645137 0.05676136483446738
0.2222148834901989 0.0562671602141103
0.2120959042910774 0.05572965332136396
0.20215034775378343 0.05515136321535975
0.19238420470968637 0.05453569118294747
0.18280335791817703 0.05388661224015661
0.17341357852311146 0.05320829855074059
0.16422052257649067 0.052504701129097955
0.15522972763146647 0.0517791206749677
0.14644660940672616 0.051033800641230066
0.1378764585242665 0.05026957541924455
0.12952443732252045 0.04948560377854557
0.12139557674675777 0.04867921255300787
0.11349477331863145 0.047845868344844625
0.10582678618669683 0.04697928620888572
0.09839623425967753 0.046071674503347204
0.09120759342420814 0.04511410505890211
0.08426519384872727 0.04409698827057926
0.07757321737514639 0.04301062438237224
0.07113569499986394 0.04184579576289721
0.06495650444564427 0.040594360886899584
0.059039367825822475 0.039249809399388914
0.05338784940224234 0.03780773920702969
0.048005353438278275 0.03626622096294921
0.042895122148234655 0.03462602232203308
0.038060233744356575 0.032890673484006545
0.03350360058263052 0.031066366186595185
0.029227967408489597 0.02916168971576728
0.025235909703481607 0.02718721885244895
0.021529832133895532 0.025154979155324633
0.018111967102280024 0.023077823820111528
0.014984373402728013 0.020968762899467943
0.012148934980735715 0.018840289416151516
0.009607359798384785 0.016703747554359084
0.007361178805529334 0.014568785590913912
0.005411745017609493 0.012442930678855104
0.0037602327006450165 0.010331314390780178
0.0024076366639015356 0.008236567632429352
0.0013547716606548965 0.0061588918676296345
0.0006022718974137975 0.004096301376255936
0.00015059065189787502 0.0020450193636182617
0.0 0.0
0.00015059065189787502 -0.001503296328201773
0.0006022718974137975 -0.002997984992296775
0.0013547716606548965 -0.004475260950541885
0.0024076366639015356 -0.005927023920192099
0.0037602327006450165 -0.0073461849520262
0.005411745017609493 -0.008726921110715654
0.007361178805529334 -0.010064866169956405
0.009607359798384785 -0.011357229214679984
0.012148934980735715 -0.012602837464600924
0.014984373402728013 -0.013802104184625342
0.018111967102280024 -0.014956926913287656
0.021529832133895532 -0.01607052512294329
0.025235909703481607 -0.01714722956675635
0.029227967408489597 -0.018192237767466524
0.03350360058263052 -0.01921135123363279
0.038060233744356575 -0.020210710003651516
0.042895122148234655 -0.021196539052908234
0.048005353438278275 -0.022174919071161724
0.05338784940224234 -0.02315159131165286
0.059039367825822475 -0.02413180287112747
0.06495650444564427 -0.02512019515710943
0.07113569499986394 -0.02612073472528928
0.07757321737514639 -0.02713668240690179
0.08426519384872727 -0.0281705939439687
0.09120759342420814 -0.029224343409994146
0.09839623425967753 -0.030299159650825497
0.10582678618669683 -0.031395665895579065
0.11349477331863145 -0.032513913542255926
0.12139557674675777 -0.03365340282136014
0.12952443732252045 -0.034813085418983904
0.1378764585242665 -0.03599134697860477
0.14644660940672616 -0.037185970440933594
0.15522972763146647 -0.03839408414958837
0.16422052257649067 -0.0396121012786639
0.17341357852311146 -0.040835659185113185
0.18280335791817703 -0.04205956855974626
0.19238420470968637 -0.0432777826138509
0.20215034775378343 -0.04448339593605314
0.2120959042910774 -0.04566868110735772
0.2222148834901989 -0.046825168770944454
0.23250119005645137 -0.047943773788144996
0.2429486279033891 -0.04901496660268052
0.2535509038851079 -0.05002898525262263
0.26430163158700104 -0.050976079905279775
0.27519433517269654 -0.05184677863414442
0.28622245328485874 -0.05263216067466713
0.29737934299750524 -0.053324121807235295
0.30865828381745486 -0.053915615978710515
0.320052481732506 -0.05440085786967006
0.33155507330389 -0.05477547284116898
0.3431591298005543 -0.05503658346586897
0.35485766137276875 -0.055182825497734435
0.36664362126255073 -0.05521429042776526
0.3785099100483679 -0.05513239642386931
0.3904493799215649 -0.05493969414257786
0.4024548389919357 -0.05463961830139375
0.41451905561984914 -0.05423619970017306
0.42663476277231926 -0.05373375530232733
0.43879466240039156 -0.053136575813397195
0.4509914298352198 -0.0524486307806717
0.46321771820016633 -0.051673310522274536
0.475466162836291 -0.050813222205816855
0.4877293857385438 -0.049870054251218265
0.4999999999999999 -0.048844519125270595
0.512270614261456 -0.04773637978900758
0.5245338371637088 -0.04654455986324437
0.5367822817998334 -0.045267332329921035
0.54900857016478 -0.043902576627871254
0.5612053375996082 -0.04244808965234951
0.5733652372276805 -0.04090193270752429
0.5854809443801506 -0.03926279410932578
0.5975451610080642 -0.037530346037024584
0.6095506200784349 -0.03570557444653692
0.6214900899516319 -0.03379106236079967
0.6333563787374491 -0.03179120953290165
0.645142338627231 -0.029712375151184495
0.6568408701994456 -0.027562934676045907
0.6684449266961098 -0.0253532467758409
0.6799475182674938 -0.02309553135093347
0.691341716182545 -0.02080366448565953
0.7026206570024947 -0.018492900552118444
0.713777546715141 -0.016179535350309394
0.7248056648273034 -0.013880526903855958
0.7356983684129987 -0.011613092203614042
0.746449096114892 -0.009394298740513703
0.7570513720966108 -0.007240669106730023
0.7674988099435485 -0.00516781535485835
0.7777851165098009 -0.0031901173352955193
0.7879040957089227 -0.0013204560800936969
0.7978496522462164 0.00042999030027804147
0.8076157952903136 0.0020518845423573603
0.8171966420818224 0.0035378020635709285
0.8265864214768883 0.004882240258848313
0.8357794774235092 0.006081571798389368
0.8447702723685334 0.007133950808928119
0.8535533905932737 0.008039182420636835
0.8621235414757333 0.008798566970341698
0.8704755626774794 0.009414730178358161
0.8786044232532422 0.009891449922805703
0.8865052266813687 0.010233488928236835
0.894173213813303 0.010446440905547973
0.9016037657403225 0.010536595590061284
0.9087924065757916 0.010510825895737637
0.9157348061512727 0.010376498202843013
0.9224267826248536 0.010141404775180166
0.928864305000136 0.009813715586573422
0.9350434955543556 0.009401945517081631
0.9409606321741775 0.008914932012765796
0.9466121505977576 0.008361817906035449
0.9519946465617215 0.0077520341478590485
0.9571048778517655 0.0070952776582538825
0.9619397662556433 0.006401480282603216
0.9664963994173694 0.005680765857070568
0.9707720325915102 0.00494339353750407
0.9747640902965183 0.004199686734370587
0.9784701678661044 0.0034599481316564215
0.98188803289772 0.0027343622754103752
0.985015626597272 0.0020328880421181562
0.9878510650192642 0.0013651439044249536
0.9903926402016152 0.0007402892897144097
0.9926388211944706 0.00016690548350811437
0.9945882549823906 -0.0003471205111402432
0.9962397672993549 -0.0007947059490119714
0.9975923633360985 -0.0011696732640715302
0.9986452283393451 -0.0014668394432441568
0.9993977281025862 -0.0016820917890354944
0.9998494093481021 -0.0018124484396644144
1.0 -0.001856102427709179
