1.0 0.0019378297903512808
0.9998494093481021 0.00198541234496581
0.9993977281025862 0.0021280934144452227
0.9986452283393451 0.0023656548721312067
0.9975923633360985 0.0026976740333709342
0.9962397672993549 0.0031234417796666275
0.9945882549823906 0.003641860958410825
0.9926388211944706 0.004251336640296843
0.9903926402016152 0.004949671203719876
0.9878510650192642 0.005733977394605325
0.985015626597272 0.006600621447319562
0.98188803289772 0.0075452061226564966
0.9784701678661044 0.008562600300493075
0.9747640902965183 0.00964701782446495
0.9707720325915102 0.01079214396749875
0.9664963994173694 0.011991303542675144
0.9619397662556433 0.013237660703603864
0.9571048778517655 0.014524437217410705
0.9519946465617215 0.015845133751492532
0.9466121505977576 0.017193737710922006
0.9409606321741775 0.018564901514416393
0.9350434955543556 0.019954076908459406
0.928864305000136 0.021357593882531813
0.9224267826248536 0.02277267674758113
0.9157348061512727 0.024197394668508402
0.9087924065757916 0.025630549026862123
0.9016037657403225 0.02707150502294254
0.894173213813303 0.028519979494783982
0.8865052266813687 0.029975800653387126
0.8786044232532422 0.03143865799007934
0.8704755626774794 0.03290786177352049
0.8621235414757333 0.034382131200847134
0.8535533905932737 0.03585942840082327
0.8447702723685334 0.03733685223019796
0.8357794774235092 0.038810601395294166
0.8265864214768883 0.040276011202919265
0.8171966420818224 0.04172766260209221
0.8076157952903136 0.043159556563444036
0.7978496522462164 0.04456534170229985
0.7879040957089227 0.04593857879750457
0.7777851165098009 0.04727302283777285
0.7674988099435485 0.04856290169246769
0.7570513720966108 0.04980317058983007
0.746449096114892 0.05098972330009211
0.7356983684129987 0.052119544140934185
0.7248056648273034 0.05319078940434989
0.713777546715141 0.054202792200380864
0.7026206570024947 0.055155990601827506
0.691341716182545 0.05605178489000711
0.6799475182674938 0.05689233517466465
0.6684449266961098 0.05768031525346134
0.6568408701994456 0.05841864191826798
0.645142338627231 0.05911020073520395
0.6333563787374491 0.05975758947229637
0.6214900899516319 0.060362898805945316
0.6095506200784349 0.06092754682441538
0.5975451610080642 0.061452179410152734
0.5854809443801506 0.061936643178081806
0.5733652372276805 0.0623800317098007
0.5612053375996082 0.062780799835058
0.54900857016478 0.06313693516026173
0.5367822817998334 0.06344617138452624
0.5245338371637088 0.06370622456235199
0.512270614261456 0.06391503165188227
0.4999999999999999 0.0640709705862192
0.4877293857385438 0.0641730427399668
0.475466162836291 0.06422100190876531
0.46321771820016633 0.06421541851699343
0.4509914298352198 0.06415767334495964
0.43879466240039156 0.06404988116399703
0.42663476277231926 0.06389475078003481
0.41451905561984914 0.06369539360035634
0.4024548389919357 0.0634550974760688
0.3904493799215649 0.06317708583051074
0.3785099100483679 0.06286428366628737
0.36664362126255073 0.06251911179017748
0.35485766137276875 0.062143328494835184
0.3431591298005543 0.061737934131021646
0.33155507330389 0.06130314877997527
0.320052481732506 0.06083846700139853
0.30865828381745486 0.060342786889181634
0.29737934299750524 0.059814603967848365
0.28622245328485874 0.05925225436988516
0.27519433517269654 0.05865418677277917
0.26430163158700104 0.05801923918966659
0.2535509038851079 0.05734689522592914
0.2429486279033891 0.056637495015931925
0.23250119005645137 0.055892378754811366
0.2222148834901989 0.05511394538573182
0.2120959042910774 0.05430561527827463
0.20215034775378343 0.05347169318403905
0.19238420470968637 0.052617135820046256
0.18280335791817703 0.05174723648359298
0.17341357852311146 0.050867246501784966
0.16422052257649067 0.049981959456832994
0.15522972763146647 0.04909528847837356
0.14644660940672616 0.04820986905610025
0.1378764585242665 0.04732671955892711
0.12952443732252045 0.04644498889180265
0.12139557674675777 0.0455618156098605
0.11349477331863145 0.044672315658287415
0.10582678618669683 0.043769707196044526
0.09839623425967753 0.04284557130446592
0.09120759342420814 0.04189023747696658
0.08426519384872727 0.04089327336847357
0.07757321737514639 0.03984405006812173
0.07113569499986394 0.038732347787589126
0.06495650444564427 0.03754896284765545
0.059039367825822475 0.03628627554947023
0.05338784940224234 0.03493874009236182
0.048005353438278275 0.033503262094790716
0.042895122148234655 0.03197943622787579
0.038060233744356575 0.030369625527187454
0.03350360058263052 0.02867887449122436
0.029227967408489597 0.026914659368209873
0.025235909703481607 0.02508649027447306
0.021529832133895532 0.023205390167905512
0.018111967102280024 0.021283284460896935
0.014984373402728013 0.019332341549166507
0.012148934980735715 0.017364308263682987
0.009607359798384785 0.015389884925072594
0.007361178805529334 0.013418182214832791
0.005411745017609493 0.011456296622908195
0.0037602327006450165 0.009509033151631575
0.0024076366639015356 0.007578793808851777
0.0013547716606548965 0.005665638918239744
0.0006022718974137975 0.0037675162242710256
0.00015059065189787502 0.001880641028585797
0.0 0.0
0.00015059065189787502 -0.0014361752714859967
0.0006022718974137975 -0.0028649749298072943
0.0013547716606548965 -0.004278797284493211
0.0024076366639015356 -0.00567073655326104
0.0037602327006450165 -0.007034883329612126
0.005411745017609493 -0.008366571268062768
0.007361178805529334 -0.009662557488264
0.009607359798384785 -0.010921128355059337
0.012148934980735715 -0.012142126908202624
0.014984373402728013 -0.013326902971895977
0.018111967102280024 -0.014478191543060489
0.021529832133895532 -0.0155999291285326
0.025235909703481607 -0.01669702100560344
0.029227967408489597 -0.017775074707550624
0.03350360058263052 -0.018840116250534392
0.038060233744356575 -0.019898305668500406
0.042895122148234655 -0.02095566734291226
0.048005353438278275 -0.022017848521151785
0.05338784940224234 -0.02308991650076738
0.059039367825822475 -0.024176201463113448
0.06495650444564427 -0.025280188153596433
0.07113569499986394 -0.026404455826351987
0.07757321737514639 -0.027550662390444628
0.08426519384872727 -0.028719565774022092
0.09120759342420814 -0.02991107337351762
0.09839623425967753 -0.031124309222252376
0.10582678618669683 -0.032357688265406685
0.11349477331863145 -0.03360898785404847
0.12139557674675777 -0.034875408178331416
0.12952443732252045 -0.036153615686600984
0.1378764585242665 -0.037439766362989624
0.14644660940672616 -0.03872950880172451
0.15522972763146647 -0.04001797004407566
0.16422052257649067 -0.04129972986009793
0.17341357852311146 -0.042568791314855255
0.18280335791817703 -0.043818556856832204
0.19238420470968637 -0.045041819666703196
0.20215034775378343 -0.04623077954375793
0.2120959042910774 -0.04737709120117476
0.2222148834901989 -0.04847195058534154
0.23250119005645137 -0.04950622189621846
0.2429486279033891 -0.050470604592749706
0.2535509038851079 -0.0513558360892777
0.26430163158700104 -0.05215292237704222
0.27519433517269654 -0.05285338572919743
0.28622245328485874 -0.05344951623440641
0.29737934299750524 -0.05393461237390457
0.30865828381745486 -0.0543031953678411
0.320052481732506 -0.05455118265034933
0.33155507330389 -0.05467600758695752
0.3431591298005543 -0.05467667533537034
0.35485766137276875 -0.054553748404097116
0.36664362126255073 -0.05430925974695634
0.3785099100483679 -0.053946555856934524
0.3904493799215649 -0.05347007697026965
0.4024548389919357 -0.05288508583228601
0.41451905561984914 -0.05219736019689633
0.42663476277231926 -0.0514128670563571
0.43879466240039156 -0.050537438309769145
0.4509914298352198 -0.04957646803546891
0.46321771820016633 -0.04853465067684213
0.475466162836291 -0.04741577731637596
0.4877293857385438 -0.0462226039206436
0.4999999999999999 -0.04495680119152694
0.512270614261456 -0.04361899072520404
0.5245338371637088 -0.04220886687732249
0.5367822817998334 -0.04072539840376896
0.54900857016478 -0.03916709893761417
0.5612053375996082 -0.03753235099916481
0.5733652372276805 -0.03581976479935732
0.5854809443801506 -0.034028550806535766
0.5975451610080642 -0.03215888404582401
0.6095506200784349 -0.030212238445946813
0.6214900899516319 -0.028191671208932984
0.6333563787374491 -0.026102040036578737
0.645142338627231 -0.023950139910398596
0.6568408701994456 -0.02174475073334542
0.6684449266961098 -0.019496592202146282
0.6799475182674938 -0.017218187465916218
0.691341716182545 -0.014923642116007342
0.7026206570024947 -0.012628349540703767
0.713777546715141 -0.010348637403611447
0.7248056648273034 -0.008101372760440165
0.7356983684129987 -0.005903544978187351
0.746449096114892 -0.0037718461022619243
0.7570513720966108 -0.0017222676469353375
0.7674988099435485 0.00023026894760165258
0.7777851165098009 0.0020722335878527644
0.7879040957089227 0.0037917492661843966
0.7978496522462164 0.00537878680283733
0.8076157952903136 0.00682528912504478
0.8171966420818224 0.008125225554216707
0.8265864214768883 0.0092745802056988
0.8357794774235092 0.01027128172755918
0.8447702723685334 0.011115084052675837
0.8535533905932737 0.011807409504002045
0.8621235414757333 0.012351166427028548
0.8704755626774794 0.012750553535585728
0.8786044232532422 0.013010862411173822
0.8865052266813687 0.013138288202488826
0.894173213813303 0.013139756677040525
0.9016037657403225 0.013022773550149434
0.9087924065757916 0.012795299637079559
0.9157348061512727 0.012465653016638288
0.9224267826248536 0.012042437218160371
0.928864305000136 0.011534492580987817
0.9350434955543556 0.01095086648514618
0.9409606321741775 0.010300797174437472
0.9466121505977576 0.009593705409720312
0.9519946465617215 0.008839188184279548
0.9571048778517655 0.008047009155538064
0.9619397662556433 0.007227081222460889
0.9664963994173694 0.006389437712529543
0.9707720325915102 0.005544189833933375
0.9747640902965183 0.00470146929539546
0.9784701678661044 0.0038713562036064133
0.98188803289772 0.003063793436909091
0.985015626597272 0.002288489603290817
0.9878510650192642 0.0015548133823314332
0.9903926402016152 0.0008716825081814541
0.9926388211944706 0.0002474508780931496
0.9945882549823906 -0.00031020271011743305
0.9962397672993549 -0.0007943808440510442
0.9975923633360985 -0.0011990657475727032
0.9986452283393451 -0.0015192068170108068
0.9993977281025862 -0.0017507951919352909
0.9998494093481021 -0.0018909235547110198
1.0 -0.0019378297903512808
