1.0 0.001557555612857696
0.9998494093481021 0.0016115171270664995
0.9993977281025862 0.0017733606375010178
0.9986452283393451 0.0020429439441405784
0.9975923633360985 0.002419968390221743
0.9962397672993549 0.0029038932679511095
0.9945882549823906 0.0034938291210459414
0.9926388211944706 0.004188421625942766
0.9903926402016152 0.004985739137887495
0.9878510650192642 0.005883177178006271
0.985015626597272 0.0068773920796830965
0.98188803289772 0.007964273783612424
0.9784701678661044 0.009138964551001074
0.9747640902965183 0.010395926422977299
0.9707720325915102 0.011729055927492184
0.9664963994173694 0.013131840197622648
0.9619397662556433 0.014597544698825576
0.9571048778517655 0.01611941952325761
0.9519946465617215 0.017690908996295922
0.9466121505977576 0.019305848370723463
0.9409606321741775 0.020958631772373847
0.9350434955543556 0.022644337308643042
0.928864305000136 0.024358798244353864
0.9224267826248536 0.026098613166848177
0.9157348061512727 0.027861092792380082
0.9087924065757916 0.029644146131660463
0.9016037657403225 0.03144611372126503
0.894173213813303 0.03326556012555831
0.8865052266813687 0.03510104153958932
0.8786044232532422 0.03695086676072425
0.8704755626774794 0.03881287082112279
0.8621235414757333 0.04068422007190554
0.8535533905932737 0.04256126549300944
0.8447702723685334 0.044439457604030036
0.8357794774235092 0.046313331819038725
0.8265864214768883 0.04817656776659391
0.8171966420818224 0.05002212039826718
0.8076157952903136 0.051842415084833074
0.7978496522462164 0.0536295937991429
0.7879040957089227 0.05537579532289981
0.7777851165098009 0.057073449535331784
0.7674988099435485 0.058715564490599254
0.7570513720966108 0.0602959852934512
0.746449096114892 0.06180960573358571
0.7356983684129987 0.06325251710054867
0.7248056648273034 0.06462208331232118
0.713777546715141 0.06591693708862212
0.7026206570024947 0.06713689794631615
0.691341716182545 0.06828281881102059
0.6799475182674938 0.06935637354595947
0.6684449266961098 0.07035980225301372
0.6568408701994456 0.07129563443135609
0.645142338627231 0.07216641171908324
0.6333563787374491 0.0729744318519173
0.6214900899516319 0.07372153364789145
0.6095506200784349 0.07440893940550904
0.5975451610080642 0.07503716635284884
0.5854809443801506 0.0756060130838135
0.5733652372276805 0.07611462072263242
0.5612053375996082 0.07656160237004694
0.54900857016478 0.0769452287090843
0.5367822817998334 0.07726365295230878
0.5245338371637088 0.0775151549875412
0.512270614261456 0.07769838290853667
0.4999999999999999 0.0778125702517853
0.4877293857385438 0.07785770920504491
0.475466162836291 0.07783466366385368
0.46321771820016633 0.07774521100735333
0.4509914298352198 0.07759200744573261
0.43879466240039156 0.0773784782741358
0.42663476277231926 0.07710864082031793
0.41451905561984914 0.07678687375939924
0.4024548389919357 0.07641765129158631
0.3904493799215649 0.07600526402066983
0.3785099100483679 0.07555354993082143
0.36664362126255073 0.07506565847669437
0.35485766137276875 0.07454386847403353
0.3431591298005543 0.07398947636155165
0.33155507330389 0.07340276580601024
0.320052481732506 0.07278306297481109
0.30865828381745486 0.07212887463187713
0.29737934299750524 0.07143809910433001
0.28622245328485874 0.07070829370778212
0.27519433517269654 0.06993697695499465
0.26430163158700104 0.06912194026894353
0.2535509038851079 0.06826154231538382
0.2429486279033891 0.06735495964613902
0.23250119005645137 0.06640237011480275
0.2222148834901989 0.06540505032687692
0.2120959042910774 0.06436537488479302
0.20215034775378343 0.06328671290847829
0.19238420470968637 0.06217322566806066
0.18280335791817703 0.061029577505155023
0.17341357852311146 0.05986057987554005
0.16422052257649067 0.05867079468824104
0.15522972763146647 0.05746412760053909
0.14644660940672616 0.05624344414350661
0.1378764585242665 0.05501024125351853
0.12952443732252045 0.05376440391683758
0.12139557674675777 0.05250407134018325
0.11349477331863145 0.05122562967518532
0.10582678618669683 0.049923839353841454
0.09839623425967753 0.04859209517543594
0.09120759342420814 0.04722280715138113
0.08426519384872727 0.04580788052646554
0.07757321737514639 0.044339265093680955
0.07113569499986394 0.042809537566314754
0.06495650444564427 0.04121247689529252
0.059039367825822475 0.03954359137792311
0.05338784940224234 0.03780055834829548
0.048005353438278275 0.035983542102360634
0.042895122148234655 0.034095363206716335
0.038060233744356575 0.03214150198302726
0.03350360058263052 0.030129930095611736
0.029227967408489597 0.02807077602161684
0.025235909703481607 0.02597584190845186
0.021529832133895532 0.02385800007355303
0.018111967102280024 0.021730506386080345
0.014984373402728013 0.019606274313892325
0.012148934980735715 0.017497157014300862
0.009607359798384785 0.015413285192176747
0.007361178805529334 0.013362505473076816
0.005411745017609493 0.011349957909541014
0.0037602327006450165 0.009377822351184985
0.0024076366639015356 0.007445252360907684
0.0013547716606548965 0.0055485029074618135
0.0006022718974137975 0.003681245071964599
0.00015059065189787502 0.0018350483801697639
0.0 0.0
0.00015059065189787502 -0.001611244646500854
0.0006022718974137975 -0.0032107730704018208
0.0013547716606548965 -0.0047868390986028535
0.0024076366639015356 -0.00632855304126651
0.0037602327006450165 -0.00782625616627236
0.005411745017609493 -0.009271834225630486
0.007361178805529334 -0.010658955675324431
0.009607359798384785 -0.011983224798967754
0.012148934980735715 -0.013242245031681622
0.014984373402728013 -0.01443559303580786
0.018111967102280024 -0.01556470914898804
0.021529832133895532 -0.016632714370509477
0.025235909703481607 -0.017644167778871456
0.029227967408489597 -0.018604780950954535
0.03350360058263052 -0.019521107429186627
0.038060233744356575 -0.02040022549547161
0.042895122148234655 -0.02124943148996587
0.048005353438278275 -0.022075958778760073
0.05338784940224234 -0.022886734425602465
0.059039367825822475 -0.023688181920042066
0.06495650444564427 -0.024486074260698338
0.07113569499986394 -0.025285437608939122
0.07757321737514639 -0.026090501929675877
0.08426519384872727 -0.026904691806335194
0.09120759342420814 -0.027730648188476377
0.09839623425967753 -0.028570270366049286
0.10582678618669683 -0.02942476704623591
0.11349477331863145 -0.030294706033488432
0.12139557674675777 -0.03118005359251512
0.12952443732252045 -0.03208019694279585
0.1378764585242665 -0.03299394626442288
0.14644660940672616 -0.033919515817573895
0.15522972763146647 -0.03485448699898022
0.16422052257649067 -0.03579575908765628
0.17341357852311146 -0.03673949580369059
0.18280335791817703 -0.03768107739974683
0.19238420470968637 -0.038615068671288555
0.20215034775378343 -0.039535212931716676
0.2120959042910774 -0.0404344606594392
0.2222148834901989 -0.04130503927568937
0.23250119005645137 -0.042138567521759984
0.2429486279033891 -0.04292621440340309
0.2535509038851079 -0.04365889893585749
0.26430163158700104 -0.04432752325747236
0.27519433517269654 -0.044923228386495304
0.28622245328485874 -0.0454376592549098
0.29737934299750524 -0.04586322390094217
0.30865828381745486 -0.046193331009821974
0.320052481732506 -0.04642259045430535
0.33155507330389 -0.046546963109647455
0.3431591298005543 -0.04656384892117543
0.35485766137276875 -0.04647210582195321
0.36664362126255073 -0.04627199639659634
0.3785099100483679 -0.04596506387285044
0.3904493799215649 -0.04555394376826058
0.4024548389919357 -0.045042121987386545
0.41451905561984914 -0.044433654031560486
0.42663476277231926 -0.04373286296167977
0.43879466240039156 -0.04294403561724054
0.4509914298352198 -0.042071137189676214
0.46321771820016633 -0.041117563510251295
0.475466162836291 -0.04008594836990029
0.4877293857385438 -0.03897803995921828
0.4999999999999999 -0.03779465630309653
0.512270614261456 -0.03653572463726807
0.5245338371637088 -0.03520040435463262
0.5367822817998334 -0.0337872877870111
0.54900857016478 -0.03229466803597465
0.5612053375996082 -0.03072085865690855
0.5733652372276805 -0.02906454652226055
0.5854809443801506 -0.027325156868580152
0.5975451610080642 -0.02550320851492914
0.6095506200784349 -0.023600637587413507
0.6214900899516319 -0.02162106976515545
0.6333563787374491 -0.019570023958627933
0.645142338627231 -0.017455034245285737
0.6568408701994456 -0.015285681559430477
0.6684449266961098 -0.013073531757742752
0.6799475182674938 -0.010831981929785656
0.691341716182545 -0.008576021863940776
0.7026206570024947 -0.006321922104848219
0.713777546715141 -0.004086863781130341
0.7248056648273034 -0.0018885281329643166
0.7356983684129987 0.00025533471043542497
0.746449096114892 0.0023273377236880987
0.7570513720966108 0.004310870511149873
0.7674988099435485 0.006190476948995469
0.7777851165098009 0.007952182264951587
0.7879040957089227 0.009583758320371824
0.7978496522462164 0.011074919758237569
0.8076157952903136 0.012417447768239998
0.8171966420818224 0.013605242230443196
0.8265864214768883 0.014634306685413776
0.8357794774235092 0.015502673729382918
0.8447702723685334 0.016210280883986638
0.8535533905932737 0.016758808633764517
0.8621235414757333 0.017151493113942613
0.8704755626774794 0.017392925879495105
0.8786044232532422 0.017488852363300316
0.8865052266813687 0.01744597915308184
0.894173213813303 0.01727179823665474
0.9016037657403225 0.0169744340586561
0.9087924065757916 0.01656251678419215
0.9157348061512727 0.0160450827554854
0.9224267826248536 0.015431500918940914
0.928864305000136 0.014731422126408886
0.9350434955543556 0.013954746774609887
0.9409606321741775 0.013111605299596693
0.9466121505977576 0.012212345606717257
0.9519946465617215 0.011267521570048563
0.9571048778517655 0.010287877224209811
0.9619397662556433 0.0092843221148903
0.9664963994173694 0.008267894373654706
0.9707720325915102 0.0072497093305933695
0.9747640902965183 0.006240892769007537
0.9784701678661044 0.005252499162628118
0.98188803289772 0.004295416336851514
0.985015626597272 0.0033802589008694026
0.9878510650192642 0.0025172534702669553
0.9903926402016152 0.00171611912596788
0.9926388211944706 0.0009859467430425126
0.9945882549823906 0.00033508079733657694
0.9962397672993549 -0.00022899294265064365
0.9975923633360985 -0.0006997507614017971
0.9986452283393451 -0.0010717227154551435
0.9993977281025862 -0.0013405705151396871
0.9998494093481021 -0.0015031498167673827
1.0 -0.001557555612857696
