1.0 0.0016890338528823432
0.9998494093481021 0.001745139155397734
0.9993977281025862 0.0019133763780367124
0.9986452283393451 0.0021934903363449625
0.9975923633360985 0.0025849940317698794
0.9962397672993549 0.0030870831873419545
0.9945882549823906 0.0036985300786701405
0.9926388211944706 0.004417568651080325
0.9903926402016152 0.0052417843560657925
0.9878510650192642 0.006168022335780415
0.985015626597272 0.007192326498267698
0.98188803289772 0.008309919735933601
0.9784701678661044 0.009515232229219316
0.9747640902965183 0.010801980721745989
0.9707720325915102 0.012163297196222748
0.9664963994173694 0.013591900905825368
0.9619397662556433 0.015080303614727708
0.9571048778517655 0.01662103453934589
0.9519946465617215 0.018206869166803835
0.9466121505977576 0.019831045083212977
0.9409606321741775 0.021487448291557704
0.9350434955543556 0.02317075524156421
0.928864305000136 0.024876518818627846
0.9224267826248536 0.02660119062261064
0.9157348061512727 0.028342076694430878
0.9087924065757916 0.03009722903555832
0.9016037657403225 0.0318652803928464
0.894173213813303 0.03364523442628764
0.8865052266813687 0.03543622715057572
0.8786044232532422 0.03723727811837444
0.8704755626774794 0.03904705096236338
0.8621235414757333 0.04086364251614985
0.8535533905932737 0.042684417797089584
0.8447702723685334 0.04450590478867312
0.8357794774235092 0.0463237584545355
0.8265864214768883 0.04813279809613259
0.8171966420818224 0.04992711644813363
0.8076157952903136 0.051700253243625115
0.7978496522462164 0.05344542083039015
0.7879040957089227 0.05515576519897485
0.7777851165098009 0.05682464284176519
0.7674988099435485 0.05844589244913264
0.7570513720966108 0.06001408069238752
0.746449096114892 0.06152470323977616
0.7356983684129987 0.06297432556355885
0.7248056648273034 0.06436065276201587
0.713777546715141 0.0656825231749988
0.7026206570024947 0.06693982657510414
0.691341716182545 0.06813335368821287
0.6799475182674938 0.06926458925489636
0.6684449266961098 0.07033546534338925
0.6568408701994456 0.0713480947947602
0.645142338627231 0.07230450625556359
0.6333563787374491 0.07320640209397228
0.6214900899516319 0.07405495860329984
0.6095506200784349 0.07485068441411931
0.5975451610080642 0.07559334823591099
0.5854809443801506 0.0762819813142745
0.5733652372276805 0.07691495378296143
0.5612053375996082 0.07749011791698292
0.54900857016478 0.07800500566156754
0.5367822817998334 0.0784570631902489
0.5245338371637088 0.07884390202432971
0.512270614261456 0.07916354470513318
0.4999999999999999 0.07941464329467562
0.4877293857385438 0.07959665108619265
0.475466162836291 0.07970993167997945
0.46321771820016633 0.07975579472965245
0.4509914298352198 0.07973645377947756
0.43879466240039156 0.07965490819985062
0.42663476277231926 0.07951475774445432
0.41451905561984914 0.07931996415575782
0.4024548389919357 0.0790745790340776
0.3904493799215649 0.07878246044170782
0.3785099100483679 0.07844700213906962
0.36664362126255073 0.07807089879123282
0.35485766137276875 0.07765596794775556
0.3431591298005543 0.07720304525638327
0.33155507330389 0.07671196354329807
0.320052481732506 0.0761816195292162
0.30865828381745486 0.07561012459588615
0.29737934299750524 0.07499502876756477
0.28622245328485874 0.07433360052769844
0.27519433517269654 0.07362313980936008
0.26430163158700104 0.07286129794640105
0.2535509038851079 0.07204637688895643
0.2429486279033891 0.07117758075090051
0.23250119005645137 0.07025519577006341
0.2222148834901989 0.0692806798453477
0.2120959042910774 0.06825664961830656
0.20215034775378343 0.06718676109335167
0.19238420470968637 0.0660754884328713
0.18280335791817703 0.06492781414827763
0.17341357852311146 0.06374885174894453
0.16422052257649067 0.06254342836194576
0.15522972763146647 0.061315659342129056
0.14644660940672616 0.06006854903753624
0.1378764585242665 0.05880365141583359
0.12952443732252045 0.05752082114579127
0.12139557674675777 0.056218080120880885
0.11349477331863145 0.05489161666363318
0.10582678618669683 0.05353592528756711
0.09839623425967753 0.05214408458381966
0.09120759342420814 0.050708160297205776
0.08426519384872727 0.04921971075036472
0.07757321737514639 0.04767036322852611
0.07113569499986394 0.04605242343100828
0.06495650444564427 0.04435947617161163
0.059039367825822475 0.042586934530664325
0.05338784940224234 0.04073249677728473
0.048005353438278275 0.03879647551534768
0.042895122148234655 0.03678197135932849
0.038060233744356575 0.03469487350845644
0.03350360058263052 0.032543681178592715
0.029227967408489597 0.03033915216502783
0.025235909703481607 0.028093796972529474
0.021529832133895532 0.025821248083862016
0.018111967102280024 0.023535543227333026
0.014984373402728013 0.021250368251482476
0.012148934980735715 0.018978308898178732
0.009607359798384785 0.016730161075368857
0.007361178805529334 0.014514346097568825
0.005411745017609493 0.012336470962304228
0.0037602327006450165 0.010199064476480722
0.0024076366639015356 0.00810150855861407
0.0013547716606548965 0.006040171106377665
0.0006022718974137975 0.004008733328753864
0.00015059065189787502 0.0019986913383335343
0.0 0.0
0.00015059065189787502 -0.0012986509820119019
0.0006022718974137975 -0.0025892587154040373
0.0013547716606548965 -0.0038636268037264636
0.0024076366639015356 -0.005114251002118898
0.0037602327006450165 -0.0063346185202793875
0.005411745017609493 -0.007519454422551378
0.007361178805529334 -0.008664902910735914
0.009607359798384785 -0.009768635419491209
0.012148934980735715 -0.010829882051953912
0.014984373402728013 -0.011849387611144043
0.018111967102280024 -0.012829298011308785
0.021529832133895532 -0.013772986871267419
0.025235909703481607 -0.014684835328614884
0.029227967408489597 -0.015569980359470945
0.03350360058263052 -0.016434048008957
0.038060233744356575 -0.01728288788308408
0.042895122148234655 -0.018122324061007167
0.048005353438278275 -0.018957935378981317
0.05338784940224234 -0.019794875008582246
0.059039367825822475 -0.020637735654335368
0.06495650444564427 -0.021490462820187305
0.07113569499986394 -0.02235631474584065
0.07757321737514639 -0.02323786409006018
0.08426519384872727 -0.02413703350470414
0.09120759342420814 -0.025055155115148383
0.09839623425967753 -0.025993042747247036
0.10582678618669683 -0.026951065587131534
0.11349477331863145 -0.02792921281433163
0.12139557674675777 -0.028927140516324244
0.12952443732252045 -0.029944194706304827
0.1378764585242665 -0.030979407299371316
0.14644660940672616 -0.03203146518839363
0.15522972763146647 -0.03309865581340097
0.16422052257649067 -0.03417879555486833
0.17341357852311146 -0.035269149645625976
0.18280335791817703 -0.03636635387884918
0.19238420470968637 -0.03746634904492019
0.20215034775378343 -0.03856433868755211
0.2120959042910774 -0.03965477944048985
0.2222148834901989 -0.04073141098240298
0.23250119005645137 -0.041787329695528216
0.2429486279033891 -0.0428151066611301
0.2535509038851079 -0.04380694694402449
0.26430163158700104 -0.044754883504571887
0.27519433517269654 -0.04565099582529916
0.28622245328485874 -0.04648764072344703
0.29737934299750524 -0.04725768106877159
0.30865828381745486 -0.04795469740379131
0.320052481732506 -0.048573167861144836
0.33155507330389 -0.049108603295504594
0.3431591298005543 -0.04955762711561998
0.35485766137276875 -0.049917992754783425
0.36664362126255073 -0.05018853582480054
0.3785099100483679 -0.05036906247540539
0.3904493799215649 -0.0504601800109745
0.4024548389919357 -0.05046308007235146
0.41451905561984914 -0.050379288360514994
0.42663476277231926 -0.05021039768461132
0.43879466240039156 -0.049957802840870376
0.4509914298352198 -0.0496224563262658
0.46321771820016633 -0.04920466310146018
0.475466162836291 -0.04870393057137574
0.4877293857385438 -0.04811888676670561
0.4999999999999999 -0.047447275584253414
0.512270614261456 -0.046686033143336185
0.5245338371637088 -0.045831444153103106
0.5367822817998334 -0.044879372001534905
0.54900857016478 -0.04382555141399662
0.5612053375996082 -0.04266592830955704
0.5733652372276805 -0.04139702818586899
0.5854809443801506 -0.04001633220521083
0.5975451610080642 -0.03852263927578466
0.6095506200784349 -0.036916392878436906
0.6214900899516319 -0.035199953146003195
0.6333563787374491 -0.033377797641534125
0.645142338627231 -0.03145663820760723
0.6568408701994456 -0.02944544591468308
0.6684449266961098 -0.027355381221278403
0.6799475182674938 -0.02519963164920835
0.691341716182545 -0.02299316424938149
0.7026206570024947 -0.020752404584909328
0.713777546715141 -0.018494857626881148
0.7248056648273034 -0.016238688639761578
0.7356983684129987 -0.014002283693187512
0.746449096114892 -0.011803809816680087
0.7570513720966108 -0.009660794033068208
0.7674988099435485 -0.007589738658924435
0.7777851165098009 -0.005605787504829552
0.7879040957089227 -0.003722454155619814
0.7978496522462164 -0.001951419607561066
0.8076157952903136 -0.00030240244999808785
0.8171966420818224 0.0012168992330163478
0.8265864214768883 0.002600798755365585
0.8357794774235092 0.003845552186779727
0.8447702723685334 0.004949240306861492
0.8535533905932737 0.0059116129406112765
0.8621235414757333 0.006733908261516371
0.8704755626774794 0.007418659606286288
0.8786044232532422 0.00796950152732621
0.8865052266813687 0.008390985329131604
0.894173213813303 0.008688412343540902
0.9016037657403225 0.008867690870375282
0.9087924065757916 0.008935220228373012
0.9157348061512727 0.008897802906576607
0.9224267826248536 0.008762583542198492
0.928864305000136 0.008537011514468291
0.9350434955543556 0.00822882243755726
0.9409606321741775 0.007846032822806593
0.9466121505977576 0.007396941684152017
0.9519946465617215 0.006890132865216852
0.9571048778517655 0.006334472322394532
0.9619397662556433 0.0057390954285117335
0.9664963994173694 0.005113380470639274
0.9707720325915102 0.004466905797799018
0.9747640902965183 0.0038093894234079795
0.9784701678661044 0.0031506112044667875
0.98188803289772 0.002500318920112642
0.985015626597272 0.0018681205907701555
0.9878510650192642 0.0012633661722278682
0.9903926402016152 0.0006950223055833238
0.9926388211944706 0.00017154410425565167
0.9945882549823906 -0.0002992519687990223
0.9962397672993549 -0.0007103102054070759
0.9975923633360985 -0.0010554490916462101
0.9986452283393451 -0.0013294628321387678
0.9993977281025862 -0.0015282081781789183
0.9998494093481021 -0.0016486742862551493
1.0 -0.0016890338528823432
