1.0 0.0016911997865974738
0.9998494093481021 0.001743830483661539
0.9993977281025862 0.001901669056574166
0.9986452283393451 0.0021645364929821042
0.9975923633360985 0.002532074932286095
0.9962397672993549 0.0030036652846988574
0.9945882549823906 0.0035783250052877262
0.9926388211944706 0.004254597669330434
0.9903926402016152 0.005030447378493263
0.9878510650192642 0.005903171189183206
0.985015626597272 0.006869341661714716
0.98188803289772 0.007924789358827834
0.9784701678661044 0.009064631856269998
0.9747640902965183 0.010283351838133418
0.9707720325915102 0.011574922474294107
0.9664963994173694 0.012932973894534421
0.9619397662556433 0.014350990568790764
0.9571048778517655 0.015822526134845437
0.9519946465617215 0.017341419986525556
0.9466121505977576 0.018901998966858735
0.9409606321741775 0.020499247918668792
0.9350434955543556 0.022128934632549876
0.928864305000136 0.023787677785745986
0.9224267826248536 0.025472950563470813
0.9157348061512727 0.027183017483432496
0.9087924065757916 0.02891680712472125
0.9016037657403225 0.030673728577392537
0.894173213813303 0.03245344406022063
0.8865052266813687 0.03425561391445813
0.8786044232532422 0.03607963274864928
0.8704755626774794 0.03792437665293683
0.8621235414757333 0.03978798100216943
0.8535533905932737 0.041667666429841294
0.8447702723685334 0.043559627208360145
0.8357794774235092 0.045458991759760696
0.8265864214768883 0.047359859686390275
0.8171966420818224 0.04925541396557407
0.8076157952903136 0.0511381012462194
0.7978496522462164 0.05299986797123143
0.7879040957089227 0.05483243574551597
0.7777851165098009 0.056627596324689826
0.7674988099435485 0.058377505066301336
0.7570513720966108 0.060074951796532675
0.746449096114892 0.06171358980341114
0.7356983684129987 0.06328810694287412
0.7248056648273034 0.0647943273841465
0.713777546715141 0.06622923796988026
0.7026206570024947 0.06759093909282096
0.691341716182545 0.06887852592149463
0.6799475182674938 0.0700919112661576
0.6684449266961098 0.07123160592166859
0.6568408701994456 0.07229847558573135
0.645142338627231 0.07329349516041773
0.6333563787374491 0.0742175212575577
0.6214900899516319 0.0750711020369202
0.6095506200784349 0.07585434024122607
0.5975451610080642 0.0765668207141692
0.5854809443801506 0.07720760816605345
0.5733652372276805 0.0777753149355385
0.5612053375996082 0.07826823247846255
0.54900857016478 0.07868451479303198
0.5367822817998334 0.07902239742564275
0.5245338371637088 0.07928043247956314
0.512270614261456 0.07945771844915442
0.4999999999999999 0.07955410387388512
0.4877293857385438 0.07957034575327518
0.475466162836291 0.07950820724378857
0.46321771820016633 0.0793704840926644
0.4509914298352198 0.0791609551574237
0.43879466240039156 0.0788842587343353
0.42663476277231926 0.07854570274900582
0.41451905561984914 0.07815102261790342
0.4024548389919357 0.07770610528068711
0.3904493799215649 0.07721670111934086
0.3785099100483679 0.07668814692582852
0.36664362126255073 0.07612512260070484
0.35485766137276875 0.07553146186223289
0.3431591298005543 0.07491003307902175
0.33155507330389 0.07426270071737898
0.320052481732506 0.07359037125188042
0.30865828381745486 0.07289312025165673
0.29737934299750524 0.07217039030523907
0.28622245328485874 0.0714212430693515
0.27519433517269654 0.0706446435665051
0.26430163158700104 0.06983975137140248
0.2535509038851079 0.06900619185096572
0.2429486279033891 0.06814428133684922
0.23250119005645137 0.06725518301997843
0.2222148834901989 0.06634097529468744
0.2120959042910774 0.06540462090893887
0.20215034775378343 0.06444983311617042
0.19238420470968637 0.06348084348333352
0.18280335791817703 0.06250208443312764
0.17341357852311146 0.0615178073155809
0.16422052257649067 0.060531663181436456
0.15522972763146647 0.05954627792137116
0.14644660940672616 0.05856285562733646
0.1378764585242665 0.05758084367921557
0.12952443732252045 0.05659769010595506
0.12139557674675777 0.05560871835882232
0.11349477331863145 0.05460713710138161
0.10582678618669683 0.053584193472981656
0.09839623425967753 0.052529468162618186
0.09120759342420814 0.05143130027022709
0.08426519384872727 0.05027732010086539
0.07757321737514639 0.049055059480239305
0.07113569499986394 0.047752602565500755
0.06495650444564427 0.04635923599065293
0.059039367825822475 0.044866055895571605
0.05338784940224234 0.0432664911022705
0.048005353438278275 0.04155670636317054
0.042895122148234655 0.03973585693691137
0.038060233744356575 0.037806175269477216
0.03350360058263052 0.03577288162501211
0.029227967408489597 0.03364392235113347
0.025235909703481607 0.031429551239081255
0.021529832133895532 0.029141780303689264
0.018111967102280024 0.026793735470919542
0.014984373402728013 0.02439895944429121
0.012148934980735715 0.021970707913362385
0.009607359798384785 0.019521285958804962
0.007361178805529334 0.017061468919262152
0.005411745017609493 0.014600046271093703
0.0037602327006450165 0.012143518615996976
0.0024076366639015356 0.009695967256554085
0.0013547716606548965 0.007259103808448718
0.0006022718974137975 0.004832494699063747
0.00015059065189787502 0.0024139431290386543
0.0 0.0
0.00015059065189787502 -0.0013411446799109724
0.0006022718974137975 -0.0026727174561189796
0.0013547716606548965 -0.003985024280870574
0.0024076366639015356 -0.0052691254048146535
0.0037602327006450165 -0.006517162896521943
0.005411745017609493 -0.007722631988276933
0.007361178805529334 -0.00888058319630394
0.009607359798384785 -0.00998774650551645
0.012148934980735715 -0.011042573731391848
0.014984373402728013 -0.012045200138567424
0.018111967102280024 -0.01299733116440437
0.021529832133895532 -0.013902064341638072
0.025235909703481607 -0.014763659954874497
0.029227967408489597 -0.015587276381005467
0.03350360058263052 -0.01637868731137038
0.038060233744356575 -0.01714399807896948
0.042895122148234655 -0.01788937715297848
0.048005353438278275 -0.018620816637605172
0.05338784940224234 -0.019343932521628273
0.059039367825822475 -0.020063811727714667
0.06495650444564427 -0.020784909005613264
0.07113569499986394 -0.02151099271594678
0.07757321737514639 -0.022245134869203032
0.08426519384872727 -0.022989737694068826
0.09120759342420814 -0.023746586734735127
0.09839623425967753 -0.02451691917370559
0.10582678618669683 -0.025301495820386606
0.11349477331863145 -0.02610066598675891
0.12139557674675777 -0.026914416196860844
0.12952443732252045 -0.027742396178633933
0.1378764585242665 -0.02858391863571935
0.14644660940672616 -0.029437932621382733
0.15522972763146647 -0.03030297364465874
0.16422052257649067 -0.031177096640713116
0.17341357852311146 -0.032057800370038754
0.18280335791817703 -0.03294195345827191
0.19238420470968637 -0.03382573299845449
0.20215034775378343 -0.03470458633553856
0.2120959042910774 -0.03557322534691292
0.2222148834901989 -0.03642566031358633
0.23250119005645137 -0.03725527751128509
0.2429486279033891 -0.03805496116937147
0.2535509038851079 -0.03881725672403487
0.26430163158700104 -0.03953456863082462
0.27519433517269654 -0.04019938270137234
0.28622245328485874 -0.04080450026852327
0.29737934299750524 -0.04134326969685818
0.30865828381745486 -0.04180980001217126
0.320052481732506 -0.04219914181697677
0.33155507330389 -0.04250742219710041
0.3431591298005543 -0.04273192292716267
0.35485766137276875 -0.042871094788124606
0.36664362126255073 -0.042924504984587594
0.3785099100483679 -0.04289271920497468
0.3904493799215649 -0.04277712448183171
0.4024548389919357 -0.04257970334945831
0.41451905561984914 -0.04230277354289942
0.42663476277231926 -0.0419487103542884
0.43879466240039156 -0.04151967053611366
0.4509914298352198 -0.04101733716756172
0.46321771820016633 -0.0404427041173031
0.475466162836291 -0.03979591667290377
0.4877293857385438 -0.03907618168231804
0.4999999999999999 -0.0382817563674021
0.512270614261456 -0.03741002009194154
0.5245338371637088 -0.03645762811555889
0.5367822817998334 -0.03542074108555295
0.54900857016478 -0.03429531905990825
0.5612053375996082 -0.03307746454413442
0.5733652372276805 -0.031763795646462485
0.5854809443801506 -0.030351828231601246
0.5975451610080642 -0.028840345026470426
0.6095506200784349 -0.027229730058945554
0.6214900899516319 -0.025522248559672785
0.6333563787374491 -0.023722255407760004
0.645142338627231 -0.02183631915654436
0.6568408701994456 -0.019873253375621673
0.6684449266961098 -0.017844052185455133
0.6799475182674938 -0.0157617321136416
0.691341716182545 -0.013641087439179184
0.7026206570024947 -0.011498370706163968
0.713777546715141 -0.009350913816037549
0.7248056648273034 -0.007216707840776201
0.7356983684129987 -0.005113961301587108
0.746449096114892 -0.0030606570695395343
0.7570513720966108 -0.0010741272857244736
0.7674988099435485 0.0008293361365029079
0.7777851165098009 0.002634820615640414
0.7879040957089227 0.004329070255208131
0.7978496522462164 0.005900693997452542
0.8076157952903136 0.007340301226009867
0.8171966420818224 0.00864056548576562
0.8265864214768883 0.0097962206846205
0.8357794774235092 0.010803997303602323
0.8447702723685334 0.011662508604859043
0.8535533905932737 0.012372098483721719
0.8621235414757333 0.012934663413881851
0.8704755626774794 0.013353460896565186
0.8786044232532422 0.013632916013856999
0.8865052266813687 0.013778436218907834
0.894173213813303 0.013796242523729015
0.9016037657403225 0.013693222943895841
0.9087924065757916 0.013476811613051216
0.9157348061512727 0.01315489456832733
0.9224267826248536 0.012735740993182502
0.928864305000136 0.012227956821603669
0.9350434955543556 0.011640456156868975
0.9409606321741775 0.01098244499917474
0.9466121505977576 0.010263411328746119
0.9519946465617215 0.00949311563525513
0.9571048778517655 0.00868157646738998
0.9619397662556433 0.007839046418543334
0.9664963994173694 0.006975975068066331
0.9707720325915102 0.006102956655889847
0.9747640902965183 0.005230661575462123
0.9784701678661044 0.004369752028527544
0.98188803289772 0.003530783313332176
0.985015626597272 0.0027240931537203094
0.9878510650192642 0.001959682181404777
0.9903926402016152 0.0012470891417139145
0.9926388211944706 0.0005952646099079291
0.9945882549823906 1.2447004060733152e-05
0.9962397672993549 -0.0004939555021863003
0.9975923633360985 -0.0009174738842558767
0.9986452283393451 -0.0012526751187731295
0.9993977281025862 -0.00149524457621533
0.9998494093481021 -0.0016420520250469226
1.0 -0.0016911997865974738
