1.0 0.0017976392929537263
0.9998494093481021 0.001852185818012729
0.9993977281025862 0.0020157852551027575
0.9986452283393451 0.0022882980272659207
0.9975923633360985 0.0026694296578694647
0.9962397672993549 0.0031586449085985995
0.9945882549823906 0.0037550607439214836
0.9926388211944706 0.004457329834517397
0.9903926402016152 0.005263527717425841
0.9878510650192642 0.006171056916902682
0.985015626597272 0.007176580264295802
0.98188803289772 0.008275993415020172
0.9784701678661044 0.009464443327525081
0.9747640902965183 0.010736395514128267
0.9707720325915102 0.012085748534799687
0.9664963994173694 0.013505989859032081
0.9619397662556433 0.014990383251088852
0.9571048778517655 0.016532174597282547
0.9519946465617215 0.01812480089064705
0.9466121505977576 0.019762086135172198
0.9409606321741775 0.02143840834250904
0.9350434955543556 0.02314882356841316
0.928864305000136 0.024889135958135605
0.9224267826248536 0.02665590681564728
0.9157348061512727 0.02844640046655658
0.9087924065757916 0.03025846976869797
0.9016037657403225 0.03209038912250276
0.894173213813303 0.03394064732932657
0.8865052266813687 0.03580771625739014
0.8786044232532422 0.03768981368519955
0.8704755626774794 0.03958467967749808
0.8621235414757333 0.041489385298129476
0.8535533905932737 0.043400190390455146
0.8447702723685334 0.04531246369651752
0.8357794774235092 0.04722067399338814
0.8265864214768883 0.0491184555476718
0.8171966420818224 0.05099874544463388
0.8076157952903136 0.05285398469063309
0.7978496522462164 0.05467636986992059
0.7879040957089227 0.05645813797575157
0.7777851165098009 0.058191864176204325
0.7674988099435485 0.05987075096201087
0.7570513720966108 0.06148888748090004
0.746449096114892 0.06304145988165374
0.7356983684129987 0.06452489702920237
0.7248056648273034 0.06593694074417351
0.713777546715141 0.06727663539766417
0.7026206570024947 0.0685442378113397
0.691341716182545 0.06974105449139402
0.6799475182674938 0.07086921877853165
0.6684449266961098 0.07193142507903688
0.6568408701994456 0.07293064058262322
0.645142338627231 0.07386981650455571
0.6333563787374491 0.07475162077349802
0.6214900899516319 0.07557821222351901
0.6095506200784349 0.07635107288065492
0.5975451610080642 0.07707091013414834
0.5854809443801506 0.07773763483266836
0.5733652372276805 0.07835041510899704
0.5612053375996082 0.07890779951841596
0.54900857016478 0.07940789738426196
0.5367822817998334 0.07984859954779525
0.5245338371637088 0.08022781941010401
0.512270614261456 0.08054373251251787
0.4999999999999999 0.0807949930759377
0.4877293857385438 0.08098090790792388
0.475466162836291 0.0811015517393725
0.46321771820016633 0.08115781308145112
0.4509914298352198 0.08115136569271543
0.43879466240039156 0.08108456722545691
0.42663476277231926 0.08096029304282829
0.41451905561984914 0.08078171902496561
0.4024548389919357 0.08055207191540276
0.3904493799215649 0.08027436898361671
0.3785099100483679 0.07995117019868102
0.36664362126255073 0.07958436557011442
0.35485766137276875 0.07917501782162599
0.3431591298005543 0.07872327628945229
0.33155507330389 0.0782283721977706
0.320052481732506 0.07768869870498767
0.30865828381745486 0.07710197187574341
0.29737934299750524 0.07646546160482356
0.28622245328485874 0.07577627509593514
0.27519433517269654 0.07503167033186701
0.26430163158700104 0.07422937352513788
0.2535509038851079 0.07336787314355506
0.2429486279033891 0.07244666393872673
0.23250119005645137 0.07146641746720563
0.2222148834901989 0.0704290607035049
0.2120959042910774 0.06933775115206964
0.20215034775378343 0.06819674487613957
0.19238420470968637 0.06701116247036494
0.18280335791817703 0.06578666654178902
0.17341357852311146 0.06452907204819988
0.16422052257649067 0.06324391723220835
0.15522972763146647 0.061936027333882634
0.14644660940672616 0.0606091053516746
0.1378764585242665 0.059265383610537056
0.12952443732252045 0.0579053667427461
0.12139557674675777 0.05652769104958146
0.11349477331863145 0.05512911744512633
0.10582678618669683 0.05370466581457504
0.09839623425967753 0.052247888312660556
0.09120759342420814 0.050751268635996154
0.08426519384872727 0.04920672441247601
0.07757321737514639 0.04760618132188537
0.07113569499986394 0.04594218107114667
0.06495650444564427 0.04420848143507277
0.059039367825822475 0.04240060559885221
0.05338784940224234 0.04051630015082122
0.048005353438278275 0.03855586619656494
0.042895122148234655 0.036522335896907565
0.038060233744356575 0.03442147676585713
0.03350360058263052 0.03226161762120755
0.029227967408489597 0.03005330235699782
0.025235909703481607 0.027808789833052863
0.021529832133895532 0.025541429278067778
0.018111967102280024 0.023264949865037354
0.014984373402728013 0.020992709847874734
0.012148934980735715 0.018736954325377267
0.009607359798384785 0.016508131015906466
0.007361178805529334 0.014314310313694482
0.005411745017609493 0.012160749531400734
0.0037602327006450165 0.010049632024171718
0.0024076366639015356 0.00798000045603195
0.0013547716606548965 0.005947890592108913
0.0006022718974137975 0.003946658570948244
0.00015059065189787502 0.0019674815661650425
0.0 0.0
0.00015059065189787502 -0.0015751834647843052
0.0006022718974137975 -0.003139099496724509
0.0013547716606548965 -0.0046803733752168305
0.0024076366639015356 -0.0061884767888711655
0.0037602327006450165 -0.007654097156604453
0.005411745017609493 -0.009069445870790735
0.007361178805529334 -0.010428491117113662
0.009607359798384785 -0.011727105536799651
0.012148934980735715 -0.012963124128258518
0.014984373402728013 -0.0141363130848295
0.018111967102280024 -0.015248255373700214
0.021529832133895532 -0.016302163436965566
0.025235909703481607 -0.0173026331410683
0.029227967408489597 -0.018255355781619003
0.03350360058263052 -0.019166806413450897
0.038060233744356575 -0.02004392695806346
0.042895122148234655 -0.020893821473700745
0.048005353438278275 -0.02172347877884814
0.05338784940224234 -0.022539534499397135
0.059039367825822475 -0.023348080828096564
0.06495650444564427 -0.02415452814967824
0.07113569499986394 -0.024963518522298025
0.07757321737514639 -0.025778887135239625
0.08426519384872727 -0.026603664572920044
0.09120759342420814 -0.027440110242313926
0.09839623425967753 -0.028289765831206484
0.10582678618669683 -0.029153517242578066
0.11349477331863145 -0.03003165409304058
0.12139557674675777 -0.030923917481834866
0.12952443732252045 -0.03182952916488595
0.1378764585242665 -0.03274719827548235
0.14644660940672616 -0.03367510504417721
0.15522972763146647 -0.0346108642879338
0.16422052257649067 -0.035551474466341534
0.17341357852311146 -0.03649326057022032
0.18280335791817703 -0.03743182079146748
0.19238420470968637 -0.0383619876639596
0.20215034775378343 -0.03927781408292674
0.2120959042910774 -0.04017259330827387
0.2222148834901989 -0.04103891982428074
0.23250119005645137 -0.04186879493049236
0.2429486279033891 -0.04265377740832781
0.2535509038851079 -0.043385175824384246
0.26430163158700104 -0.04405427529986163
0.27519433517269654 -0.04465258820331251
0.28622245328485874 -0.04517211549634626
0.29737934299750524 -0.04560560361976972
0.30865828381745486 -0.045946781027893895
0.320052481732506 -0.04619055886005458
0.33155507330389 -0.04633318179251626
0.3431591298005543 -0.04637231776359415
0.35485766137276875 -0.04630707884839994
0.36664362126255073 -0.0461379698421522
0.3785099100483679 -0.04586676580083276
0.3904493799215649 -0.045496324557738596
0.4024548389919357 -0.045030344744812816
0.41451905561984914 -0.044473083771986846
0.42663476277231926 -0.0438290532663463
0.43879466240039156 -0.04310271141412229
0.4509914298352198 -0.042298172326020414
0.46321771820016633 -0.04141895189110052
0.475466162836291 -0.04046776761975788
0.4877293857385438 -0.039446406817220794
0.4999999999999999 -0.03835567327385359
0.512270614261456 -0.037195417775810265
0.5245338371637088 -0.035964652448691944
0.5367822817998334 -0.03466174359610483
0.54900857016478 -0.03328467263718848
0.5612053375996082 -0.031831350315148714
0.5733652372276805 -0.030299965832590717
0.5854809443801506 -0.028689350196481597
0.5975451610080642 -0.02699933197568064
0.6095506200784349 -0.025231063949758367
0.6214900899516319 -0.023387300731406862
0.6333563787374491 -0.02147261026076689
0.645142338627231 -0.019493505904786903
0.6568408701994456 -0.01745849049066561
0.6684449266961098 -0.015378008656557838
0.6799475182674938 -0.013264309088148298
0.691341716182545 -0.011131223198180051
0.7026206570024947 -0.00899387129017678
0.713777546715141 -0.006868310961093163
0.7248056648273034 -0.004771145232055422
0.7356983684129987 -0.0027191095135551055
0.746449096114892 -0.0007286569507243795
0.7570513720966108 0.001184439026153603
0.7674988099435485 0.0030054479077789137
0.7777851165098009 0.004720996725045154
0.7879040957089227 0.006319325128261345
0.7978496522462164 0.007790473812191505
0.8076157952903136 0.009126403194753744
0.8171966420818224 0.010321043198457752
0.8265864214768883 0.011370278599388899
0.8357794774235092 0.01227187748908743
0.8447702723685334 0.013025372778073325
0.8535533905932737 0.013631908250357637
0.8621235414757333 0.014094061410953648
0.8704755626774794 0.014415655268207159
0.8786044232532422 0.014601570330320777
0.8865052266813687 0.014657566588530575
0.894173213813303 0.014590123261630778
0.9016037657403225 0.014406301764147943
0.9087924065757916 0.014113634918137928
0.9157348061512727 0.013720043035649648
0.9224267826248536 0.013233775316790918
0.928864305000136 0.012663373170163608
0.9350434955543556 0.012017650665491568
0.9409606321741775 0.011305686429672793
0.9466121505977576 0.010536820913293936
0.9519946465617215 0.009720653062093706
0.9571048778517655 0.008867030970504442
0.9619397662556433 0.007986031989434896
0.9664963994173694 0.007087928907527242
0.9707720325915102 0.006183140115795336
0.9747640902965183 0.005282162992574845
0.9784701678661044 0.004395491011403966
0.98188803289772 0.003533516197404124
0.985015626597272 0.002706419477627232
0.9878510650192642 0.0019240521508493132
0.9903926402016152 0.001195812129264889
0.9926388211944706 0.0005305187869565052
0.9945882549823906 -6.370978575352855e-05
0.9962397672993549 -0.0005795735377233961
0.9975923633360985 -0.001010697985319631
0.9986452283393451 -0.0013517297093966854
0.9993977281025862 -0.001598417490790536
0.9998494093481021 -0.0017476772343244784
1.0 -0.0017976392929537263
