1.0 0.002013147677987636
0.9998494093481021 0.0020629659026788504
0.9993977281025862 0.0022123892151890865
0.9986452283393451 0.0024613039347852897
0.9975923633360985 0.002809457350104934
0.9962397672993549 0.003256369933245187
0.9945882549823906 0.0038012259338949745
0.9926388211944706 0.004442754356754813
0.9903926402016152 0.0051791137704670165
0.9878510650192642 0.006007794594508299
0.985015626597272 0.0069255514278262695
0.98188803289772 0.007928375697778066
0.9784701678661044 0.00901151560497894
0.9747640902965183 0.010169546295290403
0.9707720325915102 0.011396488749151626
0.9664963994173694 0.012685971425138698
0.9619397662556433 0.014031424620413187
0.9571048778517655 0.015426294180601255
0.9519946465617215 0.016864258912800644
0.9466121505977576 0.018339435050225342
0.9409606321741775 0.019846551503090528
0.9350434955543556 0.021381081409064022
0.928864305000136 0.02293931855134826
0.9224267826248536 0.024518391316611123
0.9157348061512727 0.026116211699430687
0.9087924065757916 0.02773136203827736
0.9016037657403225 0.02936292726794056
0.894173213813303 0.031010285070935218
0.8865052266813687 0.032672870015776075
0.8786044232532422 0.03434993025966778
0.8704755626774794 0.03604029643797566
0.8621235414757333 0.03774218184831374
0.8535533905932737 0.03945303097436244
0.8447702723685334 0.04116942992143327
0.8357794774235092 0.042887087707271426
0.8265864214768883 0.044600891920561624
0.8171966420818224 0.046305036449528374
0.8076157952903136 0.047993213254349285
0.7978496522462164 0.0496588549703133
0.7879040957089227 0.05129541090687835
0.7777851165098009 0.05289663610200523
0.7674988099435485 0.054456871750849664
0.7570513720966108 0.05597129567974451
0.746449096114892 0.057436123572455214
0.7356983684129987 0.058848745232638625
0.7248056648273034 0.06020778501560205
0.713777546715141 0.06151308131023715
0.7026206570024947 0.06276558614887708
0.691341716182545 0.06396719217892094
0.6799475182674938 0.06512049985430104
0.6684449266961098 0.06622854234456488
0.6568408701994456 0.06729448893720456
0.645142338627231 0.06832134935410203
0.6333563787374491 0.06931170127420888
0.6214900899516319 0.07026746145246532
0.6095506200784349 0.07118971729335428
0.5975451610080642 0.0720786308531048
0.5854809443801506 0.07293342139574485
0.5733652372276805 0.07375242628441361
0.5612053375996082 0.0745332336637521
0.54900857016478 0.0752728745973974
0.5367822817998334 0.07596805754266374
0.5245338371637088 0.07661542466980328
0.512270614261456 0.07721180785130168
0.4999999999999999 0.07775446230669537
0.4877293857385438 0.07824125788964031
0.475466162836291 0.07867081169413093
0.46321771820016633 0.07904255074274584
0.4509914298352198 0.07935669958997457
0.43879466240039156 0.07961419423017727
0.42663476277231926 0.07981653019810513
0.41451905561984914 0.07996555864315548
0.4024548389919357 0.08006324894191985
0.3904493799215649 0.08011143966666116
0.3785099100483679 0.08011160114980206
0.36664362126255073 0.08006463232264935
0.35485766137276875 0.07997071196851877
0.3431591298005543 0.07982922018820567
0.33155507330389 0.0796387400542986
0.320052481732506 0.07939714258432326
0.30865828381745486 0.0791017508400378
0.29737934299750524 0.0787495717622064
0.28622245328485874 0.07833757788186536
0.27519433517269654 0.07786301587063052
0.26430163158700104 0.07732371547297104
0.2535509038851079 0.07671837104048193
0.2429486279033891 0.07604676883859227
0.23250119005645137 0.07530993651714696
0.2222148834901989 0.07451019644192125
0.2120959042910774 0.0736511116155969
0.20215034775378343 0.07273732116687248
0.19238420470968637 0.07177427123630294
0.18280335791817703 0.07076785585274822
0.17341357852311146 0.06972399037741678
0.16422052257649067 0.06864814663722217
0.15522972763146647 0.06754488341304576
0.14644660940672616 0.06641740806895413
0.1378764585242665 0.06526720455897347
0.12952443732252045 0.06409375978160677
0.12139557674675777 0.06289441442955994
0.11349477331863145 0.061664356463970164
0.10582678618669683 0.06039676566676474
0.09839623425967753 0.05908310706955115
0.09120759342420814 0.05771356019196856
0.08426519384872727 0.05627756075103324
0.07757321737514639 0.05476442260480246
0.07113569499986394 0.053164000863323076
0.06495650444564427 0.051467352893588586
0.059039367825822475 0.04966735273656441
0.05338784940224234 0.04775921640262389
0.048005353438278275 0.04574090054647898
0.042895122148234655 0.04361334484484817
0.038060233744356575 0.04138053850049089
0.03350360058263052 0.03904940298989787
0.029227967408489597 0.036629495646089756
0.025235909703481607 0.03413255104014383
0.021529832133895532 0.03157188850700168
0.018111967102280024 0.02896172372398141
0.014984373402728013 0.026316429286309572
0.012148934980735715 0.023649793199055323
0.009607359798384785 0.0209743248002091
0.007361178805529334 0.018300654766724638
0.005411745017609493 0.015637069703833526
0.0037602327006450165 0.012989212785465254
0.0024076366639015356 0.01035997061796771
0.0013547716606548965 0.0077495537250023
0.0006022718974137975 0.005155764693828493
0.00015059065189787502 0.0025744350240792667
0.0 0.0
0.00015059065189787502 -0.001250981833652076
0.0006022718974137975 -0.0024946193664953553
0.0013547716606548965 -0.003723303755736258
0.0024076366639015356 -0.004930091359519188
0.0037602327006450165 -0.0061089909268156216
0.005411745017609493 -0.007255199403876482
0.007361178805529334 -0.00836527452093038
0.009607359798384785 -0.009437236366406115
0.012148934980735715 -0.010470594639003721
0.014984373402728013 -0.01146630287352007
0.018111967102280024 -0.012426645341817725
0.021529832133895532 -0.013355066231233446
0.025235909703481607 -0.01425595383513875
0.029227967408489597 -0.015134394650208466
0.03350360058263052 -0.015995913332579256
0.038060233744356575 -0.016846214374241223
0.042895122148234655 -0.017690940161389807
0.048005353438278275 -0.018535457889750254
0.05338784940224234 -0.019384684831564747
0.059039367825822475 -0.020242957924759754
0.06495650444564427 -0.02111394987305901
0.07113569499986394 -0.022000630206879045
0.07757321737514639 -0.022905266349958698
0.08426519384872727 -0.023829456925425062
0.09120759342420814 -0.024774187525516904
0.09839623425967753 -0.025739898102404127
0.10582678618669683 -0.02672655107677357
0.11349477331863145 -0.02773369018747454
0.12139557674675777 -0.02876048192105985
0.12952443732252045 -0.02980573389451238
0.1378764585242665 -0.030867887590171512
0.14644660940672616 -0.03194498609195506
0.15522972763146647 -0.033034620661651394
0.16422052257649067 -0.0341338628435396
0.17341357852311146 -0.03523919104246303
0.18280335791817703 -0.036346421979979546
0.19238420470968637 -0.037450657954845715
0.20215034775378343 -0.03854626035319767
0.2120959042910774 -0.03962685838724106
0.2222148834901989 -0.040685399686789386
0.23250119005645137 -0.04171424629719773
0.2429486279033891 -0.04270531608284773
0.2535509038851079 -0.043650265773518444
0.26430163158700104 -0.044540708220299485
0.27519433517269654 -0.045368453146085966
0.28622245328485874 -0.04612575805730286
0.29737934299750524 -0.04680557425723078
0.30865828381745486 -0.04740177223252508
0.320052481732506 -0.04790933116156149
0.33155507330389 -0.04832447891951831
0.3431591298005543 -0.04864477164764877
0.35485766137276875 -0.04886910554860247
0.36664362126255073 -0.048997657831227726
0.3785099100483679 -0.0490317583684468
0.3904493799215649 -0.04897369832864781
0.4024548389919357 -0.04882648646251904
0.41451905561984914 -0.04859356755517799
0.42663476277231926 -0.048278520506690424
0.43879466240039156 -0.04788475535914968
0.4509914298352198 -0.04741522919602782
0.46321771820016633 -0.04687220013549181
0.475466162836291 -0.046257036650146306
0.4877293857385438 -0.045570096286585406
0.4999999999999999 -0.04481068372578524
0.512270614261456 -0.043977093284046316
0.5245338371637088 -0.04306673571756126
0.5367822817998334 -0.042076343903049304
0.54900857016478 -0.04100224696758331
0.5612053375996082 -0.03984069805833024
0.5733652372276805 -0.038588237461058814
0.5854809443801506 -0.03724207041752193
0.5975451610080642 -0.03580043790306547
0.6095506200784349 -0.03426295886897021
0.6214900899516319 -0.03263092400289617
0.6333563787374491 -0.03090752380394018
0.645142338627231 -0.029097997518435663
0.6568408701994456 -0.02720969398845619
0.6684449266961098 -0.02525204043231081
0.6799475182674938 -0.023236420286674973
0.691341716182545 -0.021175966173066458
0.7026206570024947 -0.01908527850649091
0.713777546715141 -0.016980083979872208
0.7248056648273034 -0.014876850928656147
0.7356983684129987 -0.01279238026778048
0.746449096114892 -0.01074339123493917
0.7570513720966108 -0.008746120583056299
0.7674988099435485 -0.006815952227265117
0.7777851165098009 -0.00496709181776604
0.7879040957089227 -0.0032122974814747796
0.7978496522462164 -0.0015626742897687567
0.8076157952903136 -2.7536122269039608e-05
0.8171966420818224 0.0013856652373471351
0.8265864214768883 0.0026713474803931286
0.8357794774235092 0.0038257483809966695
0.8447702723685334 0.004846828778191602
0.8535533905932737 0.00573413870786482
0.8621235414757333 0.0064886582806611
0.8704755626774794 0.0071126249225054745
0.8786044232532422 0.007609357878159595
0.8865052266813687 0.007983089534012295
0.894173213813303 0.008238811287923323
0.9016037657403225 0.008382139547605198
0.9087924065757916 0.008419205149917404
0.9157348061512727 0.008356567232481913
0.9224267826248536 0.008201150510836154
0.928864305000136 0.007960203147270698
0.9350434955543556 0.007641271036302249
0.9409606321741775 0.007252183433320248
0.9466121505977576 0.0068010444353481464
0.9519946465617215 0.006296224867260737
0.9571048778517655 0.0057463495822612344
0.9619397662556433 0.005160275975755741
0.9664963994173694 0.004547060543810029
0.9707720325915102 0.003915911489947264
0.9747640902965183 0.0032761265966994722
0.9784701678661044 0.0026370167393057
0.98188803289772 0.0020078164515990172
0.985015626597272 0.001397583801456988
0.9878510650192642 0.0008150924602293775
0.9903926402016152 0.00026871924455210486
0.9926388211944706 -0.00023366942248626748
0.9945882549823906 -0.0006848287162951661
0.9962397672993549 -0.0010782410642139618
0.9975923633360985 -0.0014082133479259157
0.9986452283393451 -0.0016699631502720504
0.9993977281025862 -0.0018596919728651397
0.9998494093481021 -0.001974643784911055
1.0 -0.002013147677987636
