1.0 0.0018483000258152646
0.9998494093481021 0.001895225082540528
0.9993977281025862 0.0020359311013742366
0.9986452283393451 0.0022701923651996096
0.9975923633360985 0.002597573820148215
0.9962397672993549 0.003017349666140211
0.9945882549823906 0.003528402489102234
0.9926388211944706 0.004129114577511032
0.9903926402016152 0.004817264446015382
0.9878510650192642 0.005589941746961213
0.985015626597272 0.006443492654084037
0.98188803289772 0.00737350552947619
0.9784701678661044 0.008374843417908527
0.9747640902965183 0.00944172592429524
0.9707720325915102 0.010567858660364875
0.9664963994173694 0.011746604074002182
0.9619397662556433 0.012971183484487312
0.9571048778517655 0.014234896897969427
0.9519946465617215 0.015531344971732123
0.9466121505977576 0.016854636551130255
0.9409606321741775 0.018199565634071466
0.9350434955543556 0.01956174342441412
0.928864305000136 0.020937674201110312
0.9224267826248536 0.02232476782932731
0.9157348061512727 0.023721286556898178
0.9087924065757916 0.02512622889177403
0.9016037657403225 0.026539158425747306
0.894173213813303 0.02795999003739963
0.8865052266813687 0.029388749587262945
0.8786044232532422 0.03082532569070331
0.8704755626774794 0.03226923319238071
0.8621235414757333 0.03371940745697622
0.8535533905932737 0.03517404654511868
0.8447702723685334 0.03663051489726152
0.8357794774235092 0.038085317553712326
0.8265864214768883 0.03953414854517885
0.8171966420818224 0.040972011314073464
0.8076157952903136 0.04239340332826644
0.7978496522462164 0.04379255188219762
0.7879040957089227 0.04516368386483825
0.7777851165098009 0.04650130935854412
0.7674988099435485 0.04780049756588938
0.7570513720966108 0.04905712387041848
0.746449096114892 0.05026806881623139
0.7356983684129987 0.05143135330087221
0.7248056648273034 0.05254619905243832
0.713777546715141 0.053613009137370854
0.7026206570024947 0.05463326937667614
0.691341716182545 0.05560937765146262
0.6799475182674938 0.056544413667803876
0.6684449266961098 0.05744186637738818
0.6568408701994456 0.05830533953922363
0.645142338627231 0.05913825758844059
0.6333563787374491 0.059943593907916176
0.6214900899516319 0.06072364177392262
0.6095506200784349 0.06147984480656983
0.5975451610080642 0.06221269896917384
0.5854809443801506 0.06292173240822463
0.5733652372276805 0.06360556316854166
0.5612053375996082 0.06426202856177679
0.54900857016478 0.06488837421939062
0.5367822817998334 0.06548148609445502
0.5245338371637088 0.06603814528448751
0.512270614261456 0.06655528381499828
0.4999999999999999 0.06703021960191484
0.4877293857385438 0.06746085070458425
0.475466162836291 0.0678457925445259
0.46321771820016633 0.06818444671446114
0.4509914298352198 0.06847699593611155
0.43879466240039156 0.0687243261567701
0.42663476277231926 0.06892788316976822
0.41451905561984914 0.06908947696499228
0.4024548389919357 0.06921105176516668
0.3904493799215649 0.06929444296603202
0.3785099100483679 0.06934114367512989
0.36664362126255073 0.069352103079319
0.35485766137276875 0.0693275764684638
0.3431591298005543 0.06926704256589587
0.33155507330389 0.0691691981794888
0.320052481732506 0.06903203353212098
0.30865828381745486 0.06885298449229726
0.29737934299750524 0.06862915089206292
0.28622245328485874 0.06835756378258158
0.27519433517269654 0.06803547938752078
0.26430163158700104 0.0676606741320425
0.2535509038851079 0.06723171378445442
0.2429486279033891 0.06674817062477967
0.23250119005645137 0.06621076565073901
0.2222148834901989 0.0656214179686089
0.2120959042910774 0.06498319034640808
0.20215034775378343 0.06430012793643161
0.19238420470968637 0.06357699579982184
0.18280335791817703 0.0628189294192629
0.17341357852311146 0.06203102018491182
0.16422052257649067 0.06121786424086242
0.15522972763146647 0.0603831075332088
0.14644660940672616 0.059529021990825645
0.1378764585242665 0.0586561472527939
0.12952443732252045 0.057763029183277144
0.12139557674675777 0.056846080740058445
0.11349477331863145 0.05589958293732224
0.10582678618669683 0.05491583419064302
0.09839623425967753 0.053885445913963805
0.09120759342420814 0.05279777160606004
0.08426519384872727 0.05164144660393741
0.07757321737514639 0.05040500695520236
0.07113569499986394 0.04907754915111221
0.06495650444564427 0.047649388312416614
0.059039367825822475 0.046112671198572604
0.05338784940224234 0.044461902275693896
0.048005353438278275 0.042694345963290255
0.042895122148234655 0.04081027579452397
0.038060233744356575 0.03881305107374197
0.03350360058263052 0.03670901303061794
0.029227967408489597 0.03450720465912209
0.025235909703481607 0.03221893052980766
0.021529832133895532 0.02985718400747502
0.018111967102280024 0.027435978682593454
0.014984373402728013 0.02496962774107181
0.012148934980735715 0.022472018929938123
0.009607359798384785 0.01995593341286114
0.007361178805529334 0.017432454070517366
0.005411745017609493 0.01491050285039937
0.0037602327006450165 0.012396538005110005
0.0024076366639015356 0.00989443107930339
0.0013547716606548965 0.007405531078056767
0.0006022718974137975 0.004928910246953879
0.00015059065189787502 0.002461773235598513
0.0 0.0
0.00015059065189787502 -0.0015050836750081552
0.0006022718974137975 -0.0029998314202650937
0.0013547716606548965 -0.004473764070021017
0.0024076366639015356 -0.005917208445205016
0.0037602327006450165 -0.007321648784170133
0.005411745017609493 -0.008680019724005467
0.007361178805529334 -0.009986927121856672
0.009607359798384785 -0.011238787429938892
0.012148934980735715 -0.01243388125931672
0.014984373402728013 -0.013572321847398082
0.018111967102280024 -0.014655944036661957
0.021529832133895532 -0.01568812374969122
0.025235909703481607 -0.016673541522111777
0.029227967408489597 -0.017617906206730143
0.03350360058263052 -0.018527656342976574
0.038060233744356575 -0.019409656837189735
0.042895122148234655 -0.02027090755339034
0.048005353438278275 -0.021118278289909333
0.05338784940224234 -0.02195828161009595
0.059039367825822475 -0.02279689136157897
0.06495650444564427 -0.023639410754799178
0.07113569499986394 -0.024490389891575225
0.07757321737514639 -0.02535358894504123
0.08426519384872727 -0.02623198006963483
0.09120759342420814 -0.027127778788782902
0.09839623425967753 -0.028042494225350118
0.10582678618669683 -0.02897698718330335
0.11349477331863145 -0.02993152575163105
0.12139557674675777 -0.03090582969390578
0.12952443732252045 -0.031899097244937766
0.1378764585242665 -0.032910010834951896
0.14644660940672616 -0.03393672143462709
0.15522972763146647 -0.034976814373731284
0.16422052257649067 -0.03602726234738984
0.17341357852311146 -0.0370843736285019
0.18280335791817703 -0.038143745040488036
0.19238420470968637 -0.03920022986337459
0.20215034775378343 -0.0402479304762399
0.2120959042910774 -0.04128022419053978
0.2222148834901989 -0.042289828493976125
0.23250119005645137 -0.043268908970656196
0.2429486279033891 -0.04420922972001073
0.2535509038851079 -0.04510234243866734
0.26430163158700104 -0.04593980675401178
0.27519433517269654 -0.04671343120343898
0.28622245328485874 -0.04741552171389519
0.29737934299750524 -0.0480391227816974
0.30865828381745486 -0.04857823594852992
0.320052481732506 -0.04902800070422209
0.33155507330389 -0.04938482462315529
0.3431591298005543 -0.049646452274649956
0.35485766137276875 -0.049811966072119955
0.36664362126255073 -0.04988171650409337
0.3785099100483679 -0.04985718383123669
0.3904493799215649 -0.04974077801293004
0.4024548389919357 -0.04953558801065374
0.41451905561984914 -0.04924509538407577
0.42663476277231926 -0.048872869968046184
0.43879466240039156 -0.04842226717248309
0.4509914298352198 -0.047896146935751366
0.46321771820016633 -0.04729663352582228
0.475466162836291 -0.046624933254263964
0.4877293857385438 -0.04588122386813445
0.4999999999999999 -0.045064625118327005
0.512270614261456 -0.04417325504211454
0.5245338371637088 -0.04320437116399877
0.5367822817998334 -0.04215459046084499
0.54900857016478 -0.04102017690577154
0.5612053375996082 -0.039797381029963615
0.5733652372276805 -0.038482812507997614
0.5854809443801506 -0.0370738245024359
0.5975451610080642 -0.0355688875412149
0.6095506200784349 -0.03396793110313479
0.6214900899516319 -0.032272632818674846
0.6333563787374491 -0.030486638134478525
0.645142338627231 -0.028615697241601807
0.6568408701994456 -0.02666771076832637
0.6684449266961098 -0.024652680881946568
0.6799475182674938 -0.022582569701418975
0.691341716182545 -0.020471071964704154
0.7026206570024947 -0.01833331341334721
0.713777546715141 -0.016185490086482113
0.7248056648273034 -0.014044466449705214
0.7356983684129987 -0.011927351884593321
0.746449096114892 -0.009851075473299517
0.7570513720966108 -0.007831978250045167
0.7674988099435485 -0.0058854402529546716
0.7777851165098009 -0.004025556956972702
0.7879040957089227 -0.0022648762154989805
0.7978496522462164 -0.0006142029347760956
0.8076157952903136 0.000917525381589049
0.8171966420818224 0.002323293084193165
0.8265864214768883 0.003597995365532421
0.8357794774235092 0.004738369456311899
0.8447702723685334 0.0057428781302523435
0.8535533905932737 0.006611557232417402
0.8621235414757333 0.007345839702585117
0.8704755626774794 0.007948368477139001
0.8786044232532422 0.008422809790396992
0.8865052266813687 0.0087736768768839
0.894173213813303 0.009006172053789131
0.9016037657403225 0.009126052814875243
0.9087924065757916 0.009139525079588304
0.9157348061512727 0.009053164295419816
0.9224267826248536 0.008873862851593273
0.928864305000136 0.00860880036390511
0.9350434955543556 0.00826543193445749
0.9409606321741775 0.007851488536450586
0.9466121505977576 0.007374983242356553
0.9519946465617215 0.006844217083804456
0.9571048778517655 0.0062677788493401615
0.9619397662556433 0.005654534010871425
0.9664963994173694 0.005013599121722393
0.9707720325915102 0.004354299340501848
0.9747640902965183 0.0036861080973914525
0.9784701678661044 0.0030185692335857775
0.98188803289772 0.0023612031265152393
0.985015626597272 0.0017233992995704154
0.9878510650192642 0.0011142987646994636
0.9903926402016152 0.0005426698422121633
0.9926388211944706 1.6781448728811705e-05
0.9945882549823906 -0.00045572213611188217
0.9962397672993549 -0.0008679411851005439
0.9975923633360985 -0.0012138316011992315
0.9986452283393451 -0.0014883040589178075
0.9993977281025862 -0.0016873085910666292
0.9998494093481021 -0.0018079025064883607
1.0 -0.0018483000258152646
