1.0 0.002047487728511518
0.9998494093481021 0.0021029248690459033
0.9993977281025862 0.0022691746760477856
0.9986452283393451 0.0025460341869923972
0.9975923633360985 0.0029331067133987615
0.9962397672993549 0.003429720955429227
0.9945882549823906 0.004034830603409957
0.9926388211944706 0.004746905828736604
0.9903926402016152 0.005563829410733098
0.9878510650192642 0.0064828103893317685
0.985015626597272 0.007500327044757153
0.98188803289772 0.008612108762605868
0.9784701678661044 0.009813163126834742
0.9747640902965183 0.011097850663696852
0.9707720325915102 0.012460005372152763
0.9664963994173694 0.01389309489418258
0.9619397662556433 0.015390410281395189
0.9571048778517655 0.016945272155730773
0.9519946465617215 0.0185512379383507
0.9466121505977576 0.020202293945391248
0.9409606321741775 0.021893016633080617
0.9350434955543556 0.023618689115183503
0.928864305000136 0.02537536215517501
0.9224267826248536 0.0271598529291171
0.9157348061512727 0.028969679648064496
0.9087924065757916 0.030802935240855863
0.9016037657403225 0.03265810831458764
0.894173213813303 0.03453386411536063
0.8865052266813687 0.03642880182406314
0.8786044232532422 0.03834120692474121
0.8704755626774794 0.04026881835298395
0.8621235414757333 0.042208629557882266
0.8535533905932737 0.0441567405060794
0.8447702723685334 0.04610827415723008
0.8357794774235092 0.04805736629887123
0.8265864214768883 0.0499972321936669
0.8171966420818224 0.05192030768101534
0.8076157952903136 0.05381845664246788
0.7978496522462164 0.055683231541004324
0.7879040957089227 0.05750616949627537
0.7777851165098009 0.05927910340928417
0.7674988099435485 0.06099446624903332
0.7570513720966108 0.06264556688834981
0.746449096114892 0.06422681782214641
0.7356983684129987 0.06573389858135786
0.7248056648273034 0.06716384340868557
0.713777546715141 0.06851504742330569
0.7026206570024947 0.06978719163053296
0.691341716182545 0.0709810932479659
0.6799475182674938 0.07209849343820897
0.6684449266961098 0.07314179921253196
0.6568408701994456 0.07411379962505964
0.645142338627231 0.07501737814187626
0.6333563787374491 0.07585524309843318
0.6214900899516319 0.07662969644521678
0.6095506200784349 0.0773424576594808
0.5975451610080642 0.07799455503429967
0.5854809443801506 0.07858629091983288
0.5733652372276805 0.07911728134086168
0.5612053375996082 0.0795865642492138
0.54900857016478 0.07999276499376
0.5367822817998334 0.0803343028716983
0.5245338371637088 0.08060961925527317
0.512270614261456 0.0808174060526589
0.4999999999999999 0.0809568133133151
0.4877293857385438 0.08102761663386793
0.475466162836291 0.08103032851990312
0.46321771820016633 0.08096624273354357
0.4509914298352198 0.08083740651131781
0.43879466240039156 0.08064652189093185
0.42663476277231926 0.08039678371117329
0.41451905561984914 0.08009166761366375
0.4024548389919357 0.07973468608482112
0.3904493799215649 0.07932913381741756
0.3785099100483679 0.07887784514480148
0.36664362126255073 0.07838298584974197
0.35485766137276875 0.07784589927300962
0.3431591298005543 0.07726702250248084
0.33155507330389 0.07664588281908478
0.320052481732506 0.07598117794535436
0.30865828381745486 0.07527093651348722
0.29737934299750524 0.07451274812307535
0.28622245328485874 0.07370404598097428
0.27519433517269654 0.07284241995321226
0.26430163158700104 0.07192593437155045
0.2535509038851079 0.07095342346060719
0.2429486279033891 0.06992473796611966
0.23250119005645137 0.06884091947924431
0.2222148834901989 0.06770428389714747
0.2120959042910774 0.06651840210036891
0.20215034775378343 0.0652879737819066
0.19238420470968637 0.06401859884136027
0.18280335791817703 0.06271645920402054
0.17341357852311146 0.061387931668555676
0.16422052257649067 0.06003915879424554
0.15522972763146647 0.05867560936366337
0.14644660940672616 0.05730166218600971
0.1378764585242665 0.05592024669442036
0.12952443732252045 0.05453257088266743
0.12139557674675777 0.05313796176715569
0.11349477331863145 0.051733836085907224
0.10582678618669683 0.05031580986509928
0.09839623425967753 0.048877945439022706
0.09120759342420814 0.047413124233675365
0.08426519384872727 0.0459135238854899
0.07757321737514639 0.04437116981042311
0.07113569499986394 0.04277852483095896
0.06495650444564427 0.041129076444422985
0.059039367825822475 0.03941788013620718
0.05338784940224234 0.037642018962499475
0.048005353438278275 0.03580094438551669
0.042895122148234655 0.0338966707577633
0.038060233744356575 0.03193380543666311
0.03350360058263052 0.029919407614412797
0.029227967408489597 0.027862680794448744
0.025235909703481607 0.0257745155924478
0.021529832133895532 0.02366691033712385
0.018111967102280024 0.021552306001427955
0.014984373402728013 0.019442878630697186
0.012148934980735715 0.017349836139886533
0.009607359798384785 0.015282766822107918
0.007361178805529334 0.013249084070366485
0.005411745017609493 0.011253605826674241
0.0037602327006450165 0.009298298528832318
0.0024076366639015356 0.007382204417912447
0.0013547716606548965 0.005501558751580118
0.0006022718974137975 0.003650090599038287
0.00015059065189787502 0.0018194883763946491
0.0 0.0
0.00015059065189787502 -0.0013760443860671536
0.0006022718974137975 -0.002743725944368424
0.0013547716606548965 -0.0040944206514351095
0.0024076366639015356 -0.005420196727435875
0.0037602327006450165 -0.006714114508846708
0.005411745017609493 -0.007970473959407106
0.007361178805529334 -0.009184997708821594
0.009607359798384785 -0.010354941594649251
0.012148934980735715 -0.011479129216291285
0.014984373402728013 -0.01255791167235855
0.018111967102280024 -0.01359305811940286
0.021529832133895532 -0.014587586754375251
0.025235909703481607 -0.01554554901895705
0.029227967408489597 -0.01647178204454671
0.03350360058263052 -0.017371645470035214
0.038060233744356575 -0.018250758721891972
0.042895122148234655 -0.01911475368494807
0.048005353438278275 -0.019969055532321034
0.05338784940224234 -0.02081870151610582
0.059039367825822475 -0.021668203995464767
0.06495650444564427 -0.02252146018140238
0.07113569499986394 -0.023381707308433274
0.07757321737514639 -0.024251518494696974
0.08426519384872727 -0.0251328316851005
0.09120759342420814 -0.026027001997270097
0.09839623425967753 -0.02693486665139482
0.10582678618669683 -0.02785681152927843
0.11349477331863145 -0.028792829260353998
0.12139557674675777 -0.029742560478678026
0.12952443732252045 -0.03070531236908515
0.1378764585242665 -0.03168005159896844
0.14644660940672616 -0.032665371951047475
0.15522972763146647 -0.03365944014998479
0.16422052257649067 -0.03465992623390225
0.17341357852311146 -0.03566392710918559
0.18280335791817703 -0.03666789343844373
0.19238420470968637 -0.03766757060517613
0.20215034775378343 -0.03865796410732528
0.2120959042910774 -0.03963333836860986
0.2222148834901989 -0.040587255714400014
0.23250119005645137 -0.041512659304064635
0.2429486279033891 -0.04240200037094252
0.2535509038851079 -0.04324740646434317
0.26430163158700104 -0.04404088380773555
0.27519433517269654 -0.044774543675778114
0.28622245328485874 -0.04544084011930341
0.29737934299750524 -0.04603280465679084
0.30865828381745486 -0.04654426286601233
0.320052481732506 -0.046970018237621584
0.33155507330389 -0.04730599019737287
0.3431591298005543 -0.04754929578456318
0.35485766137276875 -0.047698267930515466
0.36664362126255073 -0.0477524073829728
0.3785099100483679 -0.047712269788030254
0.3904493799215649 -0.04757929395623837
0.4024548389919357 -0.047355581579771926
0.41451905561984914 -0.04704364232320198
0.42663476277231926 -0.046646121008461154
0.43879466240039156 -0.04616552533915618
0.4509914298352198 -0.045603973117719396
0.46321771820016633 -0.044962977142305564
0.475466162836291 -0.0442432839589197
0.4877293857385438 -0.043444779505314376
0.4999999999999999 -0.0425664706133222
0.512270614261456 -0.04160654659787047
0.5245338371637088 -0.04056252006382663
0.5367822817998334 -0.03943144094184959
0.54900857016478 -0.03821017295993009
0.5612053375996082 -0.03689571758578488
0.5733652372276805 -0.0354855672115021
0.5854809443801506 -0.03397806720921241
0.5975451610080642 -0.03237276560286609
0.6095506200784349 -0.030670729529785275
0.6214900899516319 -0.028874809372697433
0.6333563787374491 -0.026989834310645083
0.645142338627231 -0.025022726872911866
0.6568408701994456 -0.022982528630604956
0.6684449266961098 -0.020880334129920526
0.6799475182674938 -0.01872913524168239
0.691341716182545 -0.016543582955757658
0.7026206570024947 -0.014339677990028481
0.713777546715141 -0.012134405156077395
0.7248056648273034 -0.009945329028792688
0.7356983684129987 -0.007790169974421955
0.746449096114892 -0.005686379946170417
0.7570513720966108 -0.0036507366796830285
0.7674988099435485 -0.0016989731065648749
0.7777851165098009 0.00015454389014203022
0.7879040957089227 0.0018970746210652627
0.7978496522462164 0.003517700675176209
0.8076157952903136 0.005007448950658436
0.8171966420818224 0.0063593465203360105
0.8265864214768883 0.0075684107778689
0.8357794774235092 0.008631582341185905
0.8447702723685334 0.009547610535194994
0.8535533905932737 0.010316902834330198
0.8621235414757333 0.010941350373477106
0.8704755626774794 0.011424141548195722
0.8786044232532422 0.011769574890803143
0.8865052266813687 0.011982880942449427
0.894173213813303 0.012070060892304113
0.9016037657403225 0.012037747494846273
0.9087924065757916 0.011893091384834346
0.9157348061512727 0.011643673561580286
0.9224267826248536 0.011297442667205556
0.928864305000136 0.010862673867873094
0.9350434955543556 0.010347944758212768
0.9409606321741775 0.009762122804100295
0.9466121505977576 0.009114358434630996
0.9519946465617215 0.008414077969916976
0.9571048778517655 0.007670971073815367
0.9619397662556433 0.00689496827069537
0.9664963994173694 0.006096205166398091
0.9707720325915102 0.005284971260971522
0.9747640902965183 0.004471642530642038
0.9784701678661044 0.003666598193723871
0.98188803289772 0.002880123180038427
0.985015626597272 0.002122298736233261
0.9878510650192642 0.0014028842829196648
0.9903926402016152 0.0007311940792735332
0.9926388211944706 0.00011597245301738423
0.9945882549823906 -0.00043472865777581787
0.9962397672993549 -0.000913666293561767
0.9975923633360985 -0.0013145139583883268
0.9986452283393451 -0.001631957178621206
0.9993977281025862 -0.0018617747720887066
0.9998494093481021 -0.0020009039366796033
1.0 -0.002047487728511518
