1.0 0.0018370868955717263
0.9998494093481021 0.00188800155650822
0.9993977281025862 0.0020407029707962166
0.9986452283393451 0.0022950437181994895
0.9975923633360985 0.0026507144354594274
0.9962397672993549 0.0031071553209713627
0.9945882549823906 0.0036634455874679584
0.9926388211944706 0.004318182745326012
0.9903926402016152 0.005069365046011518
0.9878510650192642 0.005914290637490104
0.985015626597272 0.006849485946807276
0.98188803289772 0.007870673585311343
0.9784701678661044 0.008972786849297495
0.9747640902965183 0.010150033933023946
0.9707720325915102 0.01139601061914667
0.9664963994173694 0.012703855839676724
0.9619397662556433 0.014066440491793774
0.9571048778517655 0.015476576604952953
0.9519946465617215 0.016927231690117804
0.9466121505977576 0.018411732077374385
0.9409606321741775 0.01992393938111075
0.9350434955543556 0.02145838592527649
0.928864305000136 0.02301035790254818
0.9224267826248536 0.024575919010506576
0.9157348061512727 0.026151871994566898
0.9087924065757916 0.027735660554809385
0.9016037657403225 0.02932521902997744
0.894173213813303 0.030918781743010406
0.8865052266813687 0.03251466749750438
0.8786044232532422 0.034111057137184826
0.8704755626774794 0.035705783096440104
0.8621235414757333 0.037296149366668606
0.8535533905932737 0.03887879829078135
0.8447702723685334 0.04044963721059263
0.8357794774235092 0.042003833477457966
0.8265864214768883 0.043535881039720684
0.8171966420818224 0.04503973615477065
0.8076157952903136 0.04650901418867822
0.7978496522462164 0.04793723441262072
0.7879040957089227 0.04931809559659052
0.7777851165098009 0.050645762380793484
0.7674988099435485 0.051915141118283846
0.7570513720966108 0.05312212425329237
0.746449096114892 0.05426378432131903
0.7356983684129987 0.05533850218979443
0.7248056648273034 0.05634601893952745
0.713777546715141 0.05728740645180953
0.7026206570024947 0.05816495787379324
0.691341716182545 0.05898200520545344
0.6799475182674938 0.059742676803174986
0.6684449266961098 0.06045161218294318
0.6568408701994456 0.061113654758657585
0.645142338627231 0.06173354480053099
0.6333563787374491 0.062315634803615544
0.6214900899516319 0.06286364761492372
0.6095506200784349 0.06338049421752474
0.5975451610080642 0.06386816328006052
0.5854809443801506 0.06432768882897882
0.5733652372276805 0.06475919614740323
0.5612053375996082 0.06516201975182638
0.54900857016478 0.0655348815521712
0.5367822817998334 0.06587611253117003
0.5245338371637088 0.06618389787855537
0.512270614261456 0.06645652376876737
0.4999999999999999 0.06669260402956965
0.4877293857385438 0.0668912668184999
0.475466162836291 0.0670522849614589
0.46321771820016633 0.06717613853163669
0.4509914298352198 0.06726400415917111
0.43879466240039156 0.06731767197846582
0.42663476277231926 0.06733939750977672
0.41451905561984914 0.06733170159893877
0.4024548389919357 0.06729713630773454
0.3904493799215649 0.06723803794171143
0.3785099100483679 0.06715628992226097
0.36664362126255073 0.06705311779750246
0.35485766137276875 0.06692893634121089
0.3431591298005543 0.06678326456979025
0.33155507330389 0.06661471892287922
0.320052481732506 0.06642108823946642
0.30865828381745486 0.06619948704827487
0.29737934299750524 0.06594657666119907
0.28622245328485874 0.06565883720070634
0.27519433517269654 0.06533286855408726
0.26430163158700104 0.06496569479059743
0.2535509038851079 0.06455504513772087
0.2429486279033891 0.06409958537057626
0.23250119005645137 0.06359907643119989
0.2222148834901989 0.06305444209167162
0.2120959042910774 0.062467734168205065
0.20215034775378343 0.06184199169868079
0.19238420470968637 0.061180999019892254
0.18280335791817703 0.06048895616351951
0.17341357852311146 0.059770082756914866
0.16422052257649067 0.05902818302904276
0.15522972763146647 0.05826620403451495
0.14644660940672616 0.05748582140402869
0.1378764585242665 0.05668708656071368
0.12952443732252045 0.05586816635371483
0.12139557674675777 0.05502520059791593
0.11349477331863145 0.054152295410820575
0.10582678618669683 0.05324166101497765
0.09839623425967753 0.05228389247426705
0.09120759342420814 0.05126838139225128
0.08426519384872727 0.05018383669399306
0.07757321737514639 0.04901888399058999
0.07113569499986394 0.047762706360359085
0.06495650444564427 0.04640568521293777
0.059039367825822475 0.04493999859892916
0.05338784940224234 0.04336013604947094
0.048005353438278275 0.041663293717972345
0.042895122148234655 0.0398496209710837
0.038060233744356575 0.037922299155933654
0.03350360058263052 0.03588744440402543
0.029227967408489597 0.03375383824295661
0.025235909703481607 0.031532501630788905
0.021529832133895532 0.029236138952741415
0.018111967102280024 0.026878487729636004
0.014984373402728013 0.02447361660052939
0.012148934980735715 0.02203521804242713
0.009607359798384785 0.019575942967466852
0.007361178805529334 0.017106821712044213
0.005411745017609493 0.014636810160515226
0.0037602327006450165 0.01217249121407307
0.0024076366639015356 0.009717951110757987
0.0013547716606548965 0.00727483797320626
0.0006022718974137975 0.004842597261445977
0.00015059065189787502 0.002418866438817051
0.0 0.0
0.00015059065189787502 -0.0011769563401806203
0.0006022718974137975 -0.0023469783063286287
0.0013547716606548965 -0.0035029191762058856
0.0024076366639015356 -0.004638295324468249
0.0037602327006450165 -0.00574757135511209
0.005411745017609493 -0.0068263927414496
0.007361178805529334 -0.007871753892818703
0.009607359798384785 -0.008882093707922525
0.012148934980735715 -0.009857315267120293
0.014984373402728013 -0.010798731036413541
0.018111967102280024 -0.011708939474519052
0.021529832133895532 -0.012591642939828068
0.025235909703481607 -0.013451420015905827
0.029227967408489597 -0.014293467602991229
0.03350360058263052 -0.015123329224972538
0.038060233744356575 -0.01594662592774956
0.042895122148234655 -0.01676880493458017
0.048005353438278275 -0.017594918999483282
0.05338784940224234 -0.018429446357003366
0.059039367825822475 -0.019276157559298443
0.06495650444564427 -0.020138031610923937
0.07113569499986394 -0.021017219964111735
0.07757321737514639 -0.021915053420269788
0.08426519384872727 -0.022832084062718846
0.09120759342420814 -0.02376815223533707
0.09839623425967753 -0.024722467427854604
0.10582678618669683 -0.02569369179841461
0.11349477331863145 -0.026680015941876332
0.12139557674675777 -0.027679218301127125
0.12952443732252045 -0.028688702148384926
0.1378764585242665 -0.029705507105121688
0.14644660940672616 -0.030726295453368392
0.15522972763146647 -0.03174731672951207
0.16422052257649067 -0.032764357000290234
0.17341357852311146 -0.03377268154256648
0.18280335791817703 -0.03476698117430596
0.19238420470968637 -0.035741333069165285
0.20215034775378343 -0.036689186462864704
0.2120959042910774 -0.03760338223992724
0.2222148834901989 -0.03847621307015322
0.23250119005645137 -0.039299527715933404
0.2429486279033891 -0.040064879586910275
0.2535509038851079 -0.04076371585468849
0.26430163158700104 -0.041387599757591605
0.27519433517269654 -0.04192845542415972
0.28622245328485874 -0.042378821901109025
0.29737934299750524 -0.04273210131864759
0.30865828381745486 -0.04298278543159212
0.320052481732506 -0.043126645229534466
0.33155507330389 -0.04316086991886255
0.3431591298005543 -0.04308414426225829
0.35485766137276875 -0.042896656853776305
0.36664362126255073 -0.042600036175170115
0.3785099100483679 -0.04219721593266981
0.3904493799215649 -0.041692235889946846
0.4024548389919357 -0.041089988858968515
0.41451905561984914 -0.040395928365907094
0.42663476277231926 -0.03961575449126238
0.43879466240039156 -0.03875509726664861
0.4509914298352198 -0.03781921764441361
0.46321771820016633 -0.03681274537522448
0.475466162836291 -0.035739471158603785
0.4877293857385438 -0.034602207287265305
0.4999999999999999 -0.03340272688476905
0.512270614261456 -0.0321417870024088
0.5245338371637088 -0.030819235609935276
0.5367822817998334 -0.029434197228093314
0.54900857016478 -0.02798532695543839
0.5612053375996082 -0.02647111826406455
0.5733652372276805 -0.024890246463073362
0.5854809443801506 -0.023241927377767767
0.5975451610080642 -0.021526269713436165
0.6095506200784349 -0.01974459982653301
0.6214900899516319 -0.01789973918580944
0.6333563787374491 -0.015996217558607938
0.645142338627231 -0.01404040871354863
0.6568408701994456 -0.012040579938016452
0.6684449266961098 -0.010006851630575457
0.6799475182674938 -0.00795106832449852
0.691341716182545 -0.0058865874073243465
0.7026206570024947 -0.003827996221239487
0.713777546715141 -0.0017907718985654285
0.7248056648273034 0.00020909899943525006
0.7356983684129987 0.002155522350468883
0.746449096114892 0.004032700687337921
0.7570513720966108 0.005825521272404768
0.7674988099435485 0.007519911256861534
0.7777851165098009 0.009103145761397332
0.7879040957089227 0.010564098013181138
0.7978496522462164 0.011893424419467504
0.8076157952903136 0.013083681391777598
0.8171966420818224 0.014129374598406451
0.8265864214768883 0.015026944877142992
0.8357794774235092 0.015774698078463326
0.8447702723685334 0.016372688472145697
0.8535533905932737 0.01682256693195248
0.8621235414757333 0.017127405867347994
0.8704755626774794 0.017291512810459778
0.8786044232532422 0.017320243757273552
0.8865052266813687 0.017219825917297538
0.894173213813303 0.016997197593949163
0.9016037657403225 0.01665987066958269
0.9087924065757916 0.016215818784151712
0.9157348061512727 0.015673391950164706
0.9224267826248536 0.01504125619719959
0.928864305000136 0.01432835501813393
0.9350434955543556 0.013543887993310782
0.9409606321741775 0.012697301056181902
0.9466121505977576 0.011798282452780166
0.9519946465617215 0.010856758518081003
0.9571048778517655 0.009882883892316563
0.9619397662556433 0.00888702165096884
0.9664963994173694 0.007879709927249498
0.9707720325915102 0.00687161286065357
0.9747640902965183 0.0058734550053893275
0.9784701678661044 0.004895939582497433
0.98188803289772 0.003949652078816787
0.985015626597272 0.0030449516241148437
0.9878510650192642 0.0021918532765515704
0.9903926402016152 0.0013999048008039195
0.9926388211944706 0.0006780617381880701
0.9945882549823906 3.45645669933036e-05
0.9962397672993549 -0.0005231784302714955
0.9975923633360985 -0.000988699294869388
0.9986452283393451 -0.0013565666285111676
0.9993977281025862 -0.001622467514217773
0.9998494093481021 -0.0017832731751926808
1.0 -0.0018370868955717263
