1.0 0.0020483698502521052
0.9998494093481021 0.0020978005891160575
0.9993977281025862 0.0022460177721783697
0.9986452283393451 0.0024927789359459555
0.9975923633360985 0.0028376240481261983
0.9962397672993549 0.003279798261887304
0.9945882549823906 0.003818156425282705
0.9926388211944706 0.00445106057515868
0.9903926402016152 0.005176282958681029
0.9878510650192642 0.005990927250552228
0.985015626597272 0.006891379539075502
0.98188803289772 0.007873298416470647
0.9784701678661044 0.008931650307436038
0.9747640902965183 0.010060792271768395
0.9707720325915102 0.011254600254349201
0.9664963994173694 0.012506636499172715
0.9619397662556433 0.013810345969917547
0.9571048778517655 0.015159268478669597
0.9519946465617215 0.016547251111535367
0.9466121505977576 0.017968644667740896
0.9409606321741775 0.01941846830879786
0.9350434955543556 0.020892528445427962
0.928864305000136 0.022387480957097854
0.9224267826248536 0.023900829920768193
0.9157348061512727 0.025430860810767238
0.9087924065757916 0.026976511244321197
0.9016037657403225 0.02853718737592852
0.894173213813303 0.03011253857557362
0.8865052266813687 0.03170220668027082
0.8786044232532422 0.033305568569387614
0.8704755626774794 0.0349214918565164
0.8621235414757333 0.036548123000266185
0.8535533905932737 0.038182725121050295
0.8447702723685334 0.03982157940173735
0.8357794774235092 0.041459959392108864
0.8265864214768883 0.043092182171624235
0.8171966420818224 0.044711734562906946
0.8076157952903136 0.04631146687795058
0.7978496522462164 0.047883841470393644
0.7879040957089227 0.04942121907601359
0.7777851165098009 0.05091616289733642
0.7674988099435485 0.052361738877556824
0.7570513720966108 0.05375179074651329
0.746449096114892 0.05508117021013068
0.7356983684129987 0.05634590596622632
0.7248056648273034 0.05754329981341318
0.713777546715141 0.058671943622510485
0.7026206570024947 0.05973165693227721
0.691341716182545 0.0607233509425754
0.6799475182674938 0.061648830233136144
0.6684449266961098 0.06251054819369954
0.6568408701994456 0.06331133553976678
0.645142338627231 0.06405412313581421
0.6333563787374491 0.06474168050536556
0.6214900899516319 0.06537638986089796
0.6095506200784349 0.0659600723595957
0.5975451610080642 0.0664938788351013
0.5854809443801506 0.066978251830952
0.5733652372276805 0.06741295980879819
0.5612053375996082 0.06779719840917812
0.54900857016478 0.06812974809572771
0.5367822817998334 0.06840917287219071
0.5245338371637088 0.06863404141069333
0.512270614261456 0.06880315015091545
0.4999999999999999 0.06891572787686094
0.4877293857385438 0.06897160296336423
0.475466162836291 0.06897131777707208
0.46321771820016633 0.06891617935086194
0.4509914298352198 0.06880824104709576
0.43879466240039156 0.06865021602036349
0.42663476277231926 0.06844532937426678
0.41451905561984914 0.06819712146376677
0.4024548389919357 0.06790921934611105
0.3904493799215649 0.06758509652775205
0.3785099100483679 0.06722784260151715
0.36664362126255073 0.06683996396390465
0.35485766137276875 0.06642323454474237
0.3431591298005543 0.0659786115229218
0.33155507330389 0.06550622563950546
0.320052481732506 0.0650054493731138
0.30865828381745486 0.06447503942293574
0.29737934299750524 0.06391334321369277
0.28622245328485874 0.06331855306222912
0.27519433517269654 0.06268898675488849
0.26430163158700104 0.06202337002243496
0.2535509038851079 0.06132109508728388
0.2429486279033891 0.06058243026799861
0.23250119005645137 0.05980865856230375
0.2222148834901989 0.05900212802404135
0.2120959042910774 0.05816620327057239
0.20215034775378343 0.05730511513386031
0.19238420470968637 0.05642371372349647
0.18280335791817703 0.05552713836293112
0.17341357852311146 0.05462042533703677
0.16422052257649067 0.05370808053310396
0.15522972763146647 0.05279364833840775
0.14644660940672616 0.05187931017586828
0.1378764585242665 0.05096554557993516
0.12952443732252045 0.05005088568937798
0.12139557674675777 0.04913178360889884
0.11349477331863145 0.04820261860238622
0.10582678618669683 0.047255842029078586
0.09839623425967753 0.046282262953983744
0.09120759342420814 0.045271461176461164
0.08426519384872727 0.04421230578060799
0.07757321737514639 0.04309354895000931
0.07113569499986394 0.04190445836108118
0.06495650444564427 0.04063544749796487
0.059039367825822475 0.03927866207087317
0.05338784940224234 0.037828482521309555
0.048005353438278275 0.036281907298223705
0.042895122148234655 0.03463878891065654
0.038060233744356575 0.03290190422875771
0.03350360058263052 0.031076851474645718
0.029227967408489597 0.029171778055190115
0.025235909703481607 0.02719695501207027
0.021529832133895532 0.025164224566037056
0.018111967102280024 0.02308635623304382
0.014984373402728013 0.02097635362380214
0.012148934980735715 0.018846757802508142
0.009607359798384785 0.016708993673834403
0.007361178805529334 0.014572803214317864
0.005411745017609493 0.01244580362277416
0.0037602327006450165 0.010333200015772363
0.0024076366639015356 0.008237671717594063
0.0013547716606548965 0.0061594392254048745
0.0006022718974137975 0.004096506409915531
0.00015059065189787502 0.002045060323906307
0.0 0.0
0.00015059065189787502 -0.0017467024500025098
0.0006022718974137975 -0.003484268988686146
0.0013547716606548965 -0.005203307286027818
0.0024076366639015356 -0.006895128006702921
0.0037602327006450165 -0.008552051644969479
0.005411745017609493 -0.010167664691677002
0.007361178805529334 -0.011737013255618144
0.009607359798384785 -0.013256726098138992
0.012148934980735715 -0.01472506330265871
0.014984373402728013 -0.01614189119364916
0.018111967102280024 -0.017508588341259915
0.021529832133895532 -0.01882789125334038
0.025235909703481607 -0.020103691418736313
0.029227967408489597 -0.021340797532394543
0.03350360058263052 -0.022544677880842953
0.038060233744356575 -0.02372119795006677
0.042895122148234655 -0.02487636737024018
0.048005353438278275 -0.026016108442618223
0.05338784940224234 -0.027146055878967117
0.059039367825822475 -0.028271394251022763
0.06495650444564427 -0.02939673625811988
0.07113569499986394 -0.030526041549830442
0.07757321737514639 -0.03166257275316363
0.08426519384872727 -0.032808882787384225
0.09120759342420814 -0.03396682569315885
0.09839623425967753 -0.03513758218410417
0.10582678618669683 -0.036321691004241055
0.11349477331863145 -0.037519077925744625
0.12139557674675777 -0.038729075756342
0.12952443732252045 -0.039950430888522084
0.1378764585242665 -0.041181294505396544
0.14644660940672616 -0.04241919931796575
0.15522972763146647 -0.043661025388332136
0.16422052257649067 -0.044902960942040535
0.17341357852311146 -0.04614046586609617
0.18280335791817703 -0.04736824664864129
0.19238420470968637 -0.04858025172347618
0.20215034775378343 -0.049769695489934485
0.2120959042910774 -0.05092911771372016
0.2222148834901989 -0.05205048267891738
0.23250119005645137 -0.05312531952414956
0.2429486279033891 -0.05414490187995515
0.2535509038851079 -0.05510046149059192
0.26430163158700104 -0.05598342723001219
0.27519433517269654 -0.056785678082946336
0.28622245328485874 -0.0574997965065386
0.29737934299750524 -0.05811930731894834
0.30865828381745486 -0.05863888701974827
0.320052481732506 -0.05905452929954698
0.33155507330389 -0.05936365442885536
0.3431591298005543 -0.05956515313314439
0.35485766137276875 -0.059659359290644316
0.36664362126255073 -0.05964795009537888
0.3785099100483679 -0.059533776925378444
0.3904493799215649 -0.05932063473167381
0.4024548389919357 -0.05901298199807022
0.41451905561984914 -0.05861562691219519
0.42663476277231926 -0.0581333980710658
0.43879466240039156 -0.05757081961376297
0.4509914298352198 -0.056931810997511004
0.46321771820016633 -0.05621943066293417
0.475466162836291 -0.055435680608670795
0.4877293857385438 -0.054581385539844374
0.4999999999999999 -0.05365615597174407
0.512270614261456 -0.052658439726169994
0.5245338371637088 -0.051585660965897194
0.5367822817998334 -0.05043444060990727
0.54900857016478 -0.04920088699735651
0.5612053375996082 -0.047880941339259984
0.5733652372276805 -0.04647075908833608
0.5854809443801506 -0.044967106083047846
0.5975451610080642 -0.04336774732022476
0.6095506200784349 -0.04167180653669452
0.6214900899516319 -0.03988007640261298
0.6333563787374491 -0.037995261932870186
0.645142338627231 -0.03602214351890478
0.6568408701994456 -0.03396765052169003
0.6684449266961098 -0.03184084135487327
0.6799475182674938 -0.02965279110975586
0.691341716182545 -0.027416392714483085
0.7026206570024947 -0.02514608208175569
0.713777546715141 -0.022857501424782246
0.7248056648273034 -0.02056711770718124
0.7356983684129987 -0.018291814902876298
0.746449096114892 -0.016048479314060417
0.7570513720966108 -0.01385359664150927
0.7674988099435485 -0.011722877906001076
0.7777851165098009 -0.009670928829670638
0.7879040957089227 -0.007710974099944536
0.7978496522462164 -0.005854644289866803
0.8076157952903136 -0.004111829348910275
0.8171966420818224 -0.0024905987600153117
0.8265864214768883 -0.0009971849172478275
0.8357794774235092 0.0003639767818256624
0.8447702723685334 0.0015901600539771788
0.8535533905932737 0.0026802226530563498
0.8621235414757333 0.0036344555614806354
0.8704755626774794 0.004454417988341505
0.8786044232532422 0.005142769049222123
0.8865052266813687 0.005703105707134867
0.894173213813303 0.006139814764518702
0.9016037657403225 0.006457944575272673
0.9087924065757916 0.0066630998657341055
0.9157348061512727 0.006761360783928216
0.9224267826248536 0.006759225192246334
0.928864305000136 0.006663571410288011
0.9350434955543556 0.006481637200229032
0.9409606321741775 0.0062210098285461705
0.9466121505977576 0.005889621559097762
0.9519946465617215 0.005495744920914024
0.9571048778517655 0.005047982504905185
0.9619397662556433 0.004555246806506822
0.9664963994173694 0.004026726657424243
0.9707720325915102 0.003471837980902543
0.9747640902965183 0.0029001578619922918
0.9784701678661044 0.002321342154390426
0.98188803289772 0.001745027968926803
0.985015626597272 0.0011807233437015393
0.9878510650192642 0.0006376871407208847
0.9903926402016152 0.000124802728159758
0.9926388211944706 -0.0003495507096195631
0.9945882549823906 -0.0007776253243057007
0.9962397672993549 -0.001152426426562582
0.9975923633360985 -0.0014678254559634834
0.9986452283393451 -0.0017186609518353717
0.9993977281025862 -0.0019008248279777673
0.9998494093481021 -0.002011331741871882
1.0 -0.0020483698502521052
