1.0 0.0021649699459822948
0.9998494093481021 0.0022155001855007615
0.9993977281025862 0.0023670093293856
0.9986452283393451 0.0026192348846375683
0.9975923633360985 0.002971682126537842
0.9962397672993549 0.003423545037818311
0.9945882549823906 0.003973608565419016
0.9926388211944706 0.004620143687480102
0.9903926402016152 0.005360808138338778
0.9878510650192642 0.006192565783391857
0.985015626597272 0.007111636536214112
0.98188803289772 0.008113486444379276
0.9784701678661044 0.009192864318877296
0.9747640902965183 0.010343887314913761
0.9707720325915102 0.011560173526084653
0.9664963994173694 0.012835015304977132
0.9619397662556433 0.014161583053643446
0.9571048778517655 0.01553314599398085
0.9519946465617215 0.016943294231329068
0.9466121505977576 0.01838614548235879
0.9409606321741775 0.01985652026607507
0.9350434955543556 0.02135007115634375
0.928864305000136 0.02286335475215147
0.9224267826248536 0.024393839116372516
0.9157348061512727 0.02593984425271913
0.9087924065757916 0.027500418354931378
0.9016037657403225 0.029075157657221642
0.894173213813303 0.03066398232334107
0.8865052266813687 0.032266884548266886
0.8786044232532422 0.03388366759055767
0.8704755626774794 0.0355136955754981
0.8621235414757333 0.03715567349152952
0.8535533905932737 0.03880747485017905
0.8447702723685334 0.04046603112198076
0.8357794774235092 0.04212729254222577
0.8265864214768883 0.043786264542306656
0.8171966420818224 0.04543711831702518
0.8076157952903136 0.04707336833572728
0.7978496522462164 0.04868810439793362
0.7879040957089227 0.05027426154038428
0.7777851165098009 0.05182490807188851
0.7674988099435485 0.053333530497509586
0.7570513720966108 0.05479429422828093
0.746449096114892 0.056202260760040916
0.7356983684129987 0.05755354531621049
0.7248056648273034 0.058845403532495934
0.713777546715141 0.060076241260828465
0.7026206570024947 0.061245547553439576
0.691341716182545 0.06235375688186883
0.6799475182674938 0.06340205217172908
0.6684449266961098 0.06439212484826622
0.6568408701994456 0.06532591141651135
0.645142338627231 0.06620532787045046
0.6333563787374491 0.06703202328924505
0.6214900899516319 0.06780717232296912
0.6095506200784349 0.06853132302223884
0.5975451610080642 0.06920431188177739
0.5854809443801506 0.06982525241355919
0.5733652372276805 0.07039259748798891
0.5612053375996082 0.07090426957434924
0.54900857016478 0.07135784737310376
0.5367822817998334 0.07175079262656057
0.5245338371637088 0.07208069751224068
0.512270614261456 0.07234553125124424
0.4999999999999999 0.07254386455872482
0.4877293857385438 0.07267505233854171
0.475466162836291 0.07273935844656444
0.46321771820016633 0.07273801114754708
0.4509914298352198 0.07267318368344058
0.43879466240039156 0.0725479006849425
0.42663476277231926 0.07236587747304654
0.41451905561984914 0.07213130508690675
0.4024548389919357 0.07184859864848508
0.3904493799215649 0.07152213002028879
0.3785099100483679 0.07115596732902592
0.36664362126255073 0.07075364365237378
0.35485766137276875 0.0703179749890576
0.3431591298005543 0.06985094370163507
0.33155507330389 0.06935365823171247
0.320052481732506 0.06882639345949533
0.30865828381745486 0.0682687091281117
0.29737934299750524 0.06767963684613382
0.28622245328485874 0.06705791989575298
0.27519433517269654 0.06640228494755081
0.26430163158700104 0.06571172127169642
0.2535509038851079 0.06498574147456163
0.2429486279033891 0.0642245983635055
0.23250119005645137 0.06342943526662577
0.2222148834901989 0.06260235185077262
0.2120959042910774 0.061746373867495125
0.20215034775378343 0.06086532284761102
0.19238420470968637 0.05996358998667592
0.18280335791817703 0.05904582667591352
0.17341357852311146 0.05811657167962986
0.16422052257649067 0.057179841218982036
0.15522972763146647 0.0562387126557785
0.14644660940672616 0.05529493466979756
0.1378764585242665 0.05434859654322926
0.12952443732252045 0.05339788634672788
0.12139557674675777 0.05243896259859374
0.11349477331863145 0.05146595666598979
0.10582678618669683 0.05047111428705254
0.09839623425967753 0.049445074741344984
0.09120759342420814 0.0483772760981761
0.08426519384872727 0.047256465378873104
0.07757321737514639 0.046071284110889205
0.07113569499986394 0.04481089328339837
0.06495650444564427 0.043465597663547954
0.059039367825822475 0.04202742815847874
0.05338784940224234 0.04049064257013242
0.048005353438278275 0.03885210963274024
0.042895122148234655 0.03711154837764109
0.038060233744356575 0.035271604170147686
0.03350360058263052 0.033337753576154754
0.029227967408489597 0.031318041788262356
0.025235909703481607 0.029222667851277237
0.021529832133895532 0.027063443546442377
0.018111967102280024 0.02485316074748273
0.014984373402728013 0.022604908685579052
0.012148934980735715 0.020331386351910636
0.009607359798384785 0.018044255922430245
0.007361178805529334 0.01575358053090209
0.005411745017609493 0.013467384095485558
0.0037602327006450165 0.011191362596192295
0.0024076366639015356 0.008928765777019556
0.0013547716606548965 0.00668045643539916
0.0006022718974137975 0.004445142094999904
0.00015059065189787502 0.002219761812315272
0.0 0.0
0.00015059065189787502 -0.0012010062624582623
0.0006022718974137975 -0.00239318339225389
0.0013547716606548965 -0.0035674480708716714
0.0024076366639015356 -0.00471549156785236
0.0037602327006450165 -0.005830114780034629
0.005411745017609493 -0.006905504079571785
0.007361178805529334 -0.007937434207958309
0.009607359798384785 -0.008923389024555086
0.012148934980735715 -0.009862595999731112
0.014984373402728013 -0.010755975582927452
0.018111967102280024 -0.011606011615434318
0.021529832133895532 -0.012416553455892688
0.025235909703481607 -0.013192564146236853
0.029227967408489597 -0.01393983153432298
0.03350360058263052 -0.014664660635044801
0.038060233744356575 -0.015373565593588231
0.042895122148234655 -0.016072978446218425
0.048005353438278275 -0.016768989579785606
0.05338784940224234 -0.017467131575155184
0.059039367825822475 -0.018172214249771192
0.06495650444564427 -0.01888821450080609
0.07113569499986394 -0.019618220321530894
0.07757321737514639 -0.020364424441566994
0.08426519384872727 -0.021128159717237482
0.09120759342420814 -0.02190996590896753
0.09839623425967753 -0.022709675995675985
0.10582678618669683 -0.02352650977594049
0.11349477331863145 -0.02435916318903848
0.12139557674675777 -0.025205883465833665
0.12952443732252045 -0.02606452272147709
0.1378764585242665 -0.026932565696271032
0.14644660940672616 -0.02780713075975147
0.15522972763146647 -0.028684946715202216
0.16422052257649067 -0.02956231107786514
0.17341357852311146 -0.030435038075740557
0.18280335791817703 -0.03129840640989106
0.19238420470968637 -0.03214711764962727
0.20215034775378343 -0.03297527594314245
0.2120959042910774 -0.03377639849741403
0.2222148834901989 -0.034543464109070186
0.23250119005645137 -0.03526900407570842
0.2429486279033891 -0.035945236316188504
0.2535509038851079 -0.03656423975818732
0.26430163158700104 -0.03711816231777081
0.27519433517269654 -0.037599452407494086
0.28622245328485874 -0.03800110115360904
0.29737934299750524 -0.03831688062217118
0.30865828381745486 -0.038541562527421996
0.320052481732506 -0.038671102224807775
0.33155507330389 -0.03870277428942106
0.3431591298005543 -0.03863524857342327
0.35485766137276875 -0.03846859916340195
0.36664362126255073 -0.03820424288729791
0.3785099100483679 -0.03784480866009205
0.3904493799215649 -0.037393943681356255
0.4024548389919357 -0.03685606696718917
0.41451905561984914 -0.03623608458759548
0.42663476277231926 -0.03553908399813628
0.43879466240039156 -0.034770026769745825
0.4509914298352198 -0.033933459676256376
0.46321771820016633 -0.03303326342578591
0.475466162836291 -0.03207245634273447
0.4877293857385438 -0.031053067136253006
0.4999999999999999 -0.029976086726999016
0.512270614261456 -0.028841504215153402
0.5245338371637088 -0.02764842677871513
0.5367822817998334 -0.02639527794068103
0.54900857016478 -0.025080063590183065
0.5612053375996082 -0.023700690719468214
0.5733652372276805 -0.02225532033641136
0.5854809443801506 -0.0207427336590893
0.5975451610080642 -0.019162689645039043
0.6095506200784349 -0.01751625221596228
0.6214900899516319 -0.015806067180832512
0.6333563787374491 -0.01403657172078574
0.645142338627231 -0.012214123183296862
0.6568408701994456 -0.010347038582087955
0.6684449266961098 -0.008445541308395714
0.6799475182674938 -0.006521616799789998
0.691341716182545 -0.004588783954233793
0.7026206570024947 -0.002661793609753338
0.713777546715141 -0.0007562691652128981
0.7248056648273034 0.0011116928154653843
0.7356983684129987 0.00292594253498632
0.746449096114892 0.004670697502307352
0.7570513720966108 0.006330944479013164
0.7674988099435485 0.007892805439650354
0.7777851165098009 0.00934385288432249
0.7879040957089227 0.010673363283477563
0.7978496522462164 0.011872501338154129
0.8076157952903136 0.012934431836884136
0.8171966420818224 0.013854359916529196
0.8265864214768883 0.01462950424086646
0.8357794774235092 0.015259010784723295
0.8447702723685334 0.015743817387375875
0.8535533905932737 0.01608648090749024
0.8621235414757333 0.01629097962447475
0.8704755626774794 0.016362503499540004
0.8786044232532422 0.016307244101812897
0.8865052266813687 0.01613219453602248
0.894173213813303 0.01584496773055759
0.9016037657403225 0.015453639133391055
0.9087924065757916 0.014966617403009714
0.9157348061512727 0.014392544252010805
0.9224267826248536 0.013740222365157867
0.928864305000136 0.013018568406508174
0.9350434955543556 0.012236586651520082
0.9409606321741775 0.011403357789874901
0.9466121505977576 0.010528036962366961
0.9519946465617215 0.009619855101221372
0.9571048778517655 0.008688118084488883
0.9619397662556433 0.0077421990121345294
0.9664963994173694 0.0067915199666514405
0.9707720325915102 0.005845520828611752
0.9747640902965183 0.004913613972351988
0.9784701678661044 0.004005124872887544
0.98188803289772 0.0031292197318196846
0.985015626597272 0.0022948221176650164
0.9878510650192642 0.0015105212779236953
0.9903926402016152 0.0007844752027698883
0.9926388211944706 0.00012431171123051046
0.9945882549823906 -0.00046296918455256174
0.9962397672993549 -0.0009710885649481902
0.9975923633360985 -0.001394574773262287
0.9986452283393451 -0.0017288400899932931
0.9993977281025862 -0.0019702459489867245
0.9998494093481021 -0.0021161551533287136
1.0 -0.0021649699459822948
