1.0 0.002001948747260446
0.9998494093481021 0.0020581110136541516
0.9993977281025862 0.002226512470368129
0.9986452283393451 0.002506878108289269
0.9975923633360985 0.002898688336669508
0.9962397672993549 0.0034010940409411362
0.9945882549823906 0.004012810858192917
0.9926388211944706 0.004732004410417818
0.9903926402016152 0.005556179654021892
0.9878510650192642 0.006482087705707212
0.985015626597272 0.007505662455786707
0.98188803289772 0.008621997055917796
0.9784701678661044 0.009825367148585494
0.9747640902965183 0.01110930375908657
0.9707720325915102 0.012466714432831073
0.9664963994173694 0.013890046845878303
0.9619397662556433 0.015371485126339764
0.9571048778517655 0.016903165854866908
0.9519946465617215 0.018477398464201385
0.9466121505977576 0.020086873748762918
0.9409606321741775 0.02172484454180301
0.9350434955543556 0.023385264323004598
0.928864305000136 0.025062872471955936
0.9224267826248536 0.026753218863835457
0.9157348061512727 0.028452625203690556
0.9087924065757916 0.030158085539714115
0.9016037657403225 0.03186711337311841
0.894173213813303 0.03357754727974407
0.8865052266813687 0.03528733059574005
0.8786044232532422 0.03699428317996875
0.8704755626774794 0.03869588432382602
0.8621235414757333 0.04038908542064499
0.8535533905932737 0.042070169039508803
0.8447702723685334 0.043734667703110124
0.8357794774235092 0.04537735119142242
0.8265864214768883 0.04699228592337467
0.8171966420818224 0.048572964317743376
0.8076157952903136 0.05011249644928602
0.7978496522462164 0.05160385124497292
0.7879040957089227 0.05304013032098619
0.7777851165098009 0.05441485468775108
0.7674988099435485 0.05572224319361386
0.7570513720966108 0.05695746186505754
0.746449096114892 0.05811682522922269
0.7356983684129987 0.059197934138044646
0.7248056648273034 0.060199739295399096
0.713777546715141 0.06112252525942391
0.7026206570024947 0.06196781571703098
0.691341716182545 0.0627382068314269
0.6799475182674938 0.06343714096850948
0.6684449266961098 0.06406863767245324
0.6568408701994456 0.06463700201461482
0.645142338627231 0.06514653211534396
0.6333563787374491 0.06560124759245978
0.6214900899516319 0.06600465891755648
0.6095506200784349 0.06635959429553263
0.5975451610080642 0.06666809598687812
0.5854809443801506 0.0669313923387233
0.5733652372276805 0.06714994563202534
0.5612053375996082 0.06732356968530277
0.54900857016478 0.06745160548111911
0.5367822817998334 0.06753313836484419
0.5245338371637088 0.06756723699651349
0.512270614261456 0.06755319249947331
0.4999999999999999 0.0674907362966648
0.4877293857385438 0.06738021696492665
0.475466162836291 0.0672227199308826
0.46321771820016633 0.06702011870304002
0.4509914298352198 0.06677505219185
0.43879466240039156 0.06649082903538664
0.42663476277231926 0.06617126619828839
0.41451905561984914 0.06582047491574358
0.4024548389919357 0.06544261182075006
0.3904493799215649 0.06504161640854586
0.3785099100483679 0.06462095755759957
0.36664362126255073 0.06418341148225776
0.35485766137276875 0.06373089123350743
0.3431591298005543 0.0632643438446099
0.33155507330389 0.06278372573889374
0.320052481732506 0.062288060505019435
0.30865828381745486 0.061775576121251535
0.29737934299750524 0.06124391174819383
0.28622245328485874 0.06069037788977426
0.27519433517269654 0.06011224858599379
0.26430163158700104 0.059507060804730894
0.2535509038851079 0.05887289467741945
0.2429486279033891 0.058208608855950764
0.23250119005645137 0.057514008066652626
0.2222148834901989 0.056789924737762384
0.2120959042910774 0.05603820304989249
0.20215034775378343 0.055261581432012125
0.19238420470968637 0.054463477817224694
0.18280335791817703 0.05364769023688354
0.17341357852311146 0.05281803290680901
0.16422052257649067 0.0519779342205045
0.15522972763146647 0.05113002747276671
0.14644660940672616 0.05027576728517653
0.1378764585242665 0.04941510435047623
0.12952443732252045 0.04854624820194946
0.12139557674675777 0.047665542389591815
0.11349477331863145 0.04676746904024682
0.10582678618669683 0.045844790795937895
0.09839623425967753 0.044888828199231
0.09120759342420814 0.04388986045063654
0.08426519384872727 0.04283762785958828
0.07757321737514639 0.041721905983924314
0.07113569499986394 0.040533115060943106
0.06495650444564427 0.03926292440398219
0.059039367825822475 0.03790481032773495
0.05338784940224234 0.03645452802655841
0.048005353438278275 0.03491046259869251
0.042895122148234655 0.03327383180487419
0.038060233744356575 0.03154872269219382
0.03350360058263052 0.029741955256145
0.029227967408489597 0.027862778087005213
0.025235909703481607 0.025922412615720387
0.021529832133895532 0.02393347329826041
0.018111967102280024 0.021909300070852053
0.014984373402728013 0.019863246000907865
0.012148934980735715 0.01780796674416299
0.009607359798384785 0.0157547588957191
0.007361178805529334 0.013712991517670964
0.005411745017609493 0.01168966920077081
0.0037602327006450165 0.009689156360169359
0.0024076366639015356 0.0077130816633231205
0.0013547716606548965 0.0057604292877274435
0.0006022718974137975 0.003827810958623351
0.00015059065189787502 0.0019099003178684158
0.0 0.0
0.00015059065189787502 -0.0012157064765809964
0.0006022718974137975 -0.002425940239288802
0.0013547716606548965 -0.0036249542222151028
0.0024076366639015356 -0.004807639871053657
0.0037602327006450165 -0.005969800211172141
0.005411745017609493 -0.007108370675985515
0.007361178805529334 -0.008221575694832235
0.009607359798384785 -0.009309013178573584
0.012148934980735715 -0.010371663633621148
0.014984373402728013 -0.011411825358263456
0.018111967102280024 -0.0124329816999791
0.021529832133895532 -0.013439610367797188
0.025235909703481607 -0.014436948029257053
0.029227967408489597 -0.015430725666932857
0.03350360058263052 -0.016426891289772587
0.038060233744356575 -0.01743133653897393
0.042895122148234655 -0.01844964253323554
0.048005353438278275 -0.019486858083798353
0.05338784940224234 -0.020547320368842492
0.059039367825822475 -0.02163452454044223
0.06495650444564427 -0.022751044834335283
0.07113569499986394 -0.023898505867718134
0.07757321737514639 -0.02507759923969153
0.08426519384872727 -0.02628813755883529
0.09120759342420814 -0.027529135827989985
0.09839623425967753 -0.028798908866255392
0.10582678618669683 -0.030095173213611215
0.11349477331863145 -0.03141514273343479
0.12139557674675777 -0.032755608811184306
0.12952443732252045 -0.03411299847991095
0.1378764585242665 -0.035483406762592984
0.14644660940672616 -0.03686260274444225
0.15522972763146647 -0.03824601209283092
0.16422052257649067 -0.039628681649117266
0.17341357852311146 -0.04100523407186893
0.18280335791817703 -0.04236982210718941
0.19238420470968637 -0.04371609275409528
0.20215034775378343 -0.045037171310573464
0.2120959042910774 -0.04632567403877299
0.2222148834901989 -0.047573756065347174
0.23250119005645137 -0.04877319829807011
0.2429486279033891 -0.04991553381613444
0.2535509038851079 -0.05099221064613453
0.26430163158700104 -0.05199478435861992
0.27519433517269654 -0.05291513080137629
0.28622245328485874 -0.05374566679270959
0.29737934299750524 -0.05447956495455322
0.30865828381745486 -0.05511094823287855
0.320052481732506 -0.055635050118092826
0.33155507330389 -0.05604832814424694
0.3431591298005543 -0.05634852083187134
0.35485766137276875 -0.05653464168442567
0.36664362126255073 -0.0566069079234325
0.3785099100483679 -0.05656660607072227
0.3904493799215649 -0.05641590094412354
0.4024548389919357 -0.05615759880241801
0.41451905561984914 -0.05579487894790337
0.42663476277231926 -0.05533101079915979
0.43879466240039156 -0.0547690750687138
0.4509914298352198 -0.05411170807986731
0.46321771820016633 -0.05336088737801348
0.475466162836291 -0.05251777466738558
0.4877293857385438 -0.05158262885492863
0.4999999999999999 -0.05055479780884093
0.512270614261456 -0.04943279260612136
0.5245338371637088 -0.048214442864402185
0.5367822817998334 -0.046897126567383596
0.54900857016478 -0.045478062941440814
0.5612053375996082 -0.043954652743187224
0.5733652372276805 -0.04232484705032787
0.5854809443801506 -0.04058752352525784
0.5975451610080642 -0.038742848280315524
0.6095506200784349 -0.036792601967828104
0.6214900899516319 -0.03474045051140813
0.6333563787374491 -0.0325921438668626
0.645142338627231 -0.030355630155426642
0.6568408701994456 -0.02804107719131923
0.6684449266961098 -0.02566079852922243
0.6799475182674938 -0.023229086362420933
0.691341716182545 -0.0207619585860778
0.7026206570024947 -0.01827683180099063
0.713777546715141 -0.01579213571075895
0.7248056648273034 -0.013326887056579154
0.7356983684129987 -0.010900242805131905
0.746449096114892 -0.008531052698704104
0.7570513720966108 -0.006237430512743938
0.7674988099435485 -0.004036361538028653
0.7777851165098009 -0.0019433610706803717
0.7879040957089227 2.7804736899035478e-05
0.7978496522462164 0.001865328192369605
0.8076157952903136 0.0035594961450934525
0.8171966420818224 0.005102753427935967
0.8265864214768883 0.006489697935029749
0.8357794774235092 0.007717014767490527
0.8447702723685334 0.008783359348229401
0.8535533905932737 0.009689201081837033
0.8621235414757333 0.010436639968069488
0.8704755626774794 0.011029208578857974
0.8786044232532422 0.011471671044873443
0.8865052266813687 0.011769829281098801
0.894173213813303 0.011930344760015178
0.9016037657403225 0.011960581887318914
0.9087924065757916 0.011868476629287649
0.9157348061512727 0.011662431659574358
0.9224267826248536 0.01135123709643643
0.928864305000136 0.010944014022634962
0.9350434955543556 0.010450176518697538
0.9409606321741775 0.009879406956542961
0.9466121505977576 0.009241638815458968
0.9519946465617215 0.008547041279114457
0.9571048778517655 0.007806000300555455
0.9619397662556433 0.0070290916056045295
0.9664963994173694 0.006227042149470783
0.9707720325915102 0.0054106777435255615
0.9747640902965183 0.004590855825974213
0.9784701678661044 0.0037783835665650333
0.98188803289772 0.0029839225912416645
0.985015626597272 0.0022178825269674666
0.9878510650192642 0.0014903062610281078
0.9903926402016152 0.0008107502665543331
0.9926388211944706 0.00018816357109515455
0.9945882549823906 -0.0003692310405692919
0.9962397672993549 -0.0008540501602461231
0.9975923633360985 -0.0012598540944508453
0.9986452283393451 -0.001581239662374895
0.9993977281025862 -0.0018139191475070647
0.9998494093481021 -0.0019547835516176425
1.0 -0.002001948747260446
