1.0 0.001970870681334714
0.9998494093481021 0.0020195197282234763
0.9993977281025862 0.0021654107618414957
0.9986452283393451 0.002408356644327016
0.9975923633360985 0.002747984775263736
0.9962397672993549 0.0031836529165366737
0.9945882549823906 0.0037143444636233
0.9926388211944706 0.004338554831205641
0.9903926402016152 0.005054182026340545
0.9878510650192642 0.005858434675585888
0.985015626597272 0.006747769719442206
0.98188803289772 0.007717869763355363
0.9784701678661044 0.008763666857860902
0.9747640902965183 0.009879415538743127
0.9707720325915102 0.011058813625662517
0.9664963994173694 0.012295164927823893
0.9619397662556433 0.01358157401862184
0.9571048778517655 0.014911159973618037
0.9519946465617215 0.016277273718068364
0.9466121505977576 0.017673702620267538
0.9409606321741775 0.019094846312781428
0.9350434955543556 0.020535849430175758
0.928864305000136 0.021992679909586803
0.9224267826248536 0.0234621454927642
0.9157348061512727 0.024941845787866894
0.9087924065757916 0.02643006232277259
0.9016037657403225 0.027925594039110994
0.894173213813303 0.029427550224841205
0.8865052266813687 0.030935116581218586
0.8786044232532422 0.032447312648651805
0.8704755626774794 0.03396275994643567
0.8621235414757333 0.03547947979493908
0.8535533905932737 0.036994737888021996
0.8447702723685334 0.038504949393506134
0.8357794774235092 0.04000565391980812
0.8265864214768883 0.04149156443296172
0.8171966420818224 0.04295668854599911
0.8076157952903136 0.044394514976050216
0.7978496522462164 0.04579825282034732
0.7879040957089227 0.04716110705412746
0.7777851165098009 0.04847657064778832
0.7674988099435485 0.04973871218851766
0.7570513720966108 0.05094243800718725
0.746449096114892 0.05208370956000963
0.7356983684129987 0.053159700071394436
0.7248056648273034 0.05416887896317163
0.713777546715141 0.05511101802670293
0.7026206570024947 0.0559871192136893
0.691341716182545 0.05679926986205409
0.6799475182674938 0.05755043666377309
0.6684449266961098 0.058244214283767755
0.6568408701994456 0.0588845478835872
0.645142338627231 0.059475450620227834
0.6333563787374491 0.06002073733033434
0.6214900899516319 0.06052379405889127
0.6095506200784349 0.060987399971627526
0.5975451610080642 0.06141361375160023
0.5854809443801506 0.06180373118094636
0.5733652372276805 0.062158314686694485
0.5612053375996082 0.06247728966784901
0.54900857016478 0.06276009690868517
0.5367822817998334 0.06300588577544741
0.5245338371637088 0.06321372957427644
0.512270614261456 0.06338284269778326
0.4999999999999999 0.06351277915968599
0.4877293857385438 0.06360359382385271
0.475466162836291 0.06365595094512463
0.46321771820016633 0.06367116928945957
0.4509914298352198 0.06365119871140464
0.43879466240039156 0.0635985291747236
0.42663476277231926 0.06351603929712586
0.41451905561984914 0.06340679706662357
0.4024548389919357 0.06327382993575639
0.3904493799215649 0.06311988464789284
0.3785099100483679 0.06294719859489503
0.36664362126255073 0.06275730409192186
0.35485766137276875 0.06255088467889341
0.3431591298005543 0.06232769856947952
0.33155507330389 0.062086578962735665
0.320052481732506 0.061825514528573745
0.30865828381745486 0.06154180648678058
0.29737934299750524 0.06123229188294104
0.28622245328485874 0.06089361649337873
0.27519433517269654 0.06052253579633425
0.26430163158700104 0.060116219076741126
0.2535509038851079 0.05967253031520157
0.2429486279033891 0.05919026022650385
0.23250119005645137 0.058669286670222344
0.2222148834901989 0.058110645494464215
0.2120959042910774 0.057516500369263535
0.20215034775378343 0.0568900078528176
0.19238420470968637 0.05623508223840025
0.18280335791817703 0.055556073014168116
0.17341357852311146 0.054857375377850494
0.16422052257649067 0.0541430005639482
0.15522972763146647 0.05341613722708771
0.14644660940672616 0.05267873737388313
0.1378764585242665 0.051931160101650345
0.12952443732252045 0.051171903625197114
0.12139557674675777 0.050397450886035464
0.11349477331863145 0.049602246762810595
0.10582678618669683 0.04877881602575958
0.09839623425967753 0.04791802132319333
0.09120759342420814 0.04700945036466751
0.08426519384872727 0.04604191182058059
0.07757321737514639 0.04500401101903198
0.07113569499986394 0.04388476994092569
0.06495650444564427 0.04267425182143268
0.059039367825822475 0.04136414922094165
0.05338784940224234 0.03994829589558846
0.048005353438278275 0.038423067128053406
0.042895122148234655 0.03678764011316946
0.038060233744356575 0.03504409507372289
0.03350360058263052 0.03319734838858647
0.029227967408489597 0.031254920405931357
0.025235909703481607 0.02922655197899159
0.021529832133895532 0.027123694282315938
0.018111967102280024 0.024958905375837077
0.014984373402728013 0.022745193624250086
0.012148934980735715 0.020495351950069175
0.009607359798384785 0.01822132769661611
0.007361178805529334 0.01593367051868295
0.005411745017609493 0.013641095348514813
0.0037602327006450165 0.011350189467098948
0.0024076366639015356 0.009065282603650228
0.0013547716606548965 0.006788487502164609
0.0006022718974137975 0.004519906348705106
0.00015059065189787502 0.0022579867065578947
0.0 0.0
0.00015059065189787502 -0.0013972265985126332
0.0006022718974137975 -0.002786597532543425
0.0013547716606548965 -0.004160007352225464
0.0024076366639015356 -0.005510019906185053
0.0037602327006450165 -0.0068301577103671764
0.005411745017609493 -0.008115140063860531
0.007361178805529334 -0.00936105807184654
0.009607359798384785 -0.010565478745855781
0.012148934980735715 -0.011727474800385029
0.014984373402728013 -0.012847581339781592
0.018111967102280024 -0.01392768501145861
0.021529832133895532 -0.014970855089921856
0.025235909703481607 -0.01598112908942076
0.029227967408489597 -0.01696326767863009
0.03350360058263052 -0.017922494759076615
0.038060233744356575 -0.018864238522487874
0.042895122148234655 -0.019793888157864915
0.048005353438278275 -0.020716578754653523
0.05338784940224234 -0.021637014032566015
0.059039367825822475 -0.02255933306572297
0.06495650444564427 -0.023487023439524225
0.07113569499986394 -0.024422879578125122
0.07757321737514639 -0.02536900159523886
0.08426519384872727 -0.026326827207386928
0.09120759342420814 -0.02729718721286894
0.09839623425967753 -0.028280373922337912
0.10582678618669683 -0.02927621179287953
0.11349477331863145 -0.030284120351709437
0.12139557674675777 -0.03130316120463551
0.12952443732252045 -0.03233206334472119
0.1378764585242665 -0.03336922388790458
0.14644660940672616 -0.034412684505657654
0.15522972763146647 -0.035460086923182955
0.16422052257649067 -0.03650861363257254
0.17341357852311146 -0.03755492218745831
0.18280335791817703 -0.038595082898689494
0.19238420470968637 -0.0396245303014945
0.20215034775378343 -0.04063803834905437
0.2120959042910774 -0.041629727920292
0.2222148834901989 -0.04259311300443581
0.23250119005645137 -0.043521189006848524
0.2429486279033891 -0.04440656323444403
0.2535509038851079 -0.045241624031705015
0.26430163158700104 -0.04601874153854369
0.27519433517269654 -0.046730489916999476
0.28622245328485874 -0.04736987840981393
0.29737934299750524 -0.047930576970916135
0.30865828381745486 -0.048407121604590486
0.320052481732506 -0.048795085050402746
0.33155507330389 -0.04909120005609804
0.3431591298005543 -0.049293425108034396
0.35485766137276875 -0.04940094597669155
0.36664362126255073 -0.04941411055382366
0.3785099100483679 -0.04933429892642866
0.3904493799215649 -0.04916373513764943
0.4024548389919357 -0.048905251303632956
0.41451905561984914 -0.04856201838022386
0.42663476277231926 -0.04813726063305541
0.43879466240039156 -0.04763397254498513
0.4509914298352198 -0.047054657354676496
0.46321771820016633 -0.046401105601961985
0.475466162836291 -0.04567422999038918
0.4877293857385438 -0.044873969682932356
0.4999999999999999 -0.04399927302018841
0.512270614261456 -0.04304816285407563
0.5245338371637088 -0.04201788353422684
0.5367822817998334 -0.040905123405114645
0.54900857016478 -0.0397063018084933
0.5612053375996082 -0.03841790535652121
0.5733652372276805 -0.03703685492218331
0.5854809443801506 -0.03556088260064521
0.5975451610080642 -0.03398889696798151
0.6095506200784349 -0.03232131535820265
0.6214900899516319 -0.03056034356442419
0.6333563787374491 -0.028710186230092763
0.645142338627231 -0.02677717504096548
0.6568408701994456 -0.024769806406342208
0.6684449266961098 -0.022698685333819284
0.6799475182674938 -0.020576377337725056
0.691341716182545 -0.018417175158457585
0.7026206570024947 -0.016236791509425263
0.713777546715141 -0.014051992751054426
0.7248056648273034 -0.011880191114062638
0.7356983684129987 -0.00973901472131369
0.746449096114892 -0.007645875128207809
0.7570513720966108 -0.005617551431091258
0.7674988099435485 -0.003669808269579155
0.7777851165098009 -0.0018170624239564601
0.7879040957089227 -7.210938627653365e-05
0.7978496522462164 0.0015540824976520628
0.8076157952903136 0.0030525067015530864
0.8171966420818224 0.0044161823217702375
0.8265864214768883 0.005640150958523589
0.8357794774235092 0.0067214137561226765
0.8447702723685334 0.00765881815203669
0.8535533905932737 0.008452905582107073
0.8621235414757333 0.009105732264332372
0.8704755626774794 0.00962067524390558
0.8786044232532422 0.010002235188716528
0.8865052266813687 0.01025584608465715
0.894173213813303 0.01038770013670665
0.9016037657403225 0.010404594001020147
0.9087924065757916 0.010313800131024514
0.9157348061512727 0.010122964689424455
0.9224267826248536 0.009840031315235342
0.928864305000136 0.009473188172223191
0.9350434955543556 0.009030834241263096
0.9409606321741775 0.008521559815577399
0.9466121505977576 0.00795413563738832
0.9519946465617215 0.007337505063124932
0.9571048778517655 0.006680774015418452
0.9619397662556433 0.005993194201297593
0.9664963994173694 0.005284136057028068
0.9707720325915102 0.004563049021624338
0.9747640902965183 0.00383940794345586
0.9784701678661044 0.0031226455953023147
0.98188803289772 0.0024220723343104074
0.985015626597272 0.0017467848347946055
0.9878510650192642 0.0011055665050510733
0.9903926402016152 0.0005067826572613243
0.9926388211944706 -4.1726264882760216e-05
0.9945882549823906 -0.0005327500631970184
0.9962397672993549 -0.0009598095663683073
0.9975923633360985 -0.0013172498835324286
0.9986452283393451 -0.0016003235552986897
0.9993977281025862 -0.001805261435055303
0.9998494093481021 -0.0019293295587690517
1.0 -0.001970870681334714
