1.0 0.0018394605503791303
0.9998494093481021 0.0018893251210382687
0.9993977281025862 0.0020388372101972363
0.9986452283393451 0.002287734387296934
0.9975923633360985 0.002635522682328793
0.9962397672993549 0.003081398367907341
0.9945882549823906 0.0036241511416965386
0.9926388211944706 0.004262059973895093
0.9903926402016152 0.004992794209977884
0.9878510650192642 0.005813332656152703
0.985015626597272 0.0067199122926972655
0.98188803289772 0.0077080160349477875
0.9784701678661044 0.008772405771677393
0.9747640902965183 0.009907203022001113
0.9707720325915102 0.011106015296391984
0.9664963994173694 0.012362101994311326
0.9619397662556433 0.013668569796324578
0.9571048778517655 0.01501858436282502
0.9519946465617215 0.01640558302926885
0.9466121505977576 0.017823472302049576
0.9409606321741775 0.01926679442174066
0.9350434955543556 0.020730849071211276
0.928864305000136 0.022211759351020113
0.9224267826248536 0.023706475203198775
0.9157348061512727 0.02521271222717827
0.9087924065757916 0.026728828923013814
0.9016037657403225 0.02825365040680466
0.894173213813303 0.02978625115897083
0.8865052266813687 0.03132571300757384
0.8786044232532422 0.0328708769997433
0.8704755626774794 0.0344201088488317
0.8621235414757333 0.03597109714820623
0.8535533905932737 0.03752070152131826
0.8447702723685334 0.03906486446166392
0.8357794774235092 0.04059859604953995
0.8265864214768883 0.04211603535541232
0.8171966420818224 0.04361058656262151
0.8076157952903136 0.04507512211337898
0.7978496522462164 0.04650223995228527
0.7879040957089227 0.04788455762788779
0.7777851165098009 0.049215022964496535
0.7674988099435485 0.05048721948665129
0.7570513720966108 0.0516956449028152
0.746449096114892 0.052835942738943306
0.7356983684129987 0.05390507053116473
0.7248056648273034 0.054901392592038994
0.713777546715141 0.05582469090510797
0.7026206570024947 0.056676093749676366
0.691341716182545 0.05745792774096662
0.6799475182674938 0.058173504613525405
0.6684449266961098 0.05882685883406086
0.6568408701994456 0.05942245562811302
0.645142338627231 0.0599648909662572
0.6333563787374491 0.06045860532469497
0.6214900899516319 0.06090763159165803
0.6095506200784349 0.06131539445180692
0.5975451610080642 0.061684574191075106
0.5854809443801506 0.06201704247901489
0.5733652372276805 0.06231387174090916
0.5612053375996082 0.06257541371059289
0.54900857016478 0.06280143714769218
0.5367822817998334 0.06299130996839652
0.5245338371637088 0.06314420756595542
0.512270614261456 0.0632593271731573
0.4999999999999999 0.06333608790557867
0.4877293857385438 0.06337429764285765
0.475466162836291 0.06337427103426138
0.46321771820016633 0.06333688739882475
0.4509914298352198 0.06326358275940047
0.43879466240039156 0.06315627624895581
0.42663476277231926 0.06301723715264296
0.41451905561984914 0.06284890438906332
0.4024548389919357 0.06265367481150469
0.3904493799215649 0.06243367992148489
0.3785099100483679 0.06219057213761494
0.36664362126255073 0.06192534149151312
0.35485766137276875 0.06163818151750428
0.3431591298005543 0.061328419304984526
0.33155507330389 0.06099451947612374
0.320052481732506 0.060634165644291964
0.30865828381745486 0.06024441619916213
0.29737934299750524 0.05982192460435309
0.28622245328485874 0.05936320834278592
0.27519433517269654 0.058864945726770784
0.26430163158700104 0.05832427644715244
0.2535509038851079 0.05773908029369104
0.2429486279033891 0.05710820911561208
0.23250119005645137 0.05643164982091961
0.2222148834901989 0.05571060088045505
0.2120959042910774 0.05494745109200771
0.20215034775378343 0.054145656816199574
0.19238420470968637 0.05330952195851234
0.18280335791817703 0.052443893015872885
0.17341357852311146 0.05155378889090826
0.16422052257649067 0.050643991295809
0.15522972763146647 0.049718625896965865
0.14644660940672616 0.04878076649324757
0.1378764585242665 0.04783209423684819
0.12952443732252045 0.046872641140024186
0.12139557674675777 0.04590064199833311
0.11349477331863145 0.04491251172026573
0.10582678618669683 0.0439029563675711
0.09839623425967753 0.04286521659379137
0.09120759342420814 0.04179143232059025
0.08426519384872727 0.04067310814718154
0.07757321737514639 0.03950165086189578
0.07113569499986394 0.03826894415595961
0.06495650444564427 0.03696792174230976
0.059039367825822475 0.0355930989050229
0.05338784940224234 0.034141024200638526
0.048005353438278275 0.03261061754383267
0.042895122148234655 0.031003367969366015
0.038060233744356575 0.029323373509461955
0.03350360058263052 0.027577216238076078
0.029227967408489597 0.025773676869767257
0.025235909703481607 0.023923304554645444
0.021529832133895532 0.02203786786912308
0.018111967102280024 0.020129721705162657
0.014984373402728013 0.01821113115848544
0.012148934980735715 0.01629359711776524
0.009607359798384785 0.01438722876782671
0.007361178805529334 0.01250020556617307
0.005411745017609493 0.010638365587427472
0.0037602327006450165 0.008804948826637769
0.0024076366639015356 0.007000513675206405
0.0013547716606548965 0.005223033051181272
0.0006022718974137975 0.0034681643996577766
0.00015059065189787502 0.001729675843087781
0.0 0.0
0.00015059065189787502 -0.001263604592857009
0.0006022718974137975 -0.0025190607849141975
0.0013547716606548965 -0.003758042491877567
0.0024076366639015356 -0.004972956265245794
0.0037602327006450165 -0.006157258192227113
0.005411745017609493 -0.0073057148374375425
0.007361178805529334 -0.008414595211814422
0.009607359798384785 -0.009481785071727016
0.012148934980735715 -0.010506819649314986
0.014984373402728013 -0.011490835860744666
0.018111967102280024 -0.012436449792662473
0.021529832133895532 -0.01334756950698804
0.025235909703481607 -0.01422915665002473
0.029227967408489597 -0.015086952784858172
0.03350360058263052 -0.015927187644191772
0.038060233744356575 -0.016756286568551725
0.042895122148234655 -0.017580593285940527
0.048005353438278275 -0.018406122022881447
0.05338784940224234 -0.019238349908138164
0.059039367825822475 -0.020082056993629895
0.06495650444564427 -0.020941217266113615
0.07113569499986394 -0.02181894006858282
0.07757321737514639 -0.022717457695160443
0.08426519384872727 -0.023638151840126936
0.09120759342420814 -0.024581609292084812
0.09839623425967753 -0.025547695922016504
0.10582678618669683 -0.026535637694406655
0.11349477331863145 -0.027544098125442357
0.12139557674675777 -0.02857124323152331
0.12952443732252045 -0.02961478739107056
0.1378764585242665 -0.030672016459079625
0.14644660940672616 -0.03173978766156107
0.15522972763146647 -0.03281450897044406
0.16422052257649067 -0.03389210353620719
0.17341357852311146 -0.03496796707873637
0.18280335791817703 -0.03603692769643876
0.19238420470968637 -0.03709321820265785
0.20215034775378343 -0.038130470765554876
0.2120959042910774 -0.039141742322946184
0.2222148834901989 -0.04011957705832788
0.23250119005645137 -0.04105610932404602
0.2429486279033891 -0.04194320700961632
0.2535509038851079 -0.042772651749073846
0.26430163158700104 -0.04353634883560385
0.27519433517269654 -0.044226556559308655
0.28622245328485874 -0.04483612217642482
0.29737934299750524 -0.045358710082544336
0.30865828381745486 -0.04578900716229671
0.320052481732506 -0.04612289081075867
0.33155507330389 -0.046357546770261826
0.3431591298005543 -0.04649152661693265
0.35485766137276875 -0.046524738299827846
0.36664362126255073 -0.04645836734768513
0.3785099100483679 -0.04629473092649148
0.3904493799215649 -0.046037071534981724
0.4024548389919357 -0.04568930143505921
0.41451905561984914 -0.04525571261486707
0.42663476277231926 -0.044740669896569586
0.43879466240039156 -0.04414830650997967
0.4509914298352198 -0.04348224191293247
0.46321771820016633 -0.04274534079155713
0.475466162836291 -0.04193953005080329
0.4877293857385438 -0.041065687329232985
0.4999999999999999 -0.040123610344591325
0.512270614261456 -0.03911207146748175
0.5245338371637088 -0.038028956647426664
0.5367822817998334 -0.03687148252284627
0.54900857016478 -0.03563648058063151
0.5612053375996082 -0.03432073291711231
0.5733652372276805 -0.03292134077160718
0.5854809443801506 -0.0314361047747754
0.5975451610080642 -0.029863894917660328
0.6095506200784349 -0.028204988658197344
0.6214900899516319 -0.02646135730543464
0.6333563787374491 -0.024636883737277855
0.645142338627231 -0.022737498418208726
0.6568408701994456 -0.020771225330057565
0.6684449266961098 -0.01874813450891288
0.6799475182674938 -0.016680203069679496
0.691341716182545 -0.014581091571675371
0.7026206570024947 -0.012465847030820335
0.713777546715141 -0.010350547554870602
0.7248056648273034 -0.008251906264310709
0.7356983684129987 -0.006186853729473997
0.746449096114892 -0.0041721185476611316
0.7570513720966108 -0.0022238249239945698
0.7674988099435485 -0.0003571243020230035
0.7777851165098009 0.001414124624984589
0.7879040957089227 0.0030776165917100543
0.7978496522462164 0.004622794036279911
0.8076157952903136 0.006040971896497158
0.8171966420818224 0.007325393776679958
0.8265864214768883 0.008471223932442134
0.8357794774235092 0.009475482581446145
0.8447702723685334 0.010336934412386896
0.8535533905932737 0.011055941728460129
0.8621235414757333 0.01163429438165955
0.8704755626774794 0.01207502854635624
0.8786044232532422 0.012382245515650415
0.8865052266813687 0.012560940199479488
0.894173213813303 0.012616847012338325
0.9016037657403225 0.012556308535899507
0.9087924065757916 0.012386169911293739
0.9157348061512727 0.012113699535414702
0.9224267826248536 0.011746534465641603
0.928864305000136 0.011292647110061914
0.9350434955543556 0.010760328392346325
0.9409606321741775 0.010158181688815706
0.9466121505977576 0.009495121456172678
0.9519946465617215 0.008780370579599987
0.9571048778517655 0.008023451016764379
0.9619397662556433 0.007234163211802898
0.9664963994173694 0.0064225509051704455
0.9707720325915102 0.005598849262668958
0.9747640902965183 0.004773415583392508
0.9784701678661044 0.003956643124294768
0.98188803289772 0.0031588597171132785
0.985015626597272 0.002390213790655677
0.9878510650192642 0.001660551110267853
0.9903926402016152 0.0009792859923252277
0.9926388211944706 0.0003552709519006475
0.9945882549823906 -0.00020333127876429632
0.9962397672993549 -0.0006891696269895583
0.9975923633360985 -0.0010958170593413962
0.9986452283393451 -0.001417870505280669
0.9993977281025862 -0.0016510358475127444
0.9998494093481021 -0.0017921959965981314
1.0 -0.0018394605503791303
