1.0 0.0018297145143299205
0.9998494093481021 0.0018848023103968407
0.9993977281025862 0.0020499892665046477
0.9986452283393451 0.0023250276053591455
0.9975923633360985 0.0027094447762941428
0.9962397672993549 0.003202460940038216
0.9945882549823906 0.0038028865341046356
0.9926388211944706 0.004509011549993871
0.9903926402016152 0.005318499539640095
0.9878510650192642 0.0062282995381719225
0.985015626597272 0.007234588010097332
0.98188803289772 0.008332750673428382
0.9784701678661044 0.009517410812085172
0.9747640902965183 0.010782506721663658
0.9707720325915102 0.012121416584810175
0.9664963994173694 0.01352712471625954
0.9619397662556433 0.01499241913724562
0.9571048778517655 0.016510107191925645
0.9519946465617215 0.018073233705595413
0.9466121505977576 0.019675285223802786
0.9409606321741775 0.021310364278466717
0.9350434955543556 0.02297331940338318
0.928864305000136 0.02465981965303709
0.9224267826248536 0.026366366443517857
0.9157348061512727 0.02809024031970524
0.9087924065757916 0.029829385379609937
0.9016037657403225 0.03158223913991168
0.894173213813303 0.03334752018950611
0.8865052266813687 0.035123989665930486
0.8786044232532422 0.036910205083296274
0.8704755626774794 0.0387042861121555
0.8621235414757333 0.04050371144598237
0.8535533905932737 0.04230516389313907
0.8447702723685334 0.044104437439120556
0.8357794774235092 0.04589641547858232
0.8265864214768883 0.04767512406397559
0.8171966420818224 0.04943385827149462
0.8076157952903136 0.05116537409692054
0.7978496522462164 0.05286213311666817
0.7879040957089227 0.05451658290056763
0.7777851165098009 0.056121453190987644
0.7674988099435485 0.05767004641792528
0.7570513720966108 0.0591565013323289
0.746449096114892 0.06057601040955064
0.7356983684129987 0.06192497506830596
0.7248056648273034 0.06320108741152947
0.713777546715141 0.06440333276407574
0.7026206570024947 0.06553191332265357
0.691341716182545 0.06658809926877728
0.6799475182674938 0.06757401924572097
0.6684449266961098 0.06849240672076726
0.6568408701994456 0.06934632207134343
0.645142338627231 0.07013887197708407
0.6333563787374491 0.07087294772357892
0.6214900899516319 0.07155100231941719
0.6095506200784349 0.07217488302748538
0.5975451610080642 0.07274573127566009
0.5854809443801506 0.07326395631224482
0.5733652372276805 0.07372928285955359
0.5612053375996082 0.0741408668913916
0.54900857016478 0.07449746801792362
0.5367822817998334 0.07479766226958165
0.5245338371637088 0.07504007572101998
0.512270614261456 0.07522361767064131
0.4999999999999999 0.07534769214388098
0.4877293857385438 0.07541236832743216
0.475466162836291 0.07541849402815055
0.46321771820016633 0.07536774110850428
0.4509914298352198 0.07526257768796207
0.43879466240039156 0.07510616823901003
0.42663476277231926 0.07490220902252516
0.41451905561984914 0.07465471206999706
0.4024548389919357 0.07436775563791351
0.3904493799215649 0.07404522232005235
0.3785099100483679 0.07369054750816854
0.36664362126255073 0.07330650048269532
0.35485766137276875 0.07289501809024372
0.3431591298005543 0.07245710687988921
0.33155507330389 0.07199282402988881
0.320052481732506 0.07150134083120799
0.30865828381745486 0.0709810854281854
0.29737934299750524 0.07042995452659431
0.28622245328485874 0.06984557744887399
0.27519433517269654 0.0692256107886446
0.26430163158700104 0.06856803844987877
0.2535509038851079 0.06787145038440824
0.2429486279033891 0.06713527404536809
0.23250119005645137 0.06635993546281542
0.2222148834901989 0.06554693175417038
0.2120959042910774 0.06469880347267024
0.20215034775378343 0.06381900299412564
0.19238420470968637 0.06291166355903127
0.18280335791817703 0.06198128197121929
0.17341357852311146 0.0610323356380705
0.16422052257649067 0.06006886098990436
0.15522972763146647 0.0590940247937507
0.14644660940672616 0.05810972206715048
0.1378764585242665 0.057116233955623694
0.12952443732252045 0.05611197600737285
0.12139557674675777 0.05509336190337779
0.11349477331863145 0.05405480021474108
0.10582678618669683 0.05298883266672972
0.09839623425967753 0.05188641233050465
0.09120759342420814 0.050737309868414196
0.08426519384872727 0.04953062619199922
0.07757321737514639 0.04825538139684647
0.07113569499986394 0.046901143280085905
0.06495650444564427 0.04545865465954634
0.059039367825822475 0.043920417460465905
0.05338784940224234 0.042281193275243156
0.048005353438278275 0.04053838477449314
0.042895122148234655 0.038692269676316594
0.038060233744356575 0.03674606848716552
0.03350360058263052 0.03470583826563361
0.029227967408489597 0.0325801964606141
0.025235909703481607 0.030379890600455255
0.021529832133895532 0.028117240415984217
0.018111967102280024 0.02580548807868107
0.014984373402728013 0.023458098950798614
0.012148934980735715 0.02108805906639862
0.009607359798384785 0.018707216184440125
0.007361178805529334 0.016325708598716078
0.005411745017609493 0.013951520112095713
0.0037602327006450165 0.01159019106809607
0.0024076366639015356 0.00924470466536799
0.0013547716606548965 0.0069155557032763455
0.0006022718974137975 0.004600996268341724
0.00015059065189787502 0.0022974405656250472
0.0 0.0
0.00015059065189787502 -0.0011789823908657988
0.0006022718974137975 -0.0023481256399792813
0.0013547716606548965 -0.0034974708380426612
0.0024076366639015356 -0.004617899026435075
0.0037602327006450165 -0.005701495302736676
0.005411745017609493 -0.0067418496656998
0.007361178805529334 -0.007734279850948487
0.009607359798384785 -0.00867596626571677
0.012148934980735715 -0.009565994532709713
0.014984373402728013 -0.01040530672705666
0.018111967102280024 -0.011196567755610164
0.021529832133895532 -0.011943958123364018
0.025235909703481607 -0.01265290824193397
0.029227967408489597 -0.013329792212375747
0.03350360058263052 -0.013981600496973808
0.038060233744356575 -0.01461561101609427
0.042895122148234655 -0.015239077000583584
0.048005353438278275 -0.01585894752721728
0.05338784940224234 -0.01648163327890995
0.059039367825822475 -0.017112825984920428
0.06495650444564427 -0.0177573755366533
0.07113569499986394 -0.018419224289440716
0.07757321737514639 -0.01910139389087786
0.08426519384872727 -0.01980601643047154
0.09120759342420814 -0.02053439903663813
0.09839623425967753 -0.021287109434452157
0.10582678618669683 -0.02206406951315697
0.11349477331863145 -0.022864644635691697
0.12139557674675777 -0.02368771816126084
0.12952443732252045 -0.02453174327101597
0.1378764585242665 -0.025394767442564515
0.14644660940672616 -0.026274428519108464
0.15522972763146647 -0.027167924946493564
0.16422052257649067 -0.028071966089757584
0.17341357852311146 -0.028982711299064545
0.18280335791817703 -0.02989570833119836
0.19238420470968637 -0.030805842673123668
0.20215034775378343 -0.03170730916646845
0.2120959042910774 -0.0325936160934429
0.2222148834901989 -0.03345762964274356
0.23250119005645137 -0.03429166359862592
0.2429486279033891 -0.03508761542788833
0.2535509038851079 -0.035837145969792095
0.26430163158700104 -0.036531895983617176
0.27519433517269654 -0.037163729202168434
0.28622245328485874 -0.037724988580159914
0.29737934299750524 -0.03820875037175798
0.30865828381745486 -0.038609059713595496
0.320052481732506 -0.03892113163888541
0.33155507330389 -0.0391415029246984
0.3431591298005543 -0.03926812280454118
0.35485766137276875 -0.039300374199724195
0.36664362126255073 -0.03923902149566383
0.3785099100483679 -0.039086085712700815
0.3904493799215649 -0.038844652855919024
0.4024548389919357 -0.038518625921429545
0.41451905561984914 -0.03811243514607752
0.42663476277231926 -0.0376307243089131
0.43879466240039156 -0.03707803298087065
0.4509914298352198 -0.03645849540638767
0.46321771820016633 -0.03577557610987549
0.475466162836291 -0.03503186036998448
0.4877293857385438 -0.03422891450979594
0.4999999999999999 -0.0333672267132327
0.512270614261456 -0.03244623407236566
0.5245338371637088 -0.03146443612624859
0.5367822817998334 -0.030419589629769952
0.54900857016478 -0.029308974056845623
0.5612053375996082 -0.028129712742433744
0.5733652372276805 -0.02687913090500712
0.5854809443801506 -0.02555512930364915
0.5975451610080642 -0.024156551129998746
0.6095506200784349 -0.022683519982665355
0.6214900899516319 -0.0211377283943065
0.6333563787374491 -0.019522659262107226
0.645142338627231 -0.017843726472024153
0.6568408701994456 -0.016108325740075022
0.6684449266961098 -0.014325791906757748
0.6799475182674938 -0.012507264274529521
0.691341716182545 -0.010665466732390135
0.7026206570024947 -0.008814414046401497
0.713777546715141 -0.006969059533118656
0.7248056648273034 -0.005144902156992227
0.7356983684129987 -0.0033575727582710337
0.746449096114892 -0.00162241956068879
0.7570513720966108 4.588765372700904e-05
0.7674988099435485 0.0016337171858901928
0.7777851165098009 0.0031287841742867264
0.7879040957089227 0.004520397298414407
0.7978496522462164 0.0057996362707895864
0.8076157952903136 0.006959457151666495
0.8171966420818224 0.007994726629801911
0.8265864214768883 0.008902190181133088
0.8357794774235092 0.009680382225956975
0.8447702723685334 0.010329488884525014
0.8535533905932737 0.010851175569912453
0.8621235414757333 0.011248392407735695
0.8704755626774794 0.011525170349747066
0.8786044232532422 0.01168641992561405
0.8865052266813687 0.011737742976799345
0.894173213813303 0.011685265598595843
0.9016037657403225 0.011535498065132033
0.9087924065757916 0.01129522492084092
0.9157348061512727 0.010971425878517195
0.9224267826248536 0.01057122583832647
0.928864305000136 0.010101870374351979
0.9350434955543556 0.00957072152861997
0.9409606321741775 0.008985267768367956
0.9466121505977576 0.00835314151905532
0.9519946465617215 0.007682137761095568
0.9571048778517655 0.006980227714972092
0.9619397662556433 0.006255562551935684
0.9664963994173694 0.005516463251840469
0.9707720325915102 0.0047713940729775944
0.9747640902965183 0.004028918488936944
0.9784701678661044 0.0032976377820472464
0.98188803289772 0.0025861136759062773
0.985015626597272 0.0019027773766773367
0.9878510650192642 0.001255828134225075
0.9903926402016152 0.0006531249143726155
0.9926388211944706 0.00010207499970038515
0.9945882549823906 -0.0003904766657865603
0.9962397672993549 -0.000818353763736933
0.9975923633360985 -0.0011761472286516866
0.9986452283393451 -0.0014593033494295006
0.9993977281025862 -0.0016641989534718923
0.9998494093481021 -0.0017882017668038775
1.0 -0.0018297145143299205
