1.0 0.002093793079740189
0.9998494093481021 0.0021427108919422734
0.9993977281025862 0.002289392904367036
0.9986452283393451 0.002533605784276921
0.9975923633360985 0.0028748991590014277
0.9962397672993549 0.0033125203749366154
0.9945882549823906 0.0038453084787397943
0.9926388211944706 0.004471579271468751
0.9903926402016152 0.005189014718399101
0.9878510650192642 0.005994570200925105
0.985015626597272 0.0068844120378006805
0.98188803289772 0.007853895457028583
0.9784701678661044 0.008897589947675243
0.9747640902965183 0.010009354933556704
0.9707720325915102 0.011182464326474116
0.9664963994173694 0.012409774113138643
0.9619397662556433 0.013683923092197514
0.9571048778517655 0.014997553565586644
0.9519946465617215 0.016343536505282984
0.9466121505977576 0.017715184683144442
0.9409606321741775 0.019106437586167008
0.9350434955543556 0.020512003646485144
0.928864305000136 0.02192744828331927
0.9224267826248536 0.02334922026317332
0.9157348061512727 0.02477461362395701
0.9087924065757916 0.026201667500684558
0.9016037657403225 0.02762901122108698
0.894173213813303 0.029055666592560654
0.8865052266813687 0.03048082299308268
0.8786044232532422 0.03190360338803889
0.8704755626774794 0.03332284049384222
0.8621235414757333 0.03473688188098003
0.8535533905932737 0.03614344085971408
0.8447702723685334 0.03753950665117099
0.8357794774235092 0.038921322860221555
0.8265864214768883 0.04028443797630619
0.8171966420818224 0.04162382594631945
0.8076157952903136 0.0429340692395044
0.7978496522462164 0.04420959170927253
0.7879040957089227 0.04544492436721433
0.7777851165098009 0.04663498426747471
0.7674988099435485 0.04777534530430455
0.7570513720966108 0.048862479981963
0.746449096114892 0.04989395312316195
0.7356983684129987 0.05086855190654829
0.7248056648273034 0.051786341308950955
0.713777546715141 0.052648639614402984
0.7026206570024947 0.053457914703832855
0.691341716182545 0.054217607880165684
0.6799475182674938 0.054931897533552265
0.6684449266961098 0.05560541956616971
0.6568408701994456 0.056242964802691024
0.645142338627231 0.05684917534050832
0.6333563787374491 0.0574282617974412
0.6214900899516319 0.05798376168597987
0.6095506200784349 0.05851835581358563
0.5975451610080642 0.0590337549396386
0.5854809443801506 0.05953066328258185
0.5733652372276805 0.06000881931763335
0.5612053375996082 0.060467108132786426
0.54900857016478 0.06090373392011873
0.5367822817998334 0.061316436436152234
0.5245338371637088 0.0617027318605303
0.512270614261456 0.062060156701329826
0.4999999999999999 0.062386493391824824
0.4877293857385438 0.06267995800673558
0.475466162836291 0.06293933395839522
0.46321771820016633 0.06316404034017196
0.4509914298352198 0.06335412937513699
0.43879466240039156 0.06351021372611364
0.42663476277231926 0.06363333070520924
0.41451905561984914 0.0637247561579066
0.4024548389919357 0.06378578549815028
0.3904493799215649 0.06381750262491441
0.3785099100483679 0.06382055895966085
0.36664362126255073 0.06379498445005714
0.35485766137276875 0.06374005008567803
0.3431591298005543 0.06365419742146426
0.33155507330389 0.06353504510776095
0.320052481732506 0.06337947591093811
0.30865828381745486 0.0631838006982172
0.29737934299750524 0.06294398892905281
0.28622245328485874 0.06265594892456436
0.27519433517269654 0.06231583611694707
0.26430163158700104 0.06192036406826211
0.2535509038851079 0.06146709162442695
0.2429486279033891 0.06095466031422523
0.23250119005645137 0.060382959022245185
0.2222148834901989 0.05975319789078465
0.2120959042910774 0.059067880004721934
0.20215034775378343 0.05833066720760279
0.19238420470968637 0.057546144800502574
0.18280335791817703 0.056719498236583704
0.17341357852311146 0.055856122577861794
0.16422052257649067 0.05496119179798232
0.15522972763146647 0.05403921945476623
0.14644660940672616 0.053093644409848054
0.1378764585242665 0.052126474897746564
0.12952443732252045 0.05113802129069539
0.12139557674675777 0.050126742514112345
0.11349477331863145 0.04908922357765417
0.10582678618669683 0.04802029260507226
0.09839623425967753 0.04691327571384445
0.09120759342420814 0.045760377842595165
0.08426519384872727 0.044553167915184974
0.07757321737514639 0.04328313830697711
0.07113569499986394 0.04194230210382088
0.06495650444564427 0.04052378764947088
0.059039367825822475 0.03902238872072913
0.05338784940224234 0.03743503050616282
0.048005353438278275 0.035761116329492186
0.042895122148234655 0.03400272747038115
0.038060233744356575 0.03216465801049876
0.03350360058263052 0.030254277720466346
0.029227967408489597 0.02828122783041183
0.025235909703481607 0.02625696625308193
0.021529832133895532 0.02419418960764049
0.018111967102280024 0.022106168434516946
0.014984373402728013 0.020006038622133272
0.012148934980735715 0.017906095776107644
0.009607359798384785 0.015817139746724242
0.007361178805529334 0.013747913716550278
0.005411745017609493 0.011704676299588506
0.0037602327006450165 0.009690936406048184
0.0024076366639015356 0.007707369773258363
0.0013547716606548965 0.005751923803278464
0.0006022718974137975 0.003820104537184708
0.00015059065189787502 0.0019054271351369582
0.0 0.0
0.00015059065189787502 -0.0010738813721820628
0.0006022718974137975 -0.002140148096383992
0.0013547716606548965 -0.0031909413135974797
0.0024076366639015356 -0.00421915385191388
0.0037602327006450165 -0.005218753917114204
0.005411745017609493 -0.006185049767162859
0.007361178805529334 -0.007114881736129874
0.009607359798384785 -0.008006732593944483
0.012148934980735715 -0.008860752360230295
0.014984373402728013 -0.00967869897515471
0.018111967102280024 -0.010463801302286796
0.021529832133895532 -0.011220555451829754
0.025235909703481607 -0.01195446906571916
0.029227967408489597 -0.0126717707636137
0.03350360058263052 -0.013379103258197739
0.038060233744356575 -0.014083218650045245
0.042895122148234655 -0.014790693143524042
0.048005353438278275 -0.015507676015240559
0.05338784940224234 -0.016239684326272433
0.059039367825822475 -0.016991450874482734
0.06495650444564427 -0.017766828552119716
0.07113569499986394 -0.018568749943560087
0.07757321737514639 -0.019399236997800846
0.08426519384872727 -0.020259452236945683
0.09120759342420814 -0.021149780457424047
0.09839623425967753 -0.02206992841425185
0.10582678618669683 -0.02301902963465494
0.11349477331863145 -0.02399574227983885
0.12139557674675777 -0.024998329767802436
0.12952443732252045 -0.02602471651065094
0.1378764585242665 -0.027072514365862693
0.14644660940672616 -0.02813901896521603
0.15522972763146647 -0.02922117865734317
0.16422052257649067 -0.030315542071646568
0.17341357852311146 -0.03141819300040456
0.18280335791817703 -0.03252468316886619
0.19238420470968637 -0.03362997435385998
0.20215034775378343 -0.034728401134356116
0.2120959042910774 -0.03581366431447412
0.2222148834901989 -0.03687886284018123
0.23250119005645137 -0.03791656900577182
0.2429486279033891 -0.03891894815332374
0.2535509038851079 -0.039877920195172605
0.26430163158700104 -0.04078535645054595
0.27519433517269654 -0.04163330179986095
0.28622245328485874 -0.042414209318484136
0.29737934299750524 -0.043121172605087084
0.30865828381745486 -0.04374814015177486
0.320052481732506 -0.04429009641718157
0.33155507330389 -0.044743195773657075
0.3431591298005543 -0.045104838127972655
0.35485766137276875 -0.04537367859734448
0.36664362126255073 -0.04554956791933308
0.3785099100483679 -0.04563342498729848
0.3904493799215649 -0.045627047697810154
0.4024548389919357 -0.045532872825627756
0.41451905561984914 -0.045353699571650405
0.42663476277231926 -0.04509239446344734
0.43879466240039156 -0.04475159719029225
0.4509914298352198 -0.04433344756613712
0.46321771820016633 -0.04383935306535127
0.475466162836291 -0.043269814293118714
0.4877293857385438 -0.042624322454822505
0.4999999999999999 -0.041901338582025965
0.512270614261456 -0.04109835923388828
0.5245338371637088 -0.04021206795136048
0.5367822817998334 -0.03923856625589984
0.54900857016478 -0.03817367281752693
0.5612053375996082 -0.03701327491067207
0.5733652372276805 -0.03575371272768362
0.5854809443801506 -0.03439217476154829
0.5975451610080642 -0.0329270814533629
0.6095506200784349 -0.03135843468830873
0.6214900899516319 -0.029688112484756966
0.6333563787374491 -0.027920091232820434
0.645142338627231 -0.026060581898522228
0.6568408701994456 -0.024118071449257466
0.6684449266961098 -0.022103266060249892
0.6799475182674938 -0.02002893809065276
0.691341716182545 -0.017909684031125035
0.7026206570024947 -0.015761605303310697
0.713777546715141 -0.013601927659617779
0.7248056648273034 -0.011448577773199206
0.7356983684129987 -0.009319737280218862
0.746449096114892 -0.007233394976900396
0.7570513720966108 -0.005206917101991587
0.7674988099435485 -0.0032566537484955155
0.7777851165098009 -0.00139759661261538
0.7879040957089227 0.0003569002767451618
0.7978496522462164 0.00199532923993465
0.8076157952903136 0.0035081636616481077
0.8171966420818224 0.004887919509533965
0.8265864214768883 0.006129148238833633
0.8357794774235092 0.00722836892183455
0.8447702723685334 0.008183949971353034
0.8535533905932737 0.008995952520482206
0.8621235414757333 0.009665948327745255
0.8704755626774794 0.010196825011450764
0.8786044232532422 0.0105925905512253
0.8865052266813687 0.010858187449458582
0.894173213813303 0.010999324879434273
0.9016037657403225 0.011022334742883853
0.9087924065757916 0.010934055009595187
0.9157348061512727 0.01074174120253845
0.9224267826248536 0.010453004592694732
0.928864305000136 0.010075773718461339
0.9350434955543556 0.009618274348424374
0.9409606321741775 0.009089022025290569
0.9466121505977576 0.008496820882189445
0.9519946465617215 0.007850762489412064
0.9571048778517655 0.0071602190137889776
0.9619397662556433 0.006434825870458205
0.9664963994173694 0.0056844502151562025
0.9707720325915102 0.004919142952821668
0.9747640902965183 0.004149073314240494
0.9784701678661044 0.0033844463749322378
0.98188803289772 0.002635405073987939
0.985015626597272 0.0019119192709133891
0.9878510650192642 0.0012236651154172774
0.9903926402016152 0.0005798984824564482
0.9926388211944706 -1.0673551040166294e-05
0.9945882549823906 -0.0005400192156726476
0.9962397672993549 -0.0010009027676197789
0.9975923633360985 -0.0013869959760215366
0.9986452283393451 -0.0016929773750576412
0.9993977281025862 -0.001914616762379183
0.9998494093481021 -0.0020488429269302816
1.0 -0.002093793079740189
