1.0 0.0019811802229249675
0.9998494093481021 0.0020338483876948398
0.9993977281025862 0.0021918139860124535
0.9986452283393451 0.002454940632392542
0.9975923633360985 0.0028229374120161297
0.9962397672993549 0.0032952704713408634
0.9945882549823906 0.003871052592140453
0.9926388211944706 0.004548922634168946
0.9903926402016152 0.005326928180965978
0.9878510650192642 0.006202424948515179
0.985015626597272 0.007172005482545641
0.98188803289772 0.008231467452142035
0.9784701678661044 0.009375828624061996
0.9747640902965183 0.010599391642447572
0.9707720325915102 0.011895857378494865
0.9664963994173694 0.013258481229408276
0.9619397662556433 0.014680262718521004
0.9571048778517655 0.016154155436785948
0.9519946465617215 0.017673282072290363
0.9466121505977576 0.019231138219397766
0.9409606321741775 0.02082176896135652
0.9350434955543556 0.022439903885488107
0.928864305000136 0.024081039109192598
0.9224267826248536 0.025741458851338023
0.9157348061512727 0.027418193769736175
0.9087924065757916 0.029108918327520085
0.9016037657403225 0.030811794439258838
0.894173213813303 0.03252527316878562
0.8865052266813687 0.03424786992360053
0.8786044232532422 0.03597793109735827
0.8704755626774794 0.03771341122480358
0.8621235414757333 0.039451679315500074
0.8535533905932737 0.0411893711282297
0.8447702723685334 0.0429223008643204
0.8357794774235092 0.04464544133670564
0.8265864214768883 0.04635297644941699
0.8171966420818224 0.04803842420623658
0.8076157952903136 0.04969482290155715
0.7978496522462164 0.05131496807702967
0.7879040957089227 0.05289168366584353
0.7777851165098009 0.054418107835874883
0.7674988099435485 0.055887972630105295
0.7570513720966108 0.05729585671664908
0.746449096114892 0.05863739240098897
0.7356983684129987 0.05990941138854862
0.7248056648273034 0.061110018364053685
0.713777546715141 0.062238586920657105
0.7026206570024947 0.06329567829744723
0.691341716182545 0.0642828892991658
0.6799475182674938 0.06520264120427291
0.6684449266961098 0.0660579259797027
0.6568408701994456 0.06685202934648721
0.645142338627231 0.06758825191476427
0.6333563787374491 0.06826964958791776
0.6214900899516319 0.06889881271810011
0.6095506200784349 0.06947770021114688
0.5975451610080642 0.07000754018795981
0.5854809443801506 0.0704888032798787
0.5733652372276805 0.07092124861449914
0.5612053375996082 0.07130403652628077
0.54900857016478 0.07163589649737853
0.5367822817998334 0.07191533425618063
0.5245338371637088 0.07214085871763158
0.512270614261456 0.07231120781786524
0.4999999999999999 0.07242555242325137
0.4877293857385438 0.07248365938446619
0.475466162836291 0.07248599831802353
0.46321771820016633 0.07243378155373066
0.4509914298352198 0.07232893249519326
0.43879466240039156 0.07217398392638945
0.42663476277231926 0.07197191403910397
0.41451905561984914 0.07172593362845135
0.4024548389919357 0.07143924252073713
0.3904493799215649 0.07111477645300374
0.3785099100483679 0.07075496702440073
0.36664362126255073 0.07036153683353735
0.35485766137276875 0.06993534950553242
0.3431591298005543 0.06947633015717229
0.33155507330389 0.06898346625515667
0.320052481732506 0.06845489222246351
0.30865828381745486 0.06788805406515987
0.29737934299750524 0.06727994330170488
0.28622245328485874 0.06662738315992252
0.27519433517269654 0.0659273449032476
0.26430163158700104 0.06517726871186968
0.2535509038851079 0.06437536210627942
0.2429486279033891 0.06352084963740547
0.23250119005645137 0.06261415048506254
0.2222148834901989 0.06165696553562528
0.2120959042910774 0.06065226211580594
0.20215034775378343 0.05960415236439895
0.19238420470968637 0.05851766964188329
0.18280335791817703 0.057398455758470544
0.17341357852311146 0.05625237947959716
0.16422052257649067 0.05508511311640341
0.15522972763146647 0.0539016984872197
0.14644660940672616 0.052706135735993156
0.1378764585242665 0.051501028172865906
0.12952443732252045 0.05028731340780311
0.12139557674675777 0.04906410572472088
0.11349477331863145 0.04782866722613782
0.10582678618669683 0.04657651627123228
0.09839623425967753 0.045301671771704306
0.09120759342420814 0.043997021726544586
0.08426519384872727 0.04265479472986931
0.07757321737514639 0.041267104814049244
0.07113569499986394 0.03982653355316405
0.06495650444564427 0.038326709378763424
0.059039367825822475 0.036762842907706546
0.05338784940224234 0.03513217890447665
0.048005353438278275 0.03343433023391682
0.042895122148234655 0.03167146652396619
0.038060233744356575 0.02984833977121024
0.03350360058263052 0.027972140137255613
0.029227967408489597 0.026052186931734674
0.025235909703481607 0.02409947142216847
0.021529832133895532 0.02212607881016631
0.018111967102280024 0.020144525681802822
0.014984373402728013 0.018167055806359748
0.012148934980735715 0.016204940815993572
0.009607359798384785 0.014267832747453676
0.007361178805529334 0.01236321259217928
0.005411745017609493 0.010495973045330445
0.0037602327006450165 0.008668164956100392
0.0024076366639015356 0.006878926149367949
0.0013547716606548965 0.005124599059220519
0.0006022718974137975 0.0033990308403538416
0.00015059065189787502 0.001694037200311095
0.0 0.0
0.00015059065189787502 -0.0014768572493727245
0.0006022718974137975 -0.0029448532422402733
0.0013547716606548965 -0.004394907404982577
0.0024076366639015356 -0.0058186743871477264
0.0037602327006450165 -0.00720886339098146
0.005411745017609493 -0.008559502801225418
0.007361178805529334 -0.009866137377626958
0.009607359798384785 -0.011125949479896494
0.012148934980735715 -0.01233780046896485
0.014984373402728013 -0.013502193244284817
0.018111967102280024 -0.01462116150304274
0.021529832133895532 -0.015698095429729445
0.025235909703481607 -0.016737516870381084
0.029227967408489597 -0.017744819402031778
0.03350360058263052 -0.01872598993686658
0.038060233744356575 -0.01968732854913881
0.042895122148234655 -0.020635182115425057
0.048005353438278275 -0.021575705233216103
0.05338784940224234 -0.022514658920804297
0.059039367825822475 -0.023457254052715183
0.06495650444564427 -0.02440804263771519
0.07113569499986394 -0.025370856204788822
0.07757321737514639 -0.02634878702290352
0.08426519384872727 -0.027344204909072738
0.09120759342420814 -0.028358800191963424
0.09839623425967753 -0.02939364214433896
0.10582678618669683 -0.030449241948940716
0.11349477331863145 -0.03152561000893606
0.12139557674675777 -0.03262229906544245
0.12952443732252045 -0.033738426978168576
0.1378764585242665 -0.03487267593943264
0.14644660940672616 -0.036023268064590754
0.15522972763146647 -0.03718792045166498
0.16422052257649067 -0.03836378565136854
0.17341357852311146 -0.03954738578304056
0.18280335791817703 -0.04073455006539704
0.19238420470968637 -0.04192036615924083
0.20215034775378343 -0.043099155372465885
0.2120959042910774 -0.044264480466234365
0.2222148834901989 -0.04540919261539669
0.23250119005645137 -0.046525521179598614
0.2429486279033891 -0.04760520655845604
0.2535509038851079 -0.04863967280260628
0.26430163158700104 -0.04962023312315292
0.27519433517269654 -0.05053831827596892
0.28622245328485874 -0.051385715262820146
0.29737934299750524 -0.052154802112760815
0.30865828381745486 -0.052838763847245764
0.320052481732506 -0.05343177517809743
0.33155507330389 -0.053929137042930876
0.3431591298005543 -0.05432735666735016
0.35485766137276875 -0.05462416429689448
0.36664362126255073 -0.054818463835281696
0.3785099100483679 -0.0549102190773013
0.3904493799215649 -0.0549002817207587
0.4024548389919357 -0.05479017155865201
0.41451905561984914 -0.054581822880912664
0.42663476277231926 -0.054277313882139834
0.43879466240039156 -0.053878597562542006
0.4509914298352198 -0.053387253081748264
0.46321771820016633 -0.052804275721403025
0.475466162836291 -0.05212992156354292
0.4877293857385438 -0.05136361981603652
0.4999999999999999 -0.05050396161159246
0.512270614261456 -0.04954876933658492
0.5245338371637088 -0.04849524542128685
0.5367822817998334 -0.04734019438100415
0.54900857016478 -0.04608030707748866
0.5612053375996082 -0.044712491990247696
0.5733652372276805 -0.043234235023402304
0.5854809443801506 -0.041643967239343056
0.5975451610080642 -0.039941419043427046
0.6095506200784349 -0.03812793979741696
0.6214900899516319 -0.03620676357879931
0.6333563787374491 -0.03418320470975865
0.645142338627231 -0.03206477055954057
0.6568408701994456 -0.02986118372237337
0.6684449266961098 -0.027584310692438874
0.6799475182674938 -0.025247999278053157
0.691341716182545 -0.022867831899655983
0.7026206570024947 -0.020460806302246615
0.713777546715141 -0.0180449588252499
0.7248056648273034 -0.015638948011212316
0.7356983684129987 -0.013261617867795695
0.746449096114892 -0.010931560469445229
0.7570513720966108 -0.008666696816858808
0.7674988099435485 -0.006483893057817093
0.7777851165098009 -0.004398626469719455
0.7879040957089227 -0.002424712220760102
0.7978496522462164 -0.0005740981062071972
0.8076157952903136 0.00114326954137317
0.8171966420818224 0.0027195094854943003
0.8265864214768883 0.004148803076063811
0.8357794774235092 0.005427332980086363
0.8447702723685334 0.006553172922172289
0.8535533905932737 0.007526139802465612
0.8621235414757333 0.008347620325412704
0.8704755626774794 0.009020384220174585
0.8786044232532422 0.009548395330531381
0.8865052266813687 0.009936630412903756
0.894173213813303 0.01019091355469972
0.9016037657403225 0.010317771882828106
0.9087924065757916 0.01032431585363381
0.9157348061512727 0.010218145075508422
0.9224267826248536 0.010007278471701159
0.928864305000136 0.009700105773893884
0.9350434955543556 0.009305355942847093
0.9409606321741775 0.008832077198029198
0.9466121505977576 0.008289622921008804
0.9519946465617215 0.0076876377572996
0.9571048778517655 0.007036038725329584
0.9619397662556433 0.006344986970565332
0.9664963994173694 0.0056248468815948615
0.9707720325915102 0.004886130509041918
0.9747640902965183 0.004139426494206133
0.9784701678661044 0.003395313927825179
0.98188803289772 0.0026642626412521075
0.985015626597272 0.0019565223236054584
0.9878510650192642 0.00128200352249474
0.9903926402016152 0.0006501540088521191
0.9926388211944706 6.98341751242228e-05
0.9945882549823906 -0.0004508048852273046
0.9962397672993549 -0.0009044371636579014
0.9975923633360985 -0.0012846682590802916
0.9986452283393451 -0.0015861299172289416
0.9993977281025862 -0.001804560319139577
0.9998494093481021 -0.0019368683121183431
1.0 -0.0019811802229249675
