1.0 0.002065702594523159
0.9998494093481021 0.0021161576213811705
0.9993977281025862 0.002267465526878385
0.9986452283393451 0.0025194366564985277
0.9975923633360985 0.002871696466439801
0.9962397672993549 0.003323604585669874
0.9945882549823906 0.0038741543477960865
0.9926388211944706 0.0045218642055845845
0.9903926402016152 0.005264673795946593
0.9878510650192642 0.006099857581209891
0.985015626597272 0.007023967921142679
0.98188803289772 0.008032817205379864
0.9784701678661044 0.00912150547599519
0.9747640902965183 0.010284496061442445
0.9707720325915102 0.011515737458441776
0.9664963994173694 0.012808825408323985
0.9619397662556433 0.014157195196493496
0.9571048778517655 0.015554331010397139
0.9519946465617215 0.01699397701947601
0.9466121505977576 0.018470333905200746
0.9409606321741775 0.019978224984666015
0.9350434955543556 0.02151321783938061
0.928864305000136 0.023071690369887293
0.9224267826248536 0.024650834228264765
0.9157348061512727 0.02624859332616553
0.9087924065757916 0.027863540201964392
0.9016037657403225 0.0294946980473546
0.894173213813303 0.031141320729544557
0.8865052266813687 0.032802646819897634
0.8786044232532422 0.03447764613661872
0.8704755626774794 0.036164778401375205
0.8621235414757333 0.03786178318119897
0.8535533905932737 0.03956551834247445
0.8447702723685334 0.041271860910692446
0.8357794774235092 0.04297567974917564
0.8265864214768883 0.04467088417922329
0.8171966420818224 0.04635054696987702
0.8076157952903136 0.048007094472308075
0.7978496522462164 0.049632551508488894
0.7879040957089227 0.051218824359450014
0.7777851165098009 0.05275800218080706
0.7674988099435485 0.054242655652205284
0.7570513720966108 0.05566611177577836
0.746449096114892 0.05702268548070299
0.7356983684129987 0.058307851940211514
0.7248056648273034 0.05951834801636773
0.713777546715141 0.06065219666640584
0.7026206570024947 0.06170865404716192
0.691341716182545 0.06268808497419902
0.6799475182674938 0.0635917778584326
0.6684449266961098 0.06442171481780071
0.6568408701994456 0.06518031597634935
0.645142338627231 0.06587017874894724
0.6333563787374491 0.06649383301950433
0.6214900899516319 0.06705353154146887
0.6095506200784349 0.06755109174560005
0.5975451610080642 0.06798780068323278
0.5854809443801506 0.0683643894232949
0.5733652372276805 0.06868107729777392
0.5612053375996082 0.0689376804373841
0.54900857016478 0.069133773546663
0.5367822817998334 0.06926888929117542
0.5245338371637088 0.06934273639275178
0.512270614261456 0.06935541583184711
0.4999999999999999 0.06930761459171564
0.4877293857385438 0.06920075815834517
0.475466162836291 0.06903710638046617
0.46321771820016633 0.06881978202844918
0.4509914298352198 0.06855272708843665
0.43879466240039156 0.06824058802322139
0.42663476277231926 0.06788853741160626
0.41451905561984914 0.06750204502486915
0.4024548389919357 0.06708661603071416
0.3904493799215649 0.0666475172265286
0.3785099100483679 0.06618951370064391
0.36664362126255073 0.06571663794513997
0.35485766137276875 0.06523201119095805
0.3431591298005543 0.06473773275501131
0.33155507330389 0.06423484777437265
0.320052481732506 0.06372339727326375
0.30865828381745486 0.06320254757552617
0.29737934299750524 0.06267078920206601
0.28622245328485874 0.06212618915077501
0.27519433517269654 0.061566675378678756
0.26430163158700104 0.06099032884340812
0.2535509038851079 0.06039565694412686
0.2429486279033891 0.05978182281193563
0.23250119005645137 0.05914880765042944
0.2222148834901989 0.05849748806039114
0.2120959042910774 0.05782961667715996
0.20215034775378343 0.05714770204223904
0.19238420470968637 0.05645479185155155
0.18280335791817703 0.055754171935551884
0.17341357852311146 0.05504900087873531
0.16422052257649067 0.05434190645989649
0.15522972763146647 0.05363457455521741
0.14644660940672616 0.052927363386590105
0.1378764585242665 0.05221897577188977
0.12952443732252045 0.05150621928104307
0.12139557674675777 0.0507838790537384
0.11349477331863145 0.050044720810816117
0.10582678618669683 0.049279632777830484
0.09839623425967753 0.0484779054551209
0.09120759342420814 0.04762763812162835
0.08426519384872727 0.04671625139380414
0.07757321737514639 0.045731076801180146
0.07113569499986394 0.0446599878369491
0.06495650444564427 0.043492032820808456
0.059039367825822475 0.04221802853123068
0.05338784940224234 0.04083107508764849
0.048005353438278275 0.03932695694026906
0.042895122148234655 0.037704401795216044
0.038060233744356575 0.03596517840887621
0.03350360058263052 0.034114024806767874
0.029227967408489597 0.03215840987741347
0.025235909703481607 0.030108142651725074
0.021529832133895532 0.027974854086053956
0.018111967102280024 0.025771385056832297
0.014984373402728013 0.023511120889927815
0.012148934980735715 0.021207316589855633
0.009607359798384785 0.018872457700586234
0.007361178805529334 0.016517699338797483
0.005411745017609493 0.014152420538065221
0.0037602327006450165 0.011783922993736425
0.0024076366639015356 0.009417293162068133
0.0013547716606548965 0.007055435156830294
0.0006022718974137975 0.004699269818197071
0.00015059065189787502 0.002348083562603883
0.0 0.0
0.00015059065189787502 -0.0013865622469072397
0.0006022718974137975 -0.002764432053147453
0.0013547716606548965 -0.004124675542408252
0.0024076366639015356 -0.005459100599686882
0.0037602327006450165 -0.0067605791042031314
0.005411745017609493 -0.008023314041021693
0.007361178805529334 -0.009243038654824877
0.009607359798384785 -0.01041713904721457
0.012148934980735715 -0.011544696325717524
0.014984373402728013 -0.01262644926032837
0.018111967102280024 -0.01366468305758405
0.021529832133895532 -0.014663054006631818
0.025235909703481607 -0.015626363111572363
0.029227967408489597 -0.01656029418568138
0.03350360058263052 -0.01747113310829263
0.038060233744356575 -0.018365484982066436
0.042895122148234655 -0.019250004813280697
0.048005353438278275 -0.020131155191319645
0.05338784940224234 -0.02101500146052793
0.059039367825822475 -0.021907051311279187
0.06495650444564427 -0.02281214185902014
0.07113569499986394 -0.023734373437211992
0.07757321737514639 -0.024677085801186993
0.08426519384872727 -0.02564286949235555
0.09120759342420814 -0.026633602961678656
0.09839623425967753 -0.02765050484577405
0.10582678618669683 -0.028694190597731838
0.11349477331863145 -0.029764723483740655
0.12139557674675777 -0.03086165167074348
0.12952443732252045 -0.03198402558131627
0.1378764585242665 -0.0331303926525278
0.14644660940672616 -0.03429876983794007
0.15522972763146647 -0.03548659734958563
0.16422052257649067 -0.03669067996747245
0.17341357852311146 -0.03790712449273576
0.18280335791817703 -0.03913128337948547
0.19238420470968637 -0.04035771510675096
0.20215034775378343 -0.04158017137913812
0.2120959042910774 -0.04279161978855084
0.2222148834901989 -0.043984308226870085
0.23250119005645137 -0.04514987428270781
0.2429486279033891 -0.046279499317874326
0.2535509038851079 -0.04736410317851548
0.26430163158700104 -0.04839457185207916
0.27519433517269654 -0.049362007133739595
0.28622245328485874 -0.05025798478991579
0.29737934299750524 -0.05107480603149938
0.30865828381745486 -0.05180572650050231
0.320052481732506 -0.05244514751824341
0.33155507330389 -0.05298875604226775
0.3431591298005543 -0.05343360254703017
0.35485766137276875 -0.05377810971189095
0.36664362126255073 -0.054022009130293994
0.3785099100483679 -0.054166207953140144
0.3904493799215649 -0.0542125921211482
0.4024548389919357 -0.0541637772895241
0.41451905561984914 -0.05402282238232819
0.42663476277231926 -0.05379292365048113
0.43879466240039156 -0.05347710892229879
0.4509914298352198 -0.05307795228029411
0.46321771820016633 -0.05259732861107516
0.475466162836291 -0.052036225386656115
0.4877293857385438 -0.05139462576580548
0.4999999999999999 -0.05067147285578755
0.512270614261456 -0.0498647200189523
0.5245338371637088 -0.04897146676558783
0.5367822817998334 -0.047988174392157294
0.54900857016478 -0.046910950453701895
0.5612053375996082 -0.04573588673117033
0.5733652372276805 -0.04445943185569604
0.5854809443801506 -0.043078777406609293
0.5975451610080642 -0.041592235254915975
0.6095506200784349 -0.03999958423897932
0.6214900899516319 -0.03830236590421343
0.6333563787374491 -0.036504111897008897
0.645142338627231 -0.03461048948056557
0.6568408701994456 -0.032629356279275504
0.6684449266961098 -0.030570720456465982
0.6799475182674938 -0.028446607761793127
0.691341716182545 -0.026270841922254783
0.7026206570024947 -0.024058749388274715
0.713777546715141 -0.02182680321789366
0.7248056648273034 -0.01959222367942968
0.7356983684129987 -0.0173725548372185
0.746449096114892 -0.015185236894066284
0.7570513720966108 -0.013047193413830134
0.7674988099435485 -0.010974450828392612
0.7777851165098009 -0.008981805000882236
0.7879040957089227 -0.007082546279245722
0.7978496522462164 -0.00528825067516573
0.8076157952903136 -0.003608640804733102
0.8171966420818224 -0.0020515162904844652
0.8265864214768883 -0.0006227496922645945
0.8357794774235092 0.0006736590842242871
0.8447702723685334 0.001835479395001974
0.8535533905932737 0.0028621086347404012
0.8621235414757333 0.003754405164417842
0.8704755626774794 0.004514507379054171
0.8786044232532422 0.005145650158485174
0.8865052266813687 0.005651988555707247
0.894173213813303 0.006038436694798947
0.9016037657403225 0.006310527644397969
0.9087924065757916 0.006474297682670447
0.9157348061512727 0.006536196050518533
0.9224267826248536 0.006503019159369232
0.928864305000136 0.006381866409120216
0.9350434955543556 0.006180113376993587
0.9409606321741775 0.005905397216675264
0.9466121505977576 0.005565608676901151
0.9519946465617215 0.00516888518964711
0.9571048778517655 0.0047235999375975415
0.9619397662556433 0.004238342610247031
0.9664963994173694 0.0037218886023237035
0.9707720325915102 0.0031831545937259986
0.9747640902965183 0.002631139674358139
0.9784701678661044 0.0020748523467797953
0.98188803289772 0.0015232247767579675
0.985015626597272 0.0009850165092187041
0.9878510650192642 0.00046871048996914664
0.9903926402016152 -1.7595380091550705e-05
0.9926388211944706 -0.0004662977729115805
0.9945882549823906 -0.0008703952011211815
0.9962397672993549 -0.0012235898901887476
0.9975923633360985 -0.001520381444778238
0.9986452283393451 -0.0017561498975924598
0.9993977281025862 -0.0019272261586297864
0.9998494093481021 -0.002030948310097781
1.0 -0.002065702594523159
