1.0 0.002344560166658964
0.9998494093481021 0.0023883412691021177
0.9993977281025862 0.002519636436052512
0.9986452283393451 0.00273828326074141
0.9975923633360985 0.003043953106735304
0.9962397672993549 0.0034360709641238843
0.9945882549823906 0.003913716190458595
0.9926388211944706 0.004475515629593738
0.9903926402016152 0.005119541957280441
0.9878510650192642 0.005843230247688493
0.985015626597272 0.006643324657893532
0.98188803289772 0.007515864865358029
0.9784701678661044 0.008456218647928974
0.9747640902965183 0.009459163037358984
0.9707720325915102 0.010519012142963444
0.9664963994173694 0.011629785407292191
0.9619397662556433 0.01278540610277653
0.9571048778517655 0.01397991666334706
0.9519946465617215 0.015207695267392345
0.9466121505977576 0.01646365716445575
0.9409606321741775 0.017743424681476938
0.9350434955543556 0.019043451655083345
0.928864305000136 0.02036109109885194
0.9224267826248536 0.021694599005360055
0.9157348061512727 0.02304307198839682
0.9087924065757916 0.024406321611205116
0.9016037657403225 0.025784693307051916
0.894173213813303 0.027178842362322493
0.8865052266813687 0.02858948311621816
0.8786044232532422 0.03001713001666262
0.8704755626774794 0.031461850233114805
0.8621235414757333 0.03292304704984861
0.8535533905932737 0.03439929125724385
0.8447702723685334 0.03588821435733091
0.8357794774235092 0.0373864728518446
0.8265864214768883 0.03888978753136777
0.8171966420818224 0.04039305594738589
0.8076157952903136 0.04189053057671274
0.7978496522462164 0.04337605003200999
0.7879040957089227 0.044843306449379956
0.7777851165098009 0.04628612924070432
0.7674988099435485 0.047698763982203074
0.7570513720966108 0.04907612544949578
0.746449096114892 0.05041400569967747
0.7356983684129987 0.051709221506541544
0.7248056648273034 0.0529596901171686
0.713777546715141 0.054164427854589456
0.7026206570024947 0.055323472105110225
0.691341716182545 0.05643773322278344
0.6799475182674938 0.05750878837784892
0.6684449266961098 0.058538633927678684
0.6568408701994456 0.05952941612740021
0.645142338627231 0.06048316165567924
0.6333563787374491 0.06140152936757558
0.6214900899516319 0.06228560289761305
0.6095506200784349 0.063135740358601
0.5975451610080642 0.06395149268150178
0.5854809443801506 0.06473159649431236
0.5733652372276805 0.06547404129888743
0.5612053375996082 0.06617620457276355
0.54900857016478 0.06683504280055746
0.5367822817998334 0.06744732179107162
0.5245338371637088 0.06800986635073883
0.512270614261456 0.0685198077421017
0.4999999999999999 0.06897480750600565
0.4877293857385438 0.06937323817061675
0.475466162836291 0.0697143049641396
0.46321771820016633 0.069998097608604
0.4509914298352198 0.07022556720069685
0.43879466240039156 0.07039842959887804
0.42663476277231926 0.07051900310411431
0.41451905561984914 0.0705899940110823
0.4024548389919357 0.07061424832423686
0.3904493799215649 0.07059449116636414
0.3785099100483679 0.07053307685982471
0.36664362126255073 0.0704317721784593
0.35485766137276875 0.07029159285402685
0.3431591298005543 0.07011270923758464
0.33155507330389 0.06989443137510055
0.320052481732506 0.06963527709597839
0.30865828381745486 0.06933311956449859
0.29737934299750524 0.06898540369065836
0.28622245328485874 0.06858941442732368
0.27519433517269654 0.06814257484169564
0.26430163158700104 0.06764274840041681
0.2535509038851079 0.06708851848264855
0.2429486279033891 0.06647941891186888
0.23250119005645137 0.06581609227922428
0.2222148834901989 0.06510035784552287
0.2120959042910774 0.06433517751392677
0.20215034775378343 0.06352451627496376
0.19238420470968637 0.06267310204408019
0.18280335791817703 0.061786098279178976
0.17341357852311146 0.060868710506737436
0.16422052257649067 0.05992575426397493
0.15522972763146647 0.05896121643416073
0.14644660940672616 0.057977844099688015
0.1378764585242665 0.056976794619522285
0.12952443732252045 0.05595737760284804
0.12139557674675777 0.05491691394857937
0.11349477331863145 0.053850729493920876
0.10582678618669683 0.05275229157904393
0.09839623425967753 0.05161348663986058
0.09120759342420814 0.05042502652674489
0.08426519384872727 0.04917696138863494
0.07757321737514639 0.047859268410754115
0.07113569499986394 0.04646247912117483
0.06495650444564427 0.04497830392482225
0.059039367825822475 0.043400211345703814
0.05338784940224234 0.04172392131537171
0.048005353438278275 0.039947776672491074
0.042895122148234655 0.038072964548935474
0.038060233744356575 0.036103569023136856
0.03350360058263052 0.034046447662624296
0.029227967408489597 0.03191093657219059
0.025235909703481607 0.029708400461590078
0.021529832133895532 0.027451655190776143
0.018111967102280024 0.02515429944202878
0.014984373402728013 0.02282999892385525
0.012148934980735715 0.02049177031594977
0.009607359798384785 0.018151312709753432
0.007361178805529334 0.015818431509096065
0.005411745017609493 0.013500593793484462
0.0037602327006450165 0.011202645405993875
0.0024076366639015356 0.008926709104559453
0.0013547716606548965 0.0066722707669053865
0.0006022718974137975 0.004436447729675021
0.00015059065189787502 0.002214420780853946
0.0 0.0
0.00015059065189787502 -0.0016343208926499373
0.0006022718974137975 -0.003257530988162068
0.0013547716606548965 -0.004858220414553632
0.0024076366639015356 -0.006425773455065009
0.0037602327006450165 -0.00795071612594741
0.005411745017609493 -0.009425007585511106
0.007361178805529334 -0.010842262199013323
0.009607359798384785 -0.01219789333307587
0.012148934980735715 -0.013489174676685244
0.014984373402728013 -0.014715219756697076
0.018111967102280024 -0.015876885000848356
0.021529832133895532 -0.016976605885114182
0.025235909703481607 -0.018018179110115256
0.029227967408489597 -0.019006506168985714
0.03350360058263052 -0.019947314957992936
0.038060233744356575 -0.020846876187483432
0.042895122148234655 -0.021711730308326842
0.048005353438278275 -0.02254843859578224
0.05338784940224234 -0.023363369120277616
0.059039367825822475 -0.024162524832878035
0.06495650444564427 -0.024951417190482654
0.07113569499986394 -0.025734984946073368
0.07757321737514639 -0.02651755422884194
0.08426519384872727 -0.027302833103366616
0.09120759342420814 -0.028093931641021384
0.09839623425967753 -0.028893397308436305
0.10582678618669683 -0.029703255247405566
0.11349477331863145 -0.03052504377621634
0.12139557674675777 -0.03135983709157011
0.12952443732252045 -0.03220824952838793
0.1378764585242665 -0.033070418618577194
0.14644660940672616 -0.03394596731576218
0.15522972763146647 -0.034833948838662095
0.16422052257649067 -0.03573278035285044
0.17341357852311146 -0.036640173907145995
0.18280335791817703 -0.03755307446186332
0.19238420470968637 -0.03846761535019732
0.20215034775378343 -0.03937910103507871
0.2120959042910774 -0.040282025577021256
0.2222148834901989 -0.04117013290951918
0.23250119005645137 -0.04203652199688459
0.2429486279033891 -0.042873796455531764
0.2535509038851079 -0.04367425452753145
0.26430163158700104 -0.044430111701083505
0.27519433517269654 -0.045133745072073704
0.28622245328485874 -0.04577794600600649
0.29737934299750524 -0.04635616601700348
0.30865828381745486 -0.046862740193368044
0.320052481732506 -0.04729307305353832
0.33155507330389 -0.04764377341329884
0.3431591298005543 -0.047912727599801024
0.35485766137276875 -0.048099103993847814
0.36664362126255073 -0.04820328618254997
0.3785099100483679 -0.04822673666978059
0.3904493799215649 -0.04817179779884769
0.4024548389919357 -0.04804144095778861
0.41451905561984914 -0.0478389789444302
0.42663476277231926 -0.047567759285297266
0.43879466240039156 -0.047230858107341366
0.4509914298352198 -0.04683079470682402
0.46321771820016633 -0.04636928618400306
0.475466162836291 -0.045847059444919465
0.4877293857385438 -0.04526373463137602
0.4999999999999999 -0.04461778982741226
0.512270614261456 -0.043906611973279185
0.5245338371637088 -0.043126633613402104
0.5367822817998334 -0.042273549757703664
0.54900857016478 -0.04134260409404195
0.5612053375996082 -0.04032892938106852
0.5733652372276805 -0.039227923360402345
0.5854809443801506 -0.038035639177546376
0.5975451610080642 -0.03674916823866422
0.6095506200784349 -0.03536699371551201
0.6214900899516319 -0.03388929451481175
0.6333563787374491 -0.032318182336525635
0.645142338627231 -0.0306578582662762
0.6568408701994456 -0.028914679926181942
0.6684449266961098 -0.027097135246708173
0.6799475182674938 -0.025215724097236214
0.691341716182545 -0.02328275400093211
0.7026206570024947 -0.02131206065642284
0.713777546715141 -0.019318667731116766
0.7248056648273034 -0.01731840317170754
0.7356983684129987 -0.015327490958199838
0.746449096114892 -0.013362137746296486
0.7570513720966108 -0.011438133214205429
0.7674988099435485 -0.009570481242568794
0.7777851165098009 -0.007773076463881468
0.7879040957089227 -0.0060584374260154745
0.7978496522462164 -0.004437503864784999
0.8076157952903136 -0.002919501632363336
0.8171966420818224 -0.001511874940892415
0.8265864214768883 -0.0002202819948846442
0.8357794774235092 0.0009513529904013425
0.8447702723685334 0.0020007407929496495
0.8535533905932737 0.002927092246226947
0.8621235414757333 0.003730959196957034
0.8704755626774794 0.004414063181482645
0.8786044232532422 0.004979122878871282
0.8865052266813687 0.005429689994787192
0.894173213813303 0.00577000133381512
0.9016037657403225 0.006004852599262254
0.9087924065757916 0.0061394970975486764
0.9157348061512727 0.006179570193938269
0.9224267826248536 0.006131038225864718
0.928864305000136 0.006000168761090545
0.9350434955543556 0.005793517687834529
0.9409606321741775 0.00551792770170473
0.9466121505977576 0.005180532328989837
0.9519946465617215 0.004788759679115051
0.9571048778517655 0.004350330599433098
0.9619397662556433 0.0038732467355315396
0.9664963994173694 0.0033657650847661326
0.9707720325915102 0.0028363568660434123
0.9747640902965183 0.002293649811551188
0.9784701678661044 0.0017463542211637998
0.98188803289772 0.0012031742276093068
0.985015626597272 0.000672706639873762
0.9878510650192642 0.00016333042563717844
0.9903926402016152 -0.0003169096547569654
0.9926388211944706 -0.0007604215349493835
0.9945882549823906 -0.0011601827203797023
0.9962397672993549 -0.0015098520046808628
0.9975923633360985 -0.0018038727848151248
0.9986452283393451 -0.002037565139313601
0.9993977281025862 -0.002207204288342474
0.9998494093481021 -0.0023100835246729384
1.0 -0.002344560166658964
