1.0 0.001829638023715585
0.9998494093481021 0.001883967206951857
0.9993977281025862 0.0020468728112839007
0.9986452283393451 0.002318090377586586
0.9975923633360985 0.00269711908015793
0.9962397672993549 0.003183138508920053
0.9945882549823906 0.0037749052652416744
0.9926388211944706 0.004470641023581411
0.9903926402016152 0.0052679251121690715
0.9878510650192642 0.006163604854969187
0.985015626597272 0.007153735860321451
0.98188803289772 0.008233562214200475
0.9784701678661044 0.0093975433166672
0.9747640902965183 0.010639430156463042
0.9707720325915102 0.01195238948528922
0.9664963994173694 0.013329170003455631
0.9619397662556433 0.014762300683007922
0.9571048778517655 0.016244308088899748
0.9519946465617215 0.017767937313518768
0.9466121505977576 0.019326360133405978
0.9409606321741775 0.020913354346583368
0.9350434955543556 0.022523439959130257
0.928864305000136 0.02415196085057697
0.9224267826248536 0.025795104542253172
0.9157348061512727 0.027449857413383072
0.9087924065757916 0.029113897782632993
0.9016037657403225 0.030785434287958317
0.894173213813303 0.03246300154214114
0.8865052266813687 0.03414522873377491
0.8786044232532422 0.0358305993652105
0.8704755626774794 0.03751722144187343
0.8621235414757333 0.03920262703339229
0.8535533905932737 0.04088361821948689
0.8447702723685334 0.04255617313874533
0.8357794774235092 0.04421542141660781
0.8265864214768883 0.04585569299657702
0.8171966420818224 0.04747063874246258
0.8076157952903136 0.04905341556392984
0.7978496522462164 0.05059692368985431
0.7879040957089227 0.05209407948748498
0.7777851165098009 0.05353810424637187
0.7674988099435485 0.054922807864564986
0.7570513720966108 0.05624284652378577
0.746449096114892 0.057493935224021395
0.7356983684129987 0.05867299933960543
0.7248056648273034 0.05977825390989107
0.713777546715141 0.06080920483685217
0.7026206570024947 0.0617665721026121
0.691341716182545 0.06265214107345596
0.6799475182674938 0.06346855345033697
0.6684449266961098 0.06421905401984777
0.6568408701994456 0.06490721268396908
0.645142338627231 0.0655366430311195
0.6333563787374491 0.0661107388068226
0.6214900899516319 0.06663244803647769
0.6095506200784349 0.06710410136923724
0.5975451610080642 0.06752730670300944
0.5854809443801506 0.0679029166769762
0.5733652372276805 0.06823106962092329
0.5612053375996082 0.0685112985164178
0.54900857016478 0.06874269694574381
0.5367822817998334 0.06892412633883738
0.5245338371637088 0.0690544454630089
0.512270614261456 0.06913274131807122
0.4999999999999999 0.06915854055597799
0.4877293857385438 0.06913198225300193
0.475466162836291 0.06905393619356111
0.46321771820016633 0.06892605551282943
0.4509914298352198 0.06875075821042742
0.43879466240039156 0.06853113822511826
0.42663476277231926 0.06827081293814377
0.41451905561984914 0.06797371963189104
0.4024548389919357 0.06764387808836822
0.3904493799215649 0.06728513976205089
0.3785099100483679 0.06690094550821671
0.36664362126255073 0.06649411353158813
0.35485766137276875 0.0660666770333459
0.3431591298005543 0.0656197871245541
0.33155507330389 0.0651536912333686
0.320052481732506 0.06466779087876072
0.30865828381745486 0.06416077582391302
0.29737934299750524 0.06363082481957018
0.28622245328485874 0.0630758569710583
0.27519433517269654 0.06249381274388005
0.26430163158700104 0.061882940211221496
0.2535509038851079 0.061242060671782325
0.2429486279033891 0.06057078840824738
0.23250119005645137 0.05986968212863325
0.2222148834901989 0.059140310376064736
0.2120959042910774 0.0583852195856473
0.20215034775378343 0.05760780104732102
0.19238420470968637 0.056812061230680735
0.18280335791817703 0.05600230810664184
0.17341357852311146 0.0551827736102573
0.16422052257649067 0.054357198612406565
0.15522972763146647 0.05352841117281601
0.14644660940672616 0.05269793102781837
0.1378764585242665 0.051865632980279054
0.12952443732252045 0.05102949904771282
0.12139557674675777 0.05018548402258601
0.11349477331863145 0.049327511828172944
0.10582678618669683 0.0484476112027205
0.09839623425967753 0.04753618943541746
0.09120759342420814 0.046582432819183964
0.08426519384872727 0.04557481292292086
0.07757321737514639 0.04450166944495737
0.07113569499986394 0.043351833940152434
0.06495650444564427 0.04211525463988347
0.059039367825822475 0.040783581263943935
0.05338784940224234 0.03935067031588322
0.048005353438278275 0.03781297580568589
0.042895122148234655 0.03616979739088952
0.038060233744356575 0.0344233671085114
0.03350360058263052 0.03257876656024694
0.029227967408489597 0.030643677866578695
0.025235909703481607 0.028627983108998556
0.021529832133895532 0.026543237513003613
0.018111967102280024 0.02440205051996226
0.014984373402728013 0.022217415495169333
0.012148934980735715 0.020002032623466306
0.009607359798384785 0.017767670251219104
0.007361178805529334 0.015524607464113018
0.005411745017609493 0.013281195193194819
0.0037602327006450165 0.01104356498592418
0.0024076366639015356 0.008815504328424926
0.0013547716606548965 0.006598505778112617
0.0006022718974137975 0.0043919849841719885
0.00015059065189787502 0.0021936508026488668
0.0 0.0
0.00015059065189787502 -0.0016104936673094084
0.0006022718974137975 -0.003209556251132464
0.0013547716606548965 -0.004785621010233378
0.0024076366639015356 -0.0063279312426713485
0.0037602327006450165 -0.00782689408619673
0.005411745017609493 -0.009274376264068443
0.007361178805529334 -0.010663928166210864
0.009607359798384785 -0.011990927054826581
0.012148934980735715 -0.013252635075650863
0.014984373402728013 -0.01444817280351223
0.018111967102280024 -0.015578413909307778
0.021529832133895532 -0.016645810878603094
0.025235909703481607 -0.017654165255262578
0.029227967408489597 -0.01860835840439522
0.03350360058263052 -0.0195140601427425
0.038060233744356575 -0.020377432714112582
0.042895122148234655 -0.021204846525641766
0.048005353438278275 -0.02200262192724437
0.05338784940224234 -0.02277680830765456
0.059039367825822475 -0.023533008152468005
0.06495650444564427 -0.02427624975913832
0.07113569499986394 -0.025010908344453874
0.07757321737514639 -0.025740671617759718
0.08426519384872727 -0.026468542803469233
0.09120759342420814 -0.027196871803009167
0.09839623425967753 -0.027927403844791292
0.10582678618669683 -0.02866133465717592
0.11349477331863145 -0.029399361905357003
0.12139557674675777 -0.030141724267598032
0.12952443732252045 -0.030888221923606077
0.1378764585242665 -0.031638215161685745
0.14644660940672616 -0.032390601013198864
0.15522972763146647 -0.03314377100403106
0.16422052257649067 -0.03389555598757061
0.17341357852311146 -0.03464316633257984
0.18280335791817703 -0.03538313726978887
0.19238420470968637 -0.03611128980485066
0.20215034775378343 -0.0368227172106946
0.2120959042910774 -0.037511805730136336
0.2222148834901989 -0.038172295842953306
0.23250119005645137 -0.03879738744908605
0.2429486279033891 -0.039379888822483396
0.2535509038851079 -0.03991240547463335
0.26430163158700104 -0.04038756143292627
0.27519433517269654 -0.040798242186864335
0.28622245328485874 -0.041137845961697526
0.29737934299750524 -0.04140052827609083
0.30865828381745486 -0.04158142409585627
0.320052481732506 -0.04167683239985773
0.33155507330389 -0.041684349631354534
0.3431591298005543 -0.04160294123529643
0.35485766137276875 -0.04143294411393055
0.36664362126255073 -0.04117599713277706
0.3785099100483679 -0.0408349014851828
0.3904493799215649 -0.04041341745109212
0.4024548389919357 -0.039916008528930076
0.41451905561984914 -0.03934754775726822
0.42663476277231926 -0.03871300399162763
0.43879466240039156 -0.038017127736365224
0.4509914298352198 -0.03726415670241323
0.46321771820016633 -0.03645756050571659
0.475466162836291 -0.03559984186730258
0.4877293857385438 -0.034692408443085916
0.4999999999999999 -0.03373552520108312
0.512270614261456 -0.03272835234546232
0.5245338371637088 -0.031669068480253
0.5367822817998334 -0.03055507335756136
0.54900857016478 -0.029383259516177082
0.5612053375996082 -0.02815033771613695
0.5733652372276805 -0.026853197599380305
0.5854809443801506 -0.025489282679591746
0.5975451610080642 -0.024056957731613933
0.6095506200784349 -0.022555846971535384
0.6214900899516319 -0.020987123061940574
0.6333563787374491 -0.019353729825356804
0.645142338627231 -0.01766052540765976
0.6568408701994456 -0.015914337244024874
0.6684449266961098 -0.014123925240296119
0.6799475182674938 -0.012299854766471585
0.691341716182545 -0.010454286039613028
0.7026206570024947 -0.008600690945271642
0.713777546715141 -0.006753512045049604
0.7248056648273034 -0.004927781236592137
0.7356983684129987 -0.003138717134545388
0.746449096114892 -0.0014013206673253928
0.7570513720966108 0.00027001234609960365
0.7674988099435485 0.0018618446693073503
0.7777851165098009 0.003362002899915047
0.7879040957089227 0.00475982362003653
0.7978496522462164 0.0060463334049043775
0.8076157952903136 0.007214359669730855
0.8171966420818224 0.008258573274889732
0.8265864214768883 0.009175467424661982
0.8357794774235092 0.009963280475911657
0.8447702723685334 0.010621872658364387
0.8535533905932737 0.011152568291796953
0.8621235414757333 0.011557975821769996
0.8704755626774794 0.01184179789875981
0.8786044232532422 0.012008642865219396
0.8865052266813687 0.012063847507824587
0.894173213813303 0.012013318930400585
0.9016037657403225 0.011863401081980446
0.9087924065757916 0.011620769018080063
0.9157348061512727 0.01129235156056357
0.9224267826248536 0.010885280813940142
0.928864305000136 0.010406865127291295
0.9350434955543556 0.009864580659632007
0.9409606321741775 0.009266075770986714
0.9466121505977576 0.00861918203969038
0.9519946465617215 0.00793192577768255
0.9571048778517655 0.007212534425486353
0.9619397662556433 0.00646943307632554
0.9664963994173694 0.005711227505779529
0.9707720325915102 0.004946671362367548
0.9747640902965183 0.004184616499001518
0.9784701678661044 0.0034339466978359125
0.98188803289772 0.002703496179817932
0.985015626597272 0.0020019552338321725
0.9878510650192642 0.001337766010333018
0.9903926402016152 0.0007190119856186989
0.9926388211944706 0.00015330482165756268
0.9945882549823906 -0.0003523276533431649
0.9962397672993549 -0.0007915487996876908
0.9975923633360985 -0.0011588126308126026
0.9986452283393451 -0.0014494525720282125
0.9993977281025862 -0.0016597571559383959
0.9998494093481021 -0.001787030768930157
1.0 -0.001829638023715585
