1.0 0.0019509211470447648
0.9998494093481021 0.0019940588991157744
0.9993977281025862 0.0021234433829752904
0.9986452283393451 0.002338970189109368
0.9975923633360985 0.002640406959363597
0.9962397672993549 0.003027312572845501
0.9945882549823906 0.0034989367682045757
0.9926388211944706 0.004054111535185429
0.9903926402016152 0.004691146945073297
0.9878510650192642 0.005407744233183837
0.985015626597272 0.006200937865665718
0.98188803289772 0.0070670760946527625
0.9784701678661044 0.008001846309742827
0.9747640902965183 0.009000347597350767
0.9707720325915102 0.010057208655863317
0.9664963994173694 0.011166744954693886
0.9619397662556433 0.012323145146644359
0.9571048778517655 0.0135206735968782
0.9519946465617215 0.014753873773463162
0.9466121505977576 0.016017756366711502
0.9409606321741775 0.01730795647869612
0.9350434955543556 0.01862084604891765
0.928864305000136 0.019953590741380152
0.9224267826248536 0.021304144589969744
0.9157348061512727 0.022671180471024607
0.9087924065757916 0.024053959567160017
0.9016037657403225 0.025452147992704885
0.894173213813303 0.026865593255129334
0.8865052266813687 0.028294076848010864
0.8786044232532422 0.029737061693523782
0.8704755626774794 0.031193454151916242
0.8621235414757333 0.03266139977927724
0.8535533905932737 0.03413812995280386
0.8447702723685334 0.03561987302802988
0.8357794774235092 0.03710183909283387
0.8265864214768883 0.038578281982376963
0.8171966420818224 0.04004263643089138
0.8076157952903136 0.04148772251107257
0.7978496522462164 0.04290600430163789
0.7879040957089227 0.04428988544525249
0.7777851165098009 0.04563202126034093
0.7674988099435485 0.04692562560137531
0.7570513720966108 0.04816475085428236
0.746449096114892 0.04934452130714467
0.7356983684129987 0.050461303519902814
0.7248056648273034 0.05151280197602131
0.713777546715141 0.052498073876305035
0.7026206570024947 0.053417462996732855
0.691341716182545 0.05427245860319306
0.6799475182674938 0.05506549101739672
0.6684449266961098 0.0557996801156161
0.6568408701994456 0.056478556441387745
0.645142338627231 0.05710577645215647
0.6333563787374491 0.0576848535490319
0.6214900899516319 0.05821892494601934
0.6095506200784349 0.0587105712465113
0.5975451610080642 0.0591617010660747
0.5854809443801506 0.05957350753682783
0.5733652372276805 0.05994649749595578
0.5612053375996082 0.060280588090375835
0.54900857016478 0.060575259918134096
0.5367822817998334 0.06082975113701722
0.5245338371637088 0.061043273591776505
0.512270614261456 0.061215230228023866
0.4999999999999999 0.061345413028965824
0.4877293857385438 0.06143416244341184
0.475466162836291 0.06148247263729905
0.46321771820016633 0.061492031627680084
0.4509914298352198 0.06146519106369005
0.43879466240039156 0.06140486663411697
0.42663476277231926 0.061314376288762795
0.41451905561984914 0.06119722913773045
0.4024548389919357 0.0610568825528959
0.3904493799215649 0.060896488230160105
0.3785099100483679 0.060718649482579476
0.36664362126255073 0.06052521166403595
0.35485766137276875 0.06031710536481996
0.3431591298005543 0.060094258024616924
0.33155507330389 0.059855584171766375
0.320052481732506 0.059599058042080426
0.30865828381745486 0.05932186537059619
0.29737934299750524 0.05902062425269556
0.28622245328485874 0.058691658711964086
0.27519433517269654 0.058331303526968886
0.26430163158700104 0.05793621541070159
0.2535509038851079 0.057503664136183574
0.2429486279033891 0.0570317778403317
0.23250119005645137 0.056519719527704654
0.2222148834901989 0.05596777657499018
0.2120959042910774 0.05537735148057792
0.20215034775378343 0.0547508497437888
0.19238420470968637 0.054091469019725426
0.18280335791817703 0.053402901937747924
0.17341357852311146 0.05268897253796706
0.16422052257649067 0.05195323255014584
0.15522972763146647 0.05119854817739606
0.14644660940672616 0.050426710246503255
0.1378764585242665 0.049638100304766994
0.12952443732252045 0.04883144242341772
0.12139557674675777 0.04800366524841332
0.11349477331863145 0.047149891547753536
0.10582678618669683 0.0462635636349645
0.09839623425967753 0.045336703228896845
0.09120759342420814 0.044360294256244284
0.08426519384872727 0.043324767566264785
0.07757321737514639 0.04222055823692106
0.07113569499986394 0.041038699760940475
0.06495650444564427 0.03977141543418917
0.059039367825822475 0.03841266608244798
0.05338784940224234 0.036958615011652284
0.048005353438278275 0.03540797569145495
0.042895122148234655 0.033762214908893556
0.038060233744356575 0.03202559348692154
0.03350360058263052 0.03020503751501371
0.029227967408489597 0.028309844628594535
0.025235909703481607 0.026351241376780698
0.021529832133895532 0.0243418183034411
0.018111967102280024 0.02229487825899397
0.014984373402728013 0.020223739996178085
0.012148934980735715 0.01814104278113501
0.009607359798384785 0.016058098271335645
0.007361178805529334 0.01398433319892982
0.005411745017609493 0.01192686060935141
0.0037602327006450165 0.009890208920944561
0.0024076366639015356 0.007876227469688125
0.0013547716606548965 0.005884175218037598
0.0006022718974137975 0.0039109867769796785
0.00015059065189787502 0.0019516976980580168
0.0 0.0
0.00015059065189787502 -0.0012095984893612526
0.0006022718974137975 -0.002410805505843029
0.0013547716606548965 -0.0035950442403527667
0.0024076366639015356 -0.0047545209824875305
0.0037602327006450165 -0.005882563871365403
0.005411745017609493 -0.00697390186067671
0.007361178805529334 -0.008024869991753407
0.009607359798384785 -0.00903353168103381
0.012148934980735715 -0.00999971385514456
0.014984373402728013 -0.010924956052632169
0.018111967102280024 -0.011812379693432023
0.021529832133895532 -0.012666488251758664
0.025235909703481607 -0.013492912755425716
0.029227967408489597 -0.014298119640232552
0.03350360058263052 -0.015089099359382128
0.038060233744356575 -0.015873054224398858
0.042895122148234655 -0.016657102770516817
0.048005353438278275 -0.017448015622300278
0.05338784940224234 -0.01825199459138222
0.059039367825822475 -0.019074502838772617
0.06495650444564427 -0.01992014969300735
0.07113569499986394 -0.02079262946461412
0.07757321737514639 -0.021694709661886698
0.08426519384872727 -0.022628260685771364
0.09120759342420814 -0.023594316601793324
0.09839623425967753 -0.024593155121739395
0.10582678618669683 -0.025624384560952347
0.11349477331863145 -0.026687026263161558
0.12139557674675777 -0.027779582710756895
0.12952443732252045 -0.028900084091979004
0.1378764585242665 -0.030046109240435815
0.14644660940672616 -0.031214780313932534
0.15522972763146647 -0.032402734033416807
0.16422052257649067 -0.033606075455325166
0.17341357852311146 -0.03482032282430786
0.18280335791817703 -0.03604035381901395
0.19238420470968637 -0.037260364298761686
0.20215034775378343 -0.038473850400622636
0.2120959042910774 -0.039673623528406726
0.2222148834901989 -0.04085186550757486
0.23250119005645137 -0.042000228123477666
0.2429486279033891 -0.04310997765176374
0.2535509038851079 -0.044172181115248885
0.26430163158700104 -0.04517792717357157
0.27519433517269654 -0.04611857108546971
0.28622245328485874 -0.046985990371127426
0.29737934299750524 -0.0477728358910792
0.30865828381745486 -0.048472762230927974
0.320052481732506 -0.04908062164007395
0.33155507330389 -0.049592607331439824
0.3431591298005543 -0.05000633463056286
0.35485766137276875 -0.05032085210282839
0.36664362126255073 -0.05053657914838392
0.3785099100483679 -0.05065517133848736
0.3904493799215649 -0.05067931964091402
0.4024548389919357 -0.05061249429908478
0.41451905561984914 -0.050458648155858654
0.42663476277231926 -0.05022189735156917
0.43879466240039156 -0.049906199338874024
0.4509914298352198 -0.04951504888282105
0.46321771820016633 -0.04905121208032823
0.475466162836291 -0.04851651646044864
0.4877293857385438 -0.04791171203001031
0.4999999999999999 -0.04723641390856561
0.512270614261456 -0.04648913222369353
0.5245338371637088 -0.04566738953674283
0.5367822817998334 -0.044767920594181096
0.54900857016478 -0.04378694401014776
0.5612053375996082 -0.04272049092127376
0.5733652372276805 -0.041564772012010476
0.5854809443801506 -0.0403165618212046
0.5975451610080642 -0.038973578063483616
0.6095506200784349 -0.03753483389880861
0.6214900899516319 -0.03600094263507651
0.6333563787374491 -0.034374357137732174
0.645142338627231 -0.03265953005301414
0.6568408701994456 -0.03086298556843997
0.6684449266961098 -0.028993298529662564
0.6799475182674938 -0.0270609819762789
0.691341716182545 -0.025078289217972026
0.7026206570024947 -0.02305894113451516
0.713777546715141 -0.02101779317776387
0.7248056648273034 -0.01897045936816399
0.7356983684129987 -0.016932912270709345
0.746449096114892 -0.014921078442124064
0.7570513720966108 -0.012950448178557665
0.7674988099435485 -0.01103571665343292
0.7777851165098009 -0.009190470877216063
0.7879040957089227 -0.007426933547065684
0.7978496522462164 -0.005755771033520633
0.8076157952903136 -0.004185968740651558
0.8171966420818224 -0.002724773141483822
0.8265864214768883 -0.001377696178835582
0.8357794774235092 -0.00014857464464462507
0.8447702723685334 0.0009603252280627576
0.8535533905932737 0.0019481693003645841
0.8621235414757333 0.0028153952529126314
0.8704755626774794 0.003563542452509373
0.8786044232532422 0.004195083033911366
0.8865052266813687 0.004713263748642238
0.894173213813303 0.005121966119642761
0.9016037657403225 0.005425590114815073
0.9087924065757916 0.005628964100265832
0.9157348061512727 0.005737281436185961
0.9224267826248536 0.0057560618975102396
0.928864305000136 0.005691134271806333
0.9350434955543556 0.005548635105964258
0.9409606321741775 0.005335017698264043
0.9466121505977576 0.005057065078765692
0.9519946465617215 0.004721900864903233
0.9571048778517655 0.004336992462805958
0.9619397662556433 0.003910142023707975
0.9664963994173694 0.003449461756627071
0.9707720325915102 0.002963331532970159
0.9747640902965183 0.002460338086817094
0.9784701678661044 0.0019491964170773746
0.98188803289772 0.0014386551518375415
0.985015626597272 0.0009373885797890617
0.9878510650192642 0.0004538787513081288
0.9903926402016152 -3.7085107326138064e-06
0.9926388211944706 -0.0004276496642849031
0.9945882549823906 -0.0008107875779416651
0.9962397672993549 -0.0011466499727204624
0.9975923633360985 -0.0014295587718334587
0.9986452283393451 -0.0016547274039262771
0.9993977281025862 -0.001818343599111174
0.9998494093481021 -0.0019176357190396737
1.0 -0.0019509211470447648
