1.0 0.0018483040693292735
0.9998494093481021 0.0018999590636866457
0.9993977281025862 0.002054851454535358
0.9986452283393451 0.0023127448910848767
0.9975923633360985 0.0026731855679726873
0.9962397672993549 0.003135419300934167
0.9945882549823906 0.0036982885944419884
0.9926388211944706 0.0043601213997950285
0.9903926402016152 0.0051186246573707225
0.9878510650192642 0.00597079588896405
0.985015626597272 0.006912865022155838
0.98188803289772 0.007940276365852053
0.9784701678661044 0.009047717396512734
0.9747640902965183 0.01022919703004648
0.9707720325915102 0.011478171684107814
0.9664963994173694 0.01278771305774837
0.9619397662556433 0.01415070755513098
0.9571048778517655 0.015560074016499828
0.9519946465617215 0.017008984195139364
0.9466121505977576 0.018491069452583678
0.9409606321741775 0.020000597551713146
0.9350434955543556 0.021532605209980276
0.928864305000136 0.023082975118010548
0.9224267826248536 0.02464845020894762
0.9157348061512727 0.026226582766523045
0.9087924065757916 0.02781562110372758
0.9016037657403225 0.029414341612081826
0.894173213813303 0.031021838554961805
0.8865052266813687 0.03263728767114319
0.8786044232532422 0.03425970214579143
0.8704755626774794 0.03588770056718642
0.8621235414757333 0.0375193060029429
0.8535533905932737 0.03915179330758479
0.8447702723685334 0.04078159834731555
0.8357794774235092 0.04240429824683577
0.8265864214768883 0.04401466637352512
0.8171966420818224 0.045606799993105414
0.8076157952903136 0.04717431281252441
0.7978496522462164 0.048710579426027314
0.7879040957089227 0.0502090144194827
0.7777851165098009 0.05166336591641608
0.7674988099435485 0.05306800191832597
0.7570513720966108 0.05441816803291776
0.746449096114892 0.05571019709587875
0.7356983684129987 0.0569416546403213
0.7248056648273034 0.058111408894608696
0.713777546715141 0.059219619631143416
0.7026206570024947 0.06026764630680975
0.691341716182545 0.06125788204950417
0.6799475182674938 0.06219352567062177
0.6684449266961098 0.06307830857214347
0.6568408701994456 0.06391619679269216
0.645142338627231 0.06471109022601848
0.6333563787374491 0.06546654109994378
0.6214900899516319 0.06618551211446295
0.6095506200784349 0.06687019133547903
0.5975451610080642 0.06752187628727177
0.5854809443801506 0.06814093405465423
0.5733652372276805 0.06872683804843972
0.5612053375996082 0.06927827590399886
0.54900857016478 0.06979331727592196
0.5367822817998334 0.07026962552970752
0.5245338371637088 0.07070469390722742
0.512270614261456 0.07109608494266285
0.4999999999999999 0.07144165188453713
0.4877293857385438 0.07173972264703941
0.475466162836291 0.07198923023232007
0.46321771820016633 0.07218977835949389
0.4509914298352198 0.07234163681390522
0.43879466240039156 0.07244566731428735
0.42663476277231926 0.07250318696084908
0.41451905561984914 0.07251578204415547
0.4024548389919357 0.07248508967160226
0.3904493799215649 0.07241256789344615
0.3785099100483679 0.07229927648637977
0.36664362126255073 0.07214569012284223
0.35485766137276875 0.07195156331779688
0.3431591298005543 0.07171586245927371
0.33155507330389 0.07143677470067392
0.320052481732506 0.07111179695381584
0.30865828381745486 0.0707379011972462
0.29737934299750524 0.07031176538176938
0.28622245328485874 0.06983005295785054
0.27519433517269654 0.06928971900963918
0.26430163158700104 0.06868831761379943
0.2535509038851079 0.06802428367910937
0.2429486279033891 0.06729716334138816
0.23250119005645137 0.0665077699919544
0.2222148834901989 0.06565824803415797
0.2120959042910774 0.06475203315226408
0.20215034775378343 0.0637937057569913
0.19238420470968637 0.06278874275039864
0.18280335791817703 0.061743181173161646
0.17341357852311146 0.060663214989016084
0.16422052257649067 0.059554752592054526
0.15522972763146647 0.05842296704927765
0.14644660940672616 0.05727187320354507
0.1378764585242665 0.056103965319691626
0.12952443732252045 0.054919945909356394
0.12139557674675777 0.05371857086802364
0.11349477331863145 0.05249662844368955
0.10582678618669683 0.05124906034406725
0.09839623425967753 0.049969223127225876
0.09120759342420814 0.04864927764661299
0.08426519384872727 0.04728068450756798
0.07757321737514639 0.045854774987276595
0.07113569499986394 0.04436336034164811
0.06495650444564427 0.04279933840624076
0.059039367825822475 0.04115725525407262
0.05338784940224234 0.03943378155513472
0.048005353438278275 0.03762806812380862
0.042895122148234655 0.03574195265434846
0.038060233744356575 0.03377999934193366
0.03350360058263052 0.03174936430901335
0.029227967408489597 0.029659491722011152
0.025235909703481607 0.02752165734291771
0.021529832133895532 0.02534838715919713
0.018111967102280024 0.023152787876244495
0.014984373402728013 0.020947832758263556
0.012148934980735715 0.01874565005251096
0.009607359798384785 0.016556861722161007
0.007361178805529334 0.014390017370012597
0.005411745017609493 0.012251162223662003
0.0037602327006450165 0.010143569266779015
0.0024076366639015356 0.0080676546375809
0.0013547716606548965 0.0060210830320495175
0.0006022718974137975 0.003999056910304414
0.00015059065189787502 0.00199477071908472
0.0 0.0
0.00015059065189787502 -0.0011561551500719337
0.0006022718974137975 -0.0023080083944835147
0.0013547716606548965 -0.0034509907699896477
0.0024076366639015356 -0.004581095474570765
0.0037602327006450165 -0.005695116755890002
0.005411745017609493 -0.006790841134405235
0.007361178805529334 -0.007867180105227528
0.009607359798384785 -0.008924237305628
0.012148934980735715 -0.009963307391861695
0.014984373402728013 -0.01098680823664001
0.018111967102280024 -0.011998152228769092
0.021529832133895532 -0.013001566138380563
0.025235909703481607 -0.014001871953041018
0.029227967408489597 -0.015004243097547606
0.03350360058263052 -0.016013951400536002
0.038060233744356575 -0.01703612002124865
0.042895122148234655 -0.018075496339366164
0.048005353438278275 -0.019136256657600857
0.05338784940224234 -0.020221851657337905
0.059039367825822475 -0.021334898122207405
0.06495650444564427 -0.022477118777982658
0.07113569499986394 -0.02364932847771826
0.07757321737514639 -0.024851461667486443
0.08426519384872727 -0.026082633348695827
0.09120759342420814 -0.027341223806402994
0.09839623425967753 -0.02862497633323491
0.10582678618669683 -0.029931097104991672
0.11349477331863145 -0.03125634723761996
0.12139557674675777 -0.03259711878057515
0.12952443732252045 -0.033949488814871726
0.1378764585242665 -0.035309248706785416
0.14644660940672616 -0.0366719086645215
0.15522972763146647 -0.03803268078300759
0.16422052257649067 -0.039386446474501284
0.17341357852311146 -0.040727716329971304
0.18280335791817703 -0.04205059184449149
0.19238420470968637 -0.04334873893745321
0.20215034775378343 -0.044615382746441945
0.2120959042910774 -0.04584333179147255
0.2222148834901989 -0.04702503739053057
0.23250119005645137 -0.0481526913248881
0.2429486279033891 -0.0492183614281185
0.2535509038851079 -0.05021416127140201
0.26430163158700104 -0.051132446725113474
0.27519433517269654 -0.05196602917635634
0.28622245328485874 -0.05270839283339236
0.29737934299750524 -0.053353902065381896
0.30865828381745486 -0.05389798426191389
0.320052481732506 -0.054337274328988265
0.33155507330389 -0.05466970866180423
0.3431591298005543 -0.05489455916213347
0.35485766137276875 -0.05501240143345927
0.36664362126255073 -0.05502501545784297
0.3785099100483679 -0.054935221551398634
0.3904493799215649 -0.0547466588965886
0.4024548389919357 -0.054463518137667755
0.41451905561984914 -0.054090243094329984
0.42663476277231926 -0.05363121932964096
0.43879466240039156 -0.053090468891082127
0.4509914298352198 -0.052471370890812316
0.46321771820016633 -0.05177642664992941
0.475466162836291 -0.05100708593695296
0.4877293857385438 -0.05016364750511288
0.4999999999999999 -0.04924524287725631
0.512270614261456 -0.0482499074074596
0.5245338371637088 -0.04717473737794847
0.5367822817998334 -0.046016126607431505
0.54900857016478 -0.044770071093472405
0.5612053375996082 -0.04343252590708402
0.5733652372276805 -0.04199979517958217
0.5854809443801506 -0.04046893378577692
0.5975451610080642 -0.03883813837409767
0.6095506200784349 -0.03710710577907841
0.6214900899516319 -0.0352773385432478
0.6333563787374491 -0.0333523801580754
0.645142338627231 -0.031337966516065824
0.6568408701994456 -0.02924208469574249
0.6684449266961098 -0.027074935281919184
0.6799475182674938 -0.024848799636071114
0.691341716182545 -0.022577818555167082
0.7026206570024947 -0.02027769329130513
0.713777546715141 -0.017965323687525965
0.7248056648273034 -0.015658401011435102
0.7356983684129987 -0.013374974799408829
0.746449096114892 -0.011133013596413308
0.7570513720966108 -0.008949978902203915
0.7674988099435485 -0.006842429998909499
0.7777851165098009 -0.004825674786906559
0.7879040957089227 -0.0029134784962367814
0.7978496522462164 -0.0011178384064295672
0.8076157952903136 0.000551171246170659
0.8171966420818224 0.0020854839116413596
0.8265864214768883 0.0034790582996450867
0.8357794774235092 0.004727835419892622
0.8447702723685334 0.005829644138889475
0.8535533905932737 0.006784066056792929
0.8621235414757333 0.007592271453221529
0.8704755626774794 0.00825683819034242
0.8786044232532422 0.008781564853300974
0.8865052266813687 0.009171288155799803
0.894173213813303 0.00943171288174658
0.9016037657403225 0.009569260535097547
0.9087924065757916 0.009590940602237377
0.9157348061512727 0.009504246064524668
0.9224267826248536 0.00931707268827871
0.928864305000136 0.009037659795995417
0.9350434955543556 0.008674548784253411
0.9409606321741775 0.008236554662236486
0.9466121505977576 0.0077327453636808294
0.9519946465617215 0.007172423521638107
0.9571048778517655 0.0065651057449967
0.9619397662556433 0.005920495127926419
0.9664963994173694 0.005248443670338859
0.9707720325915102 0.0045589023920500574
0.9747640902965183 0.0038618580879943762
0.9784701678661044 0.0031672568061960485
0.98188803289772 0.002484915157459266
0.985015626597272 0.0018244214273041052
0.9878510650192642 0.0011950291186826696
0.9903926402016152 0.0006055459917848232
0.9926388211944706 6.422188777480196e-05
0.9945882549823906 -0.0004213613538924931
0.9962397672993549 -0.0008443947181457675
0.9975923633360985 -0.0011989386809252481
0.9986452283393451 -0.0014800091803846888
0.9993977281025862 -0.0016836507579710287
0.9998494093481021 -0.00180699515558107
1.0 -0.0018483040693292735
