1.0 0.0019590899389418767
0.9998494093481021 0.002009574288875194
0.9993977281025862 0.0021609677173262745
0.9986452283393451 0.0024130729724907724
0.9975923633360985 0.0027655020187484173
0.9962397672993549 0.0032175939628719227
0.9945882549823906 0.0037683132025448617
0.9926388211944706 0.00441613939339707
0.9903926402016152 0.0051589622071595165
0.9878510650192642 0.00599399401387175
0.985015626597272 0.006917712532863861
0.98188803289772 0.007925843238086323
0.9784701678661044 0.009013388055039637
0.9747640902965183 0.01017470292026498
0.9707720325915102 0.011403622428190074
0.9664963994173694 0.012693625440727344
0.9619397662556433 0.014038031565699195
0.9571048778517655 0.015430215178135835
0.9519946465617215 0.016863821464069607
0.9466121505977576 0.018332968026641833
0.9409606321741775 0.019832416023295156
0.9350434955543556 0.021357696600581354
0.928864305000136 0.02290518144396094
0.9224267826248536 0.024472090340308825
0.9157348061512727 0.02605643344633203
0.9087924065757916 0.027656891086473068
0.9016037657403225 0.029272638953571035
0.894173213813303 0.030903131137727666
0.8865052266813687 0.03254785707980996
0.8786044232532422 0.03420609101756038
0.8704755626774794 0.03587665353868322
0.8621235414757333 0.03755770436340554
0.8535533905932737 0.0392465834591271
0.8447702723685334 0.04093971417653499
0.8357794774235092 0.042632577539686814
0.8265864214768883 0.04431976146810533
0.8171966420818224 0.0459950829723351
0.8076157952903136 0.047651775697702875
0.7978496522462164 0.049282730046536105
0.7879040957089227 0.05088076890282838
0.7777851165098009 0.05243893906085567
0.7674988099435485 0.05395079706684718
0.7570513720966108 0.05541066844661973
0.746449096114892 0.0568138612064466
0.7356983684129987 0.05815681792113179
0.7248056648273034 0.05943719540125923
0.713777546715141 0.06065386649698343
0.7026206570024947 0.061806844610147425
0.691341716182545 0.06289713747188488
0.6799475182674938 0.06392654221970111
0.6684449266961098 0.06489739833422838
0.6568408701994456 0.0658123182028236
0.645142338627231 0.06667391670032481
0.6333563787374491 0.06748456107841129
0.6214900899516319 0.06824616063458977
0.6095506200784349 0.06896001223021464
0.5975451610080642 0.06962671301419067
0.5854809443801506 0.07024614606404107
0.5733652372276805 0.07081753853681137
0.5612053375996082 0.07133958582920645
0.54900857016478 0.07181062968180975
0.5367822817998334 0.07222887358957862
0.5245338371637088 0.07259261568612484
0.512270614261456 0.07290047772893161
0.4999999999999999 0.0731516090694467
0.4877293857385438 0.07334584654193026
0.475466162836291 0.07348381489581685
0.46321771820016633 0.07356695743832785
0.4509914298352198 0.07359749254169393
0.43879466240039156 0.07357829811319148
0.42663476277231926 0.07351273249187718
0.41451905561984914 0.07340440598722728
0.4024548389919357 0.073256921917804
0.3904493799215649 0.0730736091318693
0.3785099100483679 0.07285726930421677
0.36664362126255073 0.07260996165640812
0.35485766137276875 0.07233284515215975
0.3431591298005543 0.07202609384796259
0.33155507330389 0.07168889525339486
0.320052481732506 0.07131953472502967
0.30865828381745486 0.07091556162420343
0.29737934299750524 0.07047402580477367
0.28622245328485874 0.069991766558701
0.27519433517269654 0.06946573098681179
0.26430163158700104 0.06889329534149097
0.2535509038851079 0.06827256154026316
0.2429486279033891 0.06760260194839365
0.23250119005645137 0.06688362867252022
0.2222148834901989 0.06611706881333615
0.2120959042910774 0.06530553404087415
0.20215034775378343 0.0644526809823409
0.19238420470968637 0.06356296764104825
0.18280335791817703 0.06264131972247482
0.17341357852311146 0.06169272864340878
0.16422052257649067 0.060721809496354896
0.15522972763146647 0.05973235177961712
0.14644660940672616 0.05872689786659648
0.1378764585242665 0.05770638373152668
0.12952443732252045 0.056669873324502525
0.12139557674675777 0.05561441235159355
0.11349477331863145 0.05453501941805501
0.10582678618669683 0.05342482306017571
0.09839623425967753 0.05227534278780968
0.09120759342420814 0.05107690163884279
0.08426519384872727 0.04981914769717942
0.07757321737514639 0.04849165331143951
0.07113569499986394 0.04708455405410857
0.06495650444564427 0.04558918532668912
0.059039367825822475 0.043998673312782524
0.05338784940224234 0.04230843886558634
0.048005353438278275 0.04051657782137771
0.042895122148234655 0.03862408886449977
0.038060233744356575 0.036634929934446656
0.03350360058263052 0.03455589559174367
0.029227967408489597 0.03239631995088827
0.025235909703481607 0.030167621881584217
0.021529832133895532 0.02788272030397981
0.018111967102280024 0.02555535674775982
0.014984373402728013 0.02319936921521984
0.012148934980735715 0.020827965261798462
0.009607359798384785 0.018453042771428542
0.007361178805529334 0.016084604081385703
0.005411745017609493 0.01373030306819429
0.0037602327006450165 0.01139515594187172
0.0024076366639015356 0.009081435415585946
0.0013547716606548965 0.0067887553902564015
0.0006022718974137975 0.004514340195996091
0.00015059065189787502 0.002253459687456822
0.0 0.0
0.00015059065189787502 -0.0014056656110115137
0.0006022718974137975 -0.002803061452256718
0.0013547716606548965 -0.004183694165716606
0.0024076366639015356 -0.005539784001200385
0.0037602327006450165 -0.006864573924954299
0.005411745017609493 -0.008152584722439205
0.007361178805529334 -0.009399803568086123
0.009607359798384785 -0.010603797724360925
0.012148934980735715 -0.0117637496846317
0.014984373402728013 -0.012880414864325663
0.018111967102280024 -0.013956007541480991
0.021529832133895532 -0.01499402483773193
0.025235909703481607 -0.015999021841418493
0.029227967408489597 -0.016976353293698652
0.03350360058263052 -0.01793189844945723
0.038060233744356575 -0.018871785735324737
0.042895122148234655 -0.0198021326925914
0.048005353438278275 -0.020728814532293794
0.05338784940224234 -0.02165727163597445
0.059039367825822475 -0.022592362759386787
0.06495650444564427 -0.023538266826835505
0.07113569499986394 -0.02449843234574988
0.07757321737514639 -0.025475569921523496
0.08426519384872727 -0.026471680378128522
0.09120759342420814 -0.027488108806334
0.09839623425967753 -0.028525613617536253
0.10582678618669683 -0.02958443944866923
0.11349477331863145 -0.030664383531557846
0.12139557674675777 -0.031764846817039276
0.12952443732252045 -0.03288486356632703
0.1378764585242665 -0.0340231060666908
0.14644660940672616 -0.03517786433214248
0.15522972763146647 -0.0363470038296362
0.16422052257649067 -0.03752790714785169
0.17341357852311146 -0.038717407845269
0.18280335791817703 -0.039911726269444496
0.19238420470968637 -0.04110641778553933
0.20215034775378343 -0.042296343519262834
0.2120959042910774 -0.04347567241809221
0.2222148834901989 -0.0446379212557261
0.23250119005645137 -0.04577603631250787
0.2429486279033891 -0.04688251708432756
0.2535509038851079 -0.04794957877324693
0.26430163158700104 -0.04896934678663804
0.27519433517269654 -0.04993407330992732
0.28622245328485874 -0.050836363490248136
0.29737934299750524 -0.051669397099462534
0.30865828381745486 -0.052427130897944575
0.320052481732506 -0.053104467382383655
0.33155507330389 -0.05369737717534876
0.3431591298005543 -0.05420296492017329
0.35485766137276875 -0.05461947202051207
0.36664362126255073 -0.0549462136792786
0.3785099100483679 -0.055183452163379755
0.3904493799215649 -0.05533221273307661
0.4024548389919357 -0.05539405290275137
0.41451905561984914 -0.05537079933244571
0.42663476277231926 -0.05526426941301781
0.43879466240039156 -0.05507599628587544
0.4509914298352198 -0.05480697648837111
0.46321771820016633 -0.05445745858009895
0.475466162836291 -0.05402678901492504
0.4877293857385438 -0.053513328297863365
0.4999999999999999 -0.052914446304009564
0.512270614261456 -0.052226600804052226
0.5245338371637088 -0.05144549805065318
0.5367822817998334 -0.05056632907161427
0.54900857016478 -0.04958407043120667
0.5612053375996082 -0.04849383398126913
0.5733652372276805 -0.04729124680655105
0.5854809443801506 -0.045972840390223146
0.5975451610080642 -0.04453642712513452
0.6095506200784349 -0.04298144272864678
0.6214900899516319 -0.041309234850017716
0.6333563787374491 -0.03952328107076555
0.645142338627231 -0.03762932339593336
0.6568408701994456 -0.03563541096189715
0.6684449266961098 -0.0335518477452494
0.6799475182674938 -0.03139104722590472
0.691341716182545 -0.02916730091411025
0.7026206570024947 -0.026896472094911285
0.713777546715141 -0.024595629815036688
0.7248056648273034 -0.02228264083347028
0.7356983684129987 -0.019975738844514594
0.746449096114892 -0.017693090703201002
0.7570513720966108 -0.015452378656931083
0.7674988099435485 -0.013270415807036
0.7777851165098009 -0.011162809346631502
0.7879040957089227 -0.009143682755139996
0.7978496522462164 -0.00722546431873006
0.8076157952903136 -0.005418745350483335
0.8171966420818224 -0.00373220756396106
0.8265864214768883 -0.002172615449869073
0.8357794774235092 -0.0007448664244362896
0.8447702723685334 0.0005479108799307055
0.8535533905932737 0.001704221420960316
0.8621235414757333 0.0027240436645935315
0.8704755626774794 0.0036086565837853022
0.8786044232532422 0.00436046490710405
0.8865052266813687 0.004982832346006327
0.894173213813303 0.005479930598320965
0.9016037657403225 0.0058566096747400855
0.9087924065757916 0.00611829270559924
0.9157348061512727 0.006270896032942733
0.9224267826248536 0.006320773236926874
0.928864305000136 0.006274679918070189
0.9350434955543556 0.006139754655222698
0.9409606321741775 0.005923510642035422
0.9466121505977576 0.005633832090836446
0.9519946465617215 0.0052789695629111965
0.9571048778517655 0.004867528885856916
0.9619397662556433 0.0044084491733826755
0.9664963994173694 0.003910966574365503
0.9707720325915102 0.0033845616412262187
0.9747640902965183 0.002838889518161084
0.9784701678661044 0.0022836934113318434
0.98188803289772 0.001728702934731893
0.985015626597272 0.0011835198658972025
0.9878510650192642 0.0006574945560504245
0.9903926402016152 0.00015959670349431328
0.9926388211944706 -0.00030171557809601
0.9945882549823906 -0.000718624461066605
0.9962397672993549 -0.0010840751195847031
0.9975923633360985 -0.0013918890259782067
0.9986452283393451 -0.0016368648117928973
0.9993977281025862 -0.0018148641507772882
0.9998494093481021 -0.0019228806143611772
1.0 -0.0019590899389418767
