1.0 0.0020518607537234304
0.9998494093481021 0.0020985818500703036
0.9993977281025862 0.0022386703782149658
0.9986452283393451 0.0024718844451978588
0.9975923633360985 0.002797764163532288
0.9962397672993549 0.003215553260239504
0.9945882549823906 0.003724102108043671
0.9926388211944706 0.004321763526879864
0.9903926402016152 0.005006294042910149
0.9878510650192642 0.0057747734362119385
0.985015626597272 0.006623554325243898
0.98188803289772 0.0075482513023605435
0.9784701678661044 0.008543775928715466
0.9747640902965183 0.009604419985539249
0.9707720325915102 0.010723985094554014
0.9664963994173694 0.011895952533806254
0.9619397662556433 0.013113683163811923
0.9571048778517655 0.014370634194513857
0.9519946465617215 0.015660577362288736
0.9466121505977576 0.016977802162480266
0.9409606321741775 0.018317288209986612
0.9350434955543556 0.01967483257937386
0.928864305000136 0.02104712099394651
0.9224267826248536 0.02243173577094892
0.9157348061512727 0.023827098178735615
0.9087924065757916 0.025232347947116488
0.9016037657403225 0.026647167684653677
0.894173213813303 0.028071564485022914
0.8865052266813687 0.029505624669208797
0.8786044232532422 0.030949260095578343
0.8704755626774794 0.03240196555063875
0.8621235414757333 0.03386260629482405
0.8535533905932737 0.035329252886557215
0.8447702723685334 0.03679907707324699
0.8357794774235092 0.03826831806260892
0.8265864214768883 0.03973232321006071
0.8171966420818224 0.04118566148553031
0.8076157952903136 0.0426223024605951
0.7978496522462164 0.04403584843085123
0.7879040957089227 0.045419803070818845
0.7777851165098009 0.0467678570535395
0.7674988099435485 0.048074169601814175
0.7570513720966108 0.04933362510285431
0.746449096114892 0.050542045713910154
0.7356983684129987 0.05169634418373655
0.7248056648273034 0.05279460566281753
0.713777546715141 0.053836092721233415
0.7026206570024947 0.054821173709401205
0.691341716182545 0.05575118051532207
0.6799475182674938 0.05662820722066547
0.6684449266961098 0.05745486569983866
0.6568408701994456 0.058234017474107384
0.645142338627231 0.05896850286013014
0.6333563787374491 0.0596608884949025
0.6214900899516319 0.06031325266826252
0.6095506200784349 0.06092702467798639
0.5975451610080642 0.06150288989696837
0.5854809443801506 0.06204076677080937
0.5733652372276805 0.06253985599033383
0.5612053375996082 0.06299875609395723
0.54900857016478 0.06341563424086744
0.5367822817998334 0.06378843631365988
0.5245338371637088 0.06411511724145615
0.512270614261456 0.06439387075980098
0.4999999999999999 0.06462333789132
0.4877293857385438 0.06480277524857575
0.475466162836291 0.06493216769086996
0.46321771820016633 0.06501227463830683
0.4509914298352198 0.06504460507371362
0.43879466240039156 0.06503132247670099
0.42663476277231926 0.06497508711862789
0.41451905561984914 0.06487884878226084
0.4024548389919357 0.06474560757319635
0.3904493799215649 0.06457816365745199
0.3785099100483679 0.06437887819924178
0.36664362126255073 0.06414946733115594
0.35485766137276875 0.06389084866507512
0.3431591298005543 0.06360305580113379
0.33155507330389 0.06328523081464707
0.320052481732506 0.0629356982217736
0.30865828381745486 0.06255211696009291
0.29737934299750524 0.062131700037933814
0.28622245328485874 0.06167148528024715
0.27519433517269654 0.061168635563034174
0.26430163158700104 0.060620743532669656
0.2535509038851079 0.06002611437849051
0.2429486279033891 0.05938400094306077
0.23250119005645137 0.05869476832203057
0.2222148834901989 0.05795996995872632
0.2120959042910774 0.05718232374782514
0.20215034775378343 0.05636558435653079
0.19238420470968637 0.055514316272123804
0.18280335791817703 0.05463358034914398
0.17341357852311146 0.05372855420055018
0.16422052257649067 0.05280411303436013
0.15522972763146647 0.05186440194598402
0.14644660940672616 0.05091243283217083
0.1378764585242665 0.049949738755061576
0.12952443732252045 0.04897611570106873
0.12139557674675777 0.04798947639122107
0.11349477331863145 0.046985833437957175
0.10582678618669683 0.04595942020629639
0.09839623425967753 0.04490294785594056
0.09120759342420814 0.04380798693375006
0.08426519384872727 0.042665452306406886
0.07757321737514639 0.041466161902235815
0.07113569499986394 0.04020143332270347
0.06495650444564427 0.03886367841307931
0.059039367825822475 0.037446954702568085
0.05338784940224234 0.03594743439104421
0.048005353438278275 0.03436375621101319
0.042895122148234655 0.03269723275368652
0.038060233744356575 0.03095189524357689
0.03350360058263052 0.029134368637727292
0.029227967408489597 0.02725358155378167
0.025235909703481607 0.02532032706950758
0.021529832133895532 0.023346701052781783
0.018111967102280024 0.0213454535981175
0.014984373402728013 0.019329295699040492
0.012148934980735715 0.017310206973377797
0.009607359798384785 0.015298790780599262
0.007361178805529334 0.013303720351933376
0.005411745017609493 0.011331313753271642
0.0037602327006450165 0.009385266999530796
0.0024076366639015356 0.0074665640162993405
0.0013547716606548965 0.005573570136104773
0.0006022718974137975 0.003702303262671383
0.00015059065189787502 0.0018468646211869612
0.0 0.0
0.00015059065189787502 -0.0014820540408770344
0.0006022718974137975 -0.0029539859575512064
0.0013547716606548965 -0.00440547664269927
0.0024076366639015356 -0.00582702740106808
0.0037602327006450165 -0.007210316826572077
0.005411745017609493 -0.008548497229865544
0.007361178805529334 -0.009836416464830565
0.009607359798384785 -0.011070755599966451
0.012148934980735715 -0.012250077995123964
0.014984373402728013 -0.013374790623442117
0.018111967102280024 -0.014447023563192586
0.021529832133895532 -0.015470438133531854
0.025235909703481607 -0.016449977864037717
0.029227967408489597 -0.017391579136882083
0.03350360058263052 -0.018301859769731754
0.038060233744356575 -0.019187803954997484
0.042895122148234655 -0.02005646086904248
0.048005353438278275 -0.020914672036010294
0.05338784940224234 -0.02176883937756354
0.059039367825822475 -0.022624742068121463
0.06495650444564427 -0.023487406153773656
0.07113569499986394 -0.024361026709114487
0.07757321737514639 -0.025248938420372735
0.08426519384872727 -0.02615362718501071
0.09120759342420814 -0.027076772844305992
0.09839623425967753 -0.02801931168294685
0.10582678618669683 -0.02898150692286669
0.11349477331863145 -0.029963016104301222
0.12139557674675777 -0.03096294589603816
0.12952443732252045 -0.03197988734151513
0.1378764585242665 -0.0330119275961995
0.14644660940672616 -0.03405663756783537
0.15522972763146647 -0.035111038235254154
0.16422052257649067 -0.03617155149548905
0.17341357852311146 -0.03723394390012833
0.18280335791817703 -0.038293273364480414
0.19238420470968637 -0.039343849706655
0.20215034775378343 -0.04037921961563126
0.2120959042910774 -0.041392185360257266
0.2222148834901989 -0.04237486432245273
0.23250119005645137 -0.04331879343380137
0.2429486279033891 -0.04421507904729123
0.2535509038851079 -0.04505458896530659
0.26430163158700104 -0.045828179577636664
0.27519433517269654 -0.04652694764833774
0.28622245328485874 -0.047142493515275295
0.29737934299750524 -0.04766718057435365
0.30865828381745486 -0.04809437509145708
0.320052481732506 -0.048418650720356594
0.33155507330389 -0.04863594361859317
0.3431591298005543 -0.048743646670677744
0.35485766137276875 -0.04874063488909586
0.36664362126255073 -0.04862721833498029
0.3785099100483679 -0.04840502359097785
0.3904493799215649 -0.04807680960144055
0.4024548389919357 -0.047646228229589804
0.41451905561984914 -0.04711754383984051
0.42663476277231926 -0.04649532930429963
0.43879466240039156 -0.04578415782150721
0.4509914298352198 -0.04498831066368018
0.46321771820016633 -0.044111520363934134
0.475466162836291 -0.043156766937653995
0.4877293857385438 -0.042126141614440275
0.4999999999999999 -0.04102078843490822
0.512270614261456 -0.03984092920650488
0.5245338371637088 -0.03858597203262001
0.5367822817998334 -0.037254698277335865
0.54900857016478 -0.035845517757219975
0.5612053375996082 -0.034356777495474736
0.5733652372276805 -0.03278710582425405
0.5854809443801506 -0.031135771207845383
0.5975451610080642 -0.029403034035304917
0.6095506200784349 -0.027590469861711486
0.6214900899516319 -0.025701244137775327
0.6333563787374491 -0.023740321245801683
0.645142338627231 -0.02171459446502269
0.6568408701994456 -0.019632928065674387
0.6684449266961098 -0.017506107777504772
0.6799475182674938 -0.015346701068528932
0.691341716182545 -0.013168833675481913
0.7026206570024947 -0.010987893340238274
0.713777546715141 -0.008820175458398184
0.7248056648273034 -0.0066824881264179
0.7356983684129987 -0.004591735740910153
0.746449096114892 -0.0025645007939524957
0.7570513720966108 -0.0006166428360575417
0.7674988099435485 0.0012370681664361219
0.7777851165098009 0.002983269514564085
0.7879040957089227 0.004610263305323469
0.7978496522462164 0.006108206442680864
0.8076157952903136 0.007469229798726959
0.8171966420818224 0.008687487158183554
0.8265864214768883 0.009759138234380862
0.8357794774235092 0.010682273177925281
0.8447702723685334 0.011456788446229866
0.8535533905932737 0.01208422555411953
0.8621235414757333 0.012567585034139517
0.8704755626774794 0.01291112791112694
0.8786044232532422 0.013120176205674905
0.8865052266813687 0.013200922539265466
0.894173213813303 0.013160256970230742
0.9016037657403225 0.013005616917639344
0.9087924065757916 0.012744863612226556
0.9157348061512727 0.012386186127599902
0.9224267826248536 0.011938031852154488
0.928864305000136 0.011409060396031552
0.9350434955543556 0.010808116486678059
0.9409606321741775 0.010144216450350104
0.9466121505977576 0.009426542424025125
0.9519946465617215 0.008664438473069667
0.9571048778517655 0.00786740325164186
0.9619397662556433 0.007045074655886231
0.9664963994173694 0.006207202987515799
0.9707720325915102 0.005363610362004528
0.9747640902965183 0.004524135356693044
0.9784701678661044 0.0036985631040171918
0.98188803289772 0.0028965421138406372
0.985015626597272 0.0021274899969906014
0.9878510650192642 0.0014004909229075558
0.9903926402016152 0.0007241880642863976
0.9926388211944706 0.00010667446833863758
0.9945882549823906 -0.00044461422700145417
0.9962397672993549 -0.000923002005219371
0.9975923633360985 -0.0013226667022034682
0.9986452283393451 -0.0016387237432880198
0.9993977281025862 -0.0018672973076374988
0.9998494093481021 -0.002005577278395621
1.0 -0.0020518607537234304
