1.0 0.0018802286847312657
0.9998494093481021 0.0019313198574314558
0.9993977281025862 0.0020845371246276867
0.9986452283393451 0.0023396926188010937
0.9975923633360985 0.0026964115548886863
0.9962397672993549 0.003154046687767532
0.9945882549823906 0.0037115718320051188
0.9926388211944706 0.00436746625633215
0.9903926402016152 0.005119603187833756
0.9878510650192642 0.0059651558562474165
0.985015626597272 0.006900533442792917
0.98188803289772 0.007921357046981258
0.9784701678661044 0.00902248252990713
0.9747640902965183 0.01019807310474613
0.9707720325915102 0.01144172016325978
0.9664963994173694 0.01274660642904704
0.9619397662556433 0.014105701499443648
0.9571048778517655 0.015511976538328
0.9519946465617215 0.016958622615296164
0.9466121505977576 0.018439256173504316
0.9409606321741775 0.019948095467130705
0.9350434955543556 0.021480093543975187
0.928864305000136 0.023031016347312857
0.9224267826248536 0.024597458553487675
0.9157348061512727 0.026176794536119537
0.9087924065757916 0.02776706697553416
0.9016037657403225 0.029366820698016514
0.894173213813303 0.030974893916069213
0.8865052266813687 0.03259018276225882
0.8786044232532422 0.034211397543876
0.8704755626774794 0.03583683026343873
0.8621235414757333 0.03746415253271534
0.8535533905932737 0.03909026106002334
0.8447702723685334 0.04071118454098695
0.8357794774235092 0.042322061276025495
0.8265864214768883 0.04391719151501289
0.8171966420818224 0.045490162802787386
0.8076157952903136 0.04703404091856003
0.7978496522462164 0.048541613819893775
0.7879040957089227 0.05000567173546213
0.7777851165098009 0.051419303549318486
0.7674988099435485 0.05277618813443876
0.7570513720966108 0.054070859457585434
0.746449096114892 0.05529892609304649
0.7356983684129987 0.056457229119388865
0.7248056648273034 0.057543926977952506
0.713777546715141 0.05855850138772046
0.7026206570024947 0.05950168440595397
0.691341716182545 0.06037531272355019
0.6799475182674938 0.0611821208107519
0.6684449266961098 0.061925489139748775
0.6568408701994456 0.06260916703387513
0.645142338627231 0.06323699145802598
0.6333563787374491 0.06381262312524223
0.6214900899516319 0.06433931964074419
0.6095506200784349 0.06481976216638041
0.5975451610080642 0.06525594752419242
0.5854809443801506 0.06564915213560316
0.5733652372276805 0.06599996816093737
0.5612053375996082 0.06630840615534923
0.54900857016478 0.06657405298922602
0.5367822817998334 0.06679626915535455
0.5245338371637088 0.06697440628931917
0.512270614261456 0.06710802404522238
0.4999999999999999 0.06719708554705052
0.4877293857385438 0.0672421124839663
0.475466162836291 0.06724428439647047
0.46321771820016633 0.06720547153426591
0.4509914298352198 0.0671281964649167
0.43879466240039156 0.06701552589932586
0.42663476277231926 0.06687090045315093
0.41451905561984914 0.0666979157554053
0.4024548389919357 0.06650007295813473
0.3904493799215649 0.06628051988493051
0.3785099100483679 0.06604180548593143
0.36664362126255073 0.0657856697877222
0.35485766137276875 0.06551288913817252
0.3431591298005543 0.06522319240661177
0.33155507330389 0.06491525821443762
0.320052481732506 0.06458679667152468
0.30865828381745486 0.06423471200371561
0.29737934299750524 0.06385533545236696
0.28622245328485874 0.06344471149084346
0.27519433517269654 0.0629989152767062
0.26430163158700104 0.06251437579841848
0.2535509038851079 0.061988177713912095
0.2429486279033891 0.061418315594024914
0.23250119005645137 0.060803877184051995
0.2222148834901989 0.0601451372131554
0.2120959042910774 0.059443549879579345
0.20215034775378343 0.05870163594151453
0.19238420470968637 0.05792276876226984
0.18280335791817703 0.05711087204251153
0.17341357852311146 0.05627004965519281
0.16422052257649067 0.05540417435110317
0.15522972763146647 0.05451646658281661
0.14644660940672616 0.053609096892194535
0.1378764585242665 0.05268284497830414
0.12952443732252045 0.05173684565503978
0.12139557674675777 0.0507684465652918
0.11349477331863145 0.04977319507692343
0.10582678618669683 0.048744962750536885
0.09839623425967753 0.047676205780129134
0.09120759342420814 0.0465583495939121
0.08426519384872727 0.04538227612735402
0.07757321737514639 0.04413888388498328
0.07113569499986394 0.042819684453707846
0.06495650444564427 0.04141739514971352
0.059039367825822475 0.03992648633154967
0.05338784940224234 0.03834364374858459
0.048005353438278275 0.03666811105275148
0.042895122148234655 0.034901885000847475
0.038060233744356575 0.033049745432641525
0.03350360058263052 0.031119113176921707
0.029227967408489597 0.029119740841357208
0.025235909703481607 0.027063253143713665
0.021529832133895532 0.024962564196633615
0.018111967102280024 0.02283120817716488
0.014984373402728013 0.020682626421680252
0.012148934980735715 0.018529457678673963
0.009607359798384785 0.016382878722830632
0.007361178805529334 0.014252039709512275
0.005411745017609493 0.012143632691938437
0.0037602327006450165 0.0100616230233677
0.0024076366639015356 0.008007162513610055
0.0013547716606548965 0.005978690952385874
0.0006022718974137975 0.00397221980640662
0.00015059065189787502 0.001981779442037572
0.0 0.0
0.00015059065189787502 -0.0014171804174422748
0.0006022718974137975 -0.002825796396716253
0.0013547716606548965 -0.00421709371318586
0.0024076366639015356 -0.005583051259478702
0.0037602327006450165 -0.00691669848634842
0.005411745017609493 -0.008212377212353069
0.007361178805529334 -0.009465934850986787
0.009607359798384785 -0.010674840386340053
0.012148934980735715 -0.011838219187388577
0.014984373402728013 -0.012956807656483254
0.018111967102280024 -0.014032833422713796
0.021529832133895532 -0.015069830996669054
0.025235909703481607 -0.01607240622192557
0.029227967408489597 -0.017045965273633903
0.03350360058263052 -0.01799642522538457
0.038060233744356575 -0.01892992327740197
0.042895122148234655 -0.019852540645940678
0.048005353438278275 -0.020770054974326616
0.05338784940224234 -0.021687732133908955
0.059039367825822475 -0.02261016469083747
0.06495650444564427 -0.023541160413653173
0.07113569499986394 -0.0244836802950295
0.07757321737514639 -0.02543982195891995
0.08426519384872727 -0.026410841291601043
0.09120759342420814 -0.02739720289042139
0.09839623425967753 -0.028398648618985528
0.10582678618669683 -0.029414273265307683
0.11349477331863145 -0.030442597010468305
0.12139557674675777 -0.03148162603854233
0.12952443732252045 -0.032528894989885836
0.1378764585242665 -0.03358148785568223
0.14644660940672616 -0.03463603706727587
0.15522972763146647 -0.03568870366499045
0.16422052257649067 -0.036735144256967535
0.17341357852311146 -0.0377704727442359
0.18280335791817703 -0.038789226285536806
0.19238420470968637 -0.0397853455597109
0.20215034775378343 -0.04075217898544962
0.2120959042910774 -0.04168251919008415
0.2222148834901989 -0.04256867777397626
0.23250119005645137 -0.04340260146232502
0.2429486279033891 -0.04417602930073178
0.2535509038851079 -0.044880686907581596
0.26430163158700104 -0.04550851024106734
0.27519433517269654 -0.04605188816725585
0.28622245328485874 -0.046503910600416795
0.29737934299750524 -0.046858607355460304
0.30865828381745486 -0.047111162269064095
0.320052481732506 -0.047258087698345747
0.33155507330389 -0.04729734619637232
0.3431591298005543 -0.04722840890868309
0.35485766137276875 -0.04705224386922134
0.36664362126255073 -0.04677123166227855
0.3785099100483679 -0.04638901057012062
0.3904493799215649 -0.04591025802162683
0.4024548389919357 -0.045340419563368116
0.41451905561984914 -0.044685400373168024
0.42663476277231926 -0.043951237246914965
0.43879466240039156 -0.04314377078998453
0.4509914298352198 -0.04226833808749765
0.46321771820016633 -0.04132950535108291
0.475466162836291 -0.04033085797297397
0.4877293857385438 -0.03927486217971252
0.4999999999999999 -0.0381628082674369
0.512270614261456 -0.036994840486507474
0.5245338371637088 -0.03577007334205521
0.5367822817998334 -0.03448678873324715
0.54900857016478 -0.033142703315407064
0.5612053375996082 -0.03173529106291187
0.5733652372276805 -0.030262142521471806
0.5854809443801506 -0.02872133988844961
0.5975451610080642 -0.0271118259950272
0.6095506200784349 -0.025433745544127417
0.6214900899516319 -0.02368873855390097
0.6333563787374491 -0.021880168753236104
0.645142338627231 -0.020013273481233426
0.6568408701994456 -0.01809522620232629
0.6684449266961098 -0.016135107763736174
0.6799475182674938 -0.014143787669853046
0.691341716182545 -0.01213372160529846
0.7026206570024947 -0.010118675901746334
0.713777546715141 -0.008113393350234933
0.7248056648273034 -0.0061332175047217816
0.7356983684129987 -0.004193694266952706
0.746449096114892 -0.002310170026279267
0.7570513720966108 -0.0004974049672679383
0.7674988099435485 0.0012307815571279048
0.7777851165098009 0.002861819303560146
0.7879040957089227 0.0043846380914529005
0.7978496522462164 0.005789854213116072
0.8076157952903136 0.007069889030820375
0.8171966420818224 0.008219020370330355
0.8265864214768883 0.009233370890265349
0.8357794774235092 0.010110840659945726
0.8447702723685334 0.010850993554471118
0.8535533905932737 0.011454908668875045
0.8621235414757333 0.011925008716642729
0.8704755626774794 0.012264877323862867
0.8786044232532422 0.012479076325511759
0.8865052266813687 0.012572972727964272
0.894173213813303 0.012552583070396332
0.9016037657403225 0.012424440668511021
0.9087924065757916 0.012195488837102189
0.9157348061512727 0.01187300083887701
0.9224267826248536 0.011464525154320287
0.928864305000136 0.010977852842745071
0.9350434955543556 0.010421002365044618
0.9409606321741775 0.009802216322169849
0.9466121505977576 0.009129964148204424
0.9519946465617215 0.008412944863427477
0.9571048778517655 0.007660084488233408
0.9619397662556433 0.006880523564474968
0.9664963994173694 0.006083591330391338
0.9707720325915102 0.005278764344025405
0.9747640902965183 0.0044756086437061976
0.9784701678661044 0.003683705777253225
0.98188803289772 0.0029125641438004827
0.985015626597272 0.0021715180133082693
0.9878510650192642 0.0014696172811652078
0.9903926402016152 0.0008155114637954635
0.9926388211944706 0.00021733165184347966
0.9945882549823906 -0.00031742586627141233
0.9962397672993549 -0.0007820107797536296
0.9975923633360985 -0.0011705215162240664
0.9986452283393451 -0.0014779967813975366
0.9993977281025862 -0.0017004935263776788
0.9998494093481021 -0.0018351494603249638
1.0 -0.0018802286847312657
