1.0 0.0015564295501756392
0.9998494093481021 0.0016039747550233461
0.9993977281025862 0.0017465786460839313
0.9986452283393451 0.0019841276552990212
0.9975923633360985 0.002316373162557171
0.9962397672993549 0.002742849252067318
0.9945882549823906 0.003262770463435965
0.9926388211944706 0.0038749209914987663
0.9903926402016152 0.0045775481480698705
0.9878510650192642 0.00536827305654195
0.985015626597272 0.006244030474706799
0.98188803289772 0.007201047409097268
0.9784701678661044 0.00823486697538034
0.9747640902965183 0.009340420042102938
0.9707720325915102 0.01051214290381696
0.9664963994173694 0.011744134936859132
0.9619397662556433 0.013030346276032789
0.9571048778517655 0.014364782366570673
0.9519946465617215 0.015741710090228168
0.9466121505977576 0.017155849251930075
0.9409606321741775 0.01860253365703702
0.9350434955543556 0.020077827808971816
0.928864305000136 0.02157858829792399
0.9224267826248536 0.023102463011919032
0.9157348061512727 0.024647826069897023
0.9087924065757916 0.02621365147520204
0.9016037657403225 0.027799333504387774
0.894173213813303 0.02940446636621189
0.8865052266813687 0.031028599307401795
0.8786044232532422 0.03267098578807569
0.8704755626774794 0.034330346375027965
0.8621235414757333 0.0360046644914523
0.8535533905932737 0.037691032125591585
0.8447702723685334 0.03938555917052712
0.8357794774235092 0.0410833554898137
0.8265864214768883 0.04277858942225385
0.8171966420818224 0.0444646206669581
0.8076157952903136 0.04613419977753441
0.7978496522462164 0.04777972129387973
0.7879040957089227 0.049393513268805284
0.7777851165098009 0.0509681429529362
0.7674988099435485 0.05249671693559571
0.7570513720966108 0.053973154233487655
0.746449096114892 0.05539241267393491
0.7356983684129987 0.05675065230415983
0.7248056648273034 0.05804532421863916
0.713777546715141 0.05927517877534815
0.7026206570024947 0.06044019323524895
0.691341716182545 0.06154142493245746
0.6799475182674938 0.06258080168595336
0.6684449266961098 0.06356086585277182
0.6568408701994456 0.06448449182308999
0.645142338627231 0.0653545985963035
0.6333563787374491 0.06617387920467054
0.6214900899516319 0.06694456715461947
0.6095506200784349 0.06766825686125623
0.5975451610080642 0.06834579051426257
0.5854809443801506 0.06897721829820505
0.5733652372276805 0.06956183284310748
0.5612053375996082 0.0700982726931024
0.54900857016478 0.0705846839489508
0.5367822817998334 0.07101892452647542
0.5245338371637088 0.07139879206727007
0.512270614261456 0.07172225472533333
0.4999999999999999 0.07198766398945514
0.4877293857385438 0.0721939303992929
0.475466162836291 0.0723406463408826
0.46321771820016633 0.07242814479672577
0.4509914298352198 0.07245748859318714
0.43879466240039156 0.07243039086520565
0.42663476277231926 0.07234907362914186
0.41451905561984914 0.07221607699701105
0.4024548389919357 0.07203403619446012
0.3904493799215649 0.07180544675308415
0.3785099100483679 0.07153243973950639
0.36664362126255073 0.07121658850149341
0.35485766137276875 0.07085876615082848
0.3431591298005543 0.0704590690153536
0.33155507330389 0.07001681587651629
0.320052481732506 0.06953062638653025
0.30865828381745486 0.06899857514593256
0.29737934299750524 0.06841841108510857
0.28622245328485874 0.06778782560653207
0.27519433517269654 0.06710474794276797
0.26430163158700104 0.06636764281973598
0.2535509038851079 0.06557578411430437
0.2429486279033891 0.06472947893764672
0.23250119005645137 0.06383021946959556
0.2222148834901989 0.06288074474952553
0.2120959042910774 0.0618850011667374
0.20215034775378343 0.06084799811653383
0.19238420470968637 0.05977556361796926
0.18280335791817703 0.0586740129818755
0.17341357852311146 0.05754975121428152
0.16422052257649067 0.056408836118148835
0.15522972763146647 0.055256533478812014
0.14644660940672616 0.054096897879072535
0.1378764585242665 0.05293241234665487
0.12952443732252045 0.05176371713516118
0.12139557674675777 0.050589452621061674
0.11349477331863145 0.04940623389431075
0.10582678618669683 0.04820876562775927
0.09839623425967753 0.04699009586314478
0.09120759342420814 0.04574199716979745
0.08426519384872727 0.044455453972209596
0.07757321737514639 0.04312122643872698
0.07113569499986394 0.041730454832816954
0.06495650444564427 0.04027526417912106
0.059039367825822475 0.038749327846548394
0.05338784940224234 0.037148350357107666
0.048005353438278275 0.03547043433314589
0.042895122148234655 0.033716303723081376
0.038060233744356575 0.03188936482418825
0.03350360058263052 0.02999559751178696
0.029227967408489597 0.02804328072712854
0.025235909703481607 0.026042567844166697
0.021529832133895532 0.024004938194307157
0.018111967102280024 0.02194255999864047
0.014984373402728013 0.019867606572142812
0.012148934980735715 0.017791571419625
0.009607359798384785 0.015724628435991612
0.007361178805529334 0.013675080776330643
0.005411745017609493 0.011648936230436627
0.0037602327006450165 0.009649638501290836
0.0024076366639015356 0.007677973225343028
0.0013547716606548965 0.005732155618815034
0.0006022718974137975 0.003808094128006776
0.00015059065189787502 0.001899812286291524
0.0 0.0
0.00015059065189787502 -0.0015439782653452042
0.0006022718974137975 -0.0030798736963902084
0.0013547716606548965 -0.004599488493712772
0.0024076366639015356 -0.006095313856801236
0.0037602327006450165 -0.0075608286075731146
0.005411745017609493 -0.008990745877725727
0.007361178805529334 -0.010381195772553226
0.009607359798384785 -0.011729835922769783
0.012148934980735715 -0.013035886277430775
0.014984373402728013 -0.014300089065905134
0.018111967102280024 -0.015524599249700552
0.021529832133895532 -0.016712814697623715
0.025235909703481607 -0.01786915849102333
0.029227967408489597 -0.018998827998112845
0.03350360058263052 -0.02010752651786034
0.038060233744356575 -0.021201193335572507
0.042895122148234655 -0.02228574698821425
0.048005353438278275 -0.023366854521361315
0.05338784940224234 -0.0244497367149769
0.059039367825822475 -0.025539015900358987
0.06495650444564427 -0.026638609360002268
0.07113569499986394 -0.027751667684566907
0.07757321737514639 -0.02888055413743606
0.08426519384872727 -0.030026858298626738
0.09120759342420814 -0.031191435228472352
0.09839623425967753 -0.03237446024592942
0.10582678618669683 -0.033575489220924126
0.11349477331863145 -0.034793515020899356
0.12139557674675777 -0.03602701233833344
0.12952443732252045 -0.03727396539969
0.1378764585242665 -0.038531875803039184
0.14644660940672616 -0.03979775069982888
0.15522972763146647 -0.04106807445717584
0.16422052257649067 -0.04233876954642761
0.17341357852311146 -0.043605154463497595
0.18280335791817703 -0.044861907803878213
0.19238420470968637 -0.0461030480587815
0.20215034775378343 -0.0473219382091954
0.2120959042910774 -0.04851132278993651
0.2222148834901989 -0.049663402870900604
0.23250119005645137 -0.05076995152240202
0.2429486279033891 -0.05182246901803506
0.2535509038851079 -0.05281237354466034
0.26430163158700104 -0.053731219817972464
0.27519433517269654 -0.05457093502488119
0.28622245328485874 -0.055324059187967144
0.29737934299750524 -0.055983975585491695
0.30865828381745486 -0.05654511641410714
0.320052481732506 -0.05700312952738794
0.33155507330389 -0.057354993816840796
0.3431591298005543 -0.05759907353575961
0.35485766137276875 -0.05773510543525653
0.36664362126255073 -0.05776411675468387
0.3785099100483679 -0.057688276603784124
0.3904493799215649 -0.05751068777931724
0.4024548389919357 -0.057235130254843794
0.41451905561984914 -0.056865771164431624
0.42663476277231926 -0.05640685880264915
0.43879466240039156 -0.055862419775069255
0.4509914298352198 -0.05523597881942774
0.46321771820016633 -0.054530319924880305
0.475466162836291 -0.053747305240763016
0.4877293857385438 -0.05288776500835948
0.4999999999999999 -0.05195146756905427
0.512270614261456 -0.05093717366420773
0.5245338371637088 -0.04984277405689429
0.5367822817998334 -0.04866550430917398
0.54900857016478 -0.04740222567863135
0.5612053375996082 -0.04604975687110361
0.5733652372276805 -0.04460523807660285
0.5854809443801506 -0.04306650653491128
0.5975451610080642 -0.041432461963364434
0.6095506200784349 -0.03970340058506771
0.6214900899516319 -0.037881298187569
0.6333563787374491 -0.035970025502613974
0.645142338627231 -0.03397548303526916
0.6568408701994456 -0.03190564703304914
0.6684449266961098 -0.029770523277692182
0.6799475182674938 -0.02758201048671722
0.691341716182545 -0.025353680011170072
0.7026206570024947 -0.023100482913017858
0.713777546715141 -0.020838399143437058
0.7248056648273034 -0.01858404622076122
0.7356983684129987 -0.016354266390901828
0.746449096114892 -0.014165711685081555
0.7570513720966108 -0.012034445587219606
0.7674988099435485 -0.009975578276096016
0.7777851165098009 -0.008002949768934292
0.7879040957089227 -0.006128871967627066
0.7978496522462164 -0.004363936835996553
0.8076157952903136 -0.0027168939733081677
0.8171966420818224 -0.0011945969523384891
0.8265864214768883 0.00019798580155348756
0.8357794774235092 0.0014577028948623758
0.8447702723685334 0.002583104327959305
0.8535533905932737 0.003574289680166552
0.8621235414757333 0.0044327322678661
0.8704755626774794 0.005161091412585996
0.8786044232532422 0.005763024188652334
0.8865052266813687 0.006243006607740898
0.894173213813303 0.006606172285545108
0.9016037657403225 0.006858174391964336
0.9087924065757916 0.007005074288625855
0.9157348061512727 0.007053257880633314
0.9224267826248536 0.00700937851205518
0.928864305000136 0.006880323350009703
0.9350434955543556 0.006673198730224346
0.9409606321741775 0.006395328939889223
0.9466121505977576 0.006054262414657175
0.9519946465617215 0.005657779311577706
0.9571048778517655 0.005213894841435321
0.9619397662556433 0.0047308535288426625
0.9664963994173694 0.004217110624599687
0.9707720325915102 0.0036812981207564772
0.9747640902965183 0.003132174112085595
0.9784701678661044 0.0025785555129174053
0.98188803289772 0.0020292352937654233
0.985015626597272 0.0014928863845347588
0.9878510650192642 0.0009779551581322464
0.9903926402016152 0.0004925479394774206
0.9926388211944706 4.4314280071250855e-05
0.9945882549823906 -0.0003596691854718687
0.9962397672993549 -0.0007130105970562286
0.9975923633360985 -0.0010101070001832736
0.9986452283393451 -0.001246237682437217
0.9993977281025862 -0.00141764409024581
0.9998494093481021 -0.001521594180241535
1.0 -0.0015564295501756392
