1.0 0.0019884235658012123
0.9998494093481021 0.00203520114200512
0.9993977281025862 0.0021754702459387864
0.9986452283393451 0.0024090225018850624
0.9975923633360985 0.00273545423353449
0.9962397672993549 0.0031540885524513774
0.9945882549823906 0.0036638789747170534
0.9926388211944706 0.004263305834252036
0.9903926402016152 0.004950278085820726
0.9878510650192642 0.005722053225484545
0.985015626597272 0.00657518696969235
0.98188803289772 0.007505522102509788
0.9784701678661044 0.00850822270199198
0.9747640902965183 0.009577856057390852
0.9707720325915102 0.01070852032040864
0.9664963994173694 0.011894011665643734
0.9619397662556433 0.01312802084401133
0.9571048778517655 0.01440434584916793
0.9519946465617215 0.01571710527612449
0.9466121505977576 0.017060936047046272
0.9409606321741775 0.01843115962464761
0.9350434955543556 0.019823902629561446
0.928864305000136 0.021236160811830888
0.9224267826248536 0.022665799379282224
0.9157348061512727 0.02411148744850406
0.9087924065757916 0.025572569483624446
0.9016037657403225 0.027048881614809325
0.894173213813303 0.028540525271034404
0.8865052266813687 0.030047614240567663
0.8786044232532422 0.03157001377153314
0.8704755626774794 0.03310709141794726
0.8621235414757333 0.03465749890789952
0.8535533905932737 0.03621900236532873
0.8447702723685334 0.037788374882809395
0.8357794774235092 0.03936136096126104
0.8265864214768883 0.04093271704054664
0.8171966420818224 0.04249632664915216
0.8076157952903136 0.04404538304577931
0.7978496522462164 0.04557262705720363
0.7879040957089227 0.04707062354788548
0.7777851165098009 0.048532056932999744
0.7674988099435485 0.049950024617334415
0.7570513720966108 0.05131830734065592
0.746449096114892 0.052631597139689054
0.7356983684129987 0.0538856668717264
0.7248056648273034 0.055077469737743606
0.713777546715141 0.05620516264410605
0.7026206570024947 0.057268053126772175
0.691341716182545 0.05826647546410751
0.6799475182674938 0.05920160705351596
0.6684449266961098 0.060075240686170955
0.6568408701994456 0.06088953165538673
0.645142338627231 0.0616467404090803
0.6333563787374491 0.06234899155855148
0.6214900899516319 0.06299806847212479
0.6095506200784349 0.06359525953722413
0.5975451610080642 0.06414126771978747
0.5854809443801506 0.06463618964517133
0.5733652372276805 0.0650795645090697
0.5612053375996082 0.06547048718425949
0.54900857016478 0.06580777440851399
0.5367822817998334 0.06609016837584179
0.5245338371637088 0.06631655879067877
0.512270614261456 0.06648620276247681
0.4999999999999999 0.06659892196850307
0.4877293857385438 0.06665525830651832
0.475466162836291 0.06665657266364942
0.46321771820016633 0.06660507617609869
0.4509914298352198 0.06650378906515785
0.43879466240039156 0.06635642834284255
0.42663476277231926 0.06616723187262388
0.41451905561984914 0.0659407319286295
0.4024548389919357 0.06568149603822034
0.3904493799215649 0.06539385611240822
0.3785099100483679 0.0650816483713879
0.36664362126255073 0.0647479862003632
0.35485766137276875 0.06439508581753418
0.3431591298005543 0.06402416065009983
0.33155507330389 0.06363539488942287
0.320052481732506 0.06322800025121197
0.30865828381745486 0.06280035301125948
0.29737934299750524 0.062350201485217645
0.28622245328485874 0.06187492784352623
0.27519433517269654 0.061371843033403047
0.26430163158700104 0.06083849007051458
0.2535509038851079 0.060272929395454984
0.2429486279033891 0.05967398054736443
0.23250119005645137 0.05904139710492815
0.2222148834901989 0.058375956527890925
0.2120959042910774 0.05767945288128678
0.20215034775378343 0.05695458797969088
0.19238420470968637 0.05620476468187598
0.18280335791817703 0.05543379426377537
0.17341357852311146 0.05464553734917214
0.16422052257649067 0.05384350416642656
0.15522972763146647 0.05303044439208911
0.14644660940672616 0.05220795913118134
0.1378764585242665 0.05137616742297116
0.12952443732252045 0.05053345698758371
0.12139557674675777 0.04967634387261154
0.11349477331863145 0.048799458536443435
0.10582678618669683 0.04789566719894897
0.09839623425967753 0.04695632761572271
0.09120759342420814 0.04597166849289784
0.08426519384872727 0.044931272295650665
0.07757321737514639 0.04382463293590648
0.07113569499986394 0.04264175340030444
0.06495650444564427 0.041373744320722494
0.059039367825822475 0.040013383153126476
0.05338784940224234 0.03855559517703228
0.048005353438278275 0.03699782190721042
0.042895122148234655 0.035340249460414766
0.038060233744356575 0.03358587848727461
0.03350360058263052 0.03174042784384028
0.029227967408489597 0.029812075499430345
0.025235909703481607 0.02781105145138454
0.021529832133895532 0.025749107829011388
0.018111967102280024 0.023638900156294843
0.014984373402728013 0.02149332025238912
0.012148934980735715 0.019324824985154195
0.009607359798384785 0.017144805756545988
0.007361178805529334 0.014963041109947119
0.005411745017609493 0.012787269356473733
0.0037602327006450165 0.010622909986421186
0.0024076366639015356 0.008472952423228701
0.0013547716606548965 0.006338019104304667
0.0006022718974137975 0.0042165977520705125
0.00015059065189787502 0.0021054258896482723
0.0 0.0
0.00015059065189787502 -0.0015668456383173637
0.0006022718974137975 -0.00312382787570349
0.0013547716606548965 -0.004660876262185421
0.0024076366639015356 -0.006168684023697533
0.0037602327006450165 -0.007639040524013083
0.005411745017609493 -0.009065107781623883
0.007361178805529334 -0.010441627997623599
0.009607359798384785 -0.011765053341509972
0.012148934980735715 -0.013033594009175415
0.014984373402728013 -0.014247185479864534
0.018111967102280024 -0.015407380618526768
0.021529832133895532 -0.01651717647682153
0.025235909703481607 -0.017580789061383245
0.029227967408489597 -0.01860339174454159
0.03350360058263052 -0.01959083424990173
0.038060233744356575 -0.020549359198589617
0.042895122148234655 -0.021485332086235445
0.048005353438278275 -0.02240499839593962
0.05338784940224234 -0.023314278533757993
0.059039367825822475 -0.024218607655316353
0.06495650444564427 -0.025122823528996148
0.07113569499986394 -0.02603110166312544
0.07757321737514639 -0.026946933314624884
0.08426519384872727 -0.02787313896678305
0.09120759342420814 -0.028811907635185225
0.09839623425967753 -0.029764851086487118
0.10582678618669683 -0.030733061809084763
0.11349477331863145 -0.03171716434843977
0.12139557674675777 -0.032717351321456443
0.12952443732252045 -0.033733397888372575
0.1378764585242665 -0.034764651461303586
0.14644660940672616 -0.03580999669810461
0.15522972763146647 -0.03686779908046841
0.16422052257649067 -0.037935833320801415
0.17341357852311146 -0.03901120522363953
0.18280335791817703 -0.04009027723077857
0.19238420470968637 -0.04116860855501114
0.20215034775378343 -0.042240920481138144
0.2120959042910774 -0.04330109609240448
0.2222148834901989 -0.04434222145505009
0.23250119005645137 -0.04535667232775325
0.2429486279033891 -0.046336246983553174
0.2535509038851079 -0.04727234201180478
0.26430163158700104 -0.04815616430354996
0.27519433517269654 -0.048978969113345594
0.28622245328485874 -0.049732311410022545
0.29737934299750524 -0.050408295910328846
0.30865828381745486 -0.05099981040298576
0.320052481732506 -0.05150072731035058
0.33155507330389 -0.0519060599103706
0.3431591298005543 -0.052212062176496835
0.35485766137276875 -0.05241626462992773
0.36664362126255073 -0.05251744270861545
0.3785099100483679 -0.052515518658100835
0.3904493799215649 -0.052411402523625875
0.4024548389919357 -0.05220678214324271
0.41451905561984914 -0.05190387579288529
0.42663476277231926 -0.051505164037760086
0.43879466240039156 -0.05101311917781961
0.4509914298352198 -0.050429951289584767
0.46321771820016633 -0.049757389197772034
0.475466162836291 -0.04899651278327188
0.4877293857385438 -0.04814764996258201
0.4999999999999999 -0.047210347652019494
0.512270614261456 -0.04618342131932699
0.5245338371637088 -0.045065082635976986
0.5367822817998334 -0.04385313961314488
0.54900857016478 -0.04254525877421836
0.5612053375996082 -0.04113927470806244
0.5733652372276805 -0.03963352903909112
0.5854809443801506 -0.03802721866030942
0.5975451610080642 -0.036320732145880066
0.6095506200784349 -0.03451595364749214
0.6214900899516319 -0.032616515252934956
0.6333563787374491 -0.030627981629930863
0.645142338627231 -0.0285579546016585
0.6568408701994456 -0.026416089848865957
0.6684449266961098 -0.02421402290974263
0.6799475182674938 -0.021965206732732438
0.691341716182545 -0.019684667908437356
0.7026206570024947 -0.01738869306479352
0.713777546715141 -0.015094460495507698
0.7248056648273034 -0.012819634703041406
0.7356983684129987 -0.010581943040961713
0.746449096114892 -0.008398753979008347
0.7570513720966108 -0.006286675707934088
0.7674988099435485 -0.004261191943811019
0.7777851165098009 -0.0023363490414412876
0.7879040957089227 -0.000524505093731722
0.7978496522462164 0.0011638521762320558
0.8076157952903136 0.002720215968384617
0.8171966420818224 0.004138100599775407
0.8265864214768883 0.0054130161629628816
0.8357794774235092 0.006542385561574838
0.8447702723685334 0.007525414225538976
0.8535533905932737 0.008362924392230171
0.8621235414757333 0.009057166571381581
0.8704755626774794 0.009611620704393569
0.8786044232532422 0.010030798651218515
0.8865052266813687 0.010320058106017604
0.894173213813303 0.010485436008151081
0.9016037657403225 0.010533507152866639
0.9087924065757916 0.010471271200756414
0.9157348061512727 0.010306068816855973
0.9224267826248536 0.010045525402620282
0.928864305000136 0.009697518953270593
0.9350434955543556 0.009270167080694839
0.9409606321741775 0.008771827250383505
0.9466121505977576 0.00821110381135258
0.9519946465617215 0.007596855433464575
0.9571048778517655 0.006938197055761156
0.9619397662556433 0.006244491313950829
0.9664963994173694 0.005525325557874605
0.9707720325915102 0.004790471883807691
0.9747640902965183 0.004049828984473744
0.9784701678661044 0.003313345961987458
0.98188803289772 0.0025909294704151544
0.985015626597272 0.0018923365895177433
0.9878510650192642 0.0012270566359594724
0.9903926402016152 0.0006041856720574155
0.9926388211944706 3.2297775500233616e-05
0.9945882549823906 -0.00048068279507640626
0.9962397672993549 -0.0009276045321108134
0.9975923633360985 -0.001302202989905646
0.9986452283393451 -0.001599203159043588
0.9993977281025862 -0.0018144070674820352
0.9998494093481021 -0.0019447642885852914
1.0 -0.0019884235658012123
