1.0 0.0021291844971475346
0.9998494093481021 0.002176092124879164
0.9993977281025862 0.002316750089506525
0.9986452283393451 0.0025509460759547825
0.9975923633360985 0.0028782696522198937
0.9962397672993549 0.003298034079704029
0.9945882549823906 0.003809179552162049
0.9926388211944706 0.004410169138324325
0.9903926402016152 0.00509889002319681
0.9878510650192642 0.005872572769835991
0.985015626597272 0.006727740226095565
0.98188803289772 0.007660195456901702
0.9784701678661044 0.008665054872062731
0.9747640902965183 0.009736828810527301
0.9707720325915102 0.010869547568243544
0.9664963994173694 0.012056926590052641
0.9619397662556433 0.013292560664453742
0.9571048778517655 0.014570133815728694
0.9519946465617215 0.01588362947655104
0.9466121505977576 0.017227524659083213
0.9409606321741775 0.018596952335136214
0.9350434955543556 0.019987818084706354
0.928864305000136 0.021396860160966556
0.9224267826248536 0.022821646225531057
0.9157348061512727 0.024260504817495636
0.9087924065757916 0.025712394754853894
0.9016037657403225 0.027176720713715144
0.894173213813303 0.02865310777407609
0.8865052266813687 0.030141151378168824
0.8786044232532422 0.03164016160073876
0.8704755626774794 0.03314892165383498
0.8621235414757333 0.03466548002739909
0.8535533905932737 0.03618699360939628
0.8447702723685334 0.037709635667714056
0.8357794774235092 0.03922857795784054
0.8265864214768883 0.040738050789414657
0.8171966420818224 0.04223147905534658
0.8076157952903136 0.0437016864513928
0.7978496522462164 0.04514115484582605
0.7879040957089227 0.046542321417661195
0.7777851165098009 0.04789789311875901
0.7674988099435485 0.04920115648355518
0.7570513720966108 0.05044626094499479
0.746449096114892 0.051628455620576996
0.7356983684129987 0.05274426288009853
0.7248056648273034 0.05379157664535923
0.713777546715141 0.0547696789462667
0.7026206570024947 0.0556791743353981
0.691341716182545 0.05652184786953615
0.6799475182674938 0.057300458022505385
0.6684449266961098 0.05801848065280398
0.6568408701994456 0.058679823635552734
0.645142338627231 0.059288533704785734
0.6333563787374491 0.05984851728567453
0.6214900899516319 0.06036329560950565
0.6095506200784349 0.06083581131794016
0.5975451610080642 0.06126829932734926
0.5854809443801506 0.06166222929870699
0.5733652372276805 0.06201832108479021
0.5612053375996082 0.06233662849144719
0.54900857016478 0.06261668108731898
0.5367822817998334 0.06285766908705649
0.5245338371637088 0.06305865290600464
0.512270614261456 0.06321877712526303
0.4999999999999999 0.06333746847309327
0.4877293857385438 0.06341459903831614
0.475466162836291 0.06345059915594199
0.46321771820016633 0.06344650898207826
0.4509914298352198 0.06340396332668871
0.43879466240039156 0.06332511037664162
0.42663476277231926 0.06321247100750498
0.41451905561984914 0.06306875093422505
0.4024548389919357 0.062896622507826
0.3904493799215649 0.0626984961235156
0.3785099100483679 0.0624763026716865
0.36664362126255073 0.06223130808038295
0.35485766137276875 0.06196397876065751
0.3431591298005543 0.06167391282427985
0.33155507330389 0.06135984659099085
0.320052481732506 0.061019739557995535
0.30865828381745486 0.06065093417742067
0.29737934299750524 0.060250380039569
0.28622245328485874 0.0598149059595274
0.27519433517269654 0.059341518541388756
0.26430163158700104 0.05882770249433693
0.2535509038851079 0.05827169662334232
0.2429486279033891 0.057672720189332935
0.23250119005645137 0.05703112723685179
0.2222148834901989 0.05634847135659532
0.2120959042910774 0.05562746985796646
0.20215034775378343 0.05487186400419701
0.19238420470968637 0.0540861802341537
0.18280335791817703 0.05327540552127961
0.17341357852311146 0.05244459754708055
0.16422052257649067 0.051598456576356644
0.15522972763146647 0.05074089028192378
0.14644660940672616 0.04987460487523946
0.1378764585242665 0.049000755517349816
0.12952443732252045 0.04811868605942209
0.12139557674675777 0.04722578283602072
0.11349477331863145 0.04631745983760709
0.10582678618669683 0.045387283618952765
0.09839623425967753 0.04442723638735268
0.09120759342420814 0.043428105576247975
0.08426519384872727 0.042379978598334846
0.07757321737514639 0.04127281311798771
0.07113569499986394 0.04009704673902664
0.06495650444564427 0.03884420599553033
0.059039367825822475 0.03750747331546517
0.05338784940224234 0.036082172354476805
0.048005353438278275 0.03456613671039117
0.042895122148234655 0.03295993425371929
0.038060233744356575 0.03126692867435041
0.03350360058263052 0.029493170712824004
0.029227967408489597 0.027647123158514832
0.025235909703481607 0.025739235232703026
0.021529832133895532 0.023781392601201677
0.018111967102280024 0.021786278202829974
0.014984373402728013 0.019766685672598573
0.012148934980735715 0.017734830880229004
0.009607359798384785 0.015701707694437208
0.007361178805529334 0.013676531444785122
0.005411745017609493 0.01166630784166182
0.0037602327006450165 0.0096755567097404
0.0024076366639015356 0.007706209366706252
0.0013547716606548965 0.005757686569194118
0.0006022718974137975 0.003827151487913199
0.00015059065189787502 0.0019099200440771244
0.0 0.0
0.00015059065189787502 -0.0012740850506102875
0.0006022718974137975 -0.0025394039224733676
0.0013547716606548965 -0.0037869478985826377
0.0024076366639015356 -0.005008484695128177
0.0037602327006450165 -0.006196894690433219
0.005411745017609493 -0.007346448259008555
0.007361178805529334 -0.008453010501985471
0.009607359798384785 -0.009514164202107274
0.012148934980735715 -0.010529246874904415
0.014984373402728013 -0.011499302988537583
0.018111967102280024 -0.012426957426636546
0.021529832133895532 -0.01331622073350315
0.025235909703481607 -0.014172240314566518
0.029227967408489597 -0.015001014336441538
0.03350360058263052 -0.01580908643011838
0.038060233744356575 -0.016603239387865038
0.042895122148234655 -0.017390204893104347
0.048005353438278275 -0.018176404056368247
0.05338784940224234 -0.018967730352234168
0.059039367825822475 -0.0197693827276028
0.06495650444564427 -0.020585752488399205
0.07113569499986394 -0.0214203633954008
0.07757321737514639 -0.022275860529016485
0.08426519384872727 -0.023154040204793936
0.09120759342420814 -0.02405591077068302
0.09839623425967753 -0.02498177265791444
0.10582678618669683 -0.025931305672114133
0.11349477331863145 -0.02690365219509062
0.12139557674675777 -0.027897486630014
0.12952443732252045 -0.02891106389530558
0.1378764585242665 -0.029942242823937523
0.14644660940672616 -0.030988483679073826
0.15522972763146647 -0.03204682235613029
0.16422052257649067 -0.033113826909445324
0.17341357852311146 -0.03418554454861357
0.18280335791817703 -0.03525744897229202
0.19238420470968637 -0.03632439868835103
0.20215034775378343 -0.037380616728973505
0.2120959042910774 -0.038419700912624775
0.2222148834901989 -0.03943467162112375
0.23250119005645137 -0.04041806111651311
0.2429486279033891 -0.041362044951194554
0.2535509038851079 -0.04225861230495957
0.26430163158700104 -0.04309976841849087
0.27519433517269654 -0.043877758990452584
0.28622245328485874 -0.04458530374763851
0.29737934299750524 -0.04521582462292745
0.30865828381745486 -0.04576365325787755
0.320052481732506 -0.04622420298095768
0.33155507330389 -0.04659409200688468
0.3431591298005543 -0.046871207276627976
0.35485766137276875 -0.04705470194658867
0.36664362126255073 -0.04714492380171085
0.3785099100483679 -0.047143276517292665
0.3904493799215649 -0.0470520203996597
0.4024548389919357 -0.046874023657332266
0.41451905561984914 -0.04661247906648088
0.42663476277231926 -0.04627060380986885
0.43879466240039156 -0.04585134205896876
0.4509914298352198 -0.045357090382724945
0.46321771820016633 -0.04478946523976914
0.475466162836291 -0.04414912967329219
0.4877293857385438 -0.04343569300059895
0.4999999999999999 -0.04264769297772576
0.512270614261456 -0.04178266489818562
0.5245338371637088 -0.040837296679346755
0.5367822817998334 -0.039807663553592415
0.54900857016478 -0.03868953087116255
0.5612053375996082 -0.037478709073140125
0.5733652372276805 -0.03617144139782854
0.5854809443801506 -0.03476480256911368
0.5975451610080642 -0.03325708572942955
0.6095506200784349 -0.03164815528206456
0.6214900899516319 -0.02993974506530677
0.6333563787374491 -0.02813568427323789
0.645142338627231 -0.026242037564492608
0.6568408701994456 -0.02426715059608504
0.6684449266961098 -0.022221597473911444
0.6799475182674938 -0.020118031990311293
0.691341716182545 -0.01797094968668843
0.7026206570024947 -0.015796372421782504
0.713777546715141 -0.013611470971894394
0.7248056648273034 -0.011434144025475247
0.7356983684129987 -0.009282573619871651
0.746449096114892 -0.007174777540470878
0.7570513720966108 -0.005128178480194147
0.7674988099435485 -0.00315920793484889
0.7777851165098009 -0.0012829600490661276
0.7879040957089227 0.0004870928561106955
0.7978496522462164 0.0021393152970257557
0.8076157952903136 0.003664050559470871
0.8171966420818224 0.005053690009541466
0.8265864214768883 0.0063026740065700035
0.8357794774235092 0.007407431867668141
0.8447702723685334 0.008366270855730672
0.8535533905932737 0.009179225870611048
0.8621235414757333 0.009847882367409362
0.8704755626774794 0.010375185018343327
0.8786044232532422 0.01076524384399816
0.8865052266813687 0.011023148082562375
0.894173213813303 0.011154796095490471
0.9016037657403225 0.011166747301947087
0.9087924065757916 0.01106609967873124
0.9157348061512727 0.010860393938818108
0.9224267826248536 0.01055754327444438
0.928864305000136 0.010165785656098176
0.9350434955543556 0.009693654217468142
0.9409606321741775 0.009149960288814641
0.9466121505977576 0.008543783186562575
0.9519946465617215 0.00788446090530607
0.9571048778517655 0.00718157633590751
0.9619397662556433 0.00644493446919874
0.9664963994173694 0.005684527140129885
0.9707720325915102 0.004910483114648834
0.9747640902965183 0.004133002614400904
0.9784701678661044 0.0033622766148892662
0.98188803289772 0.0026083923592930655
0.985015626597272 0.0018812274417142603
0.9878510650192642 0.0011903354924681152
0.9903926402016152 0.0005448269299048727
0.9926388211944706 -4.675156453217951e-05
0.9945882549823906 -0.0005765352135519211
0.9962397672993549 -0.0010374535177316516
0.9975923633360985 -0.0014233337296056295
0.9986452283393451 -0.0017289927361120623
0.9993977281025862 -0.0019503151128544075
0.9998494093481021 -0.0020843155754511514
1.0 -0.0021291844971475346
