1.0 0.0021094554625697977
0.9998494093481021 0.0021605434834718637
0.9993977281025862 0.0023137573509918303
0.9986452283393451 0.0025689269639856105
0.9975923633360985 0.0029257058248747664
0.9962397672993549 0.003383483557446499
0.9945882549823906 0.00394127680192261
0.9926388211944706 0.0045976103922260245
0.9903926402016152 0.005350402170810228
0.9878510650192642 0.006196865019515291
0.985015626597272 0.007133438645185855
0.98188803289772 0.00815576143081045
0.9784701678661044 0.009258689425642716
0.9747640902965183 0.010436365569951317
0.9707720325915102 0.011682337868144967
0.9664963994173694 0.012989720814032695
0.9619397662556433 0.014351390317841214
0.9571048778517655 0.015760199045633128
0.9519946465617215 0.01720919676192185
0.9466121505977576 0.018691839187759348
0.9409606321741775 0.020202169170108936
0.9350434955543556 0.021734955611611154
0.928864305000136 0.023285778525543577
0.9224267826248536 0.02485105254377772
0.9157348061512727 0.02642798590959563
0.9087924065757916 0.02801447705911879
0.9016037657403225 0.02960895592470457
0.894173213813303 0.031210181667413066
0.8865052266813687 0.0328170122806273
0.8786044232532422 0.03442816408285306
0.8704755626774794 0.03604198030411698
0.8621235414757333 0.03765622764664001
0.8535533905932737 0.0392679378671269
0.8447702723685334 0.04087330820833811
0.8357794774235092 0.04246767013895537
0.8265864214768883 0.04404553067668042
0.8171966420818224 0.045600684973760325
0.8076157952903136 0.04712639327866083
0.7978496522462164 0.04861561029711566
0.7879040957089227 0.05006125077170429
0.7777851165098009 0.05145647212596511
0.7674988099435485 0.05279495352578601
0.7570513720966108 0.05407115082981453
0.746449096114892 0.055280508635760284
0.7356983684129987 0.05641961385466073
0.7248056648273034 0.05748627971336163
0.713777546715141 0.05847955444748792
0.7026206570024947 0.059399654779157075
0.691341716182545 0.060247830110653565
0.6799475182674938 0.06102616873848295
0.6684449266961098 0.061737361867038196
0.6568408701994456 0.062384444412564626
0.645142338627231 0.06297053327102489
0.6333563787374491 0.06349858373483111
0.6214900899516319 0.06397118307497406
0.6095506200784349 0.0643903970851856
0.5975451610080642 0.06475768086906207
0.5854809443801506 0.0650738597028092
0.5733652372276805 0.06533917986766824
0.5612053375996082 0.06555342340302076
0.54900857016478 0.06571607527393464
0.5367822817998334 0.06582652693022999
0.5245338371637088 0.06588429703967041
0.512270614261456 0.06588924858225731
0.4999999999999999 0.06584178164369148
0.4877293857385438 0.0657429831494125
0.475466162836291 0.06559471829737108
0.46321771820016633 0.06539965330414883
0.4509914298352198 0.06516120488747192
0.43879466240039156 0.06488341819696246
0.42663476277231926 0.06457078115619162
0.41451905561984914 0.06422798887016141
0.4024548389919357 0.06385967639874356
0.3904493799215649 0.06347014139209663
0.3785099100483679 0.06306307953513166
0.36664362126255073 0.06264135529962898
0.35485766137276875 0.062206828153034764
0.3431591298005543 0.061760250276881645
0.33155507330389 0.06130124630619392
0.320052481732506 0.06082837903970478
0.30865828381745486 0.060339298007119
0.29737934299750524 0.05983096078395372
0.28622245328485874 0.05929991059359539
0.27519433517269654 0.05874258856748816
0.26430163158700104 0.05815565550150397
0.2535509038851079 0.05753629638126813
0.2429486279033891 0.05688248153212712
0.23250119005645137 0.05619316099229979
0.2222148834901989 0.055468373448916426
0.2120959042910774 0.05470925749021404
0.20215034775378343 0.05391796054529234
0.19238420470968637 0.05309744912981229
0.18280335791817703 0.05225123225138924
0.17341357852311146 0.05138301739618641
0.16422052257649067 0.050496324798114556
0.15522972763146647 0.049594090149111314
0.14644660940672616 0.048678288137370074
0.1378764585242665 0.0477496089579228
0.12952443732252045 0.04680721717068873
0.12139557674675777 0.04584861712367095
0.11349477331863145 0.04486964194033617
0.10582678618669683 0.043864574284368914
0.09839623425967753 0.04282639738868647
0.09120759342420814 0.041747164883020244
0.08426519384872727 0.040618468524416335
0.07757321737514639 0.039431974754894496
0.07113569499986394 0.03817999473006483
0.06495650444564427 0.03685604860342124
0.059039367825822475 0.03545538376492843
0.05338784940224234 0.03397540857127069
0.048005353438278275 0.032416007805772425
0.042895122148234655 0.030779713391615664
0.038060233744356575 0.029071713278694487
0.03350360058263052 0.027299692293445272
0.029227967408489597 0.02547351032333844
0.025235909703481607 0.023604734678749136
0.021529832133895532 0.02170605400426138
0.018111967102280024 0.01979060992414713
0.014984373402728013 0.017871289041048947
0.012148934980735715 0.015960021464218002
0.009607359798384785 0.014067132427105415
0.007361178805529334 0.01220079069231147
0.005411745017609493 0.010366591496592982
0.0037602327006450165 0.008567303144983067
0.0024076366639015356 0.006802795603657789
0.0013547716606548965 0.005070157305113969
0.0006022718974137975 0.0033639937097091595
0.00015059065189787502 0.0016768888514878842
0.0 0.0
0.00015059065189787502 -0.0015305160468854595
0.0006022718974137975 -0.0030531331733770627
0.0013547716606548965 -0.004559662884211358
0.0024076366639015356 -0.00604258984207939
0.0037602327006450165 -0.007495363016737852
0.005411745017609493 -0.00891263538827904
0.007361178805529334 -0.010290440303562617
0.009607359798384785 -0.011626296598538505
0.012148934980735715 -0.012919239053688757
0.014984373402728013 -0.014169775332737585
0.018111967102280024 -0.015379774947823596
0.021529832133895532 -0.01655229969666914
0.025235909703481607 -0.017691388167553175
0.029227967408489597 -0.018801809103151827
0.03350360058263052 -0.019888799524410642
0.038060233744356575 -0.020957803492107234
0.042895122148234655 -0.022014226262498604
0.048005353438278275 -0.023063216490844404
0.05338784940224234 -0.02410948623981243
0.059039367825822475 -0.025157175101612764
0.06495650444564427 -0.026209761022406523
0.07113569499986394 -0.027270016718943493
0.07757321737514639 -0.028340007186204812
0.08426519384872727 -0.029421120966690018
0.09120759342420814 -0.030514125793014206
0.09839623425967753 -0.03161923806683663
0.10582678618669683 -0.032736195464743004
0.11349477331863145 -0.03386432275185302
0.12139557674675777 -0.03500258254518438
0.12952443732252045 -0.03614960513992545
0.1378764585242665 -0.03730369437507608
0.14644660940672616 -0.038462809614038626
0.15522972763146647 -0.039624526976351285
0.16422052257649067 -0.040785985708662834
0.17341357852311146 -0.04194382778193766
0.18280335791817703 -0.04309414024900465
0.19238420470968637 -0.04423241045486492
0.20215034775378343 -0.04535350379754003
0.2120959042910774 -0.046451672404087416
0.2222148834901989 -0.047520600907061
0.23250119005645137 -0.04855349264465677
0.2429486279033891 -0.04954319628543763
0.2535509038851079 -0.05048236936003851
0.26430163158700104 -0.05136367175322143
0.27519433517269654 -0.0521799791548518
0.28622245328485874 -0.05292460404940875
0.29737934299750524 -0.05359151025821712
0.30865828381745486 -0.0541755064928971
0.320052481732506 -0.054672404914285315
0.33155507330389 -0.05507913231803767
0.3431591298005543 -0.05539378420280632
0.35485766137276875 -0.05561561545752821
0.36664362126255073 -0.05574496550190686
0.3785099100483679 -0.05578312014826326
0.3904493799215649 -0.05573211691202714
0.4024548389919357 -0.05559450466199237
0.41451905561984914 -0.05537307206449494
0.42663476277231926 -0.05507056196942567
0.43879466240039156 -0.05468939049901292
0.4509914298352198 -0.0542313899939959
0.46321771820016633 -0.053697594091074594
0.475466162836291 -0.05308808108345435
0.4877293857385438 -0.05240188847252466
0.4999999999999999 -0.051637007451500995
0.512270614261456 -0.05079046123470177
0.5245338371637088 -0.04985846596957558
0.5367822817998334 -0.04883666777884513
0.54900857016478 -0.04772044461584462
0.5612053375996082 -0.04650525739512059
0.5733652372276805 -0.04518703155790459
0.5854809443801506 -0.043762548062253985
0.5975451610080642 -0.042229821889215195
0.6095506200784349 -0.04058844658377635
0.6214900899516319 -0.03883988507000139
0.6333563787374491 -0.036987689876911284
0.645142338627231 -0.03503763979365357
0.6568408701994456 -0.032997784586378705
0.6684449266961098 -0.030878394458884077
0.6799475182674938 -0.02869181610570657
0.691341716182545 -0.02645224217020118
0.7026206570024947 -0.0241754053818672
0.713777546715141 -0.021878212347193702
0.7248056648273034 -0.019578334703023774
0.7356983684129987 -0.017293776975234244
0.746449096114892 -0.015042440957675514
0.7570513720966108 -0.01284170575254642
0.7674988099435485 -0.010708040882243992
0.7777851165098009 -0.008656667246989005
0.7879040957089227 -0.006701277366473468
0.7978496522462164 -0.0048538225474758665
0.8076157952903136 -0.003124370621064736
0.8171966420818224 -0.0015210339509165816
0.8265864214768883 -4.996376929153313e-05
0.8357794774235092 0.0012845962424612848
0.8447702723685334 0.0024802066833268786
0.8535533905932737 0.003536090720070448
0.8621235414757333 0.0044529660456109985
0.8704755626774794 0.0052328626643083865
0.8786044232532422 0.005878937942863619
0.8865052266813687 0.006395298995842754
0.894173213813303 0.006786840596793173
0.9016037657403225 0.007059104587210489
0.9087924065757916 0.007218164374157439
0.9157348061512727 0.007270535738045193
0.9224267826248536 0.007223112974694478
0.928864305000136 0.0070831275046634255
0.9350434955543556 0.006858124599326873
0.9409606321741775 0.006555952861098219
0.9466121505977576 0.006184760579235769
0.9519946465617215 0.005752993050174363
0.9571048778517655 0.005269385356454974
0.9619397662556433 0.004742945868646506
0.9664963994173694 0.004182926779078833
0.9707720325915102 0.0035987791937353835
0.9747640902965183 0.0030000915970568483
0.9784701678661044 0.0023965117682048765
0.98188803289772 0.001797653384371658
0.985015626597272 0.0012129895330291272
0.9878510650192642 0.0006517361275437815
0.9903926402016152 0.00012272875791395329
0.9926388211944706 -0.000365703190622575
0.9945882549823906 -0.0008058612375250111
0.9962397672993549 -0.0011907975218616044
0.9975923633360985 -0.0015144259920165095
0.9986452283393451 -0.00177162190614544
0.9993977281025862 -0.0019583069291687293
0.9998494093481021 -0.0020715176019492215
1.0 -0.0021094554625697977
