1.0 0.0020191310222085887
0.9998494093481021 0.0020699631270778966
0.9993977281025862 0.0022224197524555716
0.9986452283393451 0.002476363243280243
0.9975923633360985 0.0028315042308772235
0.9962397672993549 0.003287318582699078
0.9945882549823906 0.0038429442120121093
0.9926388211944706 0.004497069368104778
0.9903926402016152 0.005247825405814744
0.9878510650192642 0.006092697192108381
0.985015626597272 0.007028463214551181
0.98188803289772 0.008051175189634352
0.9784701678661044 0.009156183710403627
0.9747640902965183 0.010338212494735283
0.9707720325915102 0.01159147943712046
0.9664963994173694 0.012909858305881905
0.9619397662556433 0.014287070949036085
0.9571048778517655 0.01571689663411141
0.9519946465617215 0.017193382951705267
0.9466121505977576 0.018711041777441536
0.9409606321741775 0.020265014227134292
0.9350434955543556 0.021851190355705305
0.928864305000136 0.023466272425860902
0.9224267826248536 0.0251077746834313
0.9157348061512727 0.026773957407086192
0.9087924065757916 0.02846369816892112
0.9016037657403225 0.030176308331540516
0.894173213813303 0.03191130739751056
0.8865052266813687 0.03366817153219918
0.8786044232532422 0.03544607508024014
0.8704755626774794 0.03724364496104461
0.8621235414757333 0.03905874734473466
0.8535533905932737 0.040888323985258414
0.8447702723685334 0.04272829215599561
0.8357794774235092 0.04457351754441667
0.8265864214768883 0.04641786406302203
0.8171966420818224 0.048254318740821936
0.8076157952903136 0.05007518412735705
0.7978496522462164 0.05187232542508294
0.7879040957089227 0.05363745528545114
0.7777851165098009 0.05536243620874979
0.7674988099435485 0.05703957902811704
0.7570513720966108 0.05866191616419499
0.746449096114892 0.06022343020654885
0.7356983684129987 0.06171922177589722
0.7248056648273034 0.06314560528831357
0.713777546715141 0.06450012681585238
0.7026206570024947 0.0657815042788229
0.691341716182545 0.06698949623353359
0.6799475182674938 0.06812471105349202
0.6684449266961098 0.06918837289580412
0.6568408701994456 0.07018206412455796
0.645142338627231 0.07110746555940627
0.6333563787374491 0.0719661158866558
0.6214900899516319 0.07275920980702609
0.6095506200784349 0.07348745113439471
0.5975451610080642 0.07415097236945448
0.5854809443801506 0.07474932662758578
0.5733652372276805 0.07528155165826902
0.5612053375996082 0.07574629955503194
0.54900857016478 0.07614202012503064
0.5367822817998334 0.07646718123337815
0.5245338371637088 0.07672050615098418
0.512270614261456 0.0769012062991879
0.4999999999999999 0.07700918795036148
0.4877293857385438 0.0770452134149751
0.475466162836291 0.07701100087794116
0.46321771820016633 0.07690925205758886
0.4509914298352198 0.07674360284961938
0.43879466240039156 0.07651849860033155
0.42663476277231926 0.07623900209560136
0.41451905561984914 0.07591054821757419
0.4024548389919357 0.07553866401238213
0.3904493799215649 0.07512867621281553
0.3785099100483679 0.07468542976922285
0.36664362126255073 0.07421304050185919
0.35485766137276875 0.07371470259800325
0.3431591298005543 0.07319256749729153
0.33155507330389 0.07264770504887048
0.320052481732506 0.07208015112168588
0.30865828381745486 0.0714890386364137
0.29737934299750524 0.07087280184902932
0.28622245328485874 0.07022943724325635
0.27519433517269654 0.06955679913242085
0.26430163158700104 0.06885290449444845
0.2535509038851079 0.06811622000516378
0.2429486279033891 0.06734590487752194
0.23250119005645137 0.0665419859672843
0.2222148834901989 0.0657054465003481
0.2120959042910774 0.06483821637640394
0.20215034775378343 0.06394305982545387
0.19238420470968637 0.06302336464534994
0.18280335791817703 0.06208284567147358
0.17341357852311146 0.06112518285028132
0.16422052257649067 0.06015362067050194
0.15522972763146647 0.059170560201369536
0.14644660940672616 0.05817717718181521
0.1378764585242665 0.05717309925205202
0.12952443732252045 0.05615617246520506
0.12139557674675777 0.055122341807512305
0.11349477331863145 0.054065662930542505
0.10582678618669683 0.05297845316882314
0.09839623425967753 0.05185157982833221
0.09120759342420814 0.05067487342204825
0.08426519384872727 0.049437643769941794
0.07757321737514639 0.04812926842136725
0.07113569499986394 0.04673981636663823
0.06495650444564427 0.04526066601825186
0.059039367825822475 0.04368507532207357
0.05338784940224234 0.04200866376036647
0.048005353438278275 0.04022977086621336
0.042895122148234655 0.0383496633967978
0.038060233744356575 0.03637257302268363
0.03350360058263052 0.03430555762348824
0.029227967408489597 0.03215819125546388
0.025235909703481607 0.029942099724192255
0.021529832133895532 0.027670369600706242
0.018111967102280024 0.025356867663748006
0.014984373402728013 0.023015514452845307
0.012148934980735715 0.020659559362532432
0.009607359798384785 0.018300905190795667
0.007361178805529334 0.01594952720002225
0.005411745017609493 0.013613025721363768
0.0037602327006450165 0.011296342528196893
0.0024076366639015356 0.009001660218947584
0.0013547716606548965 0.0067284914425853
0.0006022718974137975 0.004473951837299895
0.00015059065189787502 0.0022331979448817654
0.0 0.0
0.00015059065189787502 -0.001184035458075711
0.0006022718974137975 -0.0023621026122311603
0.0013547716606548965 -0.0035279521532663844
0.0024076366639015356 -0.004675970840548643
0.0037602327006450165 -0.005801454591336011
0.005411745017609493 -0.006900830724791114
0.007361178805529334 -0.007971817672652905
0.009607359798384785 -0.0090135144896294
0.012148934980735715 -0.010026416956198016
0.014984373402728013 -0.011012361650172867
0.018111967102280024 -0.011974403750783708
0.021529832133895532 -0.012916638227552272
0.025235909703481607 -0.013843977193348449
0.029227967408489597 -0.014761898363124979
0.03350360058263052 -0.01567618062698039
0.038060233744356575 -0.016592642670881674
0.042895122148234655 -0.017516899398151892
0.048005353438278275 -0.018454148738505007
0.05338784940224234 -0.01940899846907921
0.059039367825822475 -0.020385339159664152
0.06495650444564427 -0.021386265574771485
0.07113569499986394 -0.022414045115496356
0.07757321737514639 -0.023470128452898035
0.08426519384872727 -0.024555194649888534
0.09120759342420814 -0.025669220998108172
0.09839623425967753 -0.02681156665191853
0.10582678618669683 -0.02798105898921192
0.11349477331863145 -0.029176072453445508
0.12139557674675777 -0.03039459133979276
0.12952443732252045 -0.03163425041667191
0.1378764585242665 -0.03289235020130951
0.14644660940672616 -0.03416584687456546
0.15522972763146647 -0.03545131994808557
0.16422052257649067 -0.0367449236123627
0.17341357852311146 -0.03804232995012877
0.18280335791817703 -0.03933867369446136
0.19238420470968637 -0.04062850880624277
0.20215034775378343 -0.04190578677606985
0.2120959042910774 -0.043163865235606586
0.2222148834901989 -0.044395553285602164
0.23250119005645137 -0.04559319707709764
0.2429486279033891 -0.04674880584282976
0.2535509038851079 -0.04785421503373944
0.26430163158700104 -0.04890127975861011
0.27519433517269654 -0.049882088640109346
0.28622245328485874 -0.05078918575139747
0.29737934299750524 -0.051615786703215975
0.30865828381745486 -0.05235597436923417
0.320052481732506 -0.0530048602496561
0.33155507330389 -0.05355869907945306
0.3431591298005543 -0.05401494690419528
0.35485766137276875 -0.05437225631080017
0.36664362126255073 -0.054630406582594174
0.3785099100483679 -0.05479017096659703
0.3904493799215649 -0.054853127683524065
0.4024548389919357 -0.05482142545691511
0.41451905561984914 -0.05469751788138341
0.42663476277231926 -0.0544838836231982
0.43879466240039156 -0.05418275103877846
0.4509914298352198 -0.05379584617103007
0.46321771820016633 -0.053324182186582414
0.475466162836291 -0.05276790618407751
0.4877293857385438 -0.052126216056547006
0.4999999999999999 -0.051397355929902556
0.512270614261456 -0.05057869388982556
0.5245338371637088 -0.04966688056251712
0.5367822817998334 -0.04865808196740272
0.54900857016478 -0.04754827525008082
0.5612053375996082 -0.04633359174787694
0.5733652372276805 -0.045010688611131
0.5854809443801506 -0.043577128111605926
0.5975451610080642 -0.04203174294989344
0.6095506200784349 -0.04037496637644584
0.6214900899516319 -0.03860910772863572
0.6333563787374491 -0.03673855693791528
0.645142338627231 -0.03476990548100327
0.6568408701994456 -0.03271197588099884
0.6684449266961098 -0.030575756910177776
0.6799475182674938 -0.028374246786361464
0.691341716182545 -0.02612221157001457
0.7026206570024947 -0.023835870362276048
0.713777546715141 -0.021532522518756557
0.7248056648273034 -0.019230134731134937
0.7356983684129987 -0.01694690735817036
0.746449096114892 -0.014700839755024937
0.7570513720966108 -0.012509313576676373
0.7674988099435485 -0.010388711212168349
0.7777851165098009 -0.008354083799494495
0.7879040957089227 -0.006418879884501523
0.7978496522462164 -0.0045947419641929835
0.8076157952903136 -0.002891374154629568
0.8171966420818224 -0.001316480303989016
0.8265864214768883 0.00012423172907297998
0.8357794774235092 0.0014269869884222265
0.8447702723685334 0.0025898312767241556
0.8535533905932737 0.003612481317340619
0.8621235414757333 0.004496149365227345
0.8704755626774794 0.00524335437560632
0.8786044232532422 0.005857731056475779
0.8865052266813687 0.006343846713433681
0.894173213813303 0.006707033890814571
0.9016037657403225 0.006953244591740579
0.9087924065757916 0.007088929499714786
0.9157348061512727 0.007120943299251431
0.9224267826248536 0.0070564750591202
0.928864305000136 0.006903000828445749
0.9350434955543556 0.006668254198210509
0.9409606321741775 0.006360209655271157
0.9466121505977576 0.005987073120040213
0.9519946465617215 0.0055572740925058026
0.9571048778517655 0.005079454281909991
0.9619397662556433 0.0045624483854716956
0.9664963994173694 0.004015253716375346
0.9707720325915102 0.0034469865583110887
0.9747640902965183 0.002866824341570684
0.9784701678661044 0.00228393390146995
0.98188803289772 0.0017073871164877876
0.985015626597272 0.0011460660737683441
0.9878510650192642 0.0006085605386085919
0.9903926402016152 0.00010306089979626124
0.9926388211944706 -0.0003627500677438236
0.9945882549823906 -0.0007818033125644008
0.9962397672993549 -0.0011477443726389965
0.9975923633360985 -0.0014550261958785704
0.9986452283393451 -0.0016989915023930616
0.9993977281025862 -0.001875942698315165
0.9998494093481021 -0.0019831977742056197
1.0 -0.0020191310222085887
