1.0 0.0021210530330140268
0.9998494093481021 0.002174148658987885
0.9993977281025862 0.002333394261982093
0.9986452283393451 0.0025986467667427895
0.9975923633360985 0.0029696056050778244
0.9962397672993549 0.003445726569682958
0.9945882549823906 0.00402611458549587
0.9926388211944706 0.004709407292876112
0.9903926402016152 0.00549366276326539
0.9878510650192642 0.006376264855310444
0.985015626597272 0.0073538586336588255
0.98188803289772 0.008422325991486599
0.9784701678661044 0.009576808324854223
0.9747640902965183 0.010811779076774953
0.9707720325915102 0.012121164544178869
0.9664963994173694 0.013498506904051223
0.9619397662556433 0.014937159355430316
0.9571048778517655 0.01643049995522025
0.9519946465617215 0.01797214845423913
0.9466121505977576 0.01955616943785777
0.9409606321741775 0.02117724546130293
0.9350434955543556 0.022830805646000072
0.928864305000136 0.024513098255692537
0.9224267826248536 0.02622119987543569
0.9157348061512727 0.027952958656527672
0.9087924065757916 0.029706874282225883
0.9016037657403225 0.03148192243249213
0.894173213813303 0.03327733615865372
0.8865052266813687 0.035092360331165064
0.8786044232532422 0.03692599787142294
0.8704755626774794 0.038776767590625885
0.8621235414757333 0.040642493017162815
0.8535533905932737 0.04252013960567278
0.8447702723685334 0.044405714318241474
0.8357794774235092 0.04629423700027757
0.8265864214768883 0.04817978758742015
0.8171966420818224 0.050055627393228386
0.8076157952903136 0.05191438699611482
0.7978496522462164 0.053748308025055404
0.7879040957089227 0.05554952185843031
0.7777851165098009 0.0573103452501433
0.7674988099435485 0.05902357143377149
0.7570513720966108 0.060682735460048674
0.746449096114892 0.06228233439396616
0.7356983684129987 0.06381798639994109
0.7248056648273034 0.06528651741741272
0.713777546715141 0.06668596971111201
0.7026206570024947 0.0680155326303879
0.691341716182545 0.06927540194958062
0.6799475182674938 0.0704665797031388
0.6684449266961098 0.0715906310281003
0.6568408701994456 0.07264941780877725
0.645142338627231 0.0736448306138946
0.6333563787374491 0.07457854038152226
0.6214900899516319 0.07545178953764206
0.6095506200784349 0.07626523886660799
0.5975451610080642 0.07701888175343431
0.5854809443801506 0.07771203176634398
0.5733652372276805 0.07834338340133554
0.5612053375996082 0.07891113967050757
0.54900857016478 0.07941319458767622
0.5367822817998334 0.07984735395567512
0.5245338371637088 0.08021157458048805
0.512270614261456 0.08050420040970495
0.4999999999999999 0.08072417426508759
0.4877293857385438 0.08087120581272414
0.475466162836291 0.08094588004211087
0.46321771820016633 0.08094969552192686
0.4509914298352198 0.08088502766305049
0.43879466240039156 0.08075501866115951
0.42663476277231926 0.08056340217846658
0.41451905561984914 0.08031427662006502
0.4024548389919357 0.08001184556918234
0.3904493799215649 0.0796601471537327
0.3785099100483679 0.07926279552772979
0.36664362126255073 0.07882275711275918
0.35485766137276875 0.07834218176278868
0.3431591298005543 0.07782230475692684
0.33155507330389 0.07726342980629688
0.320052481732506 0.07666499652701421
0.30865828381745486 0.07602572861872346
0.29737934299750524 0.07534385188606424
0.28622245328485874 0.07461736484221526
0.27519433517269654 0.07384433948928522
0.26430163158700104 0.07302322644083947
0.2535509038851079 0.0721531371702053
0.2429486279033891 0.07123407700949733
0.23250119005645137 0.07026710558815265
0.2222148834901989 0.06925440650625961
0.2120959042910774 0.06819925483787305
0.20215034775378343 0.0671058790581472
0.19238420470968637 0.0659792225812222
0.18280335791817703 0.06482461861480264
0.17341357852311146 0.06364739980071388
0.16422052257649067 0.06245247047725764
0.15522972763146647 0.061243873819452406
0.14644660940672616 0.06002438817475967
0.1378764585242665 0.058795186374562054
0.12952443732252045 0.05755558862059531
0.12139557674675777 0.056302933879158745
0.11349477331863145 0.055032586918493505
0.10582678618669683 0.053738088723602646
0.09839623425967753 0.052411447681993316
0.09120759342420814 0.05104355840628169
0.08426519384872727 0.04962472513179401
0.07757321737514639 0.04814525806022045
0.07113569499986394 0.04659610449140689
0.06495650444564427 0.044969472635423814
0.059039367825822475 0.0432594049871241
0.05338784940224234 0.04146226022599699
0.048005353438278275 0.03957706770000098
0.042895122148234655 0.037605726363698605
0.038060233744356575 0.0355530300629658
0.03350360058263052 0.033426512613394146
0.029227967408489597 0.031236118405196366
0.025235909703481607 0.028993716414532196
0.021529832133895532 0.026712486635889935
0.018111967102280024 0.02440621725842761
0.014984373402728013 0.02208855769715923
0.012148934980735715 0.019772276336178035
0.009607359798384785 0.01746857223690806
0.007361178805529334 0.01518648703818411
0.005411745017609493 0.012932457000272176
0.0037602327006450165 0.01071003602985026
0.0024076366639015356 0.00851980918261092
0.0013547716606548965 0.006359503353675524
0.0006022718974137975 0.004224288521413373
0.00015059065189787502 0.002107249940837448
0.0 0.0
0.00015059065189787502 -0.001260496779907345
0.0006022718974137975 -0.002512093702052788
0.0013547716606548965 -0.0037456597090579375
0.0024076366639015356 -0.004952857523078992
0.0037602327006450165 -0.006126487489006275
0.005411745017609493 -0.007260771308808234
0.007361178805529334 -0.00835156164378433
0.009607359798384785 -0.00939646817007129
0.012148934980735715 -0.010394895799070913
0.014984373402728013 -0.011347996065451433
0.018111967102280024 -0.012258537780281811
0.021529832133895532 -0.01313070760347189
0.025235909703481607 -0.01396985490895964
0.029227967408489597 -0.014782197963443244
0.03350360058263052 -0.015574509861145244
0.038060233744356575 -0.016353802790427068
0.042895122148234655 -0.017127028084745335
0.048005353438278275 -0.017900807252851276
0.05338784940224234 -0.01868120599388958
0.059039367825822475 -0.019473559348611717
0.06495650444564427 -0.020282351927575014
0.07113569499986394 -0.021111152919079758
0.07757321737514639 -0.021962601635491328
0.08426519384872727 -0.02283843599754771
0.09120759342420814 -0.023739553820779795
0.09839623425967753 -0.024666095224732912
0.10582678618669683 -0.025617534020720988
0.11349477331863145 -0.02659276654630714
0.12139557674675777 -0.02759018801733181
0.12952443732252045 -0.02860774889565144
0.1378764585242665 -0.029642986793193205
0.14644660940672616 -0.03069303277560593
0.15522972763146647 -0.031754594293908284
0.16422052257649067 -0.03282392006339496
0.17341357852311146 -0.03389675475381376
0.18280335791817703 -0.03496829312822436
0.19238420470968637 -0.036033144109356464
0.20215034775378343 -0.03708531507854177
0.2120959042910774 -0.038118225524503106
0.2222148834901989 -0.03912475704293922
0.23250119005645137 -0.040097343806325625
0.2429486279033891 -0.0410281042053337
0.2535509038851079 -0.041909010684884784
0.26430163158700104 -0.042732091161187216
0.27519433517269654 -0.04348965211547108
0.28622245328485874 -0.044174510798115324
0.29737934299750524 -0.04478022218187084
0.30865828381745486 -0.04530128554999403
0.320052481732506 -0.04573331599165238
0.33155507330389 -0.04607316761397454
0.3431591298005543 -0.04631899789032289
0.35485766137276875 -0.046470266086844125
0.36664362126255073 -0.046527662910633184
0.3785099100483679 -0.046492973113469435
0.3904493799215649 -0.0463688774405596
0.4024548389919357 -0.04615870469819847
0.41451905561984914 -0.04586614850518932
0.42663476277231926 -0.04549496620486051
0.43879466240039156 -0.04504867922054467
0.4509914298352198 -0.04453029468581341
0.46321771820016633 -0.043942067406934446
0.475466162836291 -0.04328531914655338
0.4877293857385438 -0.04256032897301451
0.4999999999999999 -0.0417663042004648
0.512270614261456 -0.04090143652142952
0.5245338371637088 -0.039963042626572284
0.5367822817998334 -0.03894778326434385
0.54900857016478 -0.0378519496681667
0.5612053375996082 -0.03667180190176329
0.5733652372276805 -0.03540394023152497
0.5854809443801506 -0.03404568835243047
0.5975451610080642 -0.03259546631666611
0.6095506200784349 -0.03105313139985366
0.6214900899516319 -0.029420266856054696
0.6333563787374491 -0.02770040143943337
0.645142338627231 -0.025899146509486708
0.6568408701994456 -0.024024242226472703
0.6684449266961098 -0.022085509477759283
0.6799475182674938 -0.02009470942481268
0.691341716182545 -0.018065317594513044
0.7026206570024947 -0.016012223949297324
0.713777546715141 -0.01395137409215543
0.7248056648273034 -0.011899369487424859
0.7356983684129987 -0.009873046170366167
0.746449096114892 -0.007889051819481175
0.7570513720966108 -0.005963440296671361
0.7674988099435485 -0.004111300918107831
0.7777851165098009 -0.002346436965526928
0.7879040957089227 -0.000681104498420123
0.7978496522462164 0.0008741813671750535
0.8076157952903136 0.0023107696201149523
0.8171966420818224 0.0036219268470287416
0.8265864214768883 0.004802825598016168
0.8357794774235092 0.005850475272165257
0.8447702723685334 0.00676360556900658
0.8535533905932737 0.007542514139545143
0.8621235414757333 0.008188890802431417
0.8704755626774794 0.008705630583670916
0.8786044232532422 0.009096646964348155
0.8865052266813687 0.009366695199724896
0.894173213813303 0.009521213560115526
0.9016037657403225 0.009566188016889535
0.9087924065757916 0.009508043441720126
0.9157348061512727 0.009353561983960193
0.9224267826248536 0.009109827101605487
0.928864305000136 0.00878418987879382
0.9350434955543556 0.00838425286403385
0.9409606321741775 0.007917865764714838
0.9466121505977576 0.007393126949945444
0.9519946465617215 0.006818384821495934
0.9571048778517655 0.006202233653961383
0.9619397662556433 0.00555349939636543
0.9664963994173694 0.0048812120670971735
0.9707720325915102 0.004194562653365375
0.9747640902965183 0.0035028437378734406
0.9784701678661044 0.002815374321751126
0.98188803289772 0.002141410413213128
0.985015626597272 0.0014900438466931005
0.9878510650192642 0.00087009245186625
0.9903926402016152 0.00028998509444858435
0.9926388211944706 -0.00024235472889120062
0.9945882549823906 -0.0007196231127359928
0.9962397672993549 -0.0011352443803639156
0.9975923633360985 -0.0014834710872888898
0.9986452283393451 -0.0017594727719002037
0.9993977281025862 -0.0019594112977498724
0.9998494093481021 -0.0020805010936013647
1.0 -0.0021210530330140268
