1.0 0.0018479347632441659
0.9998494093481021 0.0019046224655875474
0.9993977281025862 0.0020746361021047963
0.9986452283393451 0.002357808258651874
0.9975923633360985 0.0027537985877676956
0.9962397672993549 0.0032620087017560424
0.9945882549823906 0.0038814761324728283
0.9926388211944706 0.004610759011827067
0.9903926402016152 0.005447824520059713
0.9878510650192642 0.006389954325858069
0.985015626597272 0.007433679170702692
0.98188803289772 0.008574752506979389
0.9784701678661044 0.009808169866885943
0.9747640902965183 0.011128236687996514
0.9707720325915102 0.012528682989355538
0.9664963994173694 0.014002818955539547
0.9619397662556433 0.015543721528286328
0.9571048778517655 0.017144438882995845
0.9519946465617215 0.018798197480707324
0.9466121505977576 0.020498595451784795
0.9409606321741775 0.022239766499372544
0.9350434955543556 0.024016500308436724
0.928864305000136 0.02582430849384011
0.9224267826248536 0.027659429194412364
0.9157348061512727 0.02951876820459989
0.9087924065757916 0.03139977965023856
0.9016037657403225 0.03330029424422267
0.894173213813303 0.03521830768396468
0.8865052266813687 0.037151745391400655
0.8786044232532422 0.03909822222925781
0.8704755626774794 0.041054816828442295
0.8621235414757333 0.04301787961762998
0.8535533905932737 0.04498289156803751
0.8447702723685334 0.04694438718930984
0.8357794774235092 0.04889595068737363
0.8265864214768883 0.050830288769674256
0.8171966420818224 0.052739377775032924
0.8076157952903136 0.05461467706903933
0.7978496522462164 0.05644739543675725
0.7879040957089227 0.05822879294182547
0.7777851165098009 0.05995049775374126
0.7674988099435485 0.061604816022864196
0.7570513720966108 0.06318501313469366
0.746449096114892 0.06468554659821986
0.7356983684129987 0.06610223428134704
0.7248056648273034 0.06743234643953686
0.713777546715141 0.06867461562800792
0.7026206570024947 0.06982916470348753
0.691341716182545 0.07089735922814117
0.6799475182674938 0.0718815962027741
0.6684449266961098 0.07278504573181627
0.6568408701994456 0.0736113655846371
0.645142338627231 0.07436441039533633
0.6333563787374491 0.07504795729126176
0.6214900899516319 0.0756654680526793
0.6095506200784349 0.07621990461606193
0.5975451610080642 0.07671361010559533
0.5854809443801506 0.07714826198595005
0.5733652372276805 0.07752489782884076
0.5612053375996082 0.07784400807520157
0.54900857016478 0.07810568455665243
0.5367822817998334 0.07830980887991412
0.5245338371637088 0.07845626146614075
0.512270614261456 0.078545130355935
0.4999999999999999 0.07857689899011705
0.4877293857385438 0.07855259406036016
0.475466162836291 0.07847387804912892
0.46321771820016633 0.07834307596390223
0.4509914298352198 0.0781631316192457
0.43879466240039156 0.07793749514971798
0.42663476277231926 0.07766994971819273
0.41451905561984914 0.07736439108558048
0.4024548389919357 0.07702457833676575
0.3904493799215649 0.07665387720248867
0.3785099100483679 0.07625501878265274
0.36664362126255073 0.07582989591011763
0.35485766137276875 0.07537941689967352
0.3431591298005543 0.0749034321685314
0.33155507330389 0.07440074350553451
0.320052481732506 0.07386919904618648
0.30865828381745486 0.07330586981254711
0.29737934299750524 0.07270729658586013
0.28622245328485874 0.07206978948563675
0.27519433517269654 0.07138975747968847
0.26430163158700104 0.07066404160564184
0.2535509038851079 0.06989022427959227
0.2429486279033891 0.06906688787934495
0.23250119005645137 0.06819379882171298
0.2222148834901989 0.06727199843086866
0.2120959042910774 0.06630378867454118
0.20215034775378343 0.0652926088385628
0.19238420470968637 0.0642428078196995
0.18280335791817703 0.06315932527853847
0.17341357852311146 0.06204730273071162
0.16422052257649067 0.060911652126669796
0.15522972763146647 0.05975661402771943
0.14644660940672616 0.05858533971367477
0.1378764585242665 0.05739953120961497
0.12952443732252045 0.05619917024298863
0.12139557674675777 0.054982361685991646
0.11349477331863145 0.05374530944432372
0.10582678618669683 0.05248243353692424
0.09839623425967753 0.05118662692345297
0.09120759342420814 0.049849640218206294
0.08426519384872727 0.0484625725571529
0.07757321737514639 0.047016438312147406
0.07113569499986394 0.04550277274602444
0.06495650444564427 0.04391423561431628
0.059039367825822475 0.04224517050798555
0.05338784940224234 0.040492079554587786
0.048005353438278275 0.03865397788850718
0.042895122148234655 0.036732599779234515
0.038060233744356575 0.03473243798160938
0.03350360058263052 0.03266060908475073
0.029227967408489597 0.030526549604194785
0.025235909703481607 0.02834155943368994
0.021529832133895532 0.026118220192153863
0.018111967102280024 0.02386972516731685
0.014984373402728013 0.021609164286775423
0.012148934980735715 0.019348811323646034
0.009607359798384785 0.017099461059329905
0.007361178805529334 0.014869861303799296
0.005411745017609493 0.012666278677942877
0.0037602327006450165 0.010492228286546581
0.0024076366639015356 0.008348386451378552
0.0013547716606548965 0.006232693289798897
0.0006022718974137975 0.004140638980834602
0.00015059065189787502 0.002065714968371096
0.0 0.0
0.00015059065189787502 -0.0016044062635721672
0.0006022718974137975 -0.0031977351441052006
0.0013547716606548965 -0.004768784235681191
0.0024076366639015356 -0.006307192844625793
0.0037602327006450165 -0.0078038100931980435
0.005411745017609493 -0.009251003178516678
0.007361178805529334 -0.010642891664423879
0.009607359798384785 -0.0119754981526025
0.012148934980735715 -0.013246810654413332
0.014984373402728013 -0.014456757126817819
0.018111967102280024 -0.01560709759729408
0.021529832133895532 -0.016701243754603027
0.025235909703481607 -0.017744019536932908
0.029227967408489597 -0.018741378880695863
0.03350360058263052 -0.019700098254086456
0.038060233744356575 -0.020627461828904764
0.042895122148234655 -0.0215309561721067
0.048005353438278275 -0.022417989281951517
0.05338784940224234 -0.02329564584603444
0.059039367825822475 -0.02417048701432409
0.06495650444564427 -0.02504839905452791
0.07113569499986394 -0.025934491302087307
0.07757321737514639 -0.026833040138508943
0.08426519384872727 -0.027747472605082396
0.09120759342420814 -0.028680380908883547
0.09839623425967753 -0.02963355766129232
0.10582678618669683 -0.030608041284208132
0.11349477331863145 -0.03160416162007222
0.12139557674675777 -0.032621577300848976
0.12952443732252045 -0.03365929870625782
0.1378764585242665 -0.03471569315042065
0.14644660940672616 -0.03578847201444744
0.15522972763146647 -0.03687466260588423
0.16422052257649067 -0.03797057029294872
0.17341357852311146 -0.039071738676511265
0.18280335791817703 -0.04017291701692986
0.19238420470968637 -0.041268044680945956
0.20215034775378343 -0.04235026194646136
0.2120959042910774 -0.04341195511250849
0.2222148834901989 -0.044444841601823146
0.23250119005645137 -0.0454400977823411
0.2429486279033891 -0.04638852880162587
0.2535509038851079 -0.047280776098626194
0.26430163158700104 -0.04810755472692632
0.27519433517269654 -0.0488599094889263
0.28622245328485874 -0.04952947641338876
0.29737934299750524 -0.05010873453608388
0.30865828381745486 -0.05059123242733713
0.320052481732506 -0.05097177453588259
0.33155507330389 -0.05124655418469372
0.3431591298005543 -0.05141322287357449
0.35485766137276875 -0.05147088924559072
0.36664362126255073 -0.05142004541987491
0.3785099100483679 -0.05126242308832102
0.3904493799215649 -0.0510007864919577
0.4024548389919357 -0.050638673799081844
0.41451905561984914 -0.05018010218167247
0.42663476277231926 -0.0496292547482227
0.43879466240039156 -0.048990169218664344
0.4509914298352198 -0.04826644867552358
0.46321771820016633 -0.047461013837272234
0.475466162836291 -0.04657591410969616
0.4877293857385438 -0.04561221130417149
0.4999999999999999 -0.044569945575400054
0.512270614261456 -0.04344818810088693
0.5245338371637088 -0.04224517962480244
0.5367822817998334 -0.0409585485710736
0.54900857016478 -0.03958559734818946
0.5612053375996082 -0.038123641052913486
0.5733652372276805 -0.036570379318866565
0.5854809443801506 -0.03492427977173088
0.5975451610080642 -0.033184950589769314
0.6095506200784349 -0.03135348008262012
0.6214900899516319 -0.029432722958206894
0.6333563787374491 -0.02742751592487498
0.645142338627231 -0.025344809273259356
0.6568408701994456 -0.023193705836232575
0.6684449266961098 -0.020985403927302054
0.6799475182674938 -0.018733046176683348
0.691341716182545 -0.01645148128822842
0.7026206570024947 -0.014156950319500006
0.713777546715141 -0.011866712873602091
0.7248056648273034 -0.009598631375716754
0.7356983684129987 -0.007370733251478585
0.746449096114892 -0.005200771268258679
0.7570513720966108 -0.003105801563491401
0.7674988099435485 -0.0011017970611414398
0.7777851165098009 0.0007966887707369131
0.7879040957089227 0.0025767963278674417
0.7978496522462164 0.004227564870345732
0.8076157952903136 0.005740064657546905
0.8171966420818224 0.007107456800038147
0.8265864214768883 0.008324985131564263
0.8357794774235092 0.009389907591243413
0.8447702723685334 0.01030137709499444
0.8535533905932737 0.011060283557329497
0.8621235414757333 0.011669069552051244
0.8704755626774794 0.012131532085463725
0.8786044232532422 0.012452622166613823
0.8865052266813687 0.012638252411486037
0.894173213813303 0.012695120963899364
0.9016037657403225 0.012630557730110478
0.9087924065757916 0.012452396490869558
0.9157348061512727 0.01216887405321576
0.9224267826248536 0.011788555396671894
0.928864305000136 0.011320281889068954
0.9350434955543556 0.010773138195112417
0.9409606321741775 0.010156432535466582
0.9466121505977576 0.009479684494378615
0.9519946465617215 0.008752614599967004
0.9571048778517655 0.007985130359981182
0.9619397662556433 0.007187304247449335
0.9664963994173694 0.006369340197801558
0.9707720325915102 0.005541526396034283
0.9747640902965183 0.004714173394276159
0.9784701678661044 0.0038975378107898263
0.98188803289772 0.0031017329407849884
0.985015626597272 0.002336628497715354
0.9878510650192642 0.0016117423642023363
0.9903926402016152 0.0009361276507555533
0.9926388211944706 0.000318258545644184
0.9945882549823906 -0.0002340815842243769
0.9962397672993549 -0.0007139065759584529
0.9975923633360985 -0.0011151253919269573
0.9986452283393451 -0.0014326290351761362
0.9993977281025862 -0.0016623643528642274
0.9998494093481021 -0.0018013930632447743
1.0 -0.0018479347632441659
