1.0 0.0017349679284271618
0.9998494093481021 0.0017879152408106517
0.9993977281025862 0.0019466913716227876
0.9986452283393451 0.002211080217061979
0.9975923633360985 0.002580661337010008
0.9962397672993549 0.0030547264241931977
0.9945882549823906 0.003632175452676219
0.9926388211944706 0.004311404142636343
0.9903926402016152 0.0050901957674145785
0.9878510650192642 0.005965630502163421
0.985015626597272 0.006934024438201416
0.98188803289772 0.007990908140571315
0.9784701678661044 0.009131051389457702
0.9747640902965183 0.010348536789615908
0.9707720325915102 0.011636880593267496
0.9664963994173694 0.012989194737144952
0.9619397662556433 0.014398380126455427
0.9571048778517655 0.01585733796454438
0.9519946465617215 0.017359183727385853
0.9466121505977576 0.01889744743406016
0.9409606321741775 0.020466244282832217
0.9350434955543556 0.022060401508097863
0.928864305000136 0.02367553035145303
0.9224267826248536 0.02530803610769116
0.9157348061512727 0.02695506399001871
0.9087924065757916 0.028614383678394733
0.9016037657403225 0.03028422045525741
0.894173213813303 0.03196304537690779
0.8865052266813687 0.03364934059216047
0.8786044232532422 0.035341358383239325
0.8704755626774794 0.037036893540220536
0.8621235414757333 0.038733088174890205
0.8535533905932737 0.0404262860413031
0.8447702723685334 0.04211194999176203
0.8357794774235092 0.043784651606949186
0.8265864214768883 0.045438136642976544
0.8171966420818224 0.04706546415177112
0.8076157952903136 0.048659211407501894
0.7978496522462164 0.05021173156499188
0.7879040957089227 0.051715446705174944
0.7777851165098009 0.053163155937021034
0.7674988099435485 0.05454833677579679
0.7570513720966108 0.05586541823515474
0.746449096114892 0.0571100059548268
0.7356983684129987 0.05827904310329583
0.7248056648273034 0.05937089548892475
0.713777546715141 0.06038535492291642
0.7026206570024947 0.061323560966548306
0.691341716182545 0.06218784728534534
0.6799475182674938 0.06298152444285808
0.6684449266961098 0.06370861565051171
0.6568408701994456 0.06437356537315023
0.645142338627231 0.06498094250023784
0.6333563787374491 0.06553515988299102
0.6214900899516319 0.06604023039853997
0.6095506200784349 0.06649957646360659
0.5975451610080642 0.06691590534217205
0.5854809443801506 0.06729115704405983
0.5733652372276805 0.06762652554478192
0.5612053375996082 0.06792254796650699
0.54900857016478 0.06817925074539621
0.5367822817998334 0.0683963371355728
0.5245338371637088 0.06857339705423522
0.512270614261456 0.06871011853882603
0.4999999999999999 0.06880648011789928
0.4877293857385438 0.06886290520006322
0.475466162836291 0.06888036302122126
0.46321771820016633 0.06886040548362764
0.4509914298352198 0.0688051349797323
0.43879466240039156 0.06871710454320648
0.42663476277231926 0.06859915788594313
0.41451905561984914 0.06845422253580288
0.4024548389919357 0.06828507389690713
0.3904493799215649 0.06809409120347251
0.3785099100483679 0.06788302773510939
0.36664362126255073 0.06765281715223043
0.35485766137276875 0.06740343539630042
0.3431591298005543 0.06713383344075806
0.33155507330389 0.06684195058211786
0.320052481732506 0.06652481136010241
0.30865828381745486 0.06617870211638421
0.29737934299750524 0.06579941622096791
0.28622245328485874 0.06538255069649405
0.27519433517269654 0.06492383189538238
0.26430163158700104 0.06441944448811102
0.2535509038851079 0.06386633663346468
0.2429486279033891 0.06326247499935322
0.23250119005645137 0.06260702628984675
0.2222148834901989 0.061900446938144525
0.2120959042910774 0.061144469307400535
0.20215034775378343 0.06034198061923019
0.19238420470968637 0.05949679931227922
0.18280335791817703 0.05861336196502397
0.17341357852311146 0.057696341628405215
0.16422052257649067 0.05675022477359176
0.15522972763146647 0.05577887852532767
0.14644660940672616 0.05478514201232053
0.1378764585242665 0.053770475281513255
0.12952443732252045 0.05273469624224705
0.12139557674675777 0.05167583067783648
0.11349477331863145 0.050590092826726156
0.10582678618669683 0.04947200490432604
0.09839623425967753 0.04831465385587907
0.09120759342420814 0.04711007333481947
0.08426519384872727 0.045849729158951656
0.07757321737514639 0.04452507805402312
0.07113569499986394 0.0431281630162423
0.06495650444564427 0.04165220464527997
0.059039367825822475 0.0400921466757489
0.05338784940224234 0.03844511582153731
0.048005353438278275 0.036710760876877455
0.042895122148234655 0.03489144350471514
0.038060233744356575 0.03299226279927112
0.03350360058263052 0.031020906879455017
0.029227967408489597 0.028987336674108712
0.025235909703481607 0.02690331885308327
0.021529832133895532 0.024781835688544418
0.018111967102280024 0.022636408704381515
0.014984373402728013 0.020480379610055787
0.012148934980735715 0.018326195707816798
0.009607359798384785 0.0161847474046583
0.007361178805529334 0.014064802579337706
0.005411745017609493 0.011972576515508142
0.0037602327006450165 0.009911467308437687
0.0024076366639015356 0.00788197568082476
0.0013547716606548965 0.005881815758925026
0.0006022718974137975 0.0039062104261127937
0.00015059065189787502 0.0019483522942339844
0.0 0.0
0.00015059065189787502 -0.0016373820642483438
0.0006022718974137975 -0.0032642737038421506
0.0013547716606548965 -0.004870072865211295
0.0024076366639015356 -0.00644497890722732
0.0037602327006450165 -0.007980342947038584
0.005411745017609493 -0.009468961114504163
0.007361178805529334 -0.010905297302564808
0.009607359798384785 -0.012285626305627207
0.012148934980735715 -0.013608093025464068
0.014984373402728013 -0.014872688364314022
0.018111967102280024 -0.016081147181100087
0.021529832133895532 -0.017236777940074475
0.025235909703481607 -0.018344237153732887
0.029227967408489597 -0.019409264196349647
0.03350360058263052 -0.020438393399801927
0.038060233744356575 -0.021438660483774134
0.042895122148234655 -0.02241731935061074
0.048005353438278275 -0.023381583208292454
0.05338784940224234 -0.024338401065044243
0.059039367825822475 -0.025294277116643615
0.06495650444564427 -0.026255136712233288
0.07113569499986394 -0.027226238742263105
0.07757321737514639 -0.02821213074153485
0.08426519384872727 -0.029216640009287576
0.09120759342420814 -0.03024289183423635
0.09839623425967753 -0.031293344625951784
0.10582678618669683 -0.03236983146764386
0.11349477331863145 -0.033473598309478846
0.12139557674675777 -0.034605330625449626
0.12952443732252045 -0.03576516269726937
0.1378764585242665 -0.0369526665435538
0.14644660940672616 -0.03816682061881073
0.15522972763146647 -0.03940596148235035
0.16422052257649067 -0.04066772440369892
0.17341357852311146 -0.04194898107616919
0.18280335791817703 -0.0432457840482897
0.19238420470968637 -0.04455332801162314
0.20215034775378343 -0.04586593763610533
0.2120959042910774 -0.04717709023445886
0.2222148834901989 -0.048479479260079505
0.23250119005645137 -0.0497651216663094
0.2429486279033891 -0.05102550870845975
0.2535509038851079 -0.052251796125964034
0.26430163158700104 -0.053435026095627974
0.27519433517269654 -0.0545663701924171
0.28622245328485874 -0.05563738010211547
0.29737934299750524 -0.05664023122573922
0.30865828381745486 -0.05756794376052094
0.320052481732506 -0.058414566421305686
0.33155507330389 -0.05917530967922077
0.3431591298005543 -0.059846618155244904
0.35485766137276875 -0.060426175447432055
0.36664362126255073 -0.06091283895489002
0.3785099100483679 -0.06130650689876058
0.3904493799215649 -0.06160792440749236
0.4024548389919357 -0.06181843989851308
0.41451905561984914 -0.061939726733817216
0.42663476277231926 -0.06197348797399922
0.43879466240039156 -0.06192116378369577
0.4509914298352198 -0.06178366150627903
0.46321771820016633 -0.06156112756831381
0.475466162836291 -0.06125277822727113
0.4877293857385438 -0.06085680286133939
0.4999999999999999 -0.0603703492214136
0.512270614261456 -0.05978959509359836
0.5245338371637088 -0.059109905475866975
0.5367822817998334 -0.0583260690017411
0.54900857016478 -0.0574326022967346
0.5612053375996082 -0.05642410655843603
0.5733652372276805 -0.05529565719350295
0.5854809443801506 -0.054043205046735834
0.5975451610080642 -0.052663966763531835
0.6095506200784349 -0.051156782195494896
0.6214900899516319 -0.049522418458239216
0.6333563787374491 -0.04776380316243191
0.645142338627231 -0.04588617326852484
0.6568408701994456 -0.043897130704077324
0.6684449266961098 -0.041806601027151356
0.6799475182674938 -0.039626696693619956
0.691341716182545 -0.037371491562897034
0.7026206570024947 -0.03505671784886796
0.713777546715141 -0.0326994005246565
0.7248056648273034 -0.03031744701260631
0.7356983684129987 -0.027929211695272578
0.746449096114892 -0.02555305530673426
0.7570513720966108 -0.023206918621688995
0.7674988099435485 -0.020907928142463984
0.7777851165098009 -0.018672048846582672
0.7879040957089227 -0.016513795707585002
0.7978496522462164 -0.014446011883351552
0.8076157952903136 -0.012479717441340958
0.8171966420818224 -0.01062402852068447
0.8265864214768883 -0.008886143160660217
0.8357794774235092 -0.007271386863724619
0.8447702723685334 -0.005783308472768717
0.8535533905932737 -0.004423815235582518
0.8621235414757333 -0.003193335054421271
0.8704755626774794 -0.0020909938658515226
0.8786044232532422 -0.0011147968017562314
0.8865052266813687 -0.00026180313583484675
0.894173213813303 0.00047171312533280806
0.9016037657403225 0.0010901229610608015
0.9087924065757916 0.0015983259800280431
0.9157348061512727 0.0020016592853684973
0.9224267826248536 0.002305830720143137
0.928864305000136 0.002516873825132783
0.9350434955543556 0.00264112042284394
0.9409606321741775 0.002685185791362244
0.9466121505977576 0.0026559609286884523
0.9519946465617215 0.0025606064144286134
0.9571048778517655 0.002406542800445924
0.9619397662556433 0.002201433228821174
0.9664963994173694 0.0019531549903626577
0.9707720325915102 0.0016697578978202348
0.9747640902965183 0.001359408553387963
0.9784701678661044 0.0010303207472073031
0.98188803289772 0.0006906732548130014
0.985015626597272 0.00034851714905011926
0.9878510650192642 1.1675370442953059e-05
0.9903926402016152 -0.0003123623037068015
0.9926388211944706 -0.000616545579499834
0.9945882549823906 -0.0008943679721677683
0.9962397672993549 -0.0011399660450426203
0.9975923633360985 -0.0013482107804744026
0.9986452283393451 -0.001514788687226785
0.9993977281025862 -0.0016362706685473713
0.9998494093481021 -0.0017101670954790954
1.0 -0.0017349679284271618
