1.0 0.001622807002878795
0.9998494093481021 0.001671589388272156
0.9993977281025862 0.001817880858378132
0.9986452283393451 0.0020614960314253726
0.9975923633360985 0.0024020668621504227
0.9962397672993549 0.002838960855119349
0.9945882549823906 0.003371179573280902
0.9926388211944706 0.0039972490064919325
0.9903926402016152 0.0047151147455029045
0.9878510650192642 0.0055220550789873025
0.985015626597272 0.006414624061279508
0.98188803289772 0.007388634362208112
0.9784701678661044 0.008439186486688772
0.9747640902965183 0.00956074700828856
0.9707720325915102 0.01074727413211979
0.9664963994173694 0.011992384561177336
0.9619397662556433 0.013289551666825472
0.9571048778517655 0.014632321713660554
0.9519946465617215 0.016014532660891208
0.9466121505977576 0.017430519074348443
0.9409606321741775 0.018875287051658526
0.9350434955543556 0.020344644791791523
0.928864305000136 0.021835277418519695
0.9224267826248536 0.02334475867774605
0.9157348061512727 0.024871496863415762
0.9087924065757916 0.026414617412038727
0.9016037657403225 0.02797378963207082
0.894173213813303 0.029549009589364766
0.8865052266813687 0.0311403548729459
0.8786044232532422 0.0327477294991699
0.8704755626774794 0.03437061834981141
0.8621235414757333 0.03600787016396498
0.8535533905932737 0.03765752621913916
0.8447702723685334 0.039316708570453905
0.8357794774235092 0.040981577308973255
0.8265864214768883 0.04264736108709161
0.8171966420818224 0.04430845954613969
0.8076157952903136 0.0459586107119203
0.7978496522462164 0.047591111342492214
0.7879040957089227 0.049199074029770716
0.7777851165098009 0.05077570191518252
0.7674988099435485 0.052314560426160894
0.7570513720966108 0.05380982560397511
0.746449096114892 0.05525649037461455
0.7356983684129987 0.056650513383420725
0.7248056648273034 0.0579888995201332
0.713777546715141 0.059269706651448116
0.7026206570024947 0.060491978926278396
0.691341716182545 0.06165561285744546
0.6799475182674938 0.06276116774233821
0.6684449266961098 0.06380963642900966
0.6568408701994456 0.06480219559871601
0.645142338627231 0.06573995635723755
0.6333563787374491 0.06662373586470419
0.6214900899516319 0.06745386898183597
0.6095506200784349 0.06823007560143941
0.5975451610080642 0.06895139472729997
0.5854809443801506 0.0696161908256836
0.5733652372276805 0.07022223195381909
0.5612053375996082 0.07076683315465625
0.54900857016478 0.07124705309148653
0.5367822817998334 0.07165992733705555
0.5245338371637088 0.07200271851311965
0.512270614261456 0.0722731618756246
0.4999999999999999 0.0724696851057771
0.4877293857385438 0.07259158300298212
0.475466162836291 0.07263913134146452
0.46321771820016633 0.07261362907239041
0.4509914298352198 0.07251736393685476
0.43879466240039156 0.07235350292737751
0.42663476277231926 0.07212591537519493
0.41451905561984914 0.07183894222166941
0.4024548389919357 0.07149712976684344
0.3904493799215649 0.07110494946740786
0.3785099100483679 0.07066652688418906
0.36664362126255073 0.07018540249875041
0.35485766137276875 0.06966434482698235
0.3431591298005543 0.06910523220854985
0.33155507330389 0.06850901414566841
0.320052481732506 0.06787575652880953
0.30865828381745486 0.06720476803924562
0.29737934299750524 0.06649479802980779
0.28622245328485874 0.06574428983394467
0.27519433517269654 0.06495166827769237
0.26430163158700104 0.06411563662429806
0.2535509038851079 0.06323545659965193
0.2429486279033891 0.0623111857096793
0.23250119005645137 0.06134384878062181
0.2222148834901989 0.06033552536824894
0.2120959042910774 0.059289341066540935
0.20215034775378343 0.05820935833225302
0.19238420470968637 0.05710037065301388
0.18280335791817703 0.055967612082536616
0.17341357852311146 0.05481640169101246
0.16422052257649067 0.053651748711682434
0.15522972763146647 0.052477948571369774
0.14644660940672616 0.051298202168324813
0.1378764585242665 0.05011429046402736
0.12952443732252045 0.04892633363213268
0.12139557674675777 0.047732658798038084
0.11349477331863145 0.04652979313553027
0.10582678618669683 0.04531259025883324
0.09839623425967753 0.044074488087960315
0.09120759342420814 0.04280788638874246
0.08426519384872727 0.04150462274679307
0.07757321737514639 0.04015651755537269
0.07113569499986394 0.038755952331070126
0.06495650444564427 0.03729644184003232
0.059039367825822475 0.03577315947198359
0.05338784940224234 0.03418337718983596
0.048005353438278275 0.03252678614414568
0.042895122148234655 0.030805671394316506
0.038060233744356575 0.029024923645172063
0.03350360058263052 0.02719188184598032
0.029227967408489597 0.025316012146666952
0.025235909703481607 0.023408440234654694
0.021529832133895532 0.021481364651987855
0.018111967102280024 0.01954738753858052
0.014984373402728013 0.01761880569991146
0.012148934980735715 0.015706908456654404
0.009607359798384785 0.01382132910252412
0.007361178805529334 0.011969493904490914
0.005411745017609493 0.010156206589923986
0.0037602327006450165 0.008383397565903887
0.0024076366639015356 0.006650056292712272
0.0013547716606548965 0.0049523530292411464
0.0006022718974137975 0.003283943430002786
0.00015059065189787502 0.0016364370924679345
0.0 0.0
0.00015059065189787502 -0.001683297605953669
0.0006022718974137975 -0.0033578836822632597
0.0013547716606548965 -0.0050148988948208835
0.0024076366639015356 -0.006646148179215778
0.0037602327006450165 -0.008244389335220837
0.005411745017609493 -0.009803572327931642
0.007361178805529334 -0.011319017845045604
0.009607359798384785 -0.012787527469341779
0.012148934980735715 -0.014207422053550984
0.014984373402728013 -0.01557850923527237
0.018111967102280024 -0.016901985200666304
0.021529832133895532 -0.01818027951234045
0.025235909703481607 -0.019416854811760205
0.029227967408489597 -0.020615975297862195
0.03350360058263052 -0.0217824589487286
0.038060233744356575 -0.022921428447172792
0.042895122148234655 -0.024038074728835027
0.048005353438278275 -0.02513744510417004
0.05338784940224234 -0.02622426519170057
0.059039367825822475 -0.02730280066975787
0.06495650444564427 -0.028376761372411435
0.07113569499986394 -0.02944924680054391
0.07757321737514639 -0.030522728960902884
0.08426519384872727 -0.03159906582520217
0.09120759342420814 -0.03267953681117564
0.09839623425967753 -0.03376489065903968
0.10582678618669683 -0.03485539596948228
0.11349477331863145 -0.03595088546673436
0.12139557674675777 -0.0370507866624082
0.12952443732252045 -0.03815413386650821
0.1378764585242665 -0.039259559212138945
0.14644660940672616 -0.040365263284697896
0.15522972763146647 -0.041468968813293476
0.16422052257649067 -0.04256786343522765
0.17341357852311146 -0.043658539552710054
0.18280335791817703 -0.04473694057794849
0.19238420470968637 -0.04579832328140327
0.20215034775378343 -0.046837245461482824
0.2120959042910774 -0.047847586760755935
0.2222148834901989 -0.048822608256789454
0.23250119005645137 -0.049755053615718366
0.2429486279033891 -0.05063729133015675
0.2535509038851079 -0.051461494125896484
0.26430163158700104 -0.05221984828953499
0.27519433517269654 -0.052904782715522895
0.28622245328485874 -0.053509205146809256
0.29737934299750524 -0.0540267315960077
0.30865828381745486 -0.05445189443182476
0.320052481732506 -0.05478031517437675
0.33155507330389 -0.055008829659939355
0.3431591298005543 -0.055135555827552765
0.35485766137276875 -0.05515989778855385
0.36664362126255073 -0.05508248384292777
0.3785099100483679 -0.05490504043189793
0.3904493799215649 -0.05463020836343223
0.4024548389919357 -0.05426131170755831
0.41451905561984914 -0.05380209323739455
0.42663476277231926 -0.05325643293162182
0.43879466240039156 -0.052628067651944804
0.4509914298352198 -0.05192033053241033
0.46321771820016633 -0.05113592781418344
0.475466162836291 -0.0502767688621783
0.4877293857385438 -0.049343862024483515
0.4999999999999999 -0.04833728503280517
0.512270614261456 -0.0472562340454676
0.5245338371637088 -0.04609915050193151
0.5367822817998334 -0.04486392001156071
0.54900857016478 -0.04354813286362956
0.5612053375996082 -0.04214939172401908
0.5733652372276805 -0.04066564893919504
0.5854809443801506 -0.03909555380343421
0.5975451610080642 -0.037438789291942276
0.6095506200784349 -0.03569637817075476
0.6214900899516319 -0.03387094003101231
0.6333563787374491 -0.03196688354696515
0.645142338627231 -0.029990521939002302
0.6568408701994456 -0.02795010399219731
0.6684449266961098 -0.025855757753666067
0.6799475182674938 -0.023719348903855356
0.691341716182545 -0.021554260463015427
0.7026206570024947 -0.01937510467013132
0.713777546715141 -0.01719738131187694
0.7248056648273034 -0.015037099292310849
0.7356983684129987 -0.012910379694099548
0.746449096114892 -0.01083305893503886
0.7570513720966108 -0.008820309888727665
0.7674988099435485 -0.006886297104091051
0.7777851165098009 -0.005043879674695198
0.7879040957089227 -0.0033043720737372085
0.7978496522462164 -0.001677369615912488
0.8076157952903136 -0.0001706413811382564
0.8171966420818224 0.0012099103155988331
0.8265864214768883 0.0024602282698259507
0.8357794774235092 0.0035780238540001003
0.8447702723685334 0.004562655199046401
0.8535533905932737 0.005414971218339611
0.8621235414757333 0.006137133333933178
0.8704755626774794 0.0067324267080573555
0.8786044232532422 0.007205072000054581
0.8865052266813687 0.007560047267515873
0.894173213813303 0.007802927751970535
0.9016037657403225 0.007939749097508228
0.9087924065757916 0.00797689721755667
0.9157348061512727 0.007921025719236635
0.9224267826248536 0.007778999669290659
0.928864305000136 0.0075578626683203065
0.9350434955543556 0.007264822786324707
0.9409606321741775 0.006907251960987295
0.9466121505977576 0.0064926929916127194
0.9519946465617215 0.0060288682607644575
0.9571048778517655 0.005523684735441966
0.9619397662556433 0.004985230567706966
0.9664963994173694 0.004421759641210481
0.9707720325915102 0.0038416615963539884
0.9747640902965183 0.0032534161136192246
0.9784701678661044 0.002665531449928049
0.98188803289772 0.0020864683282812834
0.985015626597272 0.0015245512160448602
0.9878510650192642 0.0009878697524278008
0.9903926402016152 0.0004841735824305329
0.9926388211944706 2.0764124055139147e-05
0.9945882549823906 -0.00039561314423257267
0.9962397672993549 -0.0007588724075599511
0.9975923633360985 -0.001063684041815136
0.9986452283393451 -0.0013055610959530595
0.9993977281025862 -0.0014809333041649342
0.9998494093481021 -0.0015872066550467734
1.0 -0.001622807002878795
