1.0 0.0020158360573546944
0.9998494093481021 0.002068867591863119
0.9993977281025862 0.002227915212702994
0.9986452283393451 0.0024928182714269507
0.9975923633360985 0.0028632454240492327
0.9962397672993549 0.0033386062987303096
0.9945882549823906 0.00391794129732249
0.9926388211944706 0.004599801519397904
0.9903926402016152 0.005382132254895326
0.9878510650192642 0.006262173711790419
0.985015626597272 0.007236391593184884
0.98188803289772 0.008300447890099087
0.9784701678661044 0.00944921899354799
0.9747640902965183 0.010676864224300883
0.9707720325915102 0.011976943471188616
0.9664963994173694 0.01334257819859074
0.9619397662556433 0.014766646017958726
0.9571048778517655 0.016241995678596195
0.9519946465617215 0.017761667024601517
0.9466121505977576 0.0193190994098969
0.9409606321741775 0.020908312380687882
0.9350434955543556 0.022524044129131105
0.928864305000136 0.024161836181767187
0.9224267826248536 0.025818056791121646
0.9157348061512727 0.027489860236928496
0.9087924065757916 0.029175084335957873
0.9016037657403225 0.03087209349147771
0.894173213813303 0.032579579167759366
0.8865052266813687 0.034296333366888705
0.8786044232532422 0.03602101319428462
0.8704755626774794 0.03775191569754822
0.8621235414757333 0.03948678173452394
0.8535533905932737 0.04122264567786412
0.8447702723685334 0.0429557444264481
0.8357794774235092 0.04468149471541305
0.8265864214768883 0.04639454243963347
0.8171966420818224 0.04808888204339095
0.8076157952903136 0.0497580384319162
0.7978496522462164 0.05139529877952825
0.7879040957089227 0.05299397745949626
0.7777851165098009 0.05454769444780178
0.7674988099435485 0.056050646203113855
0.7570513720966108 0.057497848325035524
0.746449096114892 0.05888533123694921
0.7356983684129987 0.06021027359093627
0.7248056648273034 0.0614710627896973
0.713777546715141 0.06266727760049168
0.7026206570024947 0.06379959386040662
0.691341716182545 0.06486962026227262
0.6799475182674938 0.06587967668600817
0.6684449266961098 0.06683253205792736
0.6568408701994456 0.0677311219106873
0.645142338627231 0.06857826741310406
0.6333563787374491 0.06937641750249228
0.6214900899516319 0.07012743388185846
0.6095506200784349 0.07083243517987477
0.5975451610080642 0.07149171178302102
0.5854809443801506 0.07210471711618179
0.5733652372276805 0.07267013492974142
0.5612053375996082 0.07318601595057943
0.54900857016478 0.07364997157696314
0.5367822817998334 0.07405940761058902
0.5245338371637088 0.07441177771376024
0.512270614261456 0.07470483463747563
0.4999999999999999 0.0749368574352991
0.4877293857385438 0.07510683485964188
0.475466162836291 0.07521458878426455
0.46321771820016633 0.075260826523762
0.4509914298352198 0.07524711692525067
0.43879466240039156 0.07517579160183631
0.42663476277231926 0.07504977912759876
0.41451905561984914 0.07487238588216714
0.4024548389919357 0.0746470420222389
0.3904493799215649 0.07437703435199824
0.3785099100483679 0.07406524936549548
0.36664362126255073 0.07371394928584524
0.35485766137276875 0.07332460153082852
0.3431591298005543 0.07289777785485625
0.33155507330389 0.07243313376596025
0.320052481732506 0.07192947213335928
0.30865828381745486 0.07138488771972828
0.29737934299750524 0.07079698227816157
0.28622245328485874 0.07016313343809773
0.27519433517269654 0.06948079541601551
0.26430163158700104 0.0687478060868234
0.2535509038851079 0.06796267347522005
0.2429486279033891 0.06712481545124972
0.23250119005645137 0.06623472934512134
0.2222148834901989 0.06529407315916036
0.2120959042910774 0.06430564670726596
0.20215034775378343 0.06327326886739591
0.19238420470968637 0.062201555593997294
0.18280335791817703 0.06109561174402545
0.17341357852311146 0.05996065744764968
0.16422052257649067 0.05880161606759966
0.15522972763146647 0.057622695194196966
0.14644660940672616 0.05642699420641043
0.1378764585242665 0.055216171453063845
0.12952443732252045 0.0539902010259746
0.12139557674675777 0.05274724356287364
0.11349477331863145 0.051483647880919144
0.10582678618669683 0.05019409102143387
0.09839623425967753 0.048871854138537854
0.09120759342420814 0.04750922133217754
0.08426519384872727 0.0460979787865896
0.07757321737514639 0.04462998318028358
0.07113569499986394 0.04309776195226574
0.06495650444564427 0.041495104175460686
0.059039367825822475 0.03981759985797899
0.05338784940224234 0.03806308761344807
0.048005353438278275 0.03623197573695085
0.042895122148234655 0.0343274094950183
0.038060233744356575 0.032355267384546554
0.03350360058263052 0.030323980564253068
0.029227967408489597 0.028244181817943873
0.025235909703481607 0.026128202409604836
0.021529832133895532 0.02398944617041336
0.018111967102280024 0.02184167931111177
0.014984373402728013 0.019698281093349684
0.012148934980735715 0.017571504105565332
0.009607359798384785 0.015471793168869758
0.007361178805529334 0.013407208778061041
0.005411745017609493 0.01138299463737529
0.0037602327006450165 0.009401319687768419
0.0024076366639015356 0.007461213655741188
0.0013547716606548965 0.005558702358955812
0.0006022718974137975 0.003687135664965908
0.00015059065189787502 0.0018376880448472725
0.0 0.0
0.00015059065189787502 -0.0013473053936447132
0.0006022718974137975 -0.0026860743551510367
0.0013547716606548965 -0.0040075438990045025
0.0024076366639015356 -0.005303692352263891
0.0037602327006450165 -0.006567560957621254
0.005411745017609493 -0.00779351991563186
0.007361178805529334 -0.008977465949113273
0.009607359798384785 -0.010116942760954603
0.012148934980735715 -0.011211180518850993
0.014984373402728013 -0.012261055404611216
0.018111967102280024 -0.01326897497298247
0.021529832133895532 -0.014238699255026127
0.025235909703481607 -0.015175110935264916
0.029227967408489597 -0.0160839503132219
0.03350360058263052 -0.01697153198883021
0.038060233744356575 -0.0178444602343885
0.042895122148234655 -0.0187093588696314
0.048005353438278275 -0.01957262926307285
0.05338784940224234 -0.020440247039360072
0.059039367825822475 -0.02131760443564034
0.06495650444564427 -0.02220940131567318
0.07113569499986394 -0.023119583930403455
0.07757321737514639 -0.024051326911626085
0.08426519384872727 -0.025007050973512267
0.09120759342420814 -0.02598846659537494
0.09839623425967753 -0.02699663271984032
0.10582678618669683 -0.028032019295692885
0.11349477331863145 -0.02909456331182682
0.12139557674675777 -0.030183709713153636
0.12952443732252045 -0.03129843109181104
0.1378764585242665 -0.032437223078088086
0.14644660940672616 -0.033598075643926216
0.15522972763146647 -0.03477842378665934
0.16422052257649067 -0.035975083994349594
0.17341357852311146 -0.03718418524578453
0.18280335791817703 -0.03840110485459032
0.19238420470968637 -0.039620420079412216
0.20215034775378343 -0.04083588601905011
0.2120959042910774 -0.04204044890420328
0.2222148834901989 -0.04322630158017933
0.23250119005645137 -0.04438498491753848
0.2429486279033891 -0.04550753532330227
0.2535509038851079 -0.046584674732501684
0.26430163158700104 -0.04760703574091116
0.27519433517269654 -0.04856541119780584
0.28622245328485874 -0.04945101489244881
0.29737934299750524 -0.050255738174690444
0.30865828381745486 -0.05097238661968364
0.320052481732506 -0.05159488127265861
0.33155507330389 -0.05211841059930515
0.3431591298005543 -0.05253952194018216
0.35485766137276875 -0.052856144860335276
0.36664362126255073 -0.05306754306274703
0.3785099100483679 -0.053174196205821374
0.3904493799215649 -0.05317761770572599
0.4024548389919357 -0.05308011907790937
0.41451905561984914 -0.05288453525564337
0.42663476277231926 -0.0525939283311098
0.43879466240039156 -0.05221128906838522
0.4509914298352198 -0.051739256184485716
0.46321771820016633 -0.051179872717537246
0.475466162836291 -0.050534396824834675
0.4877293857385438 -0.049803181193071026
0.4999999999999999 -0.04898563109593015
0.512270614261456 -0.048080246267048064
0.5245338371637088 -0.047084746485949514
0.5367822817998334 -0.04599627544621565
0.54900857016478 -0.044811672438486584
0.5612053375996082 -0.04352779696586671
0.5733652372276805 -0.04214188790346593
0.5854809443801506 -0.040651936442993565
0.5975451610080642 -0.03905705097662534
0.6095506200784349 -0.03735779233473543
0.6214900899516319 -0.03555645937303423
0.6333563787374491 -0.03365730769315381
0.645142338627231 -0.031666688086172595
0.6568408701994456 -0.029593095856901227
0.6684449266961098 -0.027447127218720377
0.6799475182674938 -0.025241344121004886
0.691341716182545 -0.02299005385846674
0.7026206570024947 -0.02070901430891983
0.713777546715141 -0.018415079387842516
0.7248056648273034 -0.016125802086233813
0.7356983684129987 -0.013859014133163032
0.746449096114892 -0.011632401832879738
0.7570513720966108 -0.009463096983003303
0.7674988099435485 -0.0073673000739382195
0.7777851165098009 -0.0053599503544021045
0.7879040957089227 -0.0034544540303270204
0.7978496522462164 -0.0016624780871718574
0.8076157952903136 6.186750149975596e-06
0.8171966420818224 0.0015436943192882278
0.8265864214768883 0.002944146593068121
0.8357794774235092 0.004203539626809453
0.8447702723685334 0.005319661403665129
0.8535533905932737 0.0062919527364649185
0.8621235414757333 0.007121343187262305
0.8704755626774794 0.00781007394674174
0.8786044232532422 0.008361518840434215
0.8865052266813687 0.008780013209731782
0.894173213813303 0.009070698501317078
0.9016037657403225 0.009239388160200212
0.9087924065757916 0.009292458039720411
0.9157348061512727 0.009236762192975
0.9224267826248536 0.009079572753880088
0.928864305000136 0.008828540785216665
0.9350434955543556 0.008491673563844794
0.9409606321741775 0.008077322849142417
0.9466121505977576 0.007594178258948706
0.9519946465617215 0.007051259939113438
0.9571048778517655 0.0064579052061379
0.9619397662556433 0.0058237446889910114
0.9664963994173694 0.005158664599786592
0.9707720325915102 0.004472753018686172
0.9747640902965183 0.0037762293814996768
0.9784701678661044 0.0030793576128207573
0.98188803289772 0.0023923444720921954
0.985015626597272 0.0017252256135917195
0.9878510650192642 0.001087742565224376
0.9903926402016152 0.0004892142892617543
0.9926388211944706 -6.159279413567396e-05
0.9945882549823906 -0.0005565924399805883
0.9962397672993549 -0.000988500170068338
0.9975923633360985 -0.0013509454471478028
0.9986452283393451 -0.0016385714722843127
0.9993977281025862 -0.0018471201154439665
0.9998494093481021 -0.001973499976834588
1.0 -0.0020158360573546944
