1.0 0.002208780862717484
0.9998494093481021 0.0022562080509030556
0.9993977281025862 0.0023984453164051147
0.9986452283393451 0.0026353412379598647
0.9975923633360985 0.002966583688305043
0.9962397672993549 0.0033916169743052624
0.9945882549823906 0.0039095387496811945
0.9926388211944706 0.004518988182048929
0.9903926402016152 0.0052180382272069
0.9878510650192642 0.006004105035929482
0.985015626597272 0.006873886459745113
0.98188803289772 0.007823339408553953
0.9784701678661044 0.008847702623359682
0.9747640902965183 0.009941567528857189
0.9707720325915102 0.011098995556045958
0.9664963994173694 0.012313676045333137
0.9619397662556433 0.013579114933223975
0.9571048778517655 0.01488884124244759
0.9519946465617215 0.016236616231948227
0.9466121505977576 0.017616629133217487
0.9409606321741775 0.019023663815235858
0.9350434955543556 0.020453222481670582
0.928864305000136 0.02190159549672388
0.9224267826248536 0.02336587043961732
0.9157348061512727 0.024843878192206147
0.9087924065757916 0.026334078894763812
0.9016037657403225 0.027835395551982025
0.894173213813303 0.029347007523908706
0.8865052266813687 0.030868119716934244
0.8786044232532422 0.0323977256846997
0.8704755626774794 0.033934383836028974
0.8621235414757333 0.035476025415956076
0.8535533905932737 0.037019810887785484
0.8447702723685334 0.0385620479329566
0.8357794774235092 0.04009817974906136
0.8265864214768883 0.04162284700769275
0.8171966420818224 0.043130021144543014
0.8076157952903136 0.04461320104219121
0.7978496522462164 0.04606566007957111
0.7879040957089227 0.04748072637356793
0.7777851165098009 0.04885207617027943
0.7674988099435485 0.05017401900070964
0.7570513720966108 0.051441753523530455
0.746449096114892 0.05265157493093951
0.7356983684129987 0.053801018255907156
0.7248056648273034 0.05488892663154472
0.713777546715141 0.05591543915480947
0.7026206570024947 0.05688189906169631
0.691341716182545 0.057790688953740295
0.6799475182674938 0.05864500534810839
0.6684449266961098 0.05944858941402374
0.6568408701994456 0.060205434037049754
0.645142338627231 0.06091948905262689
0.6333563787374491 0.0615943864688555
0.6214900899516319 0.06223320575088088
0.6095506200784349 0.0628382958993404
0.5975451610080642 0.06341116638639546
0.5854809443801506 0.0639524533871458
0.5733652372276805 0.06446196161375478
0.5612053375996082 0.06493877592027592
0.54900857016478 0.06538143119780979
0.5367822817998334 0.06578812438548308
0.5245338371637088 0.06615694907149713
0.512270614261456 0.06648613143188861
0.4999999999999999 0.06677424630354332
0.4877293857385438 0.06702039401876692
0.475466162836291 0.0672243221012102
0.46321771820016633 0.06738648076037998
0.4509914298352198 0.06750800693203547
0.43879466240039156 0.06759063791733018
0.42663476277231926 0.06763656195070518
0.41451905561984914 0.06764821874686533
0.4024548389919357 0.06762806775102408
0.3904493799215649 0.0675783450337545
0.3785099100483679 0.06750083123623639
0.36664362126255073 0.06739665252769333
0.35485766137276875 0.06726613418393589
0.3431591298005543 0.06710872229173162
0.33155507330389 0.06692298353370416
0.320052481732506 0.06670668644384396
0.30865828381745486 0.0664569604687224
0.29737934299750524 0.06617052220052923
0.28622245328485874 0.06584395184795899
0.27519433517269654 0.06547399792194644
0.26430163158700104 0.06505788469216145
0.2535509038851079 0.06459359554984617
0.2429486279033891 0.06408010617229927
0.23250119005645137 0.06351754433199029
0.2222148834901989 0.06290725816093677
0.2120959042910774 0.062251781334057586
0.20215034775378343 0.061554691495386483
0.19238420470968637 0.06082036673070781
0.18280335791817703 0.06005365333639572
0.17341357852311146 0.05925946587854744
0.16422052257649067 0.058442346947067986
0.15522972763146647 0.05760601854120571
0.14644660940672616 0.05675295926258251
0.1378764585242665 0.055884041191910566
0.12952443732252045 0.054998257428677685
0.12139557674675777 0.05409256591955162
0.11349477331863145 0.05316186772319769
0.10582678618669683 0.05219912875908352
0.09839623425967753 0.05119564400368596
0.09120759342420814 0.05014143275712293
0.08426519384872727 0.0490257437707367
0.07757321737514639 0.047837640444854765
0.07113569499986394 0.046566629641790695
0.06495650444564427 0.04520329344913063
0.059039367825822475 0.04373988183788797
0.05338784940224234 0.042170825752674
0.048005353438278275 0.04049313469255553
0.042895122148234655 0.038706650020689466
0.038060233744356575 0.03681413460689298
0.03350360058263052 0.03482119032065116
0.029227967408489597 0.03273600659017065
0.025235909703481607 0.03056895489505774
0.021529832133895532 0.02833205482721263
0.018111967102280024 0.026038346451542287
0.014984373402728013 0.02370121045220599
0.012148934980735715 0.021333681451149777
0.009607359798384785 0.01894780062524401
0.007361178805529334 0.016554051244140253
0.005411745017609493 0.014160915154820803
0.0037602327006450165 0.011774579927242623
0.0024076366639015356 0.009398815923825998
0.0013547716606548965 0.00703503069717262
0.0006022718974137975 0.004682495694174107
0.00015059065189787502 0.0023387281343208587
0.0 0.0
0.00015059065189787502 -0.001682449463920151
0.0006022718974137975 -0.0033550463468526325
0.0013547716606548965 -0.005007654767217332
0.0024076366639015356 -0.006630883593941361
0.0037602327006450165 -0.008216411415387464
0.005411745017609493 -0.009757257746940572
0.007361178805529334 -0.01124798791284186
0.009607359798384785 -0.012684843138021503
0.012148934980735715 -0.014065791940589756
0.014984373402728013 -0.015390503608579301
0.018111967102280024 -0.016660249052597446
0.021529832133895532 -0.017877738343874728
0.025235909703481607 -0.019046907509192863
0.029227967408489597 -0.020172669453714456
0.03350360058263052 -0.02126064508672487
0.038060233744356575 -0.022316890783195736
0.042895122148234655 -0.023347637260566476
0.048005353438278275 -0.02435905290137842
0.05338784940224234 -0.02535704169612639
0.059039367825822475 -0.026347082561014257
0.06495650444564427 -0.027334113083269225
0.07113569499986394 -0.028322457058275654
0.07757321737514639 -0.029315791795973
0.08426519384872727 -0.030317148346462895
0.09120759342420814 -0.03132893573449204
0.09839623425967753 -0.03235297914188419
0.10582678618669683 -0.033390561802693786
0.11349477331863145 -0.03444246116418503
0.12139557674675777 -0.035508971525645826
0.12952443732252045 -0.0365899077340711
0.1378764585242665 -0.037684587371542295
0.14644660940672616 -0.038791791955341735
0.15522972763146647 -0.039909710712050746
0.16422052257649067 -0.04103587320891237
0.17341357852311146 -0.0421670792835949
0.18280335791817703 -0.04329933610724187
0.19238420470968637 -0.044427812707746026
0.20215034775378343 -0.04554682180666425
0.2120959042910774 -0.0466498373995574
0.2222148834901989 -0.04772955422999068
0.23250119005645137 -0.048777992338085434
0.2429486279033891 -0.04978664643100109
0.2535509038851079 -0.050746676192925874
0.26430163158700104 -0.051649130115657166
0.27519433517269654 -0.05248519227646521
0.28622245328485874 -0.053246438983123714
0.29737934299750524 -0.05392509056792569
0.30865828381745486 -0.05451424300228851
0.320052481732506 -0.05500806450508216
0.33155507330389 -0.05540194393220428
0.3431591298005543 -0.05569258037918699
0.35485766137276875 -0.05587800694061801
0.36664362126255073 -0.05595754571963761
0.3785099100483679 -0.0559316956854896
0.3904493799215649 -0.055801959523028966
0.4024548389919357 -0.0555706198820892
0.41451905561984914 -0.05524047910795732
0.42663476277231926 -0.05481457934520392
0.43879466240039156 -0.05429592164113965
0.4509914298352198 -0.0536872031906245
0.46321771820016633 -0.05299059110305087
0.475466162836291 -0.05220754906575962
0.4877293857385438 -0.05133873014353482
0.4999999999999999 -0.05038394488774526
0.512270614261456 -0.04934220919325706
0.5245338371637088 -0.048211871245827084
0.5367822817998334 -0.04699081178251978
0.54900857016478 -0.04567670708053735
0.5612053375996082 -0.04426733991269236
0.5733652372276805 -0.04276094043500889
0.5854809443801506 -0.041156536816882305
0.5975451610080642 -0.03945429452476414
0.6095506200784349 -0.03765582358020989
0.6214900899516319 -0.03576443479911408
0.6333563787374491 -0.03378532886405627
0.645142338627231 -0.031725705894192956
0.6568408701994456 -0.029594787704661223
0.6684449266961098 -0.027403749894968826
0.6799475182674938 -0.025165565956280098
0.691341716182545 -0.022894770423553652
0.7026206570024947 -0.020607152423883723
0.713777546715141 -0.018319394531287815
0.7248056648273034 -0.016048674431250503
0.7356983684129987 -0.013812248394530553
0.746449096114892 -0.011627035903121525
0.7570513720966108 -0.009509223982254258
0.7674988099435485 -0.007473907963890278
0.7777851165098009 -0.005534782695866622
0.7879040957089227 -0.003703894824044688
0.7978496522462164 -0.0019914629546065716
0.8076157952903136 -0.00040576850916287477
0.8171966420818224 0.0010468838254793552
0.8265864214768883 0.002362140738877253
0.8357794774235092 0.003537517775256272
0.8447702723685334 0.0045722697657862394
0.8535533905932737 0.00546722591161287
0.8621235414757333 0.006224601955918379
0.8704755626774794 0.006847801799467624
0.8786044232532422 0.007341220072011417
0.8865052266813687 0.007710055684910367
0.894173213813303 0.007960144407248917
0.9016037657403225 0.00809781620014428
0.9087924065757916 0.008129780592715345
0.9157348061512727 0.008063040964852953
0.9224267826248536 0.007904836376686698
0.928864305000136 0.007662607686036379
0.9350434955543556 0.007343983222609793
0.9409606321741775 0.006956778302160222
0.9466121505977576 0.006509002386381194
0.9519946465617215 0.0060088677082432065
0.9571048778517655 0.005464793637743015
0.9619397662556433 0.004885401883128337
0.9664963994173694 0.004279498712835947
0.9707720325915102 0.003656041639633859
0.9747640902965183 0.0030240893263784366
0.9784701678661044 0.0023927347556683847
0.98188803289772 0.0017710228710873374
0.985015626597272 0.0011678548823935843
0.9878510650192642 0.0005918821894167533
0.9903926402016152 5.139340032592459e-05
0.9926388211944706 -0.00044580179914554185
0.9945882549823906 -0.0008924881089441767
0.9962397672993549 -0.0012821557226514024
0.9975923633360985 -0.001609103669978436
0.9986452283393451 -0.0018685323673056726
0.9993977281025862 -0.0020566227990841137
0.9998494093481021 -0.0021706002335510396
1.0 -0.002208780862717484
