1.0 0.0018395129998953386
0.9998494093481021 0.001891632008623992
0.9993977281025862 0.0020479163142579897
0.9986452283393451 0.0023081295445145397
0.9975923633360985 0.00267181903674091
0.9962397672993549 0.003138234568288047
0.9945882549823906 0.0037062275244146396
0.9926388211944706 0.004374142007997085
0.9903926402016152 0.005139710764437269
0.9878510650192642 0.005999968959599922
0.985015626597272 0.006951197775608228
0.98188803289772 0.00798890755497274
0.9784701678661044 0.009107867006983811
0.9747640902965183 0.010302181059319022
0.9707720325915102 0.011565415626551188
0.9664963994173694 0.012890763248292789
0.9619397662556433 0.014271239602666552
0.9571048778517655 0.015699897679880323
0.9519946465617215 0.01717004420430847
0.9466121505977576 0.01867544193805305
0.9409606321741775 0.020210481899479885
0.9350434955543556 0.02177031128901246
0.928864305000136 0.02335090591936348
0.9224267826248536 0.02494907997932496
0.9157348061512727 0.02656243070999766
0.9087924065757916 0.02818922066485436
0.9016037657403225 0.029828205249557545
0.894173213813303 0.03147841778102796
0.8865052266813687 0.03313892798676463
0.8786044232532422 0.034808592367457813
0.8704755626774794 0.036485815941804715
0.8621235414757333 0.038168344466091256
0.8535533905932737 0.039853104278120347
0.8447702723685334 0.041536103583993476
0.8357794774235092 0.043212404529716725
0.8265864214768883 0.04487617011616926
0.8171966420818224 0.04652078433387107
0.8076157952903136 0.04813903825892811
0.7978496522462164 0.049723369711087456
0.7879040957089227 0.0512661398422917
0.7777851165098009 0.05275992704474811
0.7674988099435485 0.054197817089931204
0.7570513720966108 0.05557366856509124
0.746449096114892 0.05688233446323625
0.7356983684129987 0.058119824076922524
0.7248056648273034 0.059283393894591516
0.713777546715141 0.06037156164719789
0.7026206570024947 0.061384043574084494
0.691341716182545 0.06232162090102069
0.6799475182674938 0.06318594697701951
0.6684449266961098 0.0639793110615535
0.6568408701994456 0.06470437802193187
0.645142338627231 0.06536392492426746
0.6333563787374491 0.06596059553605244
0.6214900899516319 0.06649669209494474
0.6095506200784349 0.06697402046550115
0.5975451610080642 0.06739380025999603
0.5854809443801506 0.06775664600623094
0.5733652372276805 0.06806261944907901
0.5612053375996082 0.06831134706226745
0.54900857016478 0.06850219131616699
0.5367822817998334 0.06863445965429932
0.5245338371637088 0.06870763186095716
0.512270614261456 0.06872158483462143
0.4999999999999999 0.06867679386749331
0.4877293857385438 0.0685744913784212
0.475466162836291 0.06841676751781842
0.46321771820016633 0.06820660188646863
0.4509914298352198 0.06794782139837484
0.43879466240039156 0.0676449855995676
0.42663476277231926 0.06730320701173531
0.41451905561984914 0.06692791977829515
0.4024548389919357 0.06652461456543776
0.3904493799215649 0.06609856090413928
0.3785099100483679 0.06565453965611293
0.36664362126255073 0.06519660789059896
0.35485766137276875 0.064727916166744
0.3431591298005543 0.06425059418142531
0.33155507330389 0.06376571526465633
0.320052481732506 0.06327334370885734
0.30865828381745486 0.0627726619215243
0.29737934299750524 0.062262167462653444
0.28622245328485874 0.061739923745247643
0.27519433517269654 0.061203843076392976
0.26430163158700104 0.06065197725110652
0.2535509038851079 0.06008278941268523
0.2429486279033891 0.059495381541566666
0.23250119005645137 0.058889654740560245
0.2222148834901989 0.058266384284825765
0.2120959042910774 0.05762719787263877
0.20215034775378343 0.056974453178008644
0.19238420470968637 0.056311019090605055
0.18280335791817703 0.055639973289256156
0.17341357852311146 0.054964236373867076
0.16422052257649067 0.05428616905410268
0.15522972763146647 0.05360716332412008
0.14644660940672616 0.052927260733025235
0.1378764585242665 0.05224483054669109
0.12952443732252045 0.051556337731120845
0.12139557674675777 0.05085622540912902
0.11349477331863145 0.05013692907835974
0.10582678618669683 0.049389030925292066
0.09839623425967753 0.04860155265639222
0.09120759342420814 0.04776237511196912
0.08426519384872727 0.04685876328429365
0.07757321737514639 0.04587796696208554
0.07113569499986394 0.04480786072484583
0.06495650444564427 0.04363758294140544
0.059039367825822475 0.042358132146383995
0.05338784940224234 0.0409628808352136
0.048005353438278275 0.03944797127707697
0.042895122148234655 0.03781256512513554
0.038060233744356575 0.03605892793656317
0.03350360058263052 0.03419234056689606
0.029227967408489597 0.03222084101831409
0.025235909703481607 0.030154811876682185
0.021529832133895532 0.028006439137095905
0.018111967102280024 0.025789077215562683
0.014984373402728013 0.023516561610018187
0.012148934980735715 0.02120251450332323
0.009607359798384785 0.018859689290487487
0.007361178805529334 0.016499397482579347
0.005411745017609493 0.014131055843035508
0.0037602327006450165 0.011761883323437096
0.0024076366639015356 0.0093967669572601
0.0013547716606548965 0.007038304070076678
0.0006022718974137975 0.00468701580598339
0.00015059065189787502 0.0023417149297411937
0.0 0.0
0.00015059065189787502 -0.0012132797728163604
0.0006022718974137975 -0.0024204460409453887
0.0013547716606548965 -0.003615152127035598
0.0024076366639015356 -0.004791675155350712
0.0037602327006450165 -0.0059451837097174946
0.005411745017609493 -0.007071955451966681
0.007361178805529334 -0.008169533191610286
0.009607359798384785 -0.009236811849290831
0.012148934980735715 -0.010274053138593621
0.014984373402728013 -0.011282829293859983
0.018111967102280024 -0.012265901480823672
0.021529832133895532 -0.013227042345075291
0.025235909703481607 -0.0141708152229596
0.029227967408489597 -0.015102324661293165
0.03350360058263052 -0.016026953939587342
0.038060233744356575 -0.016950105215880782
0.042895122148234655 -0.017876956763151153
0.048005353438278275 -0.01881224964574571
0.05338784940224234 -0.019760113292378666
0.059039367825822475 -0.02072393599671178
0.06495650444564427 -0.021706282696504813
0.07113569499986394 -0.022708858739534016
0.07757321737514639 -0.023732515021566855
0.08426519384872727 -0.02477728713035699
0.09120759342420814 -0.025842459151399648
0.09839623425967753 -0.0269266417221524
0.10582678618669683 -0.02802785382220301
0.11349477331863145 -0.02914359863853657
0.12139557674675777 -0.03027092555133579
0.12952443732252045 -0.03140647268121473
0.1378764585242665 -0.03254648730254174
0.14644660940672616 -0.03368682450114698
0.15522972763146647 -0.034822927463245966
0.16422052257649067 -0.035949795456484364
0.17341357852311146 -0.03706194766165446
0.18280335791817703 -0.03815339233992288
0.19238420470968637 -0.03921761124342677
0.20215034775378343 -0.04024756863897455
0.2120959042910774 -0.04123575283678966
0.2222148834901989 -0.04217425579857816
0.23250119005645137 -0.04305489341273745
0.2429486279033891 -0.04386936559880749
0.2535509038851079 -0.044609451808884364
0.26430163158700104 -0.045267234021545755
0.27519433517269654 -0.04583533626247859
0.28622245328485874 -0.04630716729918295
0.29737934299750524 -0.046677151662824025
0.30865828381745486 -0.04694093370310395
0.320052481732506 -0.047095540060180956
0.33155507330389 -0.04713948773579445
0.3431591298005543 -0.0470728277738157
0.35485766137276875 -0.046897118249022006
0.36664362126255073 -0.046615324574551774
0.3785099100483679 -0.046231649784260705
0.3904493799215649 -0.04575130210603214
0.4024548389919357 -0.04518021148786855
0.41451905561984914 -0.04452471045779729
0.42663476277231926 -0.043791197517160804
0.43879466240039156 -0.04298580296915629
0.4509914298352198 -0.04211407752948211
0.46321771820016633 -0.041180723197830525
0.475466162836291 -0.040189383721755
0.4877293857385438 -0.039142508680244784
0.4999999999999999 -0.03804130095522611
0.512270614261456 -0.03688575241351459
0.5245338371637088 -0.03567476730559165
0.5367822817998334 -0.03440636754316384
0.54900857016478 -0.033077968989507996
0.5612053375996082 -0.03168671350878045
0.5733652372276805 -0.030229838053421804
0.5854809443801506 -0.028705059741333954
0.5975451610080642 -0.027110954829280283
0.6095506200784349 -0.025447309783495155
0.6214900899516319 -0.023715424252334413
0.6333563787374491 -0.021918348543673746
0.645142338627231 -0.02006104201061435
0.6568408701994456 -0.018150443300111962
0.6684449266961098 -0.016195448423992016
0.6799475182674938 -0.01420679775111999
0.691341716182545 -0.012196877972845544
0.7026206570024947 -0.01017944956115562
0.713777546715141 -0.008169313959987434
0.7248056648273034 -0.006181937520656453
0.7356983684129987 -0.004233050876063216
0.746449096114892 -0.0023382429838491566
0.7570513720966108 -0.0005125684708627886
0.7674988099435485 0.0012298147323760009
0.7777851165098009 0.002875963016784484
0.7879040957089227 0.004414408759470311
0.7978496522462164 0.005835358493355552
0.8076157952903136 0.007130823931514634
0.8171966420818224 0.008294686025442456
0.8265864214768883 0.009322695773682105
0.8357794774235092 0.01021241853833995
0.8447702723685334 0.010963131013263256
0.8535533905932737 0.011575681613827072
0.8621235414757333 0.01205232587690016
0.8704755626774794 0.012396548480671152
0.8786044232532422 0.012612882780922352
0.8865052266813687 0.012706737421738067
0.894173213813303 0.012684237757942005
0.9016037657403225 0.01255208768936195
0.9087924065757916 0.01231745522770017
0.9157348061512727 0.011987882865362343
0.9224267826248536 0.01157122174576703
0.928864305000136 0.011075586873886923
0.9350434955543556 0.01050932924805461
0.9409606321741775 0.009881019895725221
0.9466121505977576 0.009199440374601422
0.9519946465617215 0.008473574337365676
0.9571048778517655 0.007712595202440992
0.9619397662556433 0.006925845748914377
0.9664963994173694 0.0061228064684496555
0.9707720325915102 0.005313050660276231
0.9747640902965183 0.004506185447609399
0.9784701678661044 0.0037117790343367983
0.98188803289772 0.0029392755337888906
0.985015626597272 0.002197899530821313
0.9878510650192642 0.0014965531501022287
0.9903926402016152 0.0008437087853448582
0.9926388211944706 0.0002473008043747671
0.9945882549823906 -0.00028538049183826305
0.9962397672993549 -0.0007477895750205759
0.9975923633360985 -0.0011342182931039055
0.9986452283393451 -0.0014398779908487446
0.9993977281025862 -0.001660969185944954
0.9998494093481021 -0.0017947372575077842
1.0 -0.0018395129998953386
