1.0 0.0019411553273187378
0.9998494093481021 0.001991054379843545
0.9993977281025862 0.0021407107450036756
0.9986452283393451 0.0023899835192032265
0.9975923633360985 0.0027385781148371
0.9962397672993549 0.003185963474663715
0.9945882549823906 0.0037312691955463323
0.9926388211944706 0.004373174126359288
0.9903926402016152 0.005109799368585977
0.9878510650192642 0.005938618754486223
0.985015626597272 0.006856398775301444
0.98188803289772 0.007859177660058244
0.9784701678661044 0.008942290047988636
0.9747640902965183 0.01010043972796962
0.9707720325915102 0.011327818577170651
0.9664963994173694 0.012618265497064712
0.9619397662556433 0.013965455203020661
0.9571048778517655 0.015363103531892679
0.9519946465617215 0.016805173790495585
0.9466121505977576 0.0182860677922869
0.9409606321741775 0.019800785731597072
0.9350434955543556 0.021345040920714275
0.928864305000136 0.022915318544644504
0.9224267826248536 0.024508871742394266
0.9157348061512727 0.026123653181968853
0.9087924065757916 0.02775818547280178
0.9016037657403225 0.02941137883305256
0.894173213813303 0.031082308978725954
0.8865052266813687 0.03276997183995716
0.8786044232532422 0.034473034117220726
0.8704755626774794 0.03618959964127194
0.8621235414757333 0.03791701088455059
0.8535533905932737 0.039651702803225636
0.8447702723685334 0.04138912260899712
0.8357794774235092 0.04312372433582621
0.8265864214768883 0.044849041534079065
0.8171966420818224 0.04655783551836332
0.8076157952903136 0.04824231077745827
0.7978496522462164 0.04989438388680789
0.7879040957089227 0.05150598797017018
0.7777851165098009 0.05306939178913294
0.7674988099435485 0.054577511147796735
0.7570513720966108 0.056024190612755716
0.746449096114892 0.057404435558849796
0.7356983684129987 0.0587145781170041
0.7248056648273034 0.05995236545441799
0.713777546715141 0.061116964586947195
0.7026206570024947 0.06220888416006584
0.691341716182545 0.0632298198488088
0.6799475182674938 0.06418243572723849
0.6684449266961098 0.06507009869057882
0.6568408701994456 0.06589658639903703
0.645142338627231 0.06666579097795046
0.6333563787374491 0.06738144070927413
0.6214900899516319 0.06804686018083954
0.6095506200784349 0.06866478596122357
0.5975451610080642 0.06923725011097334
0.5854809443801506 0.06976553810845555
0.5733652372276805 0.07025022152528064
0.5612053375996082 0.07069125954101571
0.54900857016478 0.07108815765203465
0.5367822817998334 0.07144016717884398
0.5245338371637088 0.07174650580678017
0.512270614261456 0.07200657769293632
0.4999999999999999 0.07222017178906738
0.4877293857385438 0.07238761896897315
0.475466162836291 0.07250989216200285
0.46321771820016633 0.07258863869438682
0.4509914298352198 0.07262614002152823
0.43879466240039156 0.07262520050533121
0.42663476277231926 0.07258897331220551
0.41451905561984914 0.07252073733719062
0.4024548389919357 0.07242364379626991
0.3904493799215649 0.07230045435368398
0.3785099100483679 0.07215329406353076
0.36664362126255073 0.07198344184962654
0.35485766137276875 0.07179117872903226
0.3431591298005543 0.07157570966981676
0.33155507330389 0.07133516918133431
0.320052481732506 0.07106671391293266
0.30865828381745486 0.07076669822665717
0.29737934299750524 0.07043092150567616
0.28622245328485874 0.07005492946259431
0.27519433517269654 0.06963434647706385
0.26430163158700104 0.06916521248752809
0.2535509038851079 0.06864429652611191
0.2429486279033891 0.06806935979830053
0.23250119005645137 0.06743934427292356
0.2222148834901989 0.06675446788476556
0.2120959042910774 0.06601621431247287
0.20215034775378343 0.06522721338173038
0.19238420470968637 0.06439101685013118
0.18280335791817703 0.0635117829822061
0.17341357852311146 0.06259389123303845
0.16422052257649067 0.061641514878721076
0.15522972763146647 0.06065818400489779
0.14644660940672616 0.05964637347112413
0.1378764585242665 0.058607150061982194
0.12952443732252045 0.05753990996509179
0.12139557674675777 0.056442232135148776
0.11349477331863145 0.05530986536291889
0.10582678618669683 0.05413685749443315
0.09839623425967753 0.05291582490240274
0.09120759342420814 0.051638349753500436
0.08426519384872727 0.050295482630989014
0.07757321737514639 0.04887831942723986
0.07113569499986394 0.047378614797267
0.06495650444564427 0.04578939040888239
0.059039367825822475 0.04410549510413291
0.05338784940224234 0.042324076056370306
0.048005353438278275 0.04044492499752789
0.042895122148234655 0.03847067130587716
0.038060233744356575 0.03640680368384379
0.03350360058263052 0.03426151364354631
0.029227967408489597 0.03204536625406525
0.025235909703481607 0.029770815720114092
0.021529832133895532 0.027451594482495408
0.018111967102280024 0.025102013841132798
0.014984373402728013 0.02273622090577582
0.012148934980735715 0.020367460453873203
0.009607359798384785 0.018007390708071457
0.007361178805529334 0.015665499063055695
0.005411745017609493 0.013348657563804222
0.0037602327006450165 0.011060848870376496
0.0024076366639015356 0.008803082151056931
0.0013547716606548965 0.006573505603361954
0.0006022718974137975 0.004367708997630777
0.00015059065189787502 0.0021791967028761917
0.0 0.0
0.00015059065189787502 -0.001574060116591532
0.0006022718974137975 -0.003137975922759546
0.0013547716606548965 -0.004681426513403592
0.0024076366639015356 -0.006194886574934688
0.0037602327006450165 -0.007669973528027024
0.005411745017609493 -0.009099737218481679
0.007361178805529334 -0.010478878645225056
0.009607359798384785 -0.011803888537880253
0.012148934980735715 -0.013073101406970477
0.014984373402728013 -0.0142866656574864
0.018111967102280024 -0.015446435144204835
0.021529832133895532 -0.01655579183533706
0.025235909703481607 -0.017619412761047476
0.029227967408489597 -0.01864299693696621
0.03350360058263052 -0.019632969327661353
0.038060233744356575 -0.020596179094039598
0.042895122148234655 -0.02153960838289905
0.048005353438278275 -0.022470105881982408
0.05338784940224234 -0.023394156469974895
0.059039367825822475 -0.024317694787021702
0.06495650444564427 -0.025245966725652515
0.07113569499986394 -0.026183438999139518
0.07757321737514639 -0.027133753381773523
0.08426519384872727 -0.02809971920085177
0.09120759342420814 -0.029083335410618104
0.09839623425967753 -0.030085832244851035
0.10582678618669683 -0.031107722100836642
0.11349477331863145 -0.032148849944644696
0.12139557674675777 -0.03320843505719194
0.12952443732252045 -0.0342850982014515
0.1378764585242665 -0.03537687106362483
0.14644660940672616 -0.03648118784493279
0.15522972763146647 -0.03759486187655088
0.16422052257649067 -0.03871405282238759
0.17341357852311146 -0.03983423217319421
0.18280335791817703 -0.04095015611762271
0.19238420470968637 -0.04205585536111049
0.20215034775378343 -0.04314465098644416
0.2120959042910774 -0.04420920402570422
0.2222148834901989 -0.04524160413723456
0.23250119005645137 -0.04623349982168934
0.2429486279033891 -0.047176269196974895
0.2535509038851079 -0.048061226754851506
0.26430163158700104 -0.048879858035869174
0.27519433517269654 -0.049624071076957064
0.28622245328485874 -0.05028645107607215
0.29737934299750524 -0.05086050320406096
0.30865828381745486 -0.051340868034865844
0.320052481732506 -0.05172349474389734
0.33155507330389 -0.05200575903845738
0.3431591298005543 -0.05218651564505072
0.35485766137276875 -0.052266078916732926
0.36664362126255073 -0.05224612950007649
0.3785099100483679 -0.05212954972351174
0.3904493799215649 -0.051920195111961914
0.4024548389919357 -0.051622613863009405
0.41451905561984914 -0.051241729918572815
0.42663476277231926 -0.05078250815288764
0.43879466240039156 -0.05024962195112046
0.4509914298352198 -0.04964714392731855
0.46321771820016633 -0.048978279666323656
0.475466162836291 -0.048245162203969565
0.4877293857385438 -0.04744872160547482
0.4999999999999999 -0.04658863966743644
0.512270614261456 -0.04566339472628652
0.5245338371637088 -0.0446703961269287
0.5367822817998334 -0.04360620243826007
0.54900857016478 -0.04246681234947974
0.5612053375996082 -0.041248012673824934
0.5733652372276805 -0.03994576431277506
0.5854809443801506 -0.03855660461940632
0.5975451610080642 -0.03707804349271972
0.6095506200784349 -0.03550893079703131
0.6214900899516319 -0.033849774303765845
0.6333563787374491 -0.03210299018232461
0.645142338627231 -0.03027307192948747
0.6568408701994456 -0.028366668266885546
0.6684449266961098 -0.026392565652041736
0.6799475182674938 -0.024361576314744848
0.691341716182545 -0.02228633781959617
0.7026206570024947 -0.0201810347598931
0.713777546715141 -0.01806105703994158
0.7248056648273034 -0.015942612091357607
0.7356983684129987 -0.013842310151746851
0.746449096114892 -0.01177674234530631
0.7570513720966108 -0.009762070756151481
0.7674988099435485 -0.007813648062519435
0.7777851165098009 -0.005945681754911014
0.7879040957089227 -0.004170954697833304
0.7978496522462164 -0.0025006100538444032
0.8076157952903136 -0.0009440046295760257
0.8171966420818224 0.0004913692138728807
0.8265864214768883 0.0017998965768486188
0.8357794774235092 0.0029777945933018675
0.8447702723685334 0.004023017670488075
0.8535533905932737 0.004935124220923902
0.8621235414757333 0.005715116605365615
0.8704755626774794 0.006365266087336041
0.8786044232532422 0.006888933930662137
0.8865052266813687 0.007290398459589644
0.894173213813303 0.007574696090109071
0.9016037657403225 0.007747482198093737
0.9087924065757916 0.00781491539123436
0.9157348061512727 0.007783566470299383
0.9224267826248536 0.0076603512577301715
0.928864305000136 0.007452484668665234
0.9350434955543556 0.007167451998269701
0.9409606321741775 0.006812992458875145
0.9466121505977576 0.006397089540967583
0.9519946465617215 0.005927962776414866
0.9571048778517655 0.0054140559009543815
0.9619397662556433 0.004864017170704714
0.9664963994173694 0.004286668591827125
0.9707720325915102 0.0036909619725869836
0.9747640902965183 0.003085920902542804
0.9784701678661044 0.0024805689124641674
0.98188803289772 0.0018838450938119691
0.985015626597272 0.0013045093007192062
0.9878510650192642 0.0007510396848481727
0.9903926402016152 0.00023152571094156625
0.9926388211944706 -0.00024644002461855254
0.9945882549823906 -0.000675867874438996
0.9962397672993549 -0.0010504720095445255
0.9975923633360985 -0.0013647632746981093
0.9986452283393451 -0.0016141316100708215
0.9993977281025862 -0.0017949160384925088
0.9998494093481021 -0.0019044606388276296
1.0 -0.0019411553273187378
