1.0 0.001835511578202317
0.9998494093481021 0.0018866706343572488
0.9993977281025862 0.0020400817567330634
0.9986452283393451 0.0022955289707192197
0.9975923633360985 0.002652594822438291
0.9962397672993549 0.0031105808083131915
0.9945882549823906 0.0036684086912831867
0.9926388211944706 0.004324513997747676
0.9903926402016152 0.005076744325771037
0.9878510650192642 0.0059222752445797855
0.985015626597272 0.006857555496230006
0.98188803289772 0.0078782909983176
0.9784701678661044 0.008979473969284328
0.9747640902965183 0.010155459620182184
0.9707720325915102 0.011400088609062142
0.9664963994173694 0.012706849204597977
0.9619397662556433 0.014069069228940325
0.9571048778517655 0.01548012469558792
0.9519946465617215 0.016933649920275677
0.9466121505977576 0.018423732974225768
0.9409606321741775 0.019945080781833397
0.9350434955543556 0.02149313993963496
0.928864305000136 0.023064162337625288
0.9224267826248536 0.024655208679320046
0.9157348061512727 0.026264087715977845
0.9087924065757916 0.027889234060733042
0.9016037657403225 0.029529532422630483
0.894173213813303 0.031184100589410145
0.8865052266813687 0.03285204711395223
0.8786044232532422 0.034532222108624507
0.8704755626774794 0.036222980600600495
0.8621235414757333 0.037921977435712184
0.8535533905932737 0.03962601074550686
0.8447702723685334 0.04133092764090498
0.8357794774235092 0.043031601308436196
0.8265864214768883 0.04472198339888278
0.8171966420818224 0.04639522991979923
0.8076157952903136 0.04804389321646293
0.7978496522462164 0.04966016749577115
0.7879040957089227 0.05123617112575007
0.7777851165098009 0.05276424597336349
0.7674988099435485 0.054237252572801556
0.7570513720966108 0.05564884007604359
0.746449096114892 0.05699367172912178
0.7356983684129987 0.05826758991298476
0.7248056648273034 0.059467709337890015
0.713777546715141 0.06059243243343522
0.7026206570024947 0.06164138690643029
0.691341716182545 0.06261529137838087
0.6799475182674938 0.06351576049199409
0.6684449266961098 0.06434506545434786
0.6568408701994456 0.06510586929510333
0.645142338627231 0.06580095789287112
0.6333563787374491 0.06643298791503745
0.6214900899516319 0.06700427121417958
0.6095506200784349 0.06751661205248459
0.5975451610080642 0.06797120903674998
0.5854809443801506 0.06836862820111013
0.5733652372276805 0.06870884771284667
0.5612053375996082 0.06899136868335834
0.54900857016478 0.06921538103204342
0.5367822817998334 0.0693799687316922
0.5245338371637088 0.06948433544454588
0.512270614261456 0.06952802981935803
0.4999999999999999 0.06951114971501039
0.4877293857385438 0.0694345063576559
0.475466162836291 0.06929973279450352
0.46321771820016633 0.06910932571232001
0.4509914298352198 0.06886661536248054
0.43879466240039156 0.06857566451256933
0.42663476277231926 0.06824110351541865
0.41451905561984914 0.0678679142323654
0.4024548389919357 0.06746118018703097
0.3904493799215649 0.06702582355399338
0.3785099100483679 0.06656635110884308
0.36664362126255073 0.0660866309241882
0.35485766137276875 0.06558971938364944
0.3431591298005543 0.06507775415076793
0.33155507330389 0.06455192336523946
0.320052481732506 0.06401251496201307
0.30865828381745486 0.06345904312876881
0.29737934299750524 0.06289044209582292
0.28622245328485874 0.06230531125924218
0.27519433517269654 0.061702190604432626
0.26430163158700104 0.06107984197338731
0.2535509038851079 0.06043751023392483
0.2429486279033891 0.05977513904438625
0.23250119005645137 0.05909351867631662
0.2222148834901989 0.058394348102913954
0.2120959042910774 0.05768019996179771
0.20215034775378343 0.056954384595103075
0.19238420470968637 0.05622071758846868
0.18280335791817703 0.055483203438373534
0.17341357852311146 0.054745655523051044
0.16422052257649067 0.05401127881854458
0.15522972763146647 0.05328224625425615
0.14644660940672616 0.05255930183430682
0.1378764585242665 0.051841423416212735
0.12952443732252045 0.05112557527487594
0.12139557674675777 0.05040657541866071
0.11349477331863145 0.04967709538335573
0.10582678618669683 0.048927801393724706
0.09839623425967753 0.048147635968817375
0.09120759342420814 0.04732422896266908
0.08426519384872727 0.046444417419735456
0.07757321737514639 0.045494845208910506
0.07113569499986394 0.04446260683197328
0.06495650444564427 0.043335895608356025
0.059039367825822475 0.04210461497886523
0.05338784940224234 0.040760913111337504
0.048005353438278275 0.03929960528485482
0.042895122148234655 0.03771845541868151
0.038060233744356575 0.03601829714506851
0.03350360058263052 0.03420298538483003
0.029227967408489597 0.032279180733746096
0.025235909703481607 0.030255980301298963
0.021529832133895532 0.028144419146897984
0.018111967102280024 0.025956875369365032
0.014984373402728013 0.02370641856748678
0.012148934980735715 0.021406145304248107
0.009607359798384785 0.019068546071303986
0.007361178805529334 0.016704945978576025
0.005411745017609493 0.014325056128659027
0.0037602327006450165 0.011936664737024783
0.0024076366639015356 0.0095454870799009
0.0013547716606548965 0.007155181998874677
0.0006022718974137975 0.004767530774206435
0.00015059065189787502 0.002382762551078675
0.0 0.0
0.00015059065189787502 -0.0012451846931053388
0.0006022718974137975 -0.002482397267509205
0.0013547716606548965 -0.003703508150468912
0.0024076366639015356 -0.004901157392575891
0.0037602327006450165 -0.006069087395593449
0.005411745017609493 -0.007202416659592864
0.007361178805529334 -0.008297840808928137
0.009607359798384785 -0.009353751692512862
0.012148934980735715 -0.010370270397932618
0.014984373402728013 -0.011349195222944376
0.018111967102280024 -0.012293870656248887
0.021529832133895532 -0.013208987894860979
0.025235909703481607 -0.014100331073480589
0.029227967408489597 -0.01497448597130623
0.03350360058263052 -0.015838529342928856
0.038060233744356575 -0.01669971713145397
0.042895122148234655 -0.017565188696170894
0.048005353438278275 -0.018441701945746514
0.05338784940224234 -0.019335411111955372
0.059039367825822475 -0.020251695092096733
0.06495650444564427 -0.021195040136247022
0.07113569499986394 -0.02216897648238491
0.07757321737514639 -0.023176064665627463
0.08426519384872727 -0.024217923934028447
0.09120759342420814 -0.025295292727091412
0.09839623425967753 -0.026408109679326944
0.10582678618669683 -0.0275556031835918
0.11349477331863145 -0.028736378184758653
0.12139557674675777 -0.029948490485484158
0.12952443732252045 -0.031189501267303896
0.1378764585242665 -0.032456507533635666
0.14644660940672616 -0.033746147493760544
0.15522972763146647 -0.035054583233475364
0.16422052257649067 -0.0363774660653976
0.17341357852311146 -0.03770989245145304
0.18280335791817703 -0.03904636012003417
0.19238420470968637 -0.04038073480315284
0.20215034775378343 -0.04170623781406563
0.2120959042910774 -0.043015463476346376
0.2222148834901989 -0.044300433287839856
0.23250119005645137 -0.045552690820996444
0.2429486279033891 -0.0467634379528511
0.2535509038851079 -0.047923709358126725
0.26430163158700104 -0.049024578587659164
0.27519433517269654 -0.05005738579333684
0.28622245328485874 -0.051013974529761266
0.29737934299750524 -0.05188692329736291
0.30865828381745486 -0.05266975676403796
0.320052481732506 -0.05335712200740592
0.33155507330389 -0.053944916666636575
0.3431591298005543 -0.05443035850294105
0.35485766137276875 -0.05481198937984232
0.36664362126255073 -0.055089610855061
0.3785099100483679 -0.05526415313687491
0.3904493799215649 -0.05533748377640613
0.4024548389919357 -0.05531216680994426
0.41451905561984914 -0.055191186812344854
0.42663476277231926 -0.05497765519135168
0.43879466240039156 -0.05467451781939144
0.4509914298352198 -0.054284283615213764
0.46321771820016633 -0.05380879289058341
0.475466162836291 -0.05324904219671396
0.4877293857385438 -0.052605079161170666
0.4999999999999999 -0.05187597660068476
0.512270614261456 -0.051059890299126345
0.5245338371637088 -0.05015419957261518
0.5367822817998334 -0.04915572445236828
0.54900857016478 -0.04806100835024123
0.5612053375996082 -0.04686665076046735
0.5733652372276805 -0.045569671178196526
0.5854809443801506 -0.04416788320195419
0.5975451610080642 -0.04266025687565834
0.6095506200784349 -0.041047247771445056
0.6214900899516319 -0.039331073081974435
0.6333563787374491 -0.037515917957785846
0.645142338627231 -0.035608059291750184
0.6568408701994456 -0.03361589885591533
0.6684449266961098 -0.03154990282916064
0.6799475182674938 -0.029422449987620725
0.691341716182545 -0.02724759583448804
0.7026206570024947 -0.025040764414565986
0.713777546715141 -0.02281838322728828
0.7248056648273034 -0.02059747931450506
0.7356983684129987 -0.018395256122148734
0.746449096114892 -0.01622867106221705
0.7570513720966108 -0.014114032857113355
0.7674988099435485 -0.012066635831315918
0.7777851165098009 -0.010100445490532392
0.7879040957089227 -0.008227846213125722
0.7978496522462164 -0.0064594579253868705
0.8076157952903136 -0.004804024510793953
0.8171966420818224 -0.003268372681243959
0.8265864214768883 -0.0018574363626303568
0.8357794774235092 -0.000574338529254085
0.8447702723685334 0.0005794799762187126
0.8535533905932737 0.001604096673100532
0.8621235414757333 0.002500921462935528
0.8704755626774794 0.0032725010315960805
0.8786044232532422 0.003922325299644638
0.8865052266813687 0.004454646005268806
0.894173213813303 0.004874315422764062
0.9016037657403225 0.005186650819070769
0.9087924065757916 0.005397327719768809
0.9157348061512727 0.0055123025771089944
0.9224267826248536 0.005537763170738326
0.928864305000136 0.005480103162613438
0.9350434955543556 0.00534591577063156
0.9409606321741775 0.005142000579422736
0.9466121505977576 0.004875377088493772
0.9519946465617215 0.0045532986850199105
0.9571048778517655 0.004183261264286871
0.9619397662556433 0.0037730016214455432
0.9664963994173694 0.0033304819022002114
0.9707720325915102 0.002863857717205851
0.9747640902965183 0.0023814288861180987
0.9784701678661044 0.001891573082627886
0.98188803289772 0.0014026638178635093
0.985015626597272 0.0009229751637993718
0.9878510650192642 0.00046057634193350894
0.9903926402016152 2.3219770504622882e-05
0.9926388211944706 -0.0003817736171651356
0.9945882549823906 -0.0007476279748880657
0.9962397672993549 -0.0010682214476703147
0.9975923633360985 -0.0013381870881044046
0.9986452283393451 -0.00155300291703868
0.9993977281025862 -0.0017090687304041235
0.9998494093481021 -0.0018037677365541202
1.0 -0.001835511578202317
