1.0 0.0015281247309621663
0.9998494093481021 0.0015808551036105855
0.9993977281025862 0.001738960525734518
0.9986452283393451 0.002002165626105772
0.9975923633360985 0.0023699524949497746
0.9962397672993549 0.002841479024596665
0.9945882549823906 0.0034154775038649074
0.9926388211944706 0.004090144953383763
0.9903926402016152 0.00486303806733243
0.9878510650192642 0.0057309858088052555
0.985015626597272 0.006690031657890266
0.98188803289772 0.007735415308087593
0.9784701678661044 0.008861600424559128
0.9747640902965183 0.010062351181443531
0.9707720325915102 0.011330856015612619
0.9664963994173694 0.01265989273968399
0.9619397662556433 0.014042025224007122
0.9571048778517655 0.015469818637152239
0.9519946465617215 0.01693605802371327
0.9466121505977576 0.018433954012733636
0.9409606321741775 0.019957319805422723
0.9350434955543556 0.021500705291335232
0.928864305000136 0.02305947707887102
0.9224267826248536 0.02462983718395694
0.9157348061512727 0.026208777795764884
0.9087924065757916 0.027793974560441234
0.9016037657403225 0.029383625787413704
0.894173213813303 0.030976249479471463
0.8865052266813687 0.03257045373994665
0.8786044232532422 0.03416469860287606
0.8704755626774794 0.03575706843909506
0.8621235414757333 0.03734507369598143
0.8535533905932737 0.038925498834256285
0.8447702723685334 0.040494310056671666
0.8357794774235092 0.04204663201837618
0.8265864214768883 0.04357679750030267
0.8171966420818224 0.045078468417568206
0.8076157952903136 0.04654482096488351
0.7978496522462164 0.047968782613234236
0.7879040957089227 0.04934330447643754
0.7777851165098009 0.05066164960592114
0.7674988099435485 0.05191767629562237
0.7570513720966108 0.0531060956188122
0.746449096114892 0.0542226841796605
0.7356983684129987 0.05526443631985917
0.7248056648273034 0.05622964452933037
0.713777546715141 0.05711790222267036
0.7026206570024947 0.057930028937156146
0.691341716182545 0.05866792391975883
0.6799475182674938 0.05933435953073385
0.6684449266961098 0.05993273046391198
0.6568408701994456 0.06046677810089674
0.645142338627231 0.06094031110839166
0.6333563787374491 0.061356943506024504
0.6214900899516319 0.061719869861152736
0.6095506200784349 0.06203169412796552
0.5975451610080642 0.06229432418862166
0.5854809443801506 0.06250893873012006
0.5733652372276805 0.06267602713810734
0.5612053375996082 0.06279549708928872
0.54900857016478 0.06286683896565025
0.5367822817998334 0.06288933155162443
0.5245338371637088 0.0628622700948809
0.512270614261456 0.06278519599588547
0.4999999999999999 0.06265810729814175
0.4877293857385438 0.06248163079767468
0.475466162836291 0.062257139851839914
0.46321771820016633 0.06198680658517605
0.4509914298352198 0.0616735827910261
0.43879466240039156 0.06132110995452276
0.42663476277231926 0.06093356496946833
0.41451905561984914 0.06051545377534232
0.4024548389919357 0.06007136982223957
0.3904493799215649 0.05960573757610538
0.3785099100483679 0.05912256290748549
0.36664362126255073 0.058625212001372
0.35485766137276875 0.05811623837008821
0.3431591298005543 0.05759727378461174
0.33155507330389 0.057068993745117584
0.320052481732506 0.05653116189464832
0.30865828381745486 0.055982751038575605
0.29737934299750524 0.05542213171790776
0.28622245328485874 0.054847313156848036
0.27519433517269654 0.054256216388620035
0.26430163158700104 0.05364695590354588
0.2535509038851079 0.05301810458797927
0.2429486279033891 0.052368917214546784
0.23250119005645137 0.05169949032237187
0.2222148834901989 0.0510108408411983
0.2120959042910774 0.05030489195609036
0.20215034775378343 0.04958436203121077
0.19238420470968637 0.04885256035733696
0.18280335791817703 0.048113101438937655
0.17341357852311146 0.04736955685649929
0.16422052257649067 0.04662506982496431
0.15522972763146647 0.04588196189735161
0.14644660940672616 0.045141363435618365
0.1378764585242665 0.04440289924825348
0.12952443732252045 0.04366445811589349
0.12139557674675777 0.0429220699213047
0.11349477331863145 0.042169907080427824
0.10582678618669683 0.04140041841200192
0.09839623425967753 0.040604594089818036
0.09120759342420814 0.03977235058559736
0.08426519384872727 0.038893015258938866
0.07757321737514639 0.0379558821915547
0.07113569499986394 0.03695080463051032
0.06495650444564427 0.03586878551094455
0.059039367825822475 0.03470252632046481
0.05338784940224234 0.03344689619980403
0.048005353438278275 0.03209928759404327
0.042895122148234655 0.03065983171478143
0.038060233744356575 0.02913145609352325
0.03350360058263052 0.02751977698681751
0.029227967408489597 0.025832830603080566
0.025235909703481607 0.02408065826309443
0.021529832133895532 0.022274770877114998
0.018111967102280024 0.020427526769573715
0.014984373402728013 0.01855146326370628
0.012148934980735715 0.016658626065859914
0.009607359798384785 0.014759941069510283
0.007361178805529334 0.01286467065639289
0.005411745017609493 0.0109799910558825
0.0037602327006450165 0.00911071919908159
0.0024076366639015356 0.007259207327309028
0.0013547716606548965 0.00542541209389776
0.0006022718974137975 0.0036071328427249656
0.00015059065189787502 0.001800402008910836
0.0 0.0
0.00015059065189787502 -0.001179540883362333
0.0006022718974137975 -0.0023527939387154757
0.0013547716606548965 -0.003513362514093546
0.0024076366639015356 -0.004655533276460497
0.0037602327006450165 -0.005774569803609902
0.005411745017609493 -0.006866951829659163
0.007361178805529334 -0.007930547597232315
0.009607359798384785 -0.008964711030008192
0.012148934980735715 -0.009970300169435935
0.014984373402728013 -0.01094961818822582
0.018111967102280024 -0.011906282963312115
0.021529832133895532 -0.0128450353431653
0.025235909703481607 -0.01377149960086644
0.029227967408489597 -0.014691911909026
0.03350360058263052 -0.015612833865994205
0.038060233744356575 -0.01654086809169364
0.042895122148234655 -0.017482391731766907
0.048005353438278275 -0.018443321481860283
0.05338784940224234 -0.019428920666135618
0.059039367825822475 -0.020443655231181263
0.06495650444564427 -0.021491101543151477
0.07113569499986394 -0.022573904913144326
0.07757321737514639 -0.02369378412665738
0.08426519384872727 -0.02485157418959825
0.09120759342420814 -0.026047297246402232
0.09839623425967753 -0.027280250327998634
0.10582678618669683 -0.028549098322372284
0.11349477331863145 -0.029851961318193714
0.12139557674675777 -0.031186487160289697
0.12952443732252045 -0.03254990250848572
0.1378764585242665 -0.033939038682369346
0.14644660940672616 -0.03535033183594882
0.15522972763146647 -0.03677980025019007
0.16422052257649067 -0.03822300447334647
0.17341357852311146 -0.039674998420192197
0.18280335791817703 -0.04113028114981801
0.19238420470968637 -0.042582759729454404
0.20215034775378343 -0.04402573328658826
0.2120959042910774 -0.04545190706311244
0.2222148834901989 -0.04685344310465181
0.23250119005645137 -0.048222051311626865
0.2429486279033891 -0.04954912117434374
0.2535509038851079 -0.05082589088531139
0.26430163158700104 -0.05204364696444864
0.27519433517269654 -0.05319394434354372
0.28622245328485874 -0.054268834308997586
0.29737934299750524 -0.05526108602558219
0.30865828381745486 -0.05616438672463441
0.320052481732506 -0.05697350612689555
0.33155507330389 -0.057684412287355144
0.3431591298005543 -0.05829432871480608
0.35485766137276875 -0.05880172616865925
0.36664362126255073 -0.05920624673584045
0.3785099100483679 -0.05950856235331786
0.3904493799215649 -0.05971017454578462
0.4024548389919357 -0.059813166462099054
0.41451905561984914 -0.05981992200136257
0.42663476277231926 -0.05973282964064794
0.43879466240039156 -0.05955399029029527
0.4509914298352198 -0.05928494896307592
0.46321771820016633 -0.0589264691901115
0.475466162836291 -0.05847836697994995
0.4877293857385438 -0.05793941781786463
0.4999999999999999 -0.05730734594199552
0.512270614261456 -0.05657890018090033
0.5245338371637088 -0.05575001531206942
0.5367822817998334 -0.054816052548730614
0.54900857016478 -0.05377210773176875
0.5612053375996082 -0.05261337142290602
0.5733652372276805 -0.05133552164926028
0.5854809443801506 -0.049935127760318984
0.5975451610080642 -0.04841004287128822
0.6095506200784349 -0.04675976274028335
0.6214900899516319 -0.044985730629978675
0.6333563787374491 -0.0430915706197706
0.645142338627231 -0.04108323576758807
0.6568408701994456 -0.03896906221353972
0.6684449266961098 -0.036759725468316365
0.6799475182674938 -0.03446810041183991
0.691341716182545 -0.032109031614991713
0.7026206570024947 -0.02969902518290582
0.713777546715141 -0.027255877136353666
0.7248056648273034 -0.02479825618939799
0.7356983684129987 -0.022345260507302834
0.746449096114892 -0.019915968575661646
0.7570513720966108 -0.01752900369481426
0.7674988099435485 -0.0152021299220235
0.7777851165098009 -0.012951894672035521
0.7879040957089227 -0.010793329861303352
0.7978496522462164 -0.008739719685208591
0.8076157952903136 -0.006802439112094403
0.8171966420818224 -0.004990863223500083
0.8265864214768883 -0.003312343869290229
0.8357794774235092 -0.0017722469484867376
0.8447702723685334 -0.00037404113451247113
0.8535533905932737 0.0008805728543460989
0.8621235414757333 0.00199150423269549
0.8704755626774794 0.002960097247266109
0.8786044232532422 0.0037889505998785064
0.8865052266813687 0.004481741084563857
0.894173213813303 0.005043059521981627
0.9016037657403225 0.00547826493963647
0.9087924065757916 0.005793360661453062
0.9157348061512727 0.005994893707672682
0.9224267826248536 0.006089876821819669
0.928864305000136 0.006085730664992087
0.9350434955543556 0.0059902423442187115
0.9409606321741775 0.0058115355280677515
0.9466121505977576 0.005558046966785789
0.9519946465617215 0.005238504256558869
0.9571048778517655 0.004861900116339265
0.9619397662556433 0.004437459204166541
0.9664963994173694 0.003974594494353837
0.9707720325915102 0.003482851365949939
0.9747640902965183 0.002971838716373104
0.9784701678661044 0.002451147521117189
0.98188803289772 0.0019302582356911825
0.985015626597272 0.0014184392243996832
0.9878510650192642 0.0009246389695842885
0.9903926402016152 0.0004573751544280139
0.9926388211944706 2.4623832763065847e-05
0.9945882549823906 -0.00036628817233398713
0.9962397672993549 -0.0007087847240697092
0.9975923633360985 -0.000997133097065377
0.9986452283393451 -0.0012265257822698223
0.9993977281025862 -0.0013931495974199549
0.9998494093481021 -0.0014942407326010187
1.0 -0.0015281247309621663
