1.0 0.0022993922446095643
0.9998494093481021 0.002345261105266052
0.9993977281025862 0.0024827894782082152
0.9986452283393451 0.002711724699664935
0.9975923633360985 0.003031587538206149
0.9962397672993549 0.003441591814169106
0.9945882549823906 0.003940544838534747
0.9926388211944706 0.004526740200157659
0.9903926402016152 0.005197855803918737
0.9878510650192642 0.005950870229344034
0.985015626597272 0.006782009406195128
0.98188803289772 0.007686733366021971
0.9784701678661044 0.008659769605339743
0.9747640902965183 0.00969519565431818
0.9707720325915102 0.01078656911860298
0.9664963994173694 0.011927099123777929
0.9619397662556433 0.0131098491219692
0.9571048778517655 0.01432795777312599
0.9519946465617215 0.015574862389046928
0.9466121505977576 0.016844508444076374
0.9409606321741775 0.01813152902926069
0.9350434955543556 0.019431379860842677
0.928864305000136 0.02074041843909812
0.9224267826248536 0.022055919972538963
0.9157348061512727 0.02337602742790234
0.9087924065757916 0.024699638164386365
0.9016037657403225 0.02602623465135986
0.894173213813303 0.027355671339483707
0.8865052266813687 0.028687933474174865
0.8786044232532422 0.030022886188924715
0.8704755626774794 0.031360033365407707
0.8621235414757333 0.03269830537883474
0.8535533905932737 0.03403589296297647
0.8447702723685334 0.03537014115468516
0.8357794774235092 0.03669751285154468
0.8265864214768883 0.0380136262735253
0.8171966420818224 0.039313364965348416
0.8076157952903136 0.040591053353962375
0.7978496522462164 0.041840685731143565
0.7879040957089227 0.04305619227760265
0.7777851165098009 0.044231722728088445
0.7674988099435485 0.04536192674738683
0.7570513720966108 0.04644221017886099
0.746449096114892 0.04746894804585553
0.7356983684129987 0.04843963840747963
0.7248056648273034 0.049352985648401994
0.713777546715141 0.05020890716937357
0.7026206570024947 0.05100846331806962
0.691341716182545 0.05175371629365512
0.6799475182674938 0.05244752920382735
0.6684449266961098 0.05309332101386315
0.6568408701994456 0.05369479643602217
0.645142338627231 0.054255671596042665
0.6333563787374491 0.05477941643424956
0.6214900899516319 0.05526903323886073
0.6095506200784349 0.05572688759139483
0.5975451610080642 0.05615460357866103
0.5854809443801506 0.056553029750310034
0.5733652372276805 0.056922276412348864
0.5612053375996082 0.05726181892671749
0.54900857016478 0.05757065622178425
0.5367822817998334 0.05784750916095649
0.5245338371637088 0.058091040147503104
0.512270614261456 0.05830007364075795
0.4999999999999999 0.05847379727267124
0.4877293857385438 0.0586119249940973
0.475466162836291 0.05871480701424211
0.46321771820016633 0.05878347595778691
0.4509914298352198 0.058819624272666945
0.43879466240039156 0.05882551401431672
0.42663476277231926 0.058803826200164264
0.41451905561984914 0.05875746245706903
0.4024548389919357 0.058689316197344715
0.3904493799215649 0.058602033656187984
0.3785099100483679 0.05849778651613899
0.36664362126255073 0.058378077380760035
0.35485766137276875 0.05824359703973442
0.3431591298005543 0.05809414844503538
0.33155507330389 0.05792864689120787
0.320052481732506 0.05774519948351931
0.30865828381745486 0.05754126009804274
0.29737934299750524 0.05731384925087227
0.28622245328485874 0.05705982216909715
0.27519433517269654 0.056776163423438455
0.26430163158700104 0.056460283187496636
0.2535509038851079 0.05611028885570741
0.2429486279033891 0.05572520655523317
0.23250119005645137 0.05530513003204037
0.2222148834901989 0.054851279311887886
0.2120959042910774 0.05436595810322858
0.20215034775378343 0.05385240665059702
0.19238420470968637 0.05331455508645403
0.18280335791817703 0.05275669062530063
0.17341357852311146 0.05218305953984048
0.16422052257649067 0.051597431134928
0.15522972763146647 0.05100265535637005
0.14644660940672616 0.05040024783296005
0.1378764585242665 0.04979003580969781
0.12952443732252045 0.04916989553245602
0.12139557674675777 0.04853560632856925
0.11349477331863145 0.04788083922147373
0.10582678618669683 0.04719728891557574
0.09839623425967753 0.046474948018174714
0.09120759342420814 0.04570251214495002
0.08426519384872727 0.04486789483639854
0.07757321737514639 0.04395882272637633
0.07113569499986394 0.04296347480622824
0.06495650444564427 0.041871125447840225
0.059039367825822475 0.04067274944659208
0.05338784940224234 0.03936154888237626
0.048005353438278275 0.037933366021436765
0.042895122148234655 0.03638695352822431
0.038060233744356575 0.03472408246229987
0.03350360058263052 0.03294947927262378
0.029227967408489597 0.031070594521149297
0.025235909703481607 0.029097217552800963
0.021529832133895532 0.02704096195487644
0.018111967102280024 0.024914655643413705
0.014984373402728013 0.022731676114770928
0.012148934980735715 0.020505275304861122
0.009607359798384785 0.018247939301472463
0.007361178805529334 0.015970825774219363
0.005411745017609493 0.013683316569115745
0.0037602327006450165 0.011392714828473344
0.0024076366639015356 0.00910410580509202
0.0013547716606548965 0.006820388961128007
0.0006022718974137975 0.004542476798961063
0.00015059065189787502 0.0022696440304446823
0.0 0.0
0.00015059065189787502 -0.0011461218931789277
0.0006022718974137975 -0.0022863708481291214
0.0013547716606548965 -0.0034145240355870914
0.0024076366639015356 -0.004525024788122733
0.0037602327006450165 -0.005613268315649454
0.005411745017609493 -0.006675833822342204
0.007361178805529334 -0.007710650708904027
0.009607359798384785 -0.008717090788058091
0.012148934980735715 -0.009695983149504098
0.014984373402728013 -0.010649553152075115
0.018111967102280024 -0.011581291657740012
0.021529832133895532 -0.012495764735081818
0.025235909703481607 -0.013398377371318403
0.029227967408489597 -0.014295107026025575
0.03350360058263052 -0.01519222399782809
0.038060233744356575 -0.016096015505445947
0.042895122148234655 -0.017012529144149826
0.048005353438278275 -0.017947349091108927
0.05338784940224234 -0.01890541529692032
0.059039367825822475 -0.01989089217391577
0.06495650444564427 -0.020907089272006994
0.07113569499986394 -0.021956432433374046
0.07757321737514639 -0.02304048024379526
0.08426519384872727 -0.024159977525187372
0.09120759342420814 -0.02531493536334821
0.09839623425967753 -0.026504725890857866
0.10582678618669683 -0.02772817982185202
0.11349477331863145 -0.028983675552660345
0.12139557674675777 -0.030269210406985856
0.12952443732252045 -0.031582447148512806
0.1378764585242665 -0.03292073197882423
0.14644660940672616 -0.034281083613186825
0.15522972763146647 -0.0356601563894387
0.16422052257649067 -0.03705418342691677
0.17341357852311146 -0.038458908349807884
0.18280335791817703 -0.039869515805873515
0.19238420470968637 -0.04128057179446703
0.20215034775378343 -0.04268598459056707
0.2120959042910774 -0.04407899582007009
0.2222148834901989 -0.0454522090939784
0.23250119005645137 -0.046797660709225815
0.2429486279033891 -0.048106933498724705
0.2535509038851079 -0.04937131123546345
0.26430163158700104 -0.05058196736237544
0.27519433517269654 -0.051730178529890224
0.28622245328485874 -0.05280755075326955
0.29737934299750524 -0.05380624418497592
0.30865828381745486 -0.05471918170401663
0.320052481732506 -0.0555402268487862
0.33155507330389 -0.05626431807224023
0.3431591298005543 -0.05688754880184841
0.35485766137276875 -0.05740718618363878
0.36664362126255073 -0.05782162545104925
0.3785099100483679 -0.058130281302102925
0.3904493799215649 -0.05833342217557466
0.4024548389919357 -0.05843195756048442
0.41451905561984914 -0.058427192138912856
0.42663476277231926 -0.058320563371802935
0.43879466240039156 -0.058113380870334914
0.4509914298352198 -0.05780658640466016
0.46321771820016633 -0.057400552625329025
0.475466162836291 -0.056894936538855176
0.4877293857385438 -0.05628860060447666
0.4999999999999999 -0.055579610202159783
0.512270614261456 -0.05476531142740544
0.5245338371637088 -0.05384248801045119
0.5367822817998334 -0.052807590976963324
0.54900857016478 -0.0516570298084082
0.5612053375996082 -0.050387509646404934
0.5733652372276805 -0.048996395796877215
0.5854809443801506 -0.0474820846449543
0.5975451610080642 -0.04584435923170394
0.6095506200784349 -0.04408470822431926
0.6214900899516319 -0.04220658879874098
0.6333563787374491 -0.04021561692844061
0.645142338627231 -0.038119672539086796
0.6568408701994456 -0.03592891168751854
0.6684449266961098 -0.03365568305228032
0.6799475182674938 -0.03131435125645841
0.691341716182545 -0.028921034555591744
0.7026206570024947 -0.026493268909148604
0.713777546715141 -0.02404961414974732
0.7248056648273034 -0.021609220663982832
0.7356983684129987 -0.01919137656632672
0.746449096114892 -0.016815055724019305
0.7570513720966108 -0.014498486195521581
0.7674988099435485 -0.012258756771884129
0.7777851165098009 -0.01011147651885729
0.7879040957089227 -0.008070498719703839
0.7978496522462164 -0.00614771666264123
0.8076157952903136 -0.0043529345687694145
0.8171966420818224 -0.0026938128816857026
0.8265864214768883 -0.0011758833856332397
0.8357794774235092 0.00019737360240001467
0.8447702723685334 0.001424400244093892
0.8535533905932737 0.002505392386502109
0.8621235414757333 0.003442103811710345
0.8704755626774794 0.004237636384604164
0.8786044232532422 0.004896228178775912
0.8865052266813687 0.005423050216210045
0.894173213813303 0.0058240204927451165
0.9016037657403225 0.006105641652128414
0.9087924065757916 0.006274866200308232
0.9157348061512727 0.0063389906981821086
0.9224267826248536 0.00630557809875611
0.928864305000136 0.006182405440276545
0.9350434955543556 0.0059774325726462164
0.9409606321741775 0.005698786543632801
0.9466121505977576 0.005354755727047949
0.9519946465617215 0.004953787721864968
0.9571048778517655 0.0045044854400635385
0.9619397662556433 0.004015596555908286
0.9664963994173694 0.003495992515987476
0.9707720325915102 0.002954634503904702
0.9747640902965183 0.002400525011912652
0.9784701678661044 0.0018426448977303124
0.98188803289772 0.0012898769165593967
0.985015626597272 0.0007509176535779039
0.9878510650192642 0.00023418050062769345
0.9903926402016152 -0.00025230719538386383
0.9926388211944706 -0.0007010094326344355
0.9945882549823906 -0.001104985882157885
0.9962397672993549 -0.001457991958628396
0.9975923633360985 -0.0017545716222943989
0.9986452283393451 -0.0019901402660499512
0.9993977281025862 -0.002161055460047922
0.9998494093481021 -0.002264673763452455
1.0 -0.0022993922446095643
