1.0 0.002167189063368348
0.9998494093481021 0.0022109606865766285
0.9993977281025862 0.0023422245260040038
0.9986452283393451 0.002560809562406012
0.9975923633360985 0.0028663729754983616
0.9962397672993549 0.003258320189106901
0.9945882549823906 0.003735705751948499
0.9926388211944706 0.004297126440741544
0.9903926402016152 0.0049406193215348285
0.9878510650192642 0.005663577658333692
0.985015626597272 0.006462696482892342
0.98188803289772 0.007333957411680194
0.9784701678661044 0.008272659093688345
0.9747640902965183 0.009273495762146384
0.9707720325915102 0.010330682076610337
0.9664963994173694 0.01143811814976799
0.9619397662556433 0.012589584733198262
0.9571048778517655 0.01377895534058386
0.9519946465617215 0.015000409912428242
0.9466121505977576 0.01624863368860753
0.9409606321741775 0.017518985368696716
0.9350434955543556 0.018807620407447895
0.928864305000136 0.020111558302608582
0.9224267826248536 0.021428686766495474
0.9157348061512727 0.02275770042350183
0.9087924065757916 0.024097976769342565
0.9016037657403225 0.02544939715482055
0.894173213813303 0.026812125105153833
0.8865052266813687 0.02818635797469799
0.8786044232532422 0.02957207044861172
0.8704755626774794 0.03096876951008118
0.8621235414757333 0.03237528007663055
0.8535533905932737 0.03378957857544773
0.8447702723685334 0.035208688401853844
0.8357794774235092 0.03662864672739433
0.8265864214768883 0.038044546831031284
0.8171966420818224 0.03945065442525434
0.8076157952903136 0.04084059078352819
0.7978496522462164 0.042207570294133565
0.7879040957089227 0.043544675782743805
0.7777851165098009 0.04484515190975972
0.7674988099435485 0.046102695410686144
0.7570513720966108 0.04731172104413179
0.746449096114892 0.0484675838489563
0.7356983684129987 0.04956674156576237
0.7248056648273034 0.0506068456025641
0.713777546715141 0.0515867543711145
0.7026206570024947 0.05250646876399999
0.691341716182545 0.05336699551555276
0.6799475182674938 0.05417014971879316
0.6684449266961098 0.05491831241538739
0.6568408701994456 0.05561416256350519
0.645142338627231 0.056260404545531065
0.6333563787374491 0.05685951255114641
0.6214900899516319 0.057413511643071936
0.6095506200784349 0.05792381220125461
0.5975451610080642 0.05839110999319056
0.5854809443801506 0.058815358689222164
0.5733652372276805 0.05919581566899493
0.5612053375996082 0.05953115593212322
0.54900857016478 0.059819643323343004
0.5367822817998334 0.06005934356866294
0.5245338371637088 0.0602483601832226
0.512270614261456 0.060385072440848606
0.4999999999999999 0.06046835445077964
0.4877293857385438 0.06049775598961564
0.475466162836291 0.060473628964022544
0.46321771820016633 0.06039718797537151
0.4509914298352198 0.06027049904980121
0.43879466240039156 0.060096396728991
0.42663476277231926 0.059878335881914706
0.41451905561984914 0.05962019028139465
0.4024548389919357 0.05932601471051359
0.3904493799215649 0.05899979071549255
0.3785099100483679 0.05864517780396127
0.36664362126255073 0.05826529173488931
0.35485766137276875 0.05786252954237045
0.3431591298005543 0.057438457216370684
0.33155507330389 0.05699377080997941
0.320052481732506 0.0565283355586567
0.30865828381745486 0.056041300879090004
0.29737934299750524 0.055531282413933604
0.28622245328485874 0.054996596164181726
0.27519433517269654 0.05443552472802636
0.26430163158700104 0.05384659218983025
0.2535509038851079 0.05322882260491053
0.2429486279033891 0.05258195748933636
0.23250119005645137 0.05190661026970237
0.2222148834901989 0.051204340128205995
0.2120959042910774 0.0504776337854225
0.20215034775378343 0.04972979104992738
0.19238420470968637 0.048964717876850514
0.18280335791817703 0.04818663859820659
0.17341357852311146 0.04739974628086252
0.16422052257649067 0.04660781623038481
0.15522972763146647 0.04581381196880503
0.14644660940672616 0.045019515173473044
0.1378764585242665 0.04422521083238619
0.12952443732252045 0.04342945618865441
0.12139557674675777 0.04262895704200374
0.11349477331863145 0.041818567960521864
0.10582678618669683 0.04099142440643297
0.09839623425967753 0.04013920530085797
0.09120759342420814 0.03925251483598485
0.08426519384872727 0.03832136311588389
0.07757321737514639 0.03733571717698213
0.07113569499986394 0.03628608773999216
0.06495650444564427 0.0351641131878017
0.059039367825822475 0.03396310109530388
0.05338784940224234 0.03267848931094018
0.048005353438278275 0.03130819305106211
0.042895122148234655 0.029852811454456202
0.038060233744356575 0.02831567610112311
0.03350360058263052 0.026702734511261185
0.029227967408489597 0.02502227287421991
0.025235909703481607 0.023284493414657173
0.021529832133895532 0.02150097207895249
0.018111967102280024 0.01968403086613423
0.014984373402728013 0.017846065489691844
0.012148934980735715 0.015998872652318738
0.009607359798384785 0.014153021752180684
0.007361178805529334 0.012317313242128328
0.005411745017609493 0.0104983602834204
0.0037602327006450165 0.008700322140598401
0.0024076366639015356 0.006924807513271566
0.0013547716606548965 0.0051709544049628065
0.0006022718974137975 0.0034356810014481874
0.00015059065189787502 0.0017140902266916187
0.0 0.0
0.00015059065189787502 -0.0016249843088218048
0.0006022718974137975 -0.0032406500621678467
0.0013547716606548965 -0.004837408838530418
0.0024076366639015356 -0.006406418258161336
0.0037602327006450165 -0.007939906333589392
0.005411745017609493 -0.00943144063478154
0.007361178805529334 -0.01087612937174814
0.009607359798384785 -0.012270745708925753
0.012148934980735715 -0.013613771307705958
0.014984373402728013 -0.014905359922295896
0.018111967102280024 -0.016147226519374093
0.021529832133895532 -0.017342471540940183
0.025235909703481607 -0.018495353309731424
0.029227967408489597 -0.019611023974736654
0.03350360058263052 -0.020695245672478803
0.038060233744356575 -0.021754103683590216
0.042895122148234655 -0.022793732326260814
0.048005353438278275 -0.02382006726398624
0.05338784940224234 -0.024838635003435895
0.059039367825822475 -0.025854386865786453
0.06495650444564427 -0.026871580916340097
0.07113569499986394 -0.027893711533437452
0.07757321737514639 -0.028923482782007542
0.08426519384872727 -0.029962818793174747
0.09120759342420814 -0.031012902152987243
0.09839623425967753 -0.03207423001865966
0.10582678618669683 -0.03314667738146938
0.11349477331863145 -0.03422955757232305
0.12139557674675777 -0.03532167167043484
0.12952443732252045 -0.03642134076755812
0.1378764585242665 -0.03752641784191626
0.14644660940672616 -0.038634279049560065
0.15522972763146647 -0.03974179726958175
0.16422052257649067 -0.04084530347021212
0.17341357852311146 -0.04194054364772143
0.18280335791817703 -0.04302264052733151
0.19238420470968637 -0.0440860697652676
0.20215034775378343 -0.045124659987528036
0.2120959042910774 -0.04613162465723471
0.2222148834901989 -0.04709963157073296
0.23250119005645137 -0.04802091290723066
0.2429486279033891 -0.04888741542169365
0.2535509038851079 -0.04969098684232832
0.26430163158700104 -0.05042359110045985
0.27519433517269654 -0.05107754196934241
0.28622245328485874 -0.05164574228337383
0.29737934299750524 -0.05212191436982962
0.30865828381745486 -0.052500806808789734
0.320052481732506 -0.052778363225172854
0.33155507330389 -0.0529518405084687
0.3431591298005543 -0.05301986656536232
0.35485766137276875 -0.05298243127324906
0.36664362126255073 -0.05284080848587051
0.3785099100483679 -0.052597411461437926
0.3904493799215649 -0.05225558862275384
0.4024548389919357 -0.05181937079359333
0.41451905561984914 -0.05129318467673768
0.42663476277231926 -0.0506815500752692
0.43879466240039156 -0.04998877999681482
0.4509914298352198 -0.04921870318120127
0.46321771820016633 -0.048374427701115726
0.475466162836291 -0.04745816213791698
0.4877293857385438 -0.04647110755343828
0.4999999999999999 -0.04541342926571956
0.512270614261456 -0.04428431256013658
0.5245338371637088 -0.04308210124267042
0.5367822817998334 -0.04180451270987548
0.54900857016478 -0.04044891831314618
0.5612053375996082 -0.03901267355411658
0.5733652372276805 -0.0374934793406814
0.5854809443801506 -0.035889753373908775
0.5975451610080642 -0.034200989862899094
0.6095506200784349 -0.032428086229642265
0.6214900899516319 -0.03057361723294925
0.6333563787374491 -0.02864203988832869
0.645142338627231 -0.026639816492214374
0.6568408701994456 -0.02457544771573218
0.6684449266961098 -0.022459412813626647
0.6799475182674938 -0.020304019174357636
0.691341716182545 -0.01812316839405226
0.7026206570024947 -0.015932050487958135
0.713777546715141 -0.013746781497643778
0.7248056648273034 -0.011584002407503057
0.7356983684129987 -0.009460458816864473
0.746449096114892 -0.007392581167469125
0.7570513720966108 -0.005396084521407236
0.7674988099435485 -0.003485605016853059
0.7777851165098009 -0.0016743873580613363
0.7879040957089227 2.5965766207140676e-05
0.7978496522462164 0.0016056753481443946
0.8076157952903136 0.0030568959085542687
0.8171966420818224 0.004373754626997973
0.8265864214768883 0.005552324527962977
0.8357794774235092 0.006590539630865625
0.8447702723685334 0.007488062403776603
0.8535533905932737 0.00824611548300161
0.8621235414757333 0.00886729038540541
0.8704755626774794 0.009355345859770032
0.8786044232532422 0.009715007665150557
0.8865052266813687 0.009951780043190223
0.894173213813303 0.01007177711921222
0.9016037657403225 0.010081580098713318
0.9087924065757916 0.009988123606473148
0.9157348061512727 0.009798612025779991
0.9224267826248536 0.009520464399783353
0.928864305000136 0.00916128449341698
0.9350434955543556 0.008728851085832132
0.9409606321741775 0.008231122533793465
0.9466121505977576 0.007676249139428489
0.9519946465617215 0.00707258685573359
0.9571048778517655 0.006428706320781508
0.9619397662556433 0.005753392049710685
0.9664963994173694 0.00505562773629676
0.9707720325915102 0.004344564917202656
0.9747640902965183 0.0036294736248609636
0.9784701678661044 0.0029196749996046006
0.98188803289772 0.002224457062410363
0.985015626597272 0.0015529758997862566
0.9878510650192642 0.0009141453370933128
0.9903926402016152 0.00031651875366149043
0.9926388211944706 -0.0002318329787212442
0.9945882549823906 -0.0007234433561220911
0.9962397672993549 -0.0011515679289559513
0.9975923633360985 -0.0015102941096223424
0.9986452283393451 -0.0017946397838644026
0.9993977281025862 -0.002000637875295309
0.9998494093481021 -0.0021254045234125065
1.0 -0.002167189063368348
