1.0 0.0021080456939805026
0.9998494093481021 0.002159255476958964
0.9993977281025862 0.0023128011101618295
0.9986452283393451 0.002568412470407975
0.9975923633360985 0.002925578140385381
0.9962397672993549 0.0033834605500130868
0.9945882549823906 0.003940790442811007
0.9926388211944706 0.004595752475526277
0.9903926402016152 0.0053458751890544335
0.9878510650192642 0.0061879387960684425
0.985015626597272 0.007117913180990577
0.98188803289772 0.008130936276135248
0.9784701678661044 0.00922133974324483
0.9747640902965183 0.010382724921078546
0.9707720325915102 0.011608087633367712
0.9664963994173694 0.012889986062756306
0.9619397662556433 0.014220741868366226
0.9571048778517655 0.015592661415506307
0.9519946465617215 0.01699826169831705
0.9466121505977576 0.018430484490347756
0.9409606321741775 0.019882882573104343
0.9350434955543556 0.02134976357428095
0.928864305000136 0.022826279886429057
0.9224267826248536 0.024308457116336175
0.9157348061512727 0.025793158227536757
0.9087924065757916 0.027277985608651287
0.9016037657403225 0.028761128317654917
0.894173213813303 0.03024116630276415
0.8865052266813687 0.03171684710166304
0.8786044232532422 0.03318685305277136
0.8704755626774794 0.034649578186055685
0.8621235414757333 0.036102933577883675
0.8535533905932737 0.03754419805766554
0.8447702723685334 0.03896992786971805
0.8357794774235092 0.0403759344625579
0.8265864214768883 0.041757334336705795
0.8171966420818224 0.0431086692382826
0.8076157952903136 0.044424089384476145
0.7978496522462164 0.04569758729604782
0.7879040957089227 0.04692326560535925
0.7777851165098009 0.04809561925226703
0.7674988099435485 0.04920981102465024
0.7570513720966108 0.050261919577828884
0.746449096114892 0.051249140880780523
0.7356983684129987 0.05216992735904624
0.7248056648273034 0.053024053584781905
0.713777546715141 0.05381260285089574
0.7026206570024947 0.054537874930489526
0.691341716182545 0.05520322129512789
0.6799475182674938 0.05581281957187404
0.6684449266961098 0.05637140361961444
0.6568408701994456 0.05688396892972832
0.645142338627231 0.057355474834520935
0.6333563787374491 0.057790565091593964
0.6214900899516319 0.0581933267915162
0.6095506200784349 0.058567104335302905
0.5975451610080642 0.058914380701156614
0.5854809443801506 0.0592367327292155
0.5733652372276805 0.059534861141376925
0.5612053375996082 0.05980868996806755
0.54900857016478 0.06005752446808515
0.5367822817998334 0.06028025195972461
0.5245338371637088 0.06047556661749887
0.512270614261456 0.060642197510717
0.4999999999999999 0.06077911912154486
0.4877293857385438 0.06088572529248767
0.475466162836291 0.06096195088369045
0.46321771820016633 0.061008330101295076
0.4509914298352198 0.06102598610716341
0.43879466240039156 0.06101655267103424
0.42663476277231926 0.06098203476507066
0.41451905561984914 0.06092462060876879
0.4024548389919357 0.06084646226749583
0.3904493799215649 0.060749445085937555
0.3785099100483679 0.060634967705594005
0.36664362126255073 0.06050375401773805
0.35485766137276875 0.060355716137005286
0.3431591298005543 0.06018988349832859
0.33155507330389 0.06000440777912586
0.320052481732506 0.059796646951143964
0.30865828381745486 0.05956332488549167
0.29737934299750524 0.059300756135054
0.28622245328485874 0.05900511937215347
0.27519433517269654 0.05867275799772111
0.26430163158700104 0.058300483109325923
0.2535509038851079 0.057885852645277
0.2429486279033891 0.0574274012858488
0.23250119005645137 0.056924798597209725
0.2222148834901989 0.05637891778270675
0.2120959042910774 0.055791803929984216
0.20215034775378343 0.05516653834003144
0.19238420470968637 0.054507003817636436
0.18280335791817703 0.05381756405003436
0.17341357852311146 0.053102677745344586
0.16422052257649067 0.05236647442499809
0.15522972763146647 0.0516123231313117
0.14644660940672616 0.05084242741928252
0.1378764585242665 0.05005747961169938
0.12952443732252045 0.049256404356936685
0.12139557674675777 0.04843621618277925
0.11349477331863145 0.047592008319532794
0.10582678618669683 0.04671708107118634
0.09839623425967753 0.04580320807708613
0.09120759342420814 0.04484102864849885
0.08426519384872727 0.04382054473916972
0.07757321737514639 0.0427316927490634
0.07113569499986394 0.04156495392057327
0.06495650444564427 0.04031196309245478
0.059039367825822475 0.03896607438359782
0.05338784940224234 0.03752284414091709
0.048005353438278275 0.035980396141759255
0.042895122148234655 0.034339641315059094
0.038060233744356575 0.03260433366288573
0.03350360058263052 0.03078095498503409
0.029227967408489597 0.02887843267301428
0.025235909703481607 0.02690770641880482
0.021529832133895532 0.024881170344354536
0.018111967102280024 0.022812026021278155
0.014984373402728013 0.020713588450575762
0.012148934980735715 0.018598590806571457
0.009607359798384785 0.016478534316231967
0.007361178805529334 0.014363126968797855
0.005411745017609493 0.012259848988679023
0.0037602327006450165 0.010173674537947222
0.0024076366639015356 0.008106968522323628
0.0013547716606548965 0.006059565392045974
0.0006022718974137975 0.004029024296630704
0.00015059065189787502 0.002011042754588746
0.0 0.0
0.00015059065189787502 -0.0016708740649242406
0.0006022718974137975 -0.0033318029046896388
0.0013547716606548965 -0.004972590325426437
0.0024076366639015356 -0.006583789109693061
0.0037602327006450165 -0.008157028708424432
0.005411745017609493 -0.009685289833999924
0.007361178805529334 -0.011163113483617069
0.009607359798384785 -0.012586735926867048
0.012148934980735715 -0.01395414564278605
0.014984373402728013 -0.015265062781717647
0.018111967102280024 -0.016520846142038987
0.021529832133895532 -0.0177243365941328
0.025235909703481607 -0.01887964909547595
0.029227967408489597 -0.019991927720140787
0.03350360058263052 -0.021067079343508672
0.038060233744356575 -0.022111501728826408
0.042895122148234655 -0.02313182078932094
0.048005353438278275 -0.024134649859878465
0.05338784940224234 -0.025126381087131982
0.059039367825822475 -0.026113015772116298
0.06495650444564427 -0.027100036947117538
0.07113569499986394 -0.028092323924004795
0.07757321737514639 -0.029094105293295307
0.08426519384872727 -0.030108944130178564
0.09120759342420814 -0.03113974717601811
0.09839623425967753 -0.032188788648287225
0.10582678618669683 -0.0332577391518126
0.11349477331863145 -0.034347690905252616
0.12139557674675777 -0.035459172068846294
0.12952443732252045 -0.036592145204674915
0.1378764585242665 -0.037745987606379795
0.14644660940672616 -0.03891945415165951
0.15522972763146647 -0.04011062619128647
0.16422052257649067 -0.04131685253104498
0.17341357852311146 -0.04253469055221775
0.18280335791817703 -0.043759856761719174
0.19238420470968637 -0.0449871964353973
0.20215034775378343 -0.046210681460024355
0.2120959042910774 -0.04742344401085219
0.2222148834901989 -0.0486178514184558
0.23250119005645137 -0.04978562464653183
0.2429486279033891 -0.05091799944413858
0.2535509038851079 -0.05200592571449625
0.26430163158700104 -0.05304029724085011
0.27519433517269654 -0.054012200908956
0.28622245328485874 -0.054913172222350454
0.29737934299750524 -0.055735442433145065
0.30865828381745486 -0.05647216215838372
0.320052481732506 -0.05711758699643137
0.33155507330389 -0.057667212394306076
0.3431591298005543 -0.05811784775766604
0.35485766137276875 -0.058467623375219546
0.36664362126255073 -0.05871592791718798
0.3785099100483679 -0.05886327878134901
0.3904493799215649 -0.058911132088058066
0.4024548389919357 -0.058861643347535256
0.41451905561984914 -0.058717393433952554
0.42663476277231926 -0.05848109723435234
0.43879466240039156 -0.058155313986297835
0.4509914298352198 -0.05774217873937994
0.46321771820016633 -0.057243173518623174
0.475466162836291 -0.05665895466662875
0.4877293857385438 -0.05598924961626317
0.4999999999999999 -0.0552328321953191
0.512270614261456 -0.05438758075204797
0.5245338371637088 -0.053450618225636626
0.5367822817998334 -0.05241852810375471
0.54900857016478 -0.05128763534766764
0.5612053375996082 -0.050054337140655984
0.5733652372276805 -0.048715465001722316
0.5854809443801506 -0.04726865761702677
0.5975451610080642 -0.04571272281440587
0.6095506200784349 -0.044047967496178626
0.6214900899516319 -0.04227647602012783
0.6333563787374491 -0.04040232036247982
0.645142338627231 -0.03843168921974118
0.6568408701994456 -0.036372927757494386
0.6684449266961098 -0.03423648469989204
0.6799475182674938 -0.032034768557303514
0.691341716182545 -0.029781919694091347
0.7026206570024947 -0.02749350934676094
0.713777546715141 -0.025186180357139872
0.7248056648273034 -0.022877247083771656
0.7356983684129987 -0.020584273562696122
0.746449096114892 -0.018324649445911383
0.7570513720966108 -0.016115182567577838
0.7674988099435485 -0.01397172526218822
0.7777851165098009 -0.011908848936938905
0.7879040957089227 -0.009939578084978893
0.7978496522462164 -0.008075191155180416
0.8076157952903136 -0.006325091723701449
0.8171966420818224 -0.004696749499100568
0.8265864214768883 -0.0031957070751307583
0.8357794774235092 -0.0018256452302206814
0.8447702723685334 -0.000588497121924684
0.8535533905932737 0.000515399953045702
0.8621235414757333 0.0014871274162660771
0.8704755626774794 0.0023289951020585634
0.8786044232532422 0.0030443492884474656
0.8865052266813687 0.003637389194400093
0.894173213813303 0.004113000196571199
0.9016037657403225 0.004476609801592705
0.9087924065757916 0.004734070028687938
0.9157348061512727 0.004891567485683757
0.9224267826248536 0.004955560218040078
0.928864305000136 0.004932738508964487
0.9350434955543556 0.004830005310051118
0.9409606321741775 0.004654470950012704
0.9466121505977576 0.0044134562291381265
0.9519946465617215 0.004114497947196984
0.9571048778517655 0.003765351287882858
0.9619397662556433 0.0033739842223640976
0.9664963994173694 0.002948560108379349
0.9707720325915102 0.002497405849948863
0.9747640902965183 0.0020289642452244756
0.9784701678661044 0.001551730391895277
0.98188803289772 0.0010741731596179199
0.985015626597272 0.0006046437137655781
0.9878510650192642 0.00015127384163081924
0.9903926402016152 -0.0002781326303561173
0.9926388211944706 -0.0006762117332250149
0.9945882549823906 -0.0010361508792188438
0.9962397672993549 -0.0013517964210054312
0.9975923633360985 -0.0016177538993130875
0.9986452283393451 -0.001829477986448622
0.9993977281025862 -0.001983349559150477
0.9998494093481021 -0.0020767377986910546
1.0 -0.0021080456939805026
