1.0 0.0019574008988008256
0.9998494093481021 0.0020071651717346326
0.9993977281025862 0.002156378713180552
0.9986452283393451 0.0024047863919448146
0.9975923633360985 0.002751907279267416
0.9962397672993549 0.003196957740298642
0.9945882549823906 0.003738756439022458
0.9926388211944706 0.004375622505018872
0.9903926402016152 0.005105279424020719
0.9878510650192642 0.005924777335409137
0.985015626597272 0.006830445317644095
0.98188803289772 0.007817882994520691
0.9784701678661044 0.00888199758095436
0.9747640902965183 0.010017088574591416
0.9707720325915102 0.01121697802254216
0.9664963994173694 0.012475180022401739
0.9619397662556433 0.013785099231308216
0.9571048778517655 0.015140245008035562
0.9519946465617215 0.01653444569667609
0.9466121505977576 0.01796204668961061
0.9409606321741775 0.019418076393798136
0.9350434955543556 0.020898366066719708
0.928864305000136 0.022399612570888718
0.9224267826248536 0.02391937719624102
0.9157348061512727 0.025456018505619214
0.9087924065757916 0.027008562292239333
0.9016037657403225 0.02857651678662843
0.894173213813303 0.03015964579965222
0.8865052266813687 0.0317577161561114
0.8786044232532422 0.03337023824271082
0.8704755626774794 0.03499621953925226
0.8621235414757333 0.03663395050840611
0.8535533905932737 0.038280840195507974
0.8447702723685334 0.03993331546727783
0.8357794774235092 0.04158679324358834
0.8265864214768883 0.0432357296921766
0.8171966420818224 0.04487374457515448
0.8076157952903136 0.04649381320850673
0.7978496522462164 0.04808851327334588
0.7879040957089227 0.04965030941775262
0.7777851165098009 0.051171855559227646
0.7674988099435485 0.05264629329139408
0.7570513720966108 0.05406752494739946
0.746449096114892 0.055430441678803954
0.7356983684129987 0.05673109024314935
0.7248056648273034 0.05796676680370938
0.713777546715141 0.05913603157544825
0.7026206570024947 0.060238644170385595
0.691341716182545 0.06127542552994782
0.6799475182674938 0.06224805790385417
0.6684449266961098 0.06315883900116107
0.6568408701994456 0.06401040982585231
0.645142338627231 0.06480547754397561
0.6333563787374491 0.06554655486225018
0.6214900899516319 0.06623573581592657
0.6095506200784349 0.06687452469131419
0.5975451610080642 0.06746373029969313
0.5854809443801506 0.06800343233760647
0.5733652372276805 0.06849302055783824
0.5612053375996082 0.0689313014250706
0.54900857016478 0.06931666133552625
0.5367822817998334 0.06964727080172133
0.5245338371637088 0.06992131063053314
0.512270614261456 0.07013719933941281
0.4999999999999999 0.0702938010175119
0.4877293857385438 0.07039059455904656
0.475466162836291 0.07042778854382646
0.46321771820016633 0.07040637074737265
0.4509914298352198 0.07032808694818288
0.43879466240039156 0.07019534989512699
0.42663476277231926 0.07001108548859596
0.41451905561984914 0.06977852889373921
0.4024548389919357 0.06950098795836548
0.3904493799215649 0.0691815945441854
0.3785099100483679 0.06882306590181317
0.36664362126255073 0.06842749786845453
0.35485766137276875 0.06799620943623298
0.3431591298005543 0.0675296542779315
0.33155507330389 0.06702740942088671
0.320052481732506 0.06648824484861215
0.30865828381745486 0.0659102708956862
0.29737934299750524 0.06529115344917483
0.28622245328485874 0.06462838075156808
0.27519433517269654 0.06391956054926674
0.26430163158700104 0.06316272289759745
0.2535509038851079 0.06235660244767275
0.2429486279033891 0.06150087468144708
0.23250119005645137 0.060596323340436346
0.2222148834901989 0.059644921049617085
0.2120959042910774 0.05864981154633072
0.20215034775378343 0.05761518951864651
0.19238420470968637 0.056546082265227324
0.18280335791817703 0.05544804557157021
0.17341357852311146 0.05432679370247521
0.16422052257649067 0.053187789620463
0.15522972763146647 0.05203582592253086
0.14644660940672616 0.05087462913996718
0.1378764585242665 0.049706519728168315
0.12952443732252045 0.04853215723161982
0.12139557674675777 0.047350394883794056
0.11349477331863145 0.046158260620879195
0.10582678618669683 0.04495107264690483
0.09839623425967753 0.04372268791322471
0.09120759342420814 0.04246587188185102
0.08426519384872727 0.04117276847864654
0.07757321737514639 0.03983544093581005
0.07113569499986394 0.03844644792285764
0.06495650444564427 0.03699941549258628
0.059039367825822475 0.0354895642743856
0.05338784940224234 0.033914153183082316
0.048005353438278275 0.03227280561380006
0.042895122148234655 0.030567691384744026
0.038060233744356575 0.028803547096131785
0.03350360058263052 0.026987528455567882
0.029227967408489597 0.025128899718809102
0.025235909703481607 0.02323857688520768
0.021529832133895532 0.021328551838554057
0.018111967102280024 0.019411233461386502
0.014984373402728013 0.017498748212069756
0.012148934980735715 0.015602246240170758
0.009607359798384785 0.013731259529554162
0.007361178805529334 0.011893155728326535
0.005411745017609493 0.010092725411424208
0.0037602327006450165 0.008331931909780274
0.0024076366639015356 0.006609842111473997
0.0013547716606548965 0.004922744533432436
0.0006022718974137975 0.0032644483195684096
0.00015059065189787502 0.0016267445287949434
0.0 0.0
0.00015059065189787502 -0.001146517456590292
0.0006022718974137975 -0.0022880112548390188
0.0013547716606548965 -0.0034191719448549507
0.0024076366639015356 -0.004535279663508163
0.0037602327006450165 -0.00563245469409585
0.005411745017609493 -0.00670785804667377
0.007361178805529334 -0.0077598306680113464
0.009607359798384785 -0.008787963915926967
0.012148934980735715 -0.009793098395420228
0.014984373402728013 -0.010777252837466878
0.018111967102280024 -0.011743489083609853
0.021529832133895532 -0.012695723116455716
0.025235909703481607 -0.013638495183922844
0.029227967408489597 -0.014576714199016145
0.03350360058263052 -0.015515392626420915
0.038060233744356575 -0.016459387944679698
0.042895122148234655 -0.017413165536106338
0.048005353438278275 -0.018380595625665314
0.05338784940224234 -0.01936479385637655
0.059039367825822475 -0.020368011500446016
0.06495650444564427 -0.02139157744727041
0.07113569499986394 -0.022435890281511526
0.07757321737514639 -0.023500455258034434
0.08426519384872727 -0.02458395805648326
0.09120759342420814 -0.025684365067074208
0.09839623425967753 -0.026799038765164714
0.10582678618669683 -0.027924856543063967
0.11349477331863145 -0.029058322170076208
0.12139557674675777 -0.030195660753400223
0.12952443732252045 -0.03133289050953593
0.1378764585242665 -0.0324658676069215
0.14644660940672616 -0.03359030354462063
0.15522972763146647 -0.03470175770934976
0.16422052257649067 -0.035795610628135334
0.17341357852311146 -0.03686702575646413
0.18280335791817703 -0.037910909207905685
0.19238420470968637 -0.03892187749915393
0.20215034775378343 -0.03989424308642412
0.2120959042910774 -0.04082202621692462
0.2222148834901989 -0.04169899950357369
0.23250119005645137 -0.042518768815500894
0.2429486279033891 -0.04327489078440651
0.2535509038851079 -0.043961023723576964
0.26430163158700104 -0.044571105330510466
0.27519433517269654 -0.045099547483637765
0.28622245328485874 -0.04554143601356056
0.29737934299750524 -0.045892721750669434
0.30865828381745486 -0.046150388583262814
0.320052481732506 -0.04631258478768473
0.33155507330389 -0.04637870551619618
0.3431591298005543 -0.046349416966913415
0.35485766137276875 -0.046226616251670995
0.36664362126255073 -0.04601332509242087
0.3785099100483679 -0.045713519933049195
0.3904493799215649 -0.04533190553772666
0.4024548389919357 -0.04487364333641137
0.41451905561984914 -0.04434404936461759
0.42663476277231926 -0.04374827935684587
0.43879466240039156 -0.043091020177127494
0.4509914298352198 -0.04237620716515002
0.46321771820016633 -0.04160678608563337
0.475466162836291 -0.0407845362240257
0.4877293857385438 -0.039909967892434874
0.4999999999999999 -0.038982303394589614
0.512270614261456 -0.037999545612003485
0.5245338371637088 -0.036958633127501
0.5367822817998334 -0.03585567553510535
0.54900857016478 -0.03468625763801764
0.5612053375996082 -0.03344579692944728
0.5733652372276805 -0.0321299353623009
0.5854809443801506 -0.03073494415989368
0.5975451610080642 -0.02925811944206248
0.6095506200784349 -0.027698146795986207
0.6214900899516319 -0.02605541457789547
0.6333563787374491 -0.024332258575561407
0.645142338627231 -0.02253312450147963
0.6568408701994456 -0.020664639371031558
0.6684449266961098 -0.01873558785313521
0.6799475182674938 -0.016756794844620337
0.691341716182545 -0.014740920494256645
0.7026206570024947 -0.012702178388689445
0.713777546715141 -0.010655991350764222
0.7248056648273034 -0.008618602086935052
0.7356983684129987 -0.00660665761842836
0.746449096114892 -0.004636786979002884
0.7570513720966108 -0.0027251910750541687
0.7674988099435485 -0.0008872619684388032
0.7777851165098009 0.0008627536905106126
0.7879040957089227 0.0025120355809255344
0.7978496522462164 0.004049407168636254
0.8076157952903136 0.005465485781946508
0.8171966420818224 0.006752765225256234
0.8265864214768883 0.00790563440209844
0.8357794774235092 0.00892033847939176
0.8447702723685334 0.009794891533726403
0.8535533905932737 0.010528951272425926
0.8621235414757333 0.011123667268705818
0.8704755626774794 0.01158151420064097
0.8786044232532422 0.011906120900255729
0.8865052266813687 0.012102104709675324
0.894173213813303 0.012174918848537107
0.9016037657403225 0.01213071838566956
0.9087924065757916 0.011976248152281977
0.9157348061512727 0.011718753703276248
0.9224267826248536 0.011365914381385797
0.928864305000136 0.010925795793221539
0.9350434955543556 0.010406817661213706
0.9409606321741775 0.009817732127612557
0.9466121505977576 0.009167607174321291
0.9519946465617215 0.00846580986699387
0.9571048778517655 0.0077219845832776236
0.9619397662556433 0.006946022167978248
0.9664963994173694 0.006148016980069647
0.9707720325915102 0.005338209957656521
0.9747640902965183 0.004526917027700201
0.9784701678661044 0.0037244433365921526
0.98188803289772 0.00294098479947718
0.985015626597272 0.0021865193040347865
0.9878510650192642 0.0014706905234525113
0.9903926402016152 0.0008026876808202485
0.9926388211944706 0.00019112477056030066
0.9945882549823906 -0.000356077294096279
0.9962397672993549 -0.0008318023390506109
0.9975923633360985 -0.0012298414457337704
0.9986452283393451 -0.001544983777640322
0.9993977281025862 -0.0017730936040173135
0.9998494093481021 -0.001911171846969204
1.0 -0.0019574008988008256
